Label,Location,File_Path,Gesture_Index
noGesture,trainingSamples,raw_data/EMG-EPN612/testingJSON/user1/user1.json,idx_1
noGesture,trainingSamples,raw_data/EMG-EPN612/testingJSON/user1/user1.json,idx_2
noGesture,trainingSamples,raw_data/EMG-EPN612/testingJSON/user1/user1.json,idx_3
noGesture,trainingSamples,raw_data/EMG-EPN612/testingJSON/user1/user1.json,idx_4
noGesture,trainingSamples,raw_data/EMG-EPN612/testingJSON/user1/user1.json,idx_5
noGesture,trainingSamples,raw_data/EMG-EPN612/testingJSON/user1/user1.json,idx_6
noGesture,trainingSamples,raw_data/EMG-EPN612/testingJSON/user1/user1.json,idx_7
noGesture,trainingSamples,raw_data/EMG-EPN612/testingJSON/user1/user1.json,idx_8
noGesture,trainingSamples,raw_data/EMG-EPN612/testingJSON/user1/user1.json,idx_9
noGesture,trainingSamples,raw_data/EMG-EPN612/testingJSON/user1/user1.json,idx_10
noGesture,trainingSamples,raw_data/EMG-EPN612/testingJSON/user1/user1.json,idx_11
noGesture,trainingSamples,raw_data/EMG-EPN612/testingJSON/user1/user1.json,idx_12
noGesture,trainingSamples,raw_data/EMG-EPN612/testingJSON/user1/user1.json,idx_13
noGesture,trainingSamples,raw_data/EMG-EPN612/testingJSON/user1/user1.json,idx_14
noGesture,trainingSamples,raw_data/EMG-EPN612/testingJSON/user1/user1.json,idx_15
noGesture,trainingSamples,raw_data/EMG-EPN612/testingJSON/user1/user1.json,idx_16
noGesture,trainingSamples,raw_data/EMG-EPN612/testingJSON/user1/user1.json,idx_17
noGesture,trainingSamples,raw_data/EMG-EPN612/testingJSON/user1/user1.json,idx_18
noGesture,trainingSamples,raw_data/EMG-EPN612/testingJSON/user1/user1.json,idx_19
noGesture,trainingSamples,raw_data/EMG-EPN612/testingJSON/user1/user1.json,idx_20
noGesture,trainingSamples,raw_data/EMG-EPN612/testingJSON/user1/user1.json,idx_21
noGesture,trainingSamples,raw_data/EMG-EPN612/testingJSON/user1/user1.json,idx_22
noGesture,trainingSamples,raw_data/EMG-EPN612/testingJSON/user1/user1.json,idx_23
noGesture,trainingSamples,raw_data/EMG-EPN612/testingJSON/user1/user1.json,idx_24
noGesture,trainingSamples,raw_data/EMG-EPN612/testingJSON/user1/user1.json,idx_25
waveOut,trainingSamples,raw_data/EMG-EPN612/testingJSON/user1/user1.json,idx_26
waveOut,trainingSamples,raw_data/EMG-EPN612/testingJSON/user1/user1.json,idx_27
waveOut,trainingSamples,raw_data/EMG-EPN612/testingJSON/user1/user1.json,idx_28
waveOut,trainingSamples,raw_data/EMG-EPN612/testingJSON/user1/user1.json,idx_29
waveOut,trainingSamples,raw_data/EMG-EPN612/testingJSON/user1/user1.json,idx_30
waveOut,trainingSamples,raw_data/EMG-EPN612/testingJSON/user1/user1.json,idx_31
waveOut,trainingSamples,raw_data/EMG-EPN612/testingJSON/user1/user1.json,idx_32
waveOut,trainingSamples,raw_data/EMG-EPN612/testingJSON/user1/user1.json,idx_33
waveOut,trainingSamples,raw_data/EMG-EPN612/testingJSON/user1/user1.json,idx_34
waveOut,trainingSamples,raw_data/EMG-EPN612/testingJSON/user1/user1.json,idx_35
waveOut,trainingSamples,raw_data/EMG-EPN612/testingJSON/user1/user1.json,idx_36
waveOut,trainingSamples,raw_data/EMG-EPN612/testingJSON/user1/user1.json,idx_37
waveOut,trainingSamples,raw_data/EMG-EPN612/testingJSON/user1/user1.json,idx_38
waveOut,trainingSamples,raw_data/EMG-EPN612/testingJSON/user1/user1.json,idx_39
waveOut,trainingSamples,raw_data/EMG-EPN612/testingJSON/user1/user1.json,idx_40
waveOut,trainingSamples,raw_data/EMG-EPN612/testingJSON/user1/user1.json,idx_41
waveOut,trainingSamples,raw_data/EMG-EPN612/testingJSON/user1/user1.json,idx_42
waveOut,trainingSamples,raw_data/EMG-EPN612/testingJSON/user1/user1.json,idx_43
waveOut,trainingSamples,raw_data/EMG-EPN612/testingJSON/user1/user1.json,idx_44
waveOut,trainingSamples,raw_data/EMG-EPN612/testingJSON/user1/user1.json,idx_45
waveOut,trainingSamples,raw_data/EMG-EPN612/testingJSON/user1/user1.json,idx_46
waveOut,trainingSamples,raw_data/EMG-EPN612/testingJSON/user1/user1.json,idx_47
waveOut,trainingSamples,raw_data/EMG-EPN612/testingJSON/user1/user1.json,idx_48
waveOut,trainingSamples,raw_data/EMG-EPN612/testingJSON/user1/user1.json,idx_49
waveOut,trainingSamples,raw_data/EMG-EPN612/testingJSON/user1/user1.json,idx_50
pinch,trainingSamples,raw_data/EMG-EPN612/testingJSON/user1/user1.json,idx_51
pinch,trainingSamples,raw_data/EMG-EPN612/testingJSON/user1/user1.json,idx_52
pinch,trainingSamples,raw_data/EMG-EPN612/testingJSON/user1/user1.json,idx_53
pinch,trainingSamples,raw_data/EMG-EPN612/testingJSON/user1/user1.json,idx_54
pinch,trainingSamples,raw_data/EMG-EPN612/testingJSON/user1/user1.json,idx_55
pinch,trainingSamples,raw_data/EMG-EPN612/testingJSON/user1/user1.json,idx_56
pinch,trainingSamples,raw_data/EMG-EPN612/testingJSON/user1/user1.json,idx_57
pinch,trainingSamples,raw_data/EMG-EPN612/testingJSON/user1/user1.json,idx_58
pinch,trainingSamples,raw_data/EMG-EPN612/testingJSON/user1/user1.json,idx_59
pinch,trainingSamples,raw_data/EMG-EPN612/testingJSON/user1/user1.json,idx_60
pinch,trainingSamples,raw_data/EMG-EPN612/testingJSON/user1/user1.json,idx_61
pinch,trainingSamples,raw_data/EMG-EPN612/testingJSON/user1/user1.json,idx_62
pinch,trainingSamples,raw_data/EMG-EPN612/testingJSON/user1/user1.json,idx_63
pinch,trainingSamples,raw_data/EMG-EPN612/testingJSON/user1/user1.json,idx_64
pinch,trainingSamples,raw_data/EMG-EPN612/testingJSON/user1/user1.json,idx_65
pinch,trainingSamples,raw_data/EMG-EPN612/testingJSON/user1/user1.json,idx_66
pinch,trainingSamples,raw_data/EMG-EPN612/testingJSON/user1/user1.json,idx_67
pinch,trainingSamples,raw_data/EMG-EPN612/testingJSON/user1/user1.json,idx_68
pinch,trainingSamples,raw_data/EMG-EPN612/testingJSON/user1/user1.json,idx_69
pinch,trainingSamples,raw_data/EMG-EPN612/testingJSON/user1/user1.json,idx_70
pinch,trainingSamples,raw_data/EMG-EPN612/testingJSON/user1/user1.json,idx_71
pinch,trainingSamples,raw_data/EMG-EPN612/testingJSON/user1/user1.json,idx_72
pinch,trainingSamples,raw_data/EMG-EPN612/testingJSON/user1/user1.json,idx_73
pinch,trainingSamples,raw_data/EMG-EPN612/testingJSON/user1/user1.json,idx_74
pinch,trainingSamples,raw_data/EMG-EPN612/testingJSON/user1/user1.json,idx_75
fist,trainingSamples,raw_data/EMG-EPN612/testingJSON/user1/user1.json,idx_76
fist,trainingSamples,raw_data/EMG-EPN612/testingJSON/user1/user1.json,idx_77
fist,trainingSamples,raw_data/EMG-EPN612/testingJSON/user1/user1.json,idx_78
fist,trainingSamples,raw_data/EMG-EPN612/testingJSON/user1/user1.json,idx_79
fist,trainingSamples,raw_data/EMG-EPN612/testingJSON/user1/user1.json,idx_80
fist,trainingSamples,raw_data/EMG-EPN612/testingJSON/user1/user1.json,idx_81
fist,trainingSamples,raw_data/EMG-EPN612/testingJSON/user1/user1.json,idx_82
fist,trainingSamples,raw_data/EMG-EPN612/testingJSON/user1/user1.json,idx_83
fist,trainingSamples,raw_data/EMG-EPN612/testingJSON/user1/user1.json,idx_84
fist,trainingSamples,raw_data/EMG-EPN612/testingJSON/user1/user1.json,idx_85
fist,trainingSamples,raw_data/EMG-EPN612/testingJSON/user1/user1.json,idx_86
fist,trainingSamples,raw_data/EMG-EPN612/testingJSON/user1/user1.json,idx_87
fist,trainingSamples,raw_data/EMG-EPN612/testingJSON/user1/user1.json,idx_88
fist,trainingSamples,raw_data/EMG-EPN612/testingJSON/user1/user1.json,idx_89
fist,trainingSamples,raw_data/EMG-EPN612/testingJSON/user1/user1.json,idx_90
fist,trainingSamples,raw_data/EMG-EPN612/testingJSON/user1/user1.json,idx_91
fist,trainingSamples,raw_data/EMG-EPN612/testingJSON/user1/user1.json,idx_92
fist,trainingSamples,raw_data/EMG-EPN612/testingJSON/user1/user1.json,idx_93
fist,trainingSamples,raw_data/EMG-EPN612/testingJSON/user1/user1.json,idx_94
fist,trainingSamples,raw_data/EMG-EPN612/testingJSON/user1/user1.json,idx_95
fist,trainingSamples,raw_data/EMG-EPN612/testingJSON/user1/user1.json,idx_96
fist,trainingSamples,raw_data/EMG-EPN612/testingJSON/user1/user1.json,idx_97
fist,trainingSamples,raw_data/EMG-EPN612/testingJSON/user1/user1.json,idx_98
fist,trainingSamples,raw_data/EMG-EPN612/testingJSON/user1/user1.json,idx_99
fist,trainingSamples,raw_data/EMG-EPN612/testingJSON/user1/user1.json,idx_100
waveIn,trainingSamples,raw_data/EMG-EPN612/testingJSON/user1/user1.json,idx_101
waveIn,trainingSamples,raw_data/EMG-EPN612/testingJSON/user1/user1.json,idx_102
waveIn,trainingSamples,raw_data/EMG-EPN612/testingJSON/user1/user1.json,idx_103
waveIn,trainingSamples,raw_data/EMG-EPN612/testingJSON/user1/user1.json,idx_104
waveIn,trainingSamples,raw_data/EMG-EPN612/testingJSON/user1/user1.json,idx_105
waveIn,trainingSamples,raw_data/EMG-EPN612/testingJSON/user1/user1.json,idx_106
waveIn,trainingSamples,raw_data/EMG-EPN612/testingJSON/user1/user1.json,idx_107
waveIn,trainingSamples,raw_data/EMG-EPN612/testingJSON/user1/user1.json,idx_108
waveIn,trainingSamples,raw_data/EMG-EPN612/testingJSON/user1/user1.json,idx_109
waveIn,trainingSamples,raw_data/EMG-EPN612/testingJSON/user1/user1.json,idx_110
waveIn,trainingSamples,raw_data/EMG-EPN612/testingJSON/user1/user1.json,idx_111
waveIn,trainingSamples,raw_data/EMG-EPN612/testingJSON/user1/user1.json,idx_112
waveIn,trainingSamples,raw_data/EMG-EPN612/testingJSON/user1/user1.json,idx_113
waveIn,trainingSamples,raw_data/EMG-EPN612/testingJSON/user1/user1.json,idx_114
waveIn,trainingSamples,raw_data/EMG-EPN612/testingJSON/user1/user1.json,idx_115
waveIn,trainingSamples,raw_data/EMG-EPN612/testingJSON/user1/user1.json,idx_116
waveIn,trainingSamples,raw_data/EMG-EPN612/testingJSON/user1/user1.json,idx_117
waveIn,trainingSamples,raw_data/EMG-EPN612/testingJSON/user1/user1.json,idx_118
waveIn,trainingSamples,raw_data/EMG-EPN612/testingJSON/user1/user1.json,idx_119
waveIn,trainingSamples,raw_data/EMG-EPN612/testingJSON/user1/user1.json,idx_120
waveIn,trainingSamples,raw_data/EMG-EPN612/testingJSON/user1/user1.json,idx_121
waveIn,trainingSamples,raw_data/EMG-EPN612/testingJSON/user1/user1.json,idx_122
waveIn,trainingSamples,raw_data/EMG-EPN612/testingJSON/user1/user1.json,idx_123
waveIn,trainingSamples,raw_data/EMG-EPN612/testingJSON/user1/user1.json,idx_124
waveIn,trainingSamples,raw_data/EMG-EPN612/testingJSON/user1/user1.json,idx_125
open,trainingSamples,raw_data/EMG-EPN612/testingJSON/user1/user1.json,idx_126
open,trainingSamples,raw_data/EMG-EPN612/testingJSON/user1/user1.json,idx_127
open,trainingSamples,raw_data/EMG-EPN612/testingJSON/user1/user1.json,idx_128
open,trainingSamples,raw_data/EMG-EPN612/testingJSON/user1/user1.json,idx_129
open,trainingSamples,raw_data/EMG-EPN612/testingJSON/user1/user1.json,idx_130
open,trainingSamples,raw_data/EMG-EPN612/testingJSON/user1/user1.json,idx_131
open,trainingSamples,raw_data/EMG-EPN612/testingJSON/user1/user1.json,idx_132
open,trainingSamples,raw_data/EMG-EPN612/testingJSON/user1/user1.json,idx_133
open,trainingSamples,raw_data/EMG-EPN612/testingJSON/user1/user1.json,idx_134
open,trainingSamples,raw_data/EMG-EPN612/testingJSON/user1/user1.json,idx_135
open,trainingSamples,raw_data/EMG-EPN612/testingJSON/user1/user1.json,idx_136
open,trainingSamples,raw_data/EMG-EPN612/testingJSON/user1/user1.json,idx_137
open,trainingSamples,raw_data/EMG-EPN612/testingJSON/user1/user1.json,idx_138
open,trainingSamples,raw_data/EMG-EPN612/testingJSON/user1/user1.json,idx_139
open,trainingSamples,raw_data/EMG-EPN612/testingJSON/user1/user1.json,idx_140
open,trainingSamples,raw_data/EMG-EPN612/testingJSON/user1/user1.json,idx_141
open,trainingSamples,raw_data/EMG-EPN612/testingJSON/user1/user1.json,idx_142
open,trainingSamples,raw_data/EMG-EPN612/testingJSON/user1/user1.json,idx_143
open,trainingSamples,raw_data/EMG-EPN612/testingJSON/user1/user1.json,idx_144
open,trainingSamples,raw_data/EMG-EPN612/testingJSON/user1/user1.json,idx_145
open,trainingSamples,raw_data/EMG-EPN612/testingJSON/user1/user1.json,idx_146
open,trainingSamples,raw_data/EMG-EPN612/testingJSON/user1/user1.json,idx_147
open,trainingSamples,raw_data/EMG-EPN612/testingJSON/user1/user1.json,idx_148
open,trainingSamples,raw_data/EMG-EPN612/testingJSON/user1/user1.json,idx_149
open,trainingSamples,raw_data/EMG-EPN612/testingJSON/user1/user1.json,idx_150
noGesture,trainingSamples,raw_data/EMG-EPN612/testingJSON/user10/user10.json,idx_1
noGesture,trainingSamples,raw_data/EMG-EPN612/testingJSON/user10/user10.json,idx_2
noGesture,trainingSamples,raw_data/EMG-EPN612/testingJSON/user10/user10.json,idx_3
noGesture,trainingSamples,raw_data/EMG-EPN612/testingJSON/user10/user10.json,idx_4
noGesture,trainingSamples,raw_data/EMG-EPN612/testingJSON/user10/user10.json,idx_5
noGesture,trainingSamples,raw_data/EMG-EPN612/testingJSON/user10/user10.json,idx_6
noGesture,trainingSamples,raw_data/EMG-EPN612/testingJSON/user10/user10.json,idx_7
noGesture,trainingSamples,raw_data/EMG-EPN612/testingJSON/user10/user10.json,idx_8
noGesture,trainingSamples,raw_data/EMG-EPN612/testingJSON/user10/user10.json,idx_9
noGesture,trainingSamples,raw_data/EMG-EPN612/testingJSON/user10/user10.json,idx_10
noGesture,trainingSamples,raw_data/EMG-EPN612/testingJSON/user10/user10.json,idx_11
noGesture,trainingSamples,raw_data/EMG-EPN612/testingJSON/user10/user10.json,idx_12
noGesture,trainingSamples,raw_data/EMG-EPN612/testingJSON/user10/user10.json,idx_13
noGesture,trainingSamples,raw_data/EMG-EPN612/testingJSON/user10/user10.json,idx_14
noGesture,trainingSamples,raw_data/EMG-EPN612/testingJSON/user10/user10.json,idx_15
noGesture,trainingSamples,raw_data/EMG-EPN612/testingJSON/user10/user10.json,idx_16
noGesture,trainingSamples,raw_data/EMG-EPN612/testingJSON/user10/user10.json,idx_17
noGesture,trainingSamples,raw_data/EMG-EPN612/testingJSON/user10/user10.json,idx_18
noGesture,trainingSamples,raw_data/EMG-EPN612/testingJSON/user10/user10.json,idx_19
noGesture,trainingSamples,raw_data/EMG-EPN612/testingJSON/user10/user10.json,idx_20
noGesture,trainingSamples,raw_data/EMG-EPN612/testingJSON/user10/user10.json,idx_21
noGesture,trainingSamples,raw_data/EMG-EPN612/testingJSON/user10/user10.json,idx_22
noGesture,trainingSamples,raw_data/EMG-EPN612/testingJSON/user10/user10.json,idx_23
noGesture,trainingSamples,raw_data/EMG-EPN612/testingJSON/user10/user10.json,idx_24
noGesture,trainingSamples,raw_data/EMG-EPN612/testingJSON/user10/user10.json,idx_25
pinch,trainingSamples,raw_data/EMG-EPN612/testingJSON/user10/user10.json,idx_26
pinch,trainingSamples,raw_data/EMG-EPN612/testingJSON/user10/user10.json,idx_27
pinch,trainingSamples,raw_data/EMG-EPN612/testingJSON/user10/user10.json,idx_28
pinch,trainingSamples,raw_data/EMG-EPN612/testingJSON/user10/user10.json,idx_29
pinch,trainingSamples,raw_data/EMG-EPN612/testingJSON/user10/user10.json,idx_30
pinch,trainingSamples,raw_data/EMG-EPN612/testingJSON/user10/user10.json,idx_31
pinch,trainingSamples,raw_data/EMG-EPN612/testingJSON/user10/user10.json,idx_32
pinch,trainingSamples,raw_data/EMG-EPN612/testingJSON/user10/user10.json,idx_33
pinch,trainingSamples,raw_data/EMG-EPN612/testingJSON/user10/user10.json,idx_34
pinch,trainingSamples,raw_data/EMG-EPN612/testingJSON/user10/user10.json,idx_35
pinch,trainingSamples,raw_data/EMG-EPN612/testingJSON/user10/user10.json,idx_36
pinch,trainingSamples,raw_data/EMG-EPN612/testingJSON/user10/user10.json,idx_37
pinch,trainingSamples,raw_data/EMG-EPN612/testingJSON/user10/user10.json,idx_38
pinch,trainingSamples,raw_data/EMG-EPN612/testingJSON/user10/user10.json,idx_39
pinch,trainingSamples,raw_data/EMG-EPN612/testingJSON/user10/user10.json,idx_40
pinch,trainingSamples,raw_data/EMG-EPN612/testingJSON/user10/user10.json,idx_41
pinch,trainingSamples,raw_data/EMG-EPN612/testingJSON/user10/user10.json,idx_42
pinch,trainingSamples,raw_data/EMG-EPN612/testingJSON/user10/user10.json,idx_43
pinch,trainingSamples,raw_data/EMG-EPN612/testingJSON/user10/user10.json,idx_44
pinch,trainingSamples,raw_data/EMG-EPN612/testingJSON/user10/user10.json,idx_45
pinch,trainingSamples,raw_data/EMG-EPN612/testingJSON/user10/user10.json,idx_46
pinch,trainingSamples,raw_data/EMG-EPN612/testingJSON/user10/user10.json,idx_47
pinch,trainingSamples,raw_data/EMG-EPN612/testingJSON/user10/user10.json,idx_48
pinch,trainingSamples,raw_data/EMG-EPN612/testingJSON/user10/user10.json,idx_49
pinch,trainingSamples,raw_data/EMG-EPN612/testingJSON/user10/user10.json,idx_50
waveOut,trainingSamples,raw_data/EMG-EPN612/testingJSON/user10/user10.json,idx_51
waveOut,trainingSamples,raw_data/EMG-EPN612/testingJSON/user10/user10.json,idx_52
waveOut,trainingSamples,raw_data/EMG-EPN612/testingJSON/user10/user10.json,idx_53
waveOut,trainingSamples,raw_data/EMG-EPN612/testingJSON/user10/user10.json,idx_54
waveOut,trainingSamples,raw_data/EMG-EPN612/testingJSON/user10/user10.json,idx_55
waveOut,trainingSamples,raw_data/EMG-EPN612/testingJSON/user10/user10.json,idx_56
waveOut,trainingSamples,raw_data/EMG-EPN612/testingJSON/user10/user10.json,idx_57
waveOut,trainingSamples,raw_data/EMG-EPN612/testingJSON/user10/user10.json,idx_58
waveOut,trainingSamples,raw_data/EMG-EPN612/testingJSON/user10/user10.json,idx_59
waveOut,trainingSamples,raw_data/EMG-EPN612/testingJSON/user10/user10.json,idx_60
waveOut,trainingSamples,raw_data/EMG-EPN612/testingJSON/user10/user10.json,idx_61
waveOut,trainingSamples,raw_data/EMG-EPN612/testingJSON/user10/user10.json,idx_62
waveOut,trainingSamples,raw_data/EMG-EPN612/testingJSON/user10/user10.json,idx_63
waveOut,trainingSamples,raw_data/EMG-EPN612/testingJSON/user10/user10.json,idx_64
waveOut,trainingSamples,raw_data/EMG-EPN612/testingJSON/user10/user10.json,idx_65
waveOut,trainingSamples,raw_data/EMG-EPN612/testingJSON/user10/user10.json,idx_66
waveOut,trainingSamples,raw_data/EMG-EPN612/testingJSON/user10/user10.json,idx_67
waveOut,trainingSamples,raw_data/EMG-EPN612/testingJSON/user10/user10.json,idx_68
waveOut,trainingSamples,raw_data/EMG-EPN612/testingJSON/user10/user10.json,idx_69
waveOut,trainingSamples,raw_data/EMG-EPN612/testingJSON/user10/user10.json,idx_70
waveOut,trainingSamples,raw_data/EMG-EPN612/testingJSON/user10/user10.json,idx_71
waveOut,trainingSamples,raw_data/EMG-EPN612/testingJSON/user10/user10.json,idx_72
waveOut,trainingSamples,raw_data/EMG-EPN612/testingJSON/user10/user10.json,idx_73
waveOut,trainingSamples,raw_data/EMG-EPN612/testingJSON/user10/user10.json,idx_74
waveOut,trainingSamples,raw_data/EMG-EPN612/testingJSON/user10/user10.json,idx_75
open,trainingSamples,raw_data/EMG-EPN612/testingJSON/user10/user10.json,idx_76
open,trainingSamples,raw_data/EMG-EPN612/testingJSON/user10/user10.json,idx_77
open,trainingSamples,raw_data/EMG-EPN612/testingJSON/user10/user10.json,idx_78
open,trainingSamples,raw_data/EMG-EPN612/testingJSON/user10/user10.json,idx_79
open,trainingSamples,raw_data/EMG-EPN612/testingJSON/user10/user10.json,idx_80
open,trainingSamples,raw_data/EMG-EPN612/testingJSON/user10/user10.json,idx_81
open,trainingSamples,raw_data/EMG-EPN612/testingJSON/user10/user10.json,idx_82
open,trainingSamples,raw_data/EMG-EPN612/testingJSON/user10/user10.json,idx_83
open,trainingSamples,raw_data/EMG-EPN612/testingJSON/user10/user10.json,idx_84
open,trainingSamples,raw_data/EMG-EPN612/testingJSON/user10/user10.json,idx_85
open,trainingSamples,raw_data/EMG-EPN612/testingJSON/user10/user10.json,idx_86
open,trainingSamples,raw_data/EMG-EPN612/testingJSON/user10/user10.json,idx_87
open,trainingSamples,raw_data/EMG-EPN612/testingJSON/user10/user10.json,idx_88
open,trainingSamples,raw_data/EMG-EPN612/testingJSON/user10/user10.json,idx_89
open,trainingSamples,raw_data/EMG-EPN612/testingJSON/user10/user10.json,idx_90
open,trainingSamples,raw_data/EMG-EPN612/testingJSON/user10/user10.json,idx_91
open,trainingSamples,raw_data/EMG-EPN612/testingJSON/user10/user10.json,idx_92
open,trainingSamples,raw_data/EMG-EPN612/testingJSON/user10/user10.json,idx_93
open,trainingSamples,raw_data/EMG-EPN612/testingJSON/user10/user10.json,idx_94
open,trainingSamples,raw_data/EMG-EPN612/testingJSON/user10/user10.json,idx_95
open,trainingSamples,raw_data/EMG-EPN612/testingJSON/user10/user10.json,idx_96
open,trainingSamples,raw_data/EMG-EPN612/testingJSON/user10/user10.json,idx_97
open,trainingSamples,raw_data/EMG-EPN612/testingJSON/user10/user10.json,idx_98
open,trainingSamples,raw_data/EMG-EPN612/testingJSON/user10/user10.json,idx_99
open,trainingSamples,raw_data/EMG-EPN612/testingJSON/user10/user10.json,idx_100
waveIn,trainingSamples,raw_data/EMG-EPN612/testingJSON/user10/user10.json,idx_101
waveIn,trainingSamples,raw_data/EMG-EPN612/testingJSON/user10/user10.json,idx_102
waveIn,trainingSamples,raw_data/EMG-EPN612/testingJSON/user10/user10.json,idx_103
waveIn,trainingSamples,raw_data/EMG-EPN612/testingJSON/user10/user10.json,idx_104
waveIn,trainingSamples,raw_data/EMG-EPN612/testingJSON/user10/user10.json,idx_105
waveIn,trainingSamples,raw_data/EMG-EPN612/testingJSON/user10/user10.json,idx_106
waveIn,trainingSamples,raw_data/EMG-EPN612/testingJSON/user10/user10.json,idx_107
waveIn,trainingSamples,raw_data/EMG-EPN612/testingJSON/user10/user10.json,idx_108
waveIn,trainingSamples,raw_data/EMG-EPN612/testingJSON/user10/user10.json,idx_109
waveIn,trainingSamples,raw_data/EMG-EPN612/testingJSON/user10/user10.json,idx_110
waveIn,trainingSamples,raw_data/EMG-EPN612/testingJSON/user10/user10.json,idx_111
waveIn,trainingSamples,raw_data/EMG-EPN612/testingJSON/user10/user10.json,idx_112
waveIn,trainingSamples,raw_data/EMG-EPN612/testingJSON/user10/user10.json,idx_113
waveIn,trainingSamples,raw_data/EMG-EPN612/testingJSON/user10/user10.json,idx_114
waveIn,trainingSamples,raw_data/EMG-EPN612/testingJSON/user10/user10.json,idx_115
waveIn,trainingSamples,raw_data/EMG-EPN612/testingJSON/user10/user10.json,idx_116
waveIn,trainingSamples,raw_data/EMG-EPN612/testingJSON/user10/user10.json,idx_117
waveIn,trainingSamples,raw_data/EMG-EPN612/testingJSON/user10/user10.json,idx_118
waveIn,trainingSamples,raw_data/EMG-EPN612/testingJSON/user10/user10.json,idx_119
waveIn,trainingSamples,raw_data/EMG-EPN612/testingJSON/user10/user10.json,idx_120
waveIn,trainingSamples,raw_data/EMG-EPN612/testingJSON/user10/user10.json,idx_121
waveIn,trainingSamples,raw_data/EMG-EPN612/testingJSON/user10/user10.json,idx_122
waveIn,trainingSamples,raw_data/EMG-EPN612/testingJSON/user10/user10.json,idx_123
waveIn,trainingSamples,raw_data/EMG-EPN612/testingJSON/user10/user10.json,idx_124
waveIn,trainingSamples,raw_data/EMG-EPN612/testingJSON/user10/user10.json,idx_125
fist,trainingSamples,raw_data/EMG-EPN612/testingJSON/user10/user10.json,idx_126
fist,trainingSamples,raw_data/EMG-EPN612/testingJSON/user10/user10.json,idx_127
fist,trainingSamples,raw_data/EMG-EPN612/testingJSON/user10/user10.json,idx_128
fist,trainingSamples,raw_data/EMG-EPN612/testingJSON/user10/user10.json,idx_129
fist,trainingSamples,raw_data/EMG-EPN612/testingJSON/user10/user10.json,idx_130
fist,trainingSamples,raw_data/EMG-EPN612/testingJSON/user10/user10.json,idx_131
fist,trainingSamples,raw_data/EMG-EPN612/testingJSON/user10/user10.json,idx_132
fist,trainingSamples,raw_data/EMG-EPN612/testingJSON/user10/user10.json,idx_133
fist,trainingSamples,raw_data/EMG-EPN612/testingJSON/user10/user10.json,idx_134
fist,trainingSamples,raw_data/EMG-EPN612/testingJSON/user10/user10.json,idx_135
fist,trainingSamples,raw_data/EMG-EPN612/testingJSON/user10/user10.json,idx_136
fist,trainingSamples,raw_data/EMG-EPN612/testingJSON/user10/user10.json,idx_137
fist,trainingSamples,raw_data/EMG-EPN612/testingJSON/user10/user10.json,idx_138
fist,trainingSamples,raw_data/EMG-EPN612/testingJSON/user10/user10.json,idx_139
fist,trainingSamples,raw_data/EMG-EPN612/testingJSON/user10/user10.json,idx_140
fist,trainingSamples,raw_data/EMG-EPN612/testingJSON/user10/user10.json,idx_141
fist,trainingSamples,raw_data/EMG-EPN612/testingJSON/user10/user10.json,idx_142
fist,trainingSamples,raw_data/EMG-EPN612/testingJSON/user10/user10.json,idx_143
fist,trainingSamples,raw_data/EMG-EPN612/testingJSON/user10/user10.json,idx_144
fist,trainingSamples,raw_data/EMG-EPN612/testingJSON/user10/user10.json,idx_145
fist,trainingSamples,raw_data/EMG-EPN612/testingJSON/user10/user10.json,idx_146
fist,trainingSamples,raw_data/EMG-EPN612/testingJSON/user10/user10.json,idx_147
fist,trainingSamples,raw_data/EMG-EPN612/testingJSON/user10/user10.json,idx_148
fist,trainingSamples,raw_data/EMG-EPN612/testingJSON/user10/user10.json,idx_149
fist,trainingSamples,raw_data/EMG-EPN612/testingJSON/user10/user10.json,idx_150
noGesture,trainingSamples,raw_data/EMG-EPN612/testingJSON/user100/user100.json,idx_1
noGesture,trainingSamples,raw_data/EMG-EPN612/testingJSON/user100/user100.json,idx_2
noGesture,trainingSamples,raw_data/EMG-EPN612/testingJSON/user100/user100.json,idx_3
noGesture,trainingSamples,raw_data/EMG-EPN612/testingJSON/user100/user100.json,idx_4
noGesture,trainingSamples,raw_data/EMG-EPN612/testingJSON/user100/user100.json,idx_5
noGesture,trainingSamples,raw_data/EMG-EPN612/testingJSON/user100/user100.json,idx_6
noGesture,trainingSamples,raw_data/EMG-EPN612/testingJSON/user100/user100.json,idx_7
noGesture,trainingSamples,raw_data/EMG-EPN612/testingJSON/user100/user100.json,idx_8
noGesture,trainingSamples,raw_data/EMG-EPN612/testingJSON/user100/user100.json,idx_9
noGesture,trainingSamples,raw_data/EMG-EPN612/testingJSON/user100/user100.json,idx_10
noGesture,trainingSamples,raw_data/EMG-EPN612/testingJSON/user100/user100.json,idx_11
noGesture,trainingSamples,raw_data/EMG-EPN612/testingJSON/user100/user100.json,idx_12
noGesture,trainingSamples,raw_data/EMG-EPN612/testingJSON/user100/user100.json,idx_13
noGesture,trainingSamples,raw_data/EMG-EPN612/testingJSON/user100/user100.json,idx_14
noGesture,trainingSamples,raw_data/EMG-EPN612/testingJSON/user100/user100.json,idx_15
noGesture,trainingSamples,raw_data/EMG-EPN612/testingJSON/user100/user100.json,idx_16
noGesture,trainingSamples,raw_data/EMG-EPN612/testingJSON/user100/user100.json,idx_17
noGesture,trainingSamples,raw_data/EMG-EPN612/testingJSON/user100/user100.json,idx_18
noGesture,trainingSamples,raw_data/EMG-EPN612/testingJSON/user100/user100.json,idx_19
noGesture,trainingSamples,raw_data/EMG-EPN612/testingJSON/user100/user100.json,idx_20
noGesture,trainingSamples,raw_data/EMG-EPN612/testingJSON/user100/user100.json,idx_21
noGesture,trainingSamples,raw_data/EMG-EPN612/testingJSON/user100/user100.json,idx_22
noGesture,trainingSamples,raw_data/EMG-EPN612/testingJSON/user100/user100.json,idx_23
noGesture,trainingSamples,raw_data/EMG-EPN612/testingJSON/user100/user100.json,idx_24
noGesture,trainingSamples,raw_data/EMG-EPN612/testingJSON/user100/user100.json,idx_25
fist,trainingSamples,raw_data/EMG-EPN612/testingJSON/user100/user100.json,idx_26
fist,trainingSamples,raw_data/EMG-EPN612/testingJSON/user100/user100.json,idx_27
fist,trainingSamples,raw_data/EMG-EPN612/testingJSON/user100/user100.json,idx_28
fist,trainingSamples,raw_data/EMG-EPN612/testingJSON/user100/user100.json,idx_29
fist,trainingSamples,raw_data/EMG-EPN612/testingJSON/user100/user100.json,idx_30
fist,trainingSamples,raw_data/EMG-EPN612/testingJSON/user100/user100.json,idx_31
fist,trainingSamples,raw_data/EMG-EPN612/testingJSON/user100/user100.json,idx_32
fist,trainingSamples,raw_data/EMG-EPN612/testingJSON/user100/user100.json,idx_33
fist,trainingSamples,raw_data/EMG-EPN612/testingJSON/user100/user100.json,idx_34
fist,trainingSamples,raw_data/EMG-EPN612/testingJSON/user100/user100.json,idx_35
fist,trainingSamples,raw_data/EMG-EPN612/testingJSON/user100/user100.json,idx_36
fist,trainingSamples,raw_data/EMG-EPN612/testingJSON/user100/user100.json,idx_37
fist,trainingSamples,raw_data/EMG-EPN612/testingJSON/user100/user100.json,idx_38
fist,trainingSamples,raw_data/EMG-EPN612/testingJSON/user100/user100.json,idx_39
fist,trainingSamples,raw_data/EMG-EPN612/testingJSON/user100/user100.json,idx_40
fist,trainingSamples,raw_data/EMG-EPN612/testingJSON/user100/user100.json,idx_41
fist,trainingSamples,raw_data/EMG-EPN612/testingJSON/user100/user100.json,idx_42
fist,trainingSamples,raw_data/EMG-EPN612/testingJSON/user100/user100.json,idx_43
fist,trainingSamples,raw_data/EMG-EPN612/testingJSON/user100/user100.json,idx_44
fist,trainingSamples,raw_data/EMG-EPN612/testingJSON/user100/user100.json,idx_45
fist,trainingSamples,raw_data/EMG-EPN612/testingJSON/user100/user100.json,idx_46
fist,trainingSamples,raw_data/EMG-EPN612/testingJSON/user100/user100.json,idx_47
fist,trainingSamples,raw_data/EMG-EPN612/testingJSON/user100/user100.json,idx_48
fist,trainingSamples,raw_data/EMG-EPN612/testingJSON/user100/user100.json,idx_49
fist,trainingSamples,raw_data/EMG-EPN612/testingJSON/user100/user100.json,idx_50
open,trainingSamples,raw_data/EMG-EPN612/testingJSON/user100/user100.json,idx_51
open,trainingSamples,raw_data/EMG-EPN612/testingJSON/user100/user100.json,idx_52
open,trainingSamples,raw_data/EMG-EPN612/testingJSON/user100/user100.json,idx_53
open,trainingSamples,raw_data/EMG-EPN612/testingJSON/user100/user100.json,idx_54
open,trainingSamples,raw_data/EMG-EPN612/testingJSON/user100/user100.json,idx_55
open,trainingSamples,raw_data/EMG-EPN612/testingJSON/user100/user100.json,idx_56
open,trainingSamples,raw_data/EMG-EPN612/testingJSON/user100/user100.json,idx_57
open,trainingSamples,raw_data/EMG-EPN612/testingJSON/user100/user100.json,idx_58
open,trainingSamples,raw_data/EMG-EPN612/testingJSON/user100/user100.json,idx_59
open,trainingSamples,raw_data/EMG-EPN612/testingJSON/user100/user100.json,idx_60
open,trainingSamples,raw_data/EMG-EPN612/testingJSON/user100/user100.json,idx_61
open,trainingSamples,raw_data/EMG-EPN612/testingJSON/user100/user100.json,idx_62
open,trainingSamples,raw_data/EMG-EPN612/testingJSON/user100/user100.json,idx_63
open,trainingSamples,raw_data/EMG-EPN612/testingJSON/user100/user100.json,idx_64
open,trainingSamples,raw_data/EMG-EPN612/testingJSON/user100/user100.json,idx_65
open,trainingSamples,raw_data/EMG-EPN612/testingJSON/user100/user100.json,idx_66
open,trainingSamples,raw_data/EMG-EPN612/testingJSON/user100/user100.json,idx_67
open,trainingSamples,raw_data/EMG-EPN612/testingJSON/user100/user100.json,idx_68
open,trainingSamples,raw_data/EMG-EPN612/testingJSON/user100/user100.json,idx_69
open,trainingSamples,raw_data/EMG-EPN612/testingJSON/user100/user100.json,idx_70
open,trainingSamples,raw_data/EMG-EPN612/testingJSON/user100/user100.json,idx_71
open,trainingSamples,raw_data/EMG-EPN612/testingJSON/user100/user100.json,idx_72
open,trainingSamples,raw_data/EMG-EPN612/testingJSON/user100/user100.json,idx_73
open,trainingSamples,raw_data/EMG-EPN612/testingJSON/user100/user100.json,idx_74
open,trainingSamples,raw_data/EMG-EPN612/testingJSON/user100/user100.json,idx_75
waveOut,trainingSamples,raw_data/EMG-EPN612/testingJSON/user100/user100.json,idx_76
waveOut,trainingSamples,raw_data/EMG-EPN612/testingJSON/user100/user100.json,idx_77
waveOut,trainingSamples,raw_data/EMG-EPN612/testingJSON/user100/user100.json,idx_78
waveOut,trainingSamples,raw_data/EMG-EPN612/testingJSON/user100/user100.json,idx_79
waveOut,trainingSamples,raw_data/EMG-EPN612/testingJSON/user100/user100.json,idx_80
waveOut,trainingSamples,raw_data/EMG-EPN612/testingJSON/user100/user100.json,idx_81
waveOut,trainingSamples,raw_data/EMG-EPN612/testingJSON/user100/user100.json,idx_82
waveOut,trainingSamples,raw_data/EMG-EPN612/testingJSON/user100/user100.json,idx_83
waveOut,trainingSamples,raw_data/EMG-EPN612/testingJSON/user100/user100.json,idx_84
waveOut,trainingSamples,raw_data/EMG-EPN612/testingJSON/user100/user100.json,idx_85
waveOut,trainingSamples,raw_data/EMG-EPN612/testingJSON/user100/user100.json,idx_86
waveOut,trainingSamples,raw_data/EMG-EPN612/testingJSON/user100/user100.json,idx_87
waveOut,trainingSamples,raw_data/EMG-EPN612/testingJSON/user100/user100.json,idx_88
waveOut,trainingSamples,raw_data/EMG-EPN612/testingJSON/user100/user100.json,idx_89
waveOut,trainingSamples,raw_data/EMG-EPN612/testingJSON/user100/user100.json,idx_90
waveOut,trainingSamples,raw_data/EMG-EPN612/testingJSON/user100/user100.json,idx_91
waveOut,trainingSamples,raw_data/EMG-EPN612/testingJSON/user100/user100.json,idx_92
waveOut,trainingSamples,raw_data/EMG-EPN612/testingJSON/user100/user100.json,idx_93
waveOut,trainingSamples,raw_data/EMG-EPN612/testingJSON/user100/user100.json,idx_94
waveOut,trainingSamples,raw_data/EMG-EPN612/testingJSON/user100/user100.json,idx_95
waveOut,trainingSamples,raw_data/EMG-EPN612/testingJSON/user100/user100.json,idx_96
waveOut,trainingSamples,raw_data/EMG-EPN612/testingJSON/user100/user100.json,idx_97
waveOut,trainingSamples,raw_data/EMG-EPN612/testingJSON/user100/user100.json,idx_98
waveOut,trainingSamples,raw_data/EMG-EPN612/testingJSON/user100/user100.json,idx_99
waveOut,trainingSamples,raw_data/EMG-EPN612/testingJSON/user100/user100.json,idx_100
waveIn,trainingSamples,raw_data/EMG-EPN612/testingJSON/user100/user100.json,idx_101
waveIn,trainingSamples,raw_data/EMG-EPN612/testingJSON/user100/user100.json,idx_102
waveIn,trainingSamples,raw_data/EMG-EPN612/testingJSON/user100/user100.json,idx_103
waveIn,trainingSamples,raw_data/EMG-EPN612/testingJSON/user100/user100.json,idx_104
waveIn,trainingSamples,raw_data/EMG-EPN612/testingJSON/user100/user100.json,idx_105
waveIn,trainingSamples,raw_data/EMG-EPN612/testingJSON/user100/user100.json,idx_106
waveIn,trainingSamples,raw_data/EMG-EPN612/testingJSON/user100/user100.json,idx_107
waveIn,trainingSamples,raw_data/EMG-EPN612/testingJSON/user100/user100.json,idx_108
waveIn,trainingSamples,raw_data/EMG-EPN612/testingJSON/user100/user100.json,idx_109
waveIn,trainingSamples,raw_data/EMG-EPN612/testingJSON/user100/user100.json,idx_110
waveIn,trainingSamples,raw_data/EMG-EPN612/testingJSON/user100/user100.json,idx_111
waveIn,trainingSamples,raw_data/EMG-EPN612/testingJSON/user100/user100.json,idx_112
waveIn,trainingSamples,raw_data/EMG-EPN612/testingJSON/user100/user100.json,idx_113
waveIn,trainingSamples,raw_data/EMG-EPN612/testingJSON/user100/user100.json,idx_114
waveIn,trainingSamples,raw_data/EMG-EPN612/testingJSON/user100/user100.json,idx_115
waveIn,trainingSamples,raw_data/EMG-EPN612/testingJSON/user100/user100.json,idx_116
waveIn,trainingSamples,raw_data/EMG-EPN612/testingJSON/user100/user100.json,idx_117
waveIn,trainingSamples,raw_data/EMG-EPN612/testingJSON/user100/user100.json,idx_118
waveIn,trainingSamples,raw_data/EMG-EPN612/testingJSON/user100/user100.json,idx_119
waveIn,trainingSamples,raw_data/EMG-EPN612/testingJSON/user100/user100.json,idx_120
waveIn,trainingSamples,raw_data/EMG-EPN612/testingJSON/user100/user100.json,idx_121
waveIn,trainingSamples,raw_data/EMG-EPN612/testingJSON/user100/user100.json,idx_122
waveIn,trainingSamples,raw_data/EMG-EPN612/testingJSON/user100/user100.json,idx_123
waveIn,trainingSamples,raw_data/EMG-EPN612/testingJSON/user100/user100.json,idx_124
waveIn,trainingSamples,raw_data/EMG-EPN612/testingJSON/user100/user100.json,idx_125
pinch,trainingSamples,raw_data/EMG-EPN612/testingJSON/user100/user100.json,idx_126
pinch,trainingSamples,raw_data/EMG-EPN612/testingJSON/user100/user100.json,idx_127
pinch,trainingSamples,raw_data/EMG-EPN612/testingJSON/user100/user100.json,idx_128
pinch,trainingSamples,raw_data/EMG-EPN612/testingJSON/user100/user100.json,idx_129
pinch,trainingSamples,raw_data/EMG-EPN612/testingJSON/user100/user100.json,idx_130
pinch,trainingSamples,raw_data/EMG-EPN612/testingJSON/user100/user100.json,idx_131
pinch,trainingSamples,raw_data/EMG-EPN612/testingJSON/user100/user100.json,idx_132
pinch,trainingSamples,raw_data/EMG-EPN612/testingJSON/user100/user100.json,idx_133
pinch,trainingSamples,raw_data/EMG-EPN612/testingJSON/user100/user100.json,idx_134
pinch,trainingSamples,raw_data/EMG-EPN612/testingJSON/user100/user100.json,idx_135
pinch,trainingSamples,raw_data/EMG-EPN612/testingJSON/user100/user100.json,idx_136
pinch,trainingSamples,raw_data/EMG-EPN612/testingJSON/user100/user100.json,idx_137
pinch,trainingSamples,raw_data/EMG-EPN612/testingJSON/user100/user100.json,idx_138
pinch,trainingSamples,raw_data/EMG-EPN612/testingJSON/user100/user100.json,idx_139
pinch,trainingSamples,raw_data/EMG-EPN612/testingJSON/user100/user100.json,idx_140
pinch,trainingSamples,raw_data/EMG-EPN612/testingJSON/user100/user100.json,idx_141
pinch,trainingSamples,raw_data/EMG-EPN612/testingJSON/user100/user100.json,idx_142
pinch,trainingSamples,raw_data/EMG-EPN612/testingJSON/user100/user100.json,idx_143
pinch,trainingSamples,raw_data/EMG-EPN612/testingJSON/user100/user100.json,idx_144
pinch,trainingSamples,raw_data/EMG-EPN612/testingJSON/user100/user100.json,idx_145
pinch,trainingSamples,raw_data/EMG-EPN612/testingJSON/user100/user100.json,idx_146
pinch,trainingSamples,raw_data/EMG-EPN612/testingJSON/user100/user100.json,idx_147
pinch,trainingSamples,raw_data/EMG-EPN612/testingJSON/user100/user100.json,idx_148
pinch,trainingSamples,raw_data/EMG-EPN612/testingJSON/user100/user100.json,idx_149
pinch,trainingSamples,raw_data/EMG-EPN612/testingJSON/user100/user100.json,idx_150
noGesture,trainingSamples,raw_data/EMG-EPN612/testingJSON/user101/user101.json,idx_1
noGesture,trainingSamples,raw_data/EMG-EPN612/testingJSON/user101/user101.json,idx_2
noGesture,trainingSamples,raw_data/EMG-EPN612/testingJSON/user101/user101.json,idx_3
noGesture,trainingSamples,raw_data/EMG-EPN612/testingJSON/user101/user101.json,idx_4
noGesture,trainingSamples,raw_data/EMG-EPN612/testingJSON/user101/user101.json,idx_5
noGesture,trainingSamples,raw_data/EMG-EPN612/testingJSON/user101/user101.json,idx_6
noGesture,trainingSamples,raw_data/EMG-EPN612/testingJSON/user101/user101.json,idx_7
noGesture,trainingSamples,raw_data/EMG-EPN612/testingJSON/user101/user101.json,idx_8
noGesture,trainingSamples,raw_data/EMG-EPN612/testingJSON/user101/user101.json,idx_9
noGesture,trainingSamples,raw_data/EMG-EPN612/testingJSON/user101/user101.json,idx_10
noGesture,trainingSamples,raw_data/EMG-EPN612/testingJSON/user101/user101.json,idx_11
noGesture,trainingSamples,raw_data/EMG-EPN612/testingJSON/user101/user101.json,idx_12
noGesture,trainingSamples,raw_data/EMG-EPN612/testingJSON/user101/user101.json,idx_13
noGesture,trainingSamples,raw_data/EMG-EPN612/testingJSON/user101/user101.json,idx_14
noGesture,trainingSamples,raw_data/EMG-EPN612/testingJSON/user101/user101.json,idx_15
noGesture,trainingSamples,raw_data/EMG-EPN612/testingJSON/user101/user101.json,idx_16
noGesture,trainingSamples,raw_data/EMG-EPN612/testingJSON/user101/user101.json,idx_17
noGesture,trainingSamples,raw_data/EMG-EPN612/testingJSON/user101/user101.json,idx_18
noGesture,trainingSamples,raw_data/EMG-EPN612/testingJSON/user101/user101.json,idx_19
noGesture,trainingSamples,raw_data/EMG-EPN612/testingJSON/user101/user101.json,idx_20
noGesture,trainingSamples,raw_data/EMG-EPN612/testingJSON/user101/user101.json,idx_21
noGesture,trainingSamples,raw_data/EMG-EPN612/testingJSON/user101/user101.json,idx_22
noGesture,trainingSamples,raw_data/EMG-EPN612/testingJSON/user101/user101.json,idx_23
noGesture,trainingSamples,raw_data/EMG-EPN612/testingJSON/user101/user101.json,idx_24
noGesture,trainingSamples,raw_data/EMG-EPN612/testingJSON/user101/user101.json,idx_25
open,trainingSamples,raw_data/EMG-EPN612/testingJSON/user101/user101.json,idx_26
open,trainingSamples,raw_data/EMG-EPN612/testingJSON/user101/user101.json,idx_27
open,trainingSamples,raw_data/EMG-EPN612/testingJSON/user101/user101.json,idx_28
open,trainingSamples,raw_data/EMG-EPN612/testingJSON/user101/user101.json,idx_29
open,trainingSamples,raw_data/EMG-EPN612/testingJSON/user101/user101.json,idx_30
open,trainingSamples,raw_data/EMG-EPN612/testingJSON/user101/user101.json,idx_31
open,trainingSamples,raw_data/EMG-EPN612/testingJSON/user101/user101.json,idx_32
open,trainingSamples,raw_data/EMG-EPN612/testingJSON/user101/user101.json,idx_33
open,trainingSamples,raw_data/EMG-EPN612/testingJSON/user101/user101.json,idx_34
open,trainingSamples,raw_data/EMG-EPN612/testingJSON/user101/user101.json,idx_35
open,trainingSamples,raw_data/EMG-EPN612/testingJSON/user101/user101.json,idx_36
open,trainingSamples,raw_data/EMG-EPN612/testingJSON/user101/user101.json,idx_37
open,trainingSamples,raw_data/EMG-EPN612/testingJSON/user101/user101.json,idx_38
open,trainingSamples,raw_data/EMG-EPN612/testingJSON/user101/user101.json,idx_39
open,trainingSamples,raw_data/EMG-EPN612/testingJSON/user101/user101.json,idx_40
open,trainingSamples,raw_data/EMG-EPN612/testingJSON/user101/user101.json,idx_41
open,trainingSamples,raw_data/EMG-EPN612/testingJSON/user101/user101.json,idx_42
open,trainingSamples,raw_data/EMG-EPN612/testingJSON/user101/user101.json,idx_43
open,trainingSamples,raw_data/EMG-EPN612/testingJSON/user101/user101.json,idx_44
open,trainingSamples,raw_data/EMG-EPN612/testingJSON/user101/user101.json,idx_45
open,trainingSamples,raw_data/EMG-EPN612/testingJSON/user101/user101.json,idx_46
open,trainingSamples,raw_data/EMG-EPN612/testingJSON/user101/user101.json,idx_47
open,trainingSamples,raw_data/EMG-EPN612/testingJSON/user101/user101.json,idx_48
open,trainingSamples,raw_data/EMG-EPN612/testingJSON/user101/user101.json,idx_49
open,trainingSamples,raw_data/EMG-EPN612/testingJSON/user101/user101.json,idx_50
pinch,trainingSamples,raw_data/EMG-EPN612/testingJSON/user101/user101.json,idx_51
pinch,trainingSamples,raw_data/EMG-EPN612/testingJSON/user101/user101.json,idx_52
pinch,trainingSamples,raw_data/EMG-EPN612/testingJSON/user101/user101.json,idx_53
pinch,trainingSamples,raw_data/EMG-EPN612/testingJSON/user101/user101.json,idx_54
pinch,trainingSamples,raw_data/EMG-EPN612/testingJSON/user101/user101.json,idx_55
pinch,trainingSamples,raw_data/EMG-EPN612/testingJSON/user101/user101.json,idx_56
pinch,trainingSamples,raw_data/EMG-EPN612/testingJSON/user101/user101.json,idx_57
pinch,trainingSamples,raw_data/EMG-EPN612/testingJSON/user101/user101.json,idx_58
pinch,trainingSamples,raw_data/EMG-EPN612/testingJSON/user101/user101.json,idx_59
pinch,trainingSamples,raw_data/EMG-EPN612/testingJSON/user101/user101.json,idx_60
pinch,trainingSamples,raw_data/EMG-EPN612/testingJSON/user101/user101.json,idx_61
pinch,trainingSamples,raw_data/EMG-EPN612/testingJSON/user101/user101.json,idx_62
pinch,trainingSamples,raw_data/EMG-EPN612/testingJSON/user101/user101.json,idx_63
pinch,trainingSamples,raw_data/EMG-EPN612/testingJSON/user101/user101.json,idx_64
pinch,trainingSamples,raw_data/EMG-EPN612/testingJSON/user101/user101.json,idx_65
pinch,trainingSamples,raw_data/EMG-EPN612/testingJSON/user101/user101.json,idx_66
pinch,trainingSamples,raw_data/EMG-EPN612/testingJSON/user101/user101.json,idx_67
pinch,trainingSamples,raw_data/EMG-EPN612/testingJSON/user101/user101.json,idx_68
pinch,trainingSamples,raw_data/EMG-EPN612/testingJSON/user101/user101.json,idx_69
pinch,trainingSamples,raw_data/EMG-EPN612/testingJSON/user101/user101.json,idx_70
pinch,trainingSamples,raw_data/EMG-EPN612/testingJSON/user101/user101.json,idx_71
pinch,trainingSamples,raw_data/EMG-EPN612/testingJSON/user101/user101.json,idx_72
pinch,trainingSamples,raw_data/EMG-EPN612/testingJSON/user101/user101.json,idx_73
pinch,trainingSamples,raw_data/EMG-EPN612/testingJSON/user101/user101.json,idx_74
pinch,trainingSamples,raw_data/EMG-EPN612/testingJSON/user101/user101.json,idx_75
waveIn,trainingSamples,raw_data/EMG-EPN612/testingJSON/user101/user101.json,idx_76
waveIn,trainingSamples,raw_data/EMG-EPN612/testingJSON/user101/user101.json,idx_77
waveIn,trainingSamples,raw_data/EMG-EPN612/testingJSON/user101/user101.json,idx_78
waveIn,trainingSamples,raw_data/EMG-EPN612/testingJSON/user101/user101.json,idx_79
waveIn,trainingSamples,raw_data/EMG-EPN612/testingJSON/user101/user101.json,idx_80
waveIn,trainingSamples,raw_data/EMG-EPN612/testingJSON/user101/user101.json,idx_81
waveIn,trainingSamples,raw_data/EMG-EPN612/testingJSON/user101/user101.json,idx_82
waveIn,trainingSamples,raw_data/EMG-EPN612/testingJSON/user101/user101.json,idx_83
waveIn,trainingSamples,raw_data/EMG-EPN612/testingJSON/user101/user101.json,idx_84
waveIn,trainingSamples,raw_data/EMG-EPN612/testingJSON/user101/user101.json,idx_85
waveIn,trainingSamples,raw_data/EMG-EPN612/testingJSON/user101/user101.json,idx_86
waveIn,trainingSamples,raw_data/EMG-EPN612/testingJSON/user101/user101.json,idx_87
waveIn,trainingSamples,raw_data/EMG-EPN612/testingJSON/user101/user101.json,idx_88
waveIn,trainingSamples,raw_data/EMG-EPN612/testingJSON/user101/user101.json,idx_89
waveIn,trainingSamples,raw_data/EMG-EPN612/testingJSON/user101/user101.json,idx_90
waveIn,trainingSamples,raw_data/EMG-EPN612/testingJSON/user101/user101.json,idx_91
waveIn,trainingSamples,raw_data/EMG-EPN612/testingJSON/user101/user101.json,idx_92
waveIn,trainingSamples,raw_data/EMG-EPN612/testingJSON/user101/user101.json,idx_93
waveIn,trainingSamples,raw_data/EMG-EPN612/testingJSON/user101/user101.json,idx_94
waveIn,trainingSamples,raw_data/EMG-EPN612/testingJSON/user101/user101.json,idx_95
waveIn,trainingSamples,raw_data/EMG-EPN612/testingJSON/user101/user101.json,idx_96
waveIn,trainingSamples,raw_data/EMG-EPN612/testingJSON/user101/user101.json,idx_97
waveIn,trainingSamples,raw_data/EMG-EPN612/testingJSON/user101/user101.json,idx_98
waveIn,trainingSamples,raw_data/EMG-EPN612/testingJSON/user101/user101.json,idx_99
waveIn,trainingSamples,raw_data/EMG-EPN612/testingJSON/user101/user101.json,idx_100
waveOut,trainingSamples,raw_data/EMG-EPN612/testingJSON/user101/user101.json,idx_101
waveOut,trainingSamples,raw_data/EMG-EPN612/testingJSON/user101/user101.json,idx_102
waveOut,trainingSamples,raw_data/EMG-EPN612/testingJSON/user101/user101.json,idx_103
waveOut,trainingSamples,raw_data/EMG-EPN612/testingJSON/user101/user101.json,idx_104
waveOut,trainingSamples,raw_data/EMG-EPN612/testingJSON/user101/user101.json,idx_105
waveOut,trainingSamples,raw_data/EMG-EPN612/testingJSON/user101/user101.json,idx_106
waveOut,trainingSamples,raw_data/EMG-EPN612/testingJSON/user101/user101.json,idx_107
waveOut,trainingSamples,raw_data/EMG-EPN612/testingJSON/user101/user101.json,idx_108
waveOut,trainingSamples,raw_data/EMG-EPN612/testingJSON/user101/user101.json,idx_109
waveOut,trainingSamples,raw_data/EMG-EPN612/testingJSON/user101/user101.json,idx_110
waveOut,trainingSamples,raw_data/EMG-EPN612/testingJSON/user101/user101.json,idx_111
waveOut,trainingSamples,raw_data/EMG-EPN612/testingJSON/user101/user101.json,idx_112
waveOut,trainingSamples,raw_data/EMG-EPN612/testingJSON/user101/user101.json,idx_113
waveOut,trainingSamples,raw_data/EMG-EPN612/testingJSON/user101/user101.json,idx_114
waveOut,trainingSamples,raw_data/EMG-EPN612/testingJSON/user101/user101.json,idx_115
waveOut,trainingSamples,raw_data/EMG-EPN612/testingJSON/user101/user101.json,idx_116
waveOut,trainingSamples,raw_data/EMG-EPN612/testingJSON/user101/user101.json,idx_117
waveOut,trainingSamples,raw_data/EMG-EPN612/testingJSON/user101/user101.json,idx_118
waveOut,trainingSamples,raw_data/EMG-EPN612/testingJSON/user101/user101.json,idx_119
waveOut,trainingSamples,raw_data/EMG-EPN612/testingJSON/user101/user101.json,idx_120
waveOut,trainingSamples,raw_data/EMG-EPN612/testingJSON/user101/user101.json,idx_121
waveOut,trainingSamples,raw_data/EMG-EPN612/testingJSON/user101/user101.json,idx_122
waveOut,trainingSamples,raw_data/EMG-EPN612/testingJSON/user101/user101.json,idx_123
waveOut,trainingSamples,raw_data/EMG-EPN612/testingJSON/user101/user101.json,idx_124
waveOut,trainingSamples,raw_data/EMG-EPN612/testingJSON/user101/user101.json,idx_125
fist,trainingSamples,raw_data/EMG-EPN612/testingJSON/user101/user101.json,idx_126
fist,trainingSamples,raw_data/EMG-EPN612/testingJSON/user101/user101.json,idx_127
fist,trainingSamples,raw_data/EMG-EPN612/testingJSON/user101/user101.json,idx_128
fist,trainingSamples,raw_data/EMG-EPN612/testingJSON/user101/user101.json,idx_129
fist,trainingSamples,raw_data/EMG-EPN612/testingJSON/user101/user101.json,idx_130
fist,trainingSamples,raw_data/EMG-EPN612/testingJSON/user101/user101.json,idx_131
fist,trainingSamples,raw_data/EMG-EPN612/testingJSON/user101/user101.json,idx_132
fist,trainingSamples,raw_data/EMG-EPN612/testingJSON/user101/user101.json,idx_133
fist,trainingSamples,raw_data/EMG-EPN612/testingJSON/user101/user101.json,idx_134
fist,trainingSamples,raw_data/EMG-EPN612/testingJSON/user101/user101.json,idx_135
fist,trainingSamples,raw_data/EMG-EPN612/testingJSON/user101/user101.json,idx_136
fist,trainingSamples,raw_data/EMG-EPN612/testingJSON/user101/user101.json,idx_137
fist,trainingSamples,raw_data/EMG-EPN612/testingJSON/user101/user101.json,idx_138
fist,trainingSamples,raw_data/EMG-EPN612/testingJSON/user101/user101.json,idx_139
fist,trainingSamples,raw_data/EMG-EPN612/testingJSON/user101/user101.json,idx_140
fist,trainingSamples,raw_data/EMG-EPN612/testingJSON/user101/user101.json,idx_141
fist,trainingSamples,raw_data/EMG-EPN612/testingJSON/user101/user101.json,idx_142
fist,trainingSamples,raw_data/EMG-EPN612/testingJSON/user101/user101.json,idx_143
fist,trainingSamples,raw_data/EMG-EPN612/testingJSON/user101/user101.json,idx_144
fist,trainingSamples,raw_data/EMG-EPN612/testingJSON/user101/user101.json,idx_145
fist,trainingSamples,raw_data/EMG-EPN612/testingJSON/user101/user101.json,idx_146
fist,trainingSamples,raw_data/EMG-EPN612/testingJSON/user101/user101.json,idx_147
fist,trainingSamples,raw_data/EMG-EPN612/testingJSON/user101/user101.json,idx_148
fist,trainingSamples,raw_data/EMG-EPN612/testingJSON/user101/user101.json,idx_149
fist,trainingSamples,raw_data/EMG-EPN612/testingJSON/user101/user101.json,idx_150
noGesture,trainingSamples,raw_data/EMG-EPN612/testingJSON/user102/user102.json,idx_1
noGesture,trainingSamples,raw_data/EMG-EPN612/testingJSON/user102/user102.json,idx_2
noGesture,trainingSamples,raw_data/EMG-EPN612/testingJSON/user102/user102.json,idx_3
noGesture,trainingSamples,raw_data/EMG-EPN612/testingJSON/user102/user102.json,idx_4
noGesture,trainingSamples,raw_data/EMG-EPN612/testingJSON/user102/user102.json,idx_5
noGesture,trainingSamples,raw_data/EMG-EPN612/testingJSON/user102/user102.json,idx_6
noGesture,trainingSamples,raw_data/EMG-EPN612/testingJSON/user102/user102.json,idx_7
noGesture,trainingSamples,raw_data/EMG-EPN612/testingJSON/user102/user102.json,idx_8
noGesture,trainingSamples,raw_data/EMG-EPN612/testingJSON/user102/user102.json,idx_9
noGesture,trainingSamples,raw_data/EMG-EPN612/testingJSON/user102/user102.json,idx_10
noGesture,trainingSamples,raw_data/EMG-EPN612/testingJSON/user102/user102.json,idx_11
noGesture,trainingSamples,raw_data/EMG-EPN612/testingJSON/user102/user102.json,idx_12
noGesture,trainingSamples,raw_data/EMG-EPN612/testingJSON/user102/user102.json,idx_13
noGesture,trainingSamples,raw_data/EMG-EPN612/testingJSON/user102/user102.json,idx_14
noGesture,trainingSamples,raw_data/EMG-EPN612/testingJSON/user102/user102.json,idx_15
noGesture,trainingSamples,raw_data/EMG-EPN612/testingJSON/user102/user102.json,idx_16
noGesture,trainingSamples,raw_data/EMG-EPN612/testingJSON/user102/user102.json,idx_17
noGesture,trainingSamples,raw_data/EMG-EPN612/testingJSON/user102/user102.json,idx_18
noGesture,trainingSamples,raw_data/EMG-EPN612/testingJSON/user102/user102.json,idx_19
noGesture,trainingSamples,raw_data/EMG-EPN612/testingJSON/user102/user102.json,idx_20
noGesture,trainingSamples,raw_data/EMG-EPN612/testingJSON/user102/user102.json,idx_21
noGesture,trainingSamples,raw_data/EMG-EPN612/testingJSON/user102/user102.json,idx_22
noGesture,trainingSamples,raw_data/EMG-EPN612/testingJSON/user102/user102.json,idx_23
noGesture,trainingSamples,raw_data/EMG-EPN612/testingJSON/user102/user102.json,idx_24
noGesture,trainingSamples,raw_data/EMG-EPN612/testingJSON/user102/user102.json,idx_25
waveIn,trainingSamples,raw_data/EMG-EPN612/testingJSON/user102/user102.json,idx_26
waveIn,trainingSamples,raw_data/EMG-EPN612/testingJSON/user102/user102.json,idx_27
waveIn,trainingSamples,raw_data/EMG-EPN612/testingJSON/user102/user102.json,idx_28
waveIn,trainingSamples,raw_data/EMG-EPN612/testingJSON/user102/user102.json,idx_29
waveIn,trainingSamples,raw_data/EMG-EPN612/testingJSON/user102/user102.json,idx_30
waveIn,trainingSamples,raw_data/EMG-EPN612/testingJSON/user102/user102.json,idx_31
waveIn,trainingSamples,raw_data/EMG-EPN612/testingJSON/user102/user102.json,idx_32
waveIn,trainingSamples,raw_data/EMG-EPN612/testingJSON/user102/user102.json,idx_33
waveIn,trainingSamples,raw_data/EMG-EPN612/testingJSON/user102/user102.json,idx_34
waveIn,trainingSamples,raw_data/EMG-EPN612/testingJSON/user102/user102.json,idx_35
waveIn,trainingSamples,raw_data/EMG-EPN612/testingJSON/user102/user102.json,idx_36
waveIn,trainingSamples,raw_data/EMG-EPN612/testingJSON/user102/user102.json,idx_37
waveIn,trainingSamples,raw_data/EMG-EPN612/testingJSON/user102/user102.json,idx_38
waveIn,trainingSamples,raw_data/EMG-EPN612/testingJSON/user102/user102.json,idx_39
waveIn,trainingSamples,raw_data/EMG-EPN612/testingJSON/user102/user102.json,idx_40
waveIn,trainingSamples,raw_data/EMG-EPN612/testingJSON/user102/user102.json,idx_41
waveIn,trainingSamples,raw_data/EMG-EPN612/testingJSON/user102/user102.json,idx_42
waveIn,trainingSamples,raw_data/EMG-EPN612/testingJSON/user102/user102.json,idx_43
waveIn,trainingSamples,raw_data/EMG-EPN612/testingJSON/user102/user102.json,idx_44
waveIn,trainingSamples,raw_data/EMG-EPN612/testingJSON/user102/user102.json,idx_45
waveIn,trainingSamples,raw_data/EMG-EPN612/testingJSON/user102/user102.json,idx_46
waveIn,trainingSamples,raw_data/EMG-EPN612/testingJSON/user102/user102.json,idx_47
waveIn,trainingSamples,raw_data/EMG-EPN612/testingJSON/user102/user102.json,idx_48
waveIn,trainingSamples,raw_data/EMG-EPN612/testingJSON/user102/user102.json,idx_49
waveIn,trainingSamples,raw_data/EMG-EPN612/testingJSON/user102/user102.json,idx_50
waveOut,trainingSamples,raw_data/EMG-EPN612/testingJSON/user102/user102.json,idx_51
waveOut,trainingSamples,raw_data/EMG-EPN612/testingJSON/user102/user102.json,idx_52
waveOut,trainingSamples,raw_data/EMG-EPN612/testingJSON/user102/user102.json,idx_53
waveOut,trainingSamples,raw_data/EMG-EPN612/testingJSON/user102/user102.json,idx_54
waveOut,trainingSamples,raw_data/EMG-EPN612/testingJSON/user102/user102.json,idx_55
waveOut,trainingSamples,raw_data/EMG-EPN612/testingJSON/user102/user102.json,idx_56
waveOut,trainingSamples,raw_data/EMG-EPN612/testingJSON/user102/user102.json,idx_57
waveOut,trainingSamples,raw_data/EMG-EPN612/testingJSON/user102/user102.json,idx_58
waveOut,trainingSamples,raw_data/EMG-EPN612/testingJSON/user102/user102.json,idx_59
waveOut,trainingSamples,raw_data/EMG-EPN612/testingJSON/user102/user102.json,idx_60
waveOut,trainingSamples,raw_data/EMG-EPN612/testingJSON/user102/user102.json,idx_61
waveOut,trainingSamples,raw_data/EMG-EPN612/testingJSON/user102/user102.json,idx_62
waveOut,trainingSamples,raw_data/EMG-EPN612/testingJSON/user102/user102.json,idx_63
waveOut,trainingSamples,raw_data/EMG-EPN612/testingJSON/user102/user102.json,idx_64
waveOut,trainingSamples,raw_data/EMG-EPN612/testingJSON/user102/user102.json,idx_65
waveOut,trainingSamples,raw_data/EMG-EPN612/testingJSON/user102/user102.json,idx_66
waveOut,trainingSamples,raw_data/EMG-EPN612/testingJSON/user102/user102.json,idx_67
waveOut,trainingSamples,raw_data/EMG-EPN612/testingJSON/user102/user102.json,idx_68
waveOut,trainingSamples,raw_data/EMG-EPN612/testingJSON/user102/user102.json,idx_69
waveOut,trainingSamples,raw_data/EMG-EPN612/testingJSON/user102/user102.json,idx_70
waveOut,trainingSamples,raw_data/EMG-EPN612/testingJSON/user102/user102.json,idx_71
waveOut,trainingSamples,raw_data/EMG-EPN612/testingJSON/user102/user102.json,idx_72
waveOut,trainingSamples,raw_data/EMG-EPN612/testingJSON/user102/user102.json,idx_73
waveOut,trainingSamples,raw_data/EMG-EPN612/testingJSON/user102/user102.json,idx_74
waveOut,trainingSamples,raw_data/EMG-EPN612/testingJSON/user102/user102.json,idx_75
fist,trainingSamples,raw_data/EMG-EPN612/testingJSON/user102/user102.json,idx_76
fist,trainingSamples,raw_data/EMG-EPN612/testingJSON/user102/user102.json,idx_77
fist,trainingSamples,raw_data/EMG-EPN612/testingJSON/user102/user102.json,idx_78
fist,trainingSamples,raw_data/EMG-EPN612/testingJSON/user102/user102.json,idx_79
fist,trainingSamples,raw_data/EMG-EPN612/testingJSON/user102/user102.json,idx_80
fist,trainingSamples,raw_data/EMG-EPN612/testingJSON/user102/user102.json,idx_81
fist,trainingSamples,raw_data/EMG-EPN612/testingJSON/user102/user102.json,idx_82
fist,trainingSamples,raw_data/EMG-EPN612/testingJSON/user102/user102.json,idx_83
fist,trainingSamples,raw_data/EMG-EPN612/testingJSON/user102/user102.json,idx_84
fist,trainingSamples,raw_data/EMG-EPN612/testingJSON/user102/user102.json,idx_85
fist,trainingSamples,raw_data/EMG-EPN612/testingJSON/user102/user102.json,idx_86
fist,trainingSamples,raw_data/EMG-EPN612/testingJSON/user102/user102.json,idx_87
fist,trainingSamples,raw_data/EMG-EPN612/testingJSON/user102/user102.json,idx_88
fist,trainingSamples,raw_data/EMG-EPN612/testingJSON/user102/user102.json,idx_89
fist,trainingSamples,raw_data/EMG-EPN612/testingJSON/user102/user102.json,idx_90
fist,trainingSamples,raw_data/EMG-EPN612/testingJSON/user102/user102.json,idx_91
fist,trainingSamples,raw_data/EMG-EPN612/testingJSON/user102/user102.json,idx_92
fist,trainingSamples,raw_data/EMG-EPN612/testingJSON/user102/user102.json,idx_93
fist,trainingSamples,raw_data/EMG-EPN612/testingJSON/user102/user102.json,idx_94
fist,trainingSamples,raw_data/EMG-EPN612/testingJSON/user102/user102.json,idx_95
fist,trainingSamples,raw_data/EMG-EPN612/testingJSON/user102/user102.json,idx_96
fist,trainingSamples,raw_data/EMG-EPN612/testingJSON/user102/user102.json,idx_97
fist,trainingSamples,raw_data/EMG-EPN612/testingJSON/user102/user102.json,idx_98
fist,trainingSamples,raw_data/EMG-EPN612/testingJSON/user102/user102.json,idx_99
fist,trainingSamples,raw_data/EMG-EPN612/testingJSON/user102/user102.json,idx_100
pinch,trainingSamples,raw_data/EMG-EPN612/testingJSON/user102/user102.json,idx_101
pinch,trainingSamples,raw_data/EMG-EPN612/testingJSON/user102/user102.json,idx_102
pinch,trainingSamples,raw_data/EMG-EPN612/testingJSON/user102/user102.json,idx_103
pinch,trainingSamples,raw_data/EMG-EPN612/testingJSON/user102/user102.json,idx_104
pinch,trainingSamples,raw_data/EMG-EPN612/testingJSON/user102/user102.json,idx_105
pinch,trainingSamples,raw_data/EMG-EPN612/testingJSON/user102/user102.json,idx_106
pinch,trainingSamples,raw_data/EMG-EPN612/testingJSON/user102/user102.json,idx_107
pinch,trainingSamples,raw_data/EMG-EPN612/testingJSON/user102/user102.json,idx_108
pinch,trainingSamples,raw_data/EMG-EPN612/testingJSON/user102/user102.json,idx_109
pinch,trainingSamples,raw_data/EMG-EPN612/testingJSON/user102/user102.json,idx_110
pinch,trainingSamples,raw_data/EMG-EPN612/testingJSON/user102/user102.json,idx_111
pinch,trainingSamples,raw_data/EMG-EPN612/testingJSON/user102/user102.json,idx_112
pinch,trainingSamples,raw_data/EMG-EPN612/testingJSON/user102/user102.json,idx_113
pinch,trainingSamples,raw_data/EMG-EPN612/testingJSON/user102/user102.json,idx_114
pinch,trainingSamples,raw_data/EMG-EPN612/testingJSON/user102/user102.json,idx_115
pinch,trainingSamples,raw_data/EMG-EPN612/testingJSON/user102/user102.json,idx_116
pinch,trainingSamples,raw_data/EMG-EPN612/testingJSON/user102/user102.json,idx_117
pinch,trainingSamples,raw_data/EMG-EPN612/testingJSON/user102/user102.json,idx_118
pinch,trainingSamples,raw_data/EMG-EPN612/testingJSON/user102/user102.json,idx_119
pinch,trainingSamples,raw_data/EMG-EPN612/testingJSON/user102/user102.json,idx_120
pinch,trainingSamples,raw_data/EMG-EPN612/testingJSON/user102/user102.json,idx_121
pinch,trainingSamples,raw_data/EMG-EPN612/testingJSON/user102/user102.json,idx_122
pinch,trainingSamples,raw_data/EMG-EPN612/testingJSON/user102/user102.json,idx_123
pinch,trainingSamples,raw_data/EMG-EPN612/testingJSON/user102/user102.json,idx_124
pinch,trainingSamples,raw_data/EMG-EPN612/testingJSON/user102/user102.json,idx_125
open,trainingSamples,raw_data/EMG-EPN612/testingJSON/user102/user102.json,idx_126
open,trainingSamples,raw_data/EMG-EPN612/testingJSON/user102/user102.json,idx_127
open,trainingSamples,raw_data/EMG-EPN612/testingJSON/user102/user102.json,idx_128
open,trainingSamples,raw_data/EMG-EPN612/testingJSON/user102/user102.json,idx_129
open,trainingSamples,raw_data/EMG-EPN612/testingJSON/user102/user102.json,idx_130
open,trainingSamples,raw_data/EMG-EPN612/testingJSON/user102/user102.json,idx_131
open,trainingSamples,raw_data/EMG-EPN612/testingJSON/user102/user102.json,idx_132
open,trainingSamples,raw_data/EMG-EPN612/testingJSON/user102/user102.json,idx_133
open,trainingSamples,raw_data/EMG-EPN612/testingJSON/user102/user102.json,idx_134
open,trainingSamples,raw_data/EMG-EPN612/testingJSON/user102/user102.json,idx_135
open,trainingSamples,raw_data/EMG-EPN612/testingJSON/user102/user102.json,idx_136
open,trainingSamples,raw_data/EMG-EPN612/testingJSON/user102/user102.json,idx_137
open,trainingSamples,raw_data/EMG-EPN612/testingJSON/user102/user102.json,idx_138
open,trainingSamples,raw_data/EMG-EPN612/testingJSON/user102/user102.json,idx_139
open,trainingSamples,raw_data/EMG-EPN612/testingJSON/user102/user102.json,idx_140
open,trainingSamples,raw_data/EMG-EPN612/testingJSON/user102/user102.json,idx_141
open,trainingSamples,raw_data/EMG-EPN612/testingJSON/user102/user102.json,idx_142
open,trainingSamples,raw_data/EMG-EPN612/testingJSON/user102/user102.json,idx_143
open,trainingSamples,raw_data/EMG-EPN612/testingJSON/user102/user102.json,idx_144
open,trainingSamples,raw_data/EMG-EPN612/testingJSON/user102/user102.json,idx_145
open,trainingSamples,raw_data/EMG-EPN612/testingJSON/user102/user102.json,idx_146
open,trainingSamples,raw_data/EMG-EPN612/testingJSON/user102/user102.json,idx_147
open,trainingSamples,raw_data/EMG-EPN612/testingJSON/user102/user102.json,idx_148
open,trainingSamples,raw_data/EMG-EPN612/testingJSON/user102/user102.json,idx_149
open,trainingSamples,raw_data/EMG-EPN612/testingJSON/user102/user102.json,idx_150
noGesture,trainingSamples,raw_data/EMG-EPN612/testingJSON/user103/user103.json,idx_1
noGesture,trainingSamples,raw_data/EMG-EPN612/testingJSON/user103/user103.json,idx_2
noGesture,trainingSamples,raw_data/EMG-EPN612/testingJSON/user103/user103.json,idx_3
noGesture,trainingSamples,raw_data/EMG-EPN612/testingJSON/user103/user103.json,idx_4
noGesture,trainingSamples,raw_data/EMG-EPN612/testingJSON/user103/user103.json,idx_5
noGesture,trainingSamples,raw_data/EMG-EPN612/testingJSON/user103/user103.json,idx_6
noGesture,trainingSamples,raw_data/EMG-EPN612/testingJSON/user103/user103.json,idx_7
noGesture,trainingSamples,raw_data/EMG-EPN612/testingJSON/user103/user103.json,idx_8
noGesture,trainingSamples,raw_data/EMG-EPN612/testingJSON/user103/user103.json,idx_9
noGesture,trainingSamples,raw_data/EMG-EPN612/testingJSON/user103/user103.json,idx_10
noGesture,trainingSamples,raw_data/EMG-EPN612/testingJSON/user103/user103.json,idx_11
noGesture,trainingSamples,raw_data/EMG-EPN612/testingJSON/user103/user103.json,idx_12
noGesture,trainingSamples,raw_data/EMG-EPN612/testingJSON/user103/user103.json,idx_13
noGesture,trainingSamples,raw_data/EMG-EPN612/testingJSON/user103/user103.json,idx_14
noGesture,trainingSamples,raw_data/EMG-EPN612/testingJSON/user103/user103.json,idx_15
noGesture,trainingSamples,raw_data/EMG-EPN612/testingJSON/user103/user103.json,idx_16
noGesture,trainingSamples,raw_data/EMG-EPN612/testingJSON/user103/user103.json,idx_17
noGesture,trainingSamples,raw_data/EMG-EPN612/testingJSON/user103/user103.json,idx_18
noGesture,trainingSamples,raw_data/EMG-EPN612/testingJSON/user103/user103.json,idx_19
noGesture,trainingSamples,raw_data/EMG-EPN612/testingJSON/user103/user103.json,idx_20
noGesture,trainingSamples,raw_data/EMG-EPN612/testingJSON/user103/user103.json,idx_21
noGesture,trainingSamples,raw_data/EMG-EPN612/testingJSON/user103/user103.json,idx_22
noGesture,trainingSamples,raw_data/EMG-EPN612/testingJSON/user103/user103.json,idx_23
noGesture,trainingSamples,raw_data/EMG-EPN612/testingJSON/user103/user103.json,idx_24
noGesture,trainingSamples,raw_data/EMG-EPN612/testingJSON/user103/user103.json,idx_25
open,trainingSamples,raw_data/EMG-EPN612/testingJSON/user103/user103.json,idx_26
open,trainingSamples,raw_data/EMG-EPN612/testingJSON/user103/user103.json,idx_27
open,trainingSamples,raw_data/EMG-EPN612/testingJSON/user103/user103.json,idx_28
open,trainingSamples,raw_data/EMG-EPN612/testingJSON/user103/user103.json,idx_29
open,trainingSamples,raw_data/EMG-EPN612/testingJSON/user103/user103.json,idx_30
open,trainingSamples,raw_data/EMG-EPN612/testingJSON/user103/user103.json,idx_31
open,trainingSamples,raw_data/EMG-EPN612/testingJSON/user103/user103.json,idx_32
open,trainingSamples,raw_data/EMG-EPN612/testingJSON/user103/user103.json,idx_33
open,trainingSamples,raw_data/EMG-EPN612/testingJSON/user103/user103.json,idx_34
open,trainingSamples,raw_data/EMG-EPN612/testingJSON/user103/user103.json,idx_35
open,trainingSamples,raw_data/EMG-EPN612/testingJSON/user103/user103.json,idx_36
open,trainingSamples,raw_data/EMG-EPN612/testingJSON/user103/user103.json,idx_37
open,trainingSamples,raw_data/EMG-EPN612/testingJSON/user103/user103.json,idx_38
open,trainingSamples,raw_data/EMG-EPN612/testingJSON/user103/user103.json,idx_39
open,trainingSamples,raw_data/EMG-EPN612/testingJSON/user103/user103.json,idx_40
open,trainingSamples,raw_data/EMG-EPN612/testingJSON/user103/user103.json,idx_41
open,trainingSamples,raw_data/EMG-EPN612/testingJSON/user103/user103.json,idx_42
open,trainingSamples,raw_data/EMG-EPN612/testingJSON/user103/user103.json,idx_43
open,trainingSamples,raw_data/EMG-EPN612/testingJSON/user103/user103.json,idx_44
open,trainingSamples,raw_data/EMG-EPN612/testingJSON/user103/user103.json,idx_45
open,trainingSamples,raw_data/EMG-EPN612/testingJSON/user103/user103.json,idx_46
open,trainingSamples,raw_data/EMG-EPN612/testingJSON/user103/user103.json,idx_47
open,trainingSamples,raw_data/EMG-EPN612/testingJSON/user103/user103.json,idx_48
open,trainingSamples,raw_data/EMG-EPN612/testingJSON/user103/user103.json,idx_49
open,trainingSamples,raw_data/EMG-EPN612/testingJSON/user103/user103.json,idx_50
pinch,trainingSamples,raw_data/EMG-EPN612/testingJSON/user103/user103.json,idx_51
pinch,trainingSamples,raw_data/EMG-EPN612/testingJSON/user103/user103.json,idx_52
pinch,trainingSamples,raw_data/EMG-EPN612/testingJSON/user103/user103.json,idx_53
pinch,trainingSamples,raw_data/EMG-EPN612/testingJSON/user103/user103.json,idx_54
pinch,trainingSamples,raw_data/EMG-EPN612/testingJSON/user103/user103.json,idx_55
pinch,trainingSamples,raw_data/EMG-EPN612/testingJSON/user103/user103.json,idx_56
pinch,trainingSamples,raw_data/EMG-EPN612/testingJSON/user103/user103.json,idx_57
pinch,trainingSamples,raw_data/EMG-EPN612/testingJSON/user103/user103.json,idx_58
pinch,trainingSamples,raw_data/EMG-EPN612/testingJSON/user103/user103.json,idx_59
pinch,trainingSamples,raw_data/EMG-EPN612/testingJSON/user103/user103.json,idx_60
pinch,trainingSamples,raw_data/EMG-EPN612/testingJSON/user103/user103.json,idx_61
pinch,trainingSamples,raw_data/EMG-EPN612/testingJSON/user103/user103.json,idx_62
pinch,trainingSamples,raw_data/EMG-EPN612/testingJSON/user103/user103.json,idx_63
pinch,trainingSamples,raw_data/EMG-EPN612/testingJSON/user103/user103.json,idx_64
pinch,trainingSamples,raw_data/EMG-EPN612/testingJSON/user103/user103.json,idx_65
pinch,trainingSamples,raw_data/EMG-EPN612/testingJSON/user103/user103.json,idx_66
pinch,trainingSamples,raw_data/EMG-EPN612/testingJSON/user103/user103.json,idx_67
pinch,trainingSamples,raw_data/EMG-EPN612/testingJSON/user103/user103.json,idx_68
pinch,trainingSamples,raw_data/EMG-EPN612/testingJSON/user103/user103.json,idx_69
pinch,trainingSamples,raw_data/EMG-EPN612/testingJSON/user103/user103.json,idx_70
pinch,trainingSamples,raw_data/EMG-EPN612/testingJSON/user103/user103.json,idx_71
pinch,trainingSamples,raw_data/EMG-EPN612/testingJSON/user103/user103.json,idx_72
pinch,trainingSamples,raw_data/EMG-EPN612/testingJSON/user103/user103.json,idx_73
pinch,trainingSamples,raw_data/EMG-EPN612/testingJSON/user103/user103.json,idx_74
pinch,trainingSamples,raw_data/EMG-EPN612/testingJSON/user103/user103.json,idx_75
waveIn,trainingSamples,raw_data/EMG-EPN612/testingJSON/user103/user103.json,idx_76
waveIn,trainingSamples,raw_data/EMG-EPN612/testingJSON/user103/user103.json,idx_77
waveIn,trainingSamples,raw_data/EMG-EPN612/testingJSON/user103/user103.json,idx_78
waveIn,trainingSamples,raw_data/EMG-EPN612/testingJSON/user103/user103.json,idx_79
waveIn,trainingSamples,raw_data/EMG-EPN612/testingJSON/user103/user103.json,idx_80
waveIn,trainingSamples,raw_data/EMG-EPN612/testingJSON/user103/user103.json,idx_81
waveIn,trainingSamples,raw_data/EMG-EPN612/testingJSON/user103/user103.json,idx_82
waveIn,trainingSamples,raw_data/EMG-EPN612/testingJSON/user103/user103.json,idx_83
waveIn,trainingSamples,raw_data/EMG-EPN612/testingJSON/user103/user103.json,idx_84
waveIn,trainingSamples,raw_data/EMG-EPN612/testingJSON/user103/user103.json,idx_85
waveIn,trainingSamples,raw_data/EMG-EPN612/testingJSON/user103/user103.json,idx_86
waveIn,trainingSamples,raw_data/EMG-EPN612/testingJSON/user103/user103.json,idx_87
waveIn,trainingSamples,raw_data/EMG-EPN612/testingJSON/user103/user103.json,idx_88
waveIn,trainingSamples,raw_data/EMG-EPN612/testingJSON/user103/user103.json,idx_89
waveIn,trainingSamples,raw_data/EMG-EPN612/testingJSON/user103/user103.json,idx_90
waveIn,trainingSamples,raw_data/EMG-EPN612/testingJSON/user103/user103.json,idx_91
waveIn,trainingSamples,raw_data/EMG-EPN612/testingJSON/user103/user103.json,idx_92
waveIn,trainingSamples,raw_data/EMG-EPN612/testingJSON/user103/user103.json,idx_93
waveIn,trainingSamples,raw_data/EMG-EPN612/testingJSON/user103/user103.json,idx_94
waveIn,trainingSamples,raw_data/EMG-EPN612/testingJSON/user103/user103.json,idx_95
waveIn,trainingSamples,raw_data/EMG-EPN612/testingJSON/user103/user103.json,idx_96
waveIn,trainingSamples,raw_data/EMG-EPN612/testingJSON/user103/user103.json,idx_97
waveIn,trainingSamples,raw_data/EMG-EPN612/testingJSON/user103/user103.json,idx_98
waveIn,trainingSamples,raw_data/EMG-EPN612/testingJSON/user103/user103.json,idx_99
waveIn,trainingSamples,raw_data/EMG-EPN612/testingJSON/user103/user103.json,idx_100
waveOut,trainingSamples,raw_data/EMG-EPN612/testingJSON/user103/user103.json,idx_101
waveOut,trainingSamples,raw_data/EMG-EPN612/testingJSON/user103/user103.json,idx_102
waveOut,trainingSamples,raw_data/EMG-EPN612/testingJSON/user103/user103.json,idx_103
waveOut,trainingSamples,raw_data/EMG-EPN612/testingJSON/user103/user103.json,idx_104
waveOut,trainingSamples,raw_data/EMG-EPN612/testingJSON/user103/user103.json,idx_105
waveOut,trainingSamples,raw_data/EMG-EPN612/testingJSON/user103/user103.json,idx_106
waveOut,trainingSamples,raw_data/EMG-EPN612/testingJSON/user103/user103.json,idx_107
waveOut,trainingSamples,raw_data/EMG-EPN612/testingJSON/user103/user103.json,idx_108
waveOut,trainingSamples,raw_data/EMG-EPN612/testingJSON/user103/user103.json,idx_109
waveOut,trainingSamples,raw_data/EMG-EPN612/testingJSON/user103/user103.json,idx_110
waveOut,trainingSamples,raw_data/EMG-EPN612/testingJSON/user103/user103.json,idx_111
waveOut,trainingSamples,raw_data/EMG-EPN612/testingJSON/user103/user103.json,idx_112
waveOut,trainingSamples,raw_data/EMG-EPN612/testingJSON/user103/user103.json,idx_113
waveOut,trainingSamples,raw_data/EMG-EPN612/testingJSON/user103/user103.json,idx_114
waveOut,trainingSamples,raw_data/EMG-EPN612/testingJSON/user103/user103.json,idx_115
waveOut,trainingSamples,raw_data/EMG-EPN612/testingJSON/user103/user103.json,idx_116
waveOut,trainingSamples,raw_data/EMG-EPN612/testingJSON/user103/user103.json,idx_117
waveOut,trainingSamples,raw_data/EMG-EPN612/testingJSON/user103/user103.json,idx_118
waveOut,trainingSamples,raw_data/EMG-EPN612/testingJSON/user103/user103.json,idx_119
waveOut,trainingSamples,raw_data/EMG-EPN612/testingJSON/user103/user103.json,idx_120
waveOut,trainingSamples,raw_data/EMG-EPN612/testingJSON/user103/user103.json,idx_121
waveOut,trainingSamples,raw_data/EMG-EPN612/testingJSON/user103/user103.json,idx_122
waveOut,trainingSamples,raw_data/EMG-EPN612/testingJSON/user103/user103.json,idx_123
waveOut,trainingSamples,raw_data/EMG-EPN612/testingJSON/user103/user103.json,idx_124
waveOut,trainingSamples,raw_data/EMG-EPN612/testingJSON/user103/user103.json,idx_125
fist,trainingSamples,raw_data/EMG-EPN612/testingJSON/user103/user103.json,idx_126
fist,trainingSamples,raw_data/EMG-EPN612/testingJSON/user103/user103.json,idx_127
fist,trainingSamples,raw_data/EMG-EPN612/testingJSON/user103/user103.json,idx_128
fist,trainingSamples,raw_data/EMG-EPN612/testingJSON/user103/user103.json,idx_129
fist,trainingSamples,raw_data/EMG-EPN612/testingJSON/user103/user103.json,idx_130
fist,trainingSamples,raw_data/EMG-EPN612/testingJSON/user103/user103.json,idx_131
fist,trainingSamples,raw_data/EMG-EPN612/testingJSON/user103/user103.json,idx_132
fist,trainingSamples,raw_data/EMG-EPN612/testingJSON/user103/user103.json,idx_133
fist,trainingSamples,raw_data/EMG-EPN612/testingJSON/user103/user103.json,idx_134
fist,trainingSamples,raw_data/EMG-EPN612/testingJSON/user103/user103.json,idx_135
fist,trainingSamples,raw_data/EMG-EPN612/testingJSON/user103/user103.json,idx_136
fist,trainingSamples,raw_data/EMG-EPN612/testingJSON/user103/user103.json,idx_137
fist,trainingSamples,raw_data/EMG-EPN612/testingJSON/user103/user103.json,idx_138
fist,trainingSamples,raw_data/EMG-EPN612/testingJSON/user103/user103.json,idx_139
fist,trainingSamples,raw_data/EMG-EPN612/testingJSON/user103/user103.json,idx_140
fist,trainingSamples,raw_data/EMG-EPN612/testingJSON/user103/user103.json,idx_141
fist,trainingSamples,raw_data/EMG-EPN612/testingJSON/user103/user103.json,idx_142
fist,trainingSamples,raw_data/EMG-EPN612/testingJSON/user103/user103.json,idx_143
fist,trainingSamples,raw_data/EMG-EPN612/testingJSON/user103/user103.json,idx_144
fist,trainingSamples,raw_data/EMG-EPN612/testingJSON/user103/user103.json,idx_145
fist,trainingSamples,raw_data/EMG-EPN612/testingJSON/user103/user103.json,idx_146
fist,trainingSamples,raw_data/EMG-EPN612/testingJSON/user103/user103.json,idx_147
fist,trainingSamples,raw_data/EMG-EPN612/testingJSON/user103/user103.json,idx_148
fist,trainingSamples,raw_data/EMG-EPN612/testingJSON/user103/user103.json,idx_149
fist,trainingSamples,raw_data/EMG-EPN612/testingJSON/user103/user103.json,idx_150
noGesture,trainingSamples,raw_data/EMG-EPN612/testingJSON/user104/user104.json,idx_1
noGesture,trainingSamples,raw_data/EMG-EPN612/testingJSON/user104/user104.json,idx_2
noGesture,trainingSamples,raw_data/EMG-EPN612/testingJSON/user104/user104.json,idx_3
noGesture,trainingSamples,raw_data/EMG-EPN612/testingJSON/user104/user104.json,idx_4
noGesture,trainingSamples,raw_data/EMG-EPN612/testingJSON/user104/user104.json,idx_5
noGesture,trainingSamples,raw_data/EMG-EPN612/testingJSON/user104/user104.json,idx_6
noGesture,trainingSamples,raw_data/EMG-EPN612/testingJSON/user104/user104.json,idx_7
noGesture,trainingSamples,raw_data/EMG-EPN612/testingJSON/user104/user104.json,idx_8
noGesture,trainingSamples,raw_data/EMG-EPN612/testingJSON/user104/user104.json,idx_9
noGesture,trainingSamples,raw_data/EMG-EPN612/testingJSON/user104/user104.json,idx_10
noGesture,trainingSamples,raw_data/EMG-EPN612/testingJSON/user104/user104.json,idx_11
noGesture,trainingSamples,raw_data/EMG-EPN612/testingJSON/user104/user104.json,idx_12
noGesture,trainingSamples,raw_data/EMG-EPN612/testingJSON/user104/user104.json,idx_13
noGesture,trainingSamples,raw_data/EMG-EPN612/testingJSON/user104/user104.json,idx_14
noGesture,trainingSamples,raw_data/EMG-EPN612/testingJSON/user104/user104.json,idx_15
noGesture,trainingSamples,raw_data/EMG-EPN612/testingJSON/user104/user104.json,idx_16
noGesture,trainingSamples,raw_data/EMG-EPN612/testingJSON/user104/user104.json,idx_17
noGesture,trainingSamples,raw_data/EMG-EPN612/testingJSON/user104/user104.json,idx_18
noGesture,trainingSamples,raw_data/EMG-EPN612/testingJSON/user104/user104.json,idx_19
noGesture,trainingSamples,raw_data/EMG-EPN612/testingJSON/user104/user104.json,idx_20
noGesture,trainingSamples,raw_data/EMG-EPN612/testingJSON/user104/user104.json,idx_21
noGesture,trainingSamples,raw_data/EMG-EPN612/testingJSON/user104/user104.json,idx_22
noGesture,trainingSamples,raw_data/EMG-EPN612/testingJSON/user104/user104.json,idx_23
noGesture,trainingSamples,raw_data/EMG-EPN612/testingJSON/user104/user104.json,idx_24
noGesture,trainingSamples,raw_data/EMG-EPN612/testingJSON/user104/user104.json,idx_25
fist,trainingSamples,raw_data/EMG-EPN612/testingJSON/user104/user104.json,idx_26
fist,trainingSamples,raw_data/EMG-EPN612/testingJSON/user104/user104.json,idx_27
fist,trainingSamples,raw_data/EMG-EPN612/testingJSON/user104/user104.json,idx_28
fist,trainingSamples,raw_data/EMG-EPN612/testingJSON/user104/user104.json,idx_29
fist,trainingSamples,raw_data/EMG-EPN612/testingJSON/user104/user104.json,idx_30
fist,trainingSamples,raw_data/EMG-EPN612/testingJSON/user104/user104.json,idx_31
fist,trainingSamples,raw_data/EMG-EPN612/testingJSON/user104/user104.json,idx_32
fist,trainingSamples,raw_data/EMG-EPN612/testingJSON/user104/user104.json,idx_33
fist,trainingSamples,raw_data/EMG-EPN612/testingJSON/user104/user104.json,idx_34
fist,trainingSamples,raw_data/EMG-EPN612/testingJSON/user104/user104.json,idx_35
fist,trainingSamples,raw_data/EMG-EPN612/testingJSON/user104/user104.json,idx_36
fist,trainingSamples,raw_data/EMG-EPN612/testingJSON/user104/user104.json,idx_37
fist,trainingSamples,raw_data/EMG-EPN612/testingJSON/user104/user104.json,idx_38
fist,trainingSamples,raw_data/EMG-EPN612/testingJSON/user104/user104.json,idx_39
fist,trainingSamples,raw_data/EMG-EPN612/testingJSON/user104/user104.json,idx_40
fist,trainingSamples,raw_data/EMG-EPN612/testingJSON/user104/user104.json,idx_41
fist,trainingSamples,raw_data/EMG-EPN612/testingJSON/user104/user104.json,idx_42
fist,trainingSamples,raw_data/EMG-EPN612/testingJSON/user104/user104.json,idx_43
fist,trainingSamples,raw_data/EMG-EPN612/testingJSON/user104/user104.json,idx_44
fist,trainingSamples,raw_data/EMG-EPN612/testingJSON/user104/user104.json,idx_45
fist,trainingSamples,raw_data/EMG-EPN612/testingJSON/user104/user104.json,idx_46
fist,trainingSamples,raw_data/EMG-EPN612/testingJSON/user104/user104.json,idx_47
fist,trainingSamples,raw_data/EMG-EPN612/testingJSON/user104/user104.json,idx_48
fist,trainingSamples,raw_data/EMG-EPN612/testingJSON/user104/user104.json,idx_49
fist,trainingSamples,raw_data/EMG-EPN612/testingJSON/user104/user104.json,idx_50
waveIn,trainingSamples,raw_data/EMG-EPN612/testingJSON/user104/user104.json,idx_51
waveIn,trainingSamples,raw_data/EMG-EPN612/testingJSON/user104/user104.json,idx_52
waveIn,trainingSamples,raw_data/EMG-EPN612/testingJSON/user104/user104.json,idx_53
waveIn,trainingSamples,raw_data/EMG-EPN612/testingJSON/user104/user104.json,idx_54
waveIn,trainingSamples,raw_data/EMG-EPN612/testingJSON/user104/user104.json,idx_55
waveIn,trainingSamples,raw_data/EMG-EPN612/testingJSON/user104/user104.json,idx_56
waveIn,trainingSamples,raw_data/EMG-EPN612/testingJSON/user104/user104.json,idx_57
waveIn,trainingSamples,raw_data/EMG-EPN612/testingJSON/user104/user104.json,idx_58
waveIn,trainingSamples,raw_data/EMG-EPN612/testingJSON/user104/user104.json,idx_59
waveIn,trainingSamples,raw_data/EMG-EPN612/testingJSON/user104/user104.json,idx_60
waveIn,trainingSamples,raw_data/EMG-EPN612/testingJSON/user104/user104.json,idx_61
waveIn,trainingSamples,raw_data/EMG-EPN612/testingJSON/user104/user104.json,idx_62
waveIn,trainingSamples,raw_data/EMG-EPN612/testingJSON/user104/user104.json,idx_63
waveIn,trainingSamples,raw_data/EMG-EPN612/testingJSON/user104/user104.json,idx_64
waveIn,trainingSamples,raw_data/EMG-EPN612/testingJSON/user104/user104.json,idx_65
waveIn,trainingSamples,raw_data/EMG-EPN612/testingJSON/user104/user104.json,idx_66
waveIn,trainingSamples,raw_data/EMG-EPN612/testingJSON/user104/user104.json,idx_67
waveIn,trainingSamples,raw_data/EMG-EPN612/testingJSON/user104/user104.json,idx_68
waveIn,trainingSamples,raw_data/EMG-EPN612/testingJSON/user104/user104.json,idx_69
waveIn,trainingSamples,raw_data/EMG-EPN612/testingJSON/user104/user104.json,idx_70
waveIn,trainingSamples,raw_data/EMG-EPN612/testingJSON/user104/user104.json,idx_71
waveIn,trainingSamples,raw_data/EMG-EPN612/testingJSON/user104/user104.json,idx_72
waveIn,trainingSamples,raw_data/EMG-EPN612/testingJSON/user104/user104.json,idx_73
waveIn,trainingSamples,raw_data/EMG-EPN612/testingJSON/user104/user104.json,idx_74
waveIn,trainingSamples,raw_data/EMG-EPN612/testingJSON/user104/user104.json,idx_75
pinch,trainingSamples,raw_data/EMG-EPN612/testingJSON/user104/user104.json,idx_76
pinch,trainingSamples,raw_data/EMG-EPN612/testingJSON/user104/user104.json,idx_77
pinch,trainingSamples,raw_data/EMG-EPN612/testingJSON/user104/user104.json,idx_78
pinch,trainingSamples,raw_data/EMG-EPN612/testingJSON/user104/user104.json,idx_79
pinch,trainingSamples,raw_data/EMG-EPN612/testingJSON/user104/user104.json,idx_80
pinch,trainingSamples,raw_data/EMG-EPN612/testingJSON/user104/user104.json,idx_81
pinch,trainingSamples,raw_data/EMG-EPN612/testingJSON/user104/user104.json,idx_82
pinch,trainingSamples,raw_data/EMG-EPN612/testingJSON/user104/user104.json,idx_83
pinch,trainingSamples,raw_data/EMG-EPN612/testingJSON/user104/user104.json,idx_84
pinch,trainingSamples,raw_data/EMG-EPN612/testingJSON/user104/user104.json,idx_85
pinch,trainingSamples,raw_data/EMG-EPN612/testingJSON/user104/user104.json,idx_86
pinch,trainingSamples,raw_data/EMG-EPN612/testingJSON/user104/user104.json,idx_87
pinch,trainingSamples,raw_data/EMG-EPN612/testingJSON/user104/user104.json,idx_88
pinch,trainingSamples,raw_data/EMG-EPN612/testingJSON/user104/user104.json,idx_89
pinch,trainingSamples,raw_data/EMG-EPN612/testingJSON/user104/user104.json,idx_90
pinch,trainingSamples,raw_data/EMG-EPN612/testingJSON/user104/user104.json,idx_91
pinch,trainingSamples,raw_data/EMG-EPN612/testingJSON/user104/user104.json,idx_92
pinch,trainingSamples,raw_data/EMG-EPN612/testingJSON/user104/user104.json,idx_93
pinch,trainingSamples,raw_data/EMG-EPN612/testingJSON/user104/user104.json,idx_94
pinch,trainingSamples,raw_data/EMG-EPN612/testingJSON/user104/user104.json,idx_95
pinch,trainingSamples,raw_data/EMG-EPN612/testingJSON/user104/user104.json,idx_96
pinch,trainingSamples,raw_data/EMG-EPN612/testingJSON/user104/user104.json,idx_97
pinch,trainingSamples,raw_data/EMG-EPN612/testingJSON/user104/user104.json,idx_98
pinch,trainingSamples,raw_data/EMG-EPN612/testingJSON/user104/user104.json,idx_99
pinch,trainingSamples,raw_data/EMG-EPN612/testingJSON/user104/user104.json,idx_100
open,trainingSamples,raw_data/EMG-EPN612/testingJSON/user104/user104.json,idx_101
open,trainingSamples,raw_data/EMG-EPN612/testingJSON/user104/user104.json,idx_102
open,trainingSamples,raw_data/EMG-EPN612/testingJSON/user104/user104.json,idx_103
open,trainingSamples,raw_data/EMG-EPN612/testingJSON/user104/user104.json,idx_104
open,trainingSamples,raw_data/EMG-EPN612/testingJSON/user104/user104.json,idx_105
open,trainingSamples,raw_data/EMG-EPN612/testingJSON/user104/user104.json,idx_106
open,trainingSamples,raw_data/EMG-EPN612/testingJSON/user104/user104.json,idx_107
open,trainingSamples,raw_data/EMG-EPN612/testingJSON/user104/user104.json,idx_108
open,trainingSamples,raw_data/EMG-EPN612/testingJSON/user104/user104.json,idx_109
open,trainingSamples,raw_data/EMG-EPN612/testingJSON/user104/user104.json,idx_110
open,trainingSamples,raw_data/EMG-EPN612/testingJSON/user104/user104.json,idx_111
open,trainingSamples,raw_data/EMG-EPN612/testingJSON/user104/user104.json,idx_112
open,trainingSamples,raw_data/EMG-EPN612/testingJSON/user104/user104.json,idx_113
open,trainingSamples,raw_data/EMG-EPN612/testingJSON/user104/user104.json,idx_114
open,trainingSamples,raw_data/EMG-EPN612/testingJSON/user104/user104.json,idx_115
open,trainingSamples,raw_data/EMG-EPN612/testingJSON/user104/user104.json,idx_116
open,trainingSamples,raw_data/EMG-EPN612/testingJSON/user104/user104.json,idx_117
open,trainingSamples,raw_data/EMG-EPN612/testingJSON/user104/user104.json,idx_118
open,trainingSamples,raw_data/EMG-EPN612/testingJSON/user104/user104.json,idx_119
open,trainingSamples,raw_data/EMG-EPN612/testingJSON/user104/user104.json,idx_120
open,trainingSamples,raw_data/EMG-EPN612/testingJSON/user104/user104.json,idx_121
open,trainingSamples,raw_data/EMG-EPN612/testingJSON/user104/user104.json,idx_122
open,trainingSamples,raw_data/EMG-EPN612/testingJSON/user104/user104.json,idx_123
open,trainingSamples,raw_data/EMG-EPN612/testingJSON/user104/user104.json,idx_124
open,trainingSamples,raw_data/EMG-EPN612/testingJSON/user104/user104.json,idx_125
waveOut,trainingSamples,raw_data/EMG-EPN612/testingJSON/user104/user104.json,idx_126
waveOut,trainingSamples,raw_data/EMG-EPN612/testingJSON/user104/user104.json,idx_127
waveOut,trainingSamples,raw_data/EMG-EPN612/testingJSON/user104/user104.json,idx_128
waveOut,trainingSamples,raw_data/EMG-EPN612/testingJSON/user104/user104.json,idx_129
waveOut,trainingSamples,raw_data/EMG-EPN612/testingJSON/user104/user104.json,idx_130
waveOut,trainingSamples,raw_data/EMG-EPN612/testingJSON/user104/user104.json,idx_131
waveOut,trainingSamples,raw_data/EMG-EPN612/testingJSON/user104/user104.json,idx_132
waveOut,trainingSamples,raw_data/EMG-EPN612/testingJSON/user104/user104.json,idx_133
waveOut,trainingSamples,raw_data/EMG-EPN612/testingJSON/user104/user104.json,idx_134
waveOut,trainingSamples,raw_data/EMG-EPN612/testingJSON/user104/user104.json,idx_135
waveOut,trainingSamples,raw_data/EMG-EPN612/testingJSON/user104/user104.json,idx_136
waveOut,trainingSamples,raw_data/EMG-EPN612/testingJSON/user104/user104.json,idx_137
waveOut,trainingSamples,raw_data/EMG-EPN612/testingJSON/user104/user104.json,idx_138
waveOut,trainingSamples,raw_data/EMG-EPN612/testingJSON/user104/user104.json,idx_139
waveOut,trainingSamples,raw_data/EMG-EPN612/testingJSON/user104/user104.json,idx_140
waveOut,trainingSamples,raw_data/EMG-EPN612/testingJSON/user104/user104.json,idx_141
waveOut,trainingSamples,raw_data/EMG-EPN612/testingJSON/user104/user104.json,idx_142
waveOut,trainingSamples,raw_data/EMG-EPN612/testingJSON/user104/user104.json,idx_143
waveOut,trainingSamples,raw_data/EMG-EPN612/testingJSON/user104/user104.json,idx_144
waveOut,trainingSamples,raw_data/EMG-EPN612/testingJSON/user104/user104.json,idx_145
waveOut,trainingSamples,raw_data/EMG-EPN612/testingJSON/user104/user104.json,idx_146
waveOut,trainingSamples,raw_data/EMG-EPN612/testingJSON/user104/user104.json,idx_147
waveOut,trainingSamples,raw_data/EMG-EPN612/testingJSON/user104/user104.json,idx_148
waveOut,trainingSamples,raw_data/EMG-EPN612/testingJSON/user104/user104.json,idx_149
waveOut,trainingSamples,raw_data/EMG-EPN612/testingJSON/user104/user104.json,idx_150
noGesture,trainingSamples,raw_data/EMG-EPN612/testingJSON/user105/user105.json,idx_1
noGesture,trainingSamples,raw_data/EMG-EPN612/testingJSON/user105/user105.json,idx_2
noGesture,trainingSamples,raw_data/EMG-EPN612/testingJSON/user105/user105.json,idx_3
noGesture,trainingSamples,raw_data/EMG-EPN612/testingJSON/user105/user105.json,idx_4
noGesture,trainingSamples,raw_data/EMG-EPN612/testingJSON/user105/user105.json,idx_5
noGesture,trainingSamples,raw_data/EMG-EPN612/testingJSON/user105/user105.json,idx_6
noGesture,trainingSamples,raw_data/EMG-EPN612/testingJSON/user105/user105.json,idx_7
noGesture,trainingSamples,raw_data/EMG-EPN612/testingJSON/user105/user105.json,idx_8
noGesture,trainingSamples,raw_data/EMG-EPN612/testingJSON/user105/user105.json,idx_9
noGesture,trainingSamples,raw_data/EMG-EPN612/testingJSON/user105/user105.json,idx_10
noGesture,trainingSamples,raw_data/EMG-EPN612/testingJSON/user105/user105.json,idx_11
noGesture,trainingSamples,raw_data/EMG-EPN612/testingJSON/user105/user105.json,idx_12
noGesture,trainingSamples,raw_data/EMG-EPN612/testingJSON/user105/user105.json,idx_13
noGesture,trainingSamples,raw_data/EMG-EPN612/testingJSON/user105/user105.json,idx_14
noGesture,trainingSamples,raw_data/EMG-EPN612/testingJSON/user105/user105.json,idx_15
noGesture,trainingSamples,raw_data/EMG-EPN612/testingJSON/user105/user105.json,idx_16
noGesture,trainingSamples,raw_data/EMG-EPN612/testingJSON/user105/user105.json,idx_17
noGesture,trainingSamples,raw_data/EMG-EPN612/testingJSON/user105/user105.json,idx_18
noGesture,trainingSamples,raw_data/EMG-EPN612/testingJSON/user105/user105.json,idx_19
noGesture,trainingSamples,raw_data/EMG-EPN612/testingJSON/user105/user105.json,idx_20
noGesture,trainingSamples,raw_data/EMG-EPN612/testingJSON/user105/user105.json,idx_21
noGesture,trainingSamples,raw_data/EMG-EPN612/testingJSON/user105/user105.json,idx_22
noGesture,trainingSamples,raw_data/EMG-EPN612/testingJSON/user105/user105.json,idx_23
noGesture,trainingSamples,raw_data/EMG-EPN612/testingJSON/user105/user105.json,idx_24
noGesture,trainingSamples,raw_data/EMG-EPN612/testingJSON/user105/user105.json,idx_25
waveOut,trainingSamples,raw_data/EMG-EPN612/testingJSON/user105/user105.json,idx_26
waveOut,trainingSamples,raw_data/EMG-EPN612/testingJSON/user105/user105.json,idx_27
waveOut,trainingSamples,raw_data/EMG-EPN612/testingJSON/user105/user105.json,idx_28
waveOut,trainingSamples,raw_data/EMG-EPN612/testingJSON/user105/user105.json,idx_29
waveOut,trainingSamples,raw_data/EMG-EPN612/testingJSON/user105/user105.json,idx_30
waveOut,trainingSamples,raw_data/EMG-EPN612/testingJSON/user105/user105.json,idx_31
waveOut,trainingSamples,raw_data/EMG-EPN612/testingJSON/user105/user105.json,idx_32
waveOut,trainingSamples,raw_data/EMG-EPN612/testingJSON/user105/user105.json,idx_33
waveOut,trainingSamples,raw_data/EMG-EPN612/testingJSON/user105/user105.json,idx_34
waveOut,trainingSamples,raw_data/EMG-EPN612/testingJSON/user105/user105.json,idx_35
waveOut,trainingSamples,raw_data/EMG-EPN612/testingJSON/user105/user105.json,idx_36
waveOut,trainingSamples,raw_data/EMG-EPN612/testingJSON/user105/user105.json,idx_37
waveOut,trainingSamples,raw_data/EMG-EPN612/testingJSON/user105/user105.json,idx_38
waveOut,trainingSamples,raw_data/EMG-EPN612/testingJSON/user105/user105.json,idx_39
waveOut,trainingSamples,raw_data/EMG-EPN612/testingJSON/user105/user105.json,idx_40
waveOut,trainingSamples,raw_data/EMG-EPN612/testingJSON/user105/user105.json,idx_41
waveOut,trainingSamples,raw_data/EMG-EPN612/testingJSON/user105/user105.json,idx_42
waveOut,trainingSamples,raw_data/EMG-EPN612/testingJSON/user105/user105.json,idx_43
waveOut,trainingSamples,raw_data/EMG-EPN612/testingJSON/user105/user105.json,idx_44
waveOut,trainingSamples,raw_data/EMG-EPN612/testingJSON/user105/user105.json,idx_45
waveOut,trainingSamples,raw_data/EMG-EPN612/testingJSON/user105/user105.json,idx_46
waveOut,trainingSamples,raw_data/EMG-EPN612/testingJSON/user105/user105.json,idx_47
waveOut,trainingSamples,raw_data/EMG-EPN612/testingJSON/user105/user105.json,idx_48
waveOut,trainingSamples,raw_data/EMG-EPN612/testingJSON/user105/user105.json,idx_49
waveOut,trainingSamples,raw_data/EMG-EPN612/testingJSON/user105/user105.json,idx_50
pinch,trainingSamples,raw_data/EMG-EPN612/testingJSON/user105/user105.json,idx_51
pinch,trainingSamples,raw_data/EMG-EPN612/testingJSON/user105/user105.json,idx_52
pinch,trainingSamples,raw_data/EMG-EPN612/testingJSON/user105/user105.json,idx_53
pinch,trainingSamples,raw_data/EMG-EPN612/testingJSON/user105/user105.json,idx_54
pinch,trainingSamples,raw_data/EMG-EPN612/testingJSON/user105/user105.json,idx_55
pinch,trainingSamples,raw_data/EMG-EPN612/testingJSON/user105/user105.json,idx_56
pinch,trainingSamples,raw_data/EMG-EPN612/testingJSON/user105/user105.json,idx_57
pinch,trainingSamples,raw_data/EMG-EPN612/testingJSON/user105/user105.json,idx_58
pinch,trainingSamples,raw_data/EMG-EPN612/testingJSON/user105/user105.json,idx_59
pinch,trainingSamples,raw_data/EMG-EPN612/testingJSON/user105/user105.json,idx_60
pinch,trainingSamples,raw_data/EMG-EPN612/testingJSON/user105/user105.json,idx_61
pinch,trainingSamples,raw_data/EMG-EPN612/testingJSON/user105/user105.json,idx_62
pinch,trainingSamples,raw_data/EMG-EPN612/testingJSON/user105/user105.json,idx_63
pinch,trainingSamples,raw_data/EMG-EPN612/testingJSON/user105/user105.json,idx_64
pinch,trainingSamples,raw_data/EMG-EPN612/testingJSON/user105/user105.json,idx_65
pinch,trainingSamples,raw_data/EMG-EPN612/testingJSON/user105/user105.json,idx_66
pinch,trainingSamples,raw_data/EMG-EPN612/testingJSON/user105/user105.json,idx_67
pinch,trainingSamples,raw_data/EMG-EPN612/testingJSON/user105/user105.json,idx_68
pinch,trainingSamples,raw_data/EMG-EPN612/testingJSON/user105/user105.json,idx_69
pinch,trainingSamples,raw_data/EMG-EPN612/testingJSON/user105/user105.json,idx_70
pinch,trainingSamples,raw_data/EMG-EPN612/testingJSON/user105/user105.json,idx_71
pinch,trainingSamples,raw_data/EMG-EPN612/testingJSON/user105/user105.json,idx_72
pinch,trainingSamples,raw_data/EMG-EPN612/testingJSON/user105/user105.json,idx_73
pinch,trainingSamples,raw_data/EMG-EPN612/testingJSON/user105/user105.json,idx_74
pinch,trainingSamples,raw_data/EMG-EPN612/testingJSON/user105/user105.json,idx_75
fist,trainingSamples,raw_data/EMG-EPN612/testingJSON/user105/user105.json,idx_76
fist,trainingSamples,raw_data/EMG-EPN612/testingJSON/user105/user105.json,idx_77
fist,trainingSamples,raw_data/EMG-EPN612/testingJSON/user105/user105.json,idx_78
fist,trainingSamples,raw_data/EMG-EPN612/testingJSON/user105/user105.json,idx_79
fist,trainingSamples,raw_data/EMG-EPN612/testingJSON/user105/user105.json,idx_80
fist,trainingSamples,raw_data/EMG-EPN612/testingJSON/user105/user105.json,idx_81
fist,trainingSamples,raw_data/EMG-EPN612/testingJSON/user105/user105.json,idx_82
fist,trainingSamples,raw_data/EMG-EPN612/testingJSON/user105/user105.json,idx_83
fist,trainingSamples,raw_data/EMG-EPN612/testingJSON/user105/user105.json,idx_84
fist,trainingSamples,raw_data/EMG-EPN612/testingJSON/user105/user105.json,idx_85
fist,trainingSamples,raw_data/EMG-EPN612/testingJSON/user105/user105.json,idx_86
fist,trainingSamples,raw_data/EMG-EPN612/testingJSON/user105/user105.json,idx_87
fist,trainingSamples,raw_data/EMG-EPN612/testingJSON/user105/user105.json,idx_88
fist,trainingSamples,raw_data/EMG-EPN612/testingJSON/user105/user105.json,idx_89
fist,trainingSamples,raw_data/EMG-EPN612/testingJSON/user105/user105.json,idx_90
fist,trainingSamples,raw_data/EMG-EPN612/testingJSON/user105/user105.json,idx_91
fist,trainingSamples,raw_data/EMG-EPN612/testingJSON/user105/user105.json,idx_92
fist,trainingSamples,raw_data/EMG-EPN612/testingJSON/user105/user105.json,idx_93
fist,trainingSamples,raw_data/EMG-EPN612/testingJSON/user105/user105.json,idx_94
fist,trainingSamples,raw_data/EMG-EPN612/testingJSON/user105/user105.json,idx_95
fist,trainingSamples,raw_data/EMG-EPN612/testingJSON/user105/user105.json,idx_96
fist,trainingSamples,raw_data/EMG-EPN612/testingJSON/user105/user105.json,idx_97
fist,trainingSamples,raw_data/EMG-EPN612/testingJSON/user105/user105.json,idx_98
fist,trainingSamples,raw_data/EMG-EPN612/testingJSON/user105/user105.json,idx_99
fist,trainingSamples,raw_data/EMG-EPN612/testingJSON/user105/user105.json,idx_100
waveIn,trainingSamples,raw_data/EMG-EPN612/testingJSON/user105/user105.json,idx_101
waveIn,trainingSamples,raw_data/EMG-EPN612/testingJSON/user105/user105.json,idx_102
waveIn,trainingSamples,raw_data/EMG-EPN612/testingJSON/user105/user105.json,idx_103
waveIn,trainingSamples,raw_data/EMG-EPN612/testingJSON/user105/user105.json,idx_104
waveIn,trainingSamples,raw_data/EMG-EPN612/testingJSON/user105/user105.json,idx_105
waveIn,trainingSamples,raw_data/EMG-EPN612/testingJSON/user105/user105.json,idx_106
waveIn,trainingSamples,raw_data/EMG-EPN612/testingJSON/user105/user105.json,idx_107
waveIn,trainingSamples,raw_data/EMG-EPN612/testingJSON/user105/user105.json,idx_108
waveIn,trainingSamples,raw_data/EMG-EPN612/testingJSON/user105/user105.json,idx_109
waveIn,trainingSamples,raw_data/EMG-EPN612/testingJSON/user105/user105.json,idx_110
waveIn,trainingSamples,raw_data/EMG-EPN612/testingJSON/user105/user105.json,idx_111
waveIn,trainingSamples,raw_data/EMG-EPN612/testingJSON/user105/user105.json,idx_112
waveIn,trainingSamples,raw_data/EMG-EPN612/testingJSON/user105/user105.json,idx_113
waveIn,trainingSamples,raw_data/EMG-EPN612/testingJSON/user105/user105.json,idx_114
waveIn,trainingSamples,raw_data/EMG-EPN612/testingJSON/user105/user105.json,idx_115
waveIn,trainingSamples,raw_data/EMG-EPN612/testingJSON/user105/user105.json,idx_116
waveIn,trainingSamples,raw_data/EMG-EPN612/testingJSON/user105/user105.json,idx_117
waveIn,trainingSamples,raw_data/EMG-EPN612/testingJSON/user105/user105.json,idx_118
waveIn,trainingSamples,raw_data/EMG-EPN612/testingJSON/user105/user105.json,idx_119
waveIn,trainingSamples,raw_data/EMG-EPN612/testingJSON/user105/user105.json,idx_120
waveIn,trainingSamples,raw_data/EMG-EPN612/testingJSON/user105/user105.json,idx_121
waveIn,trainingSamples,raw_data/EMG-EPN612/testingJSON/user105/user105.json,idx_122
waveIn,trainingSamples,raw_data/EMG-EPN612/testingJSON/user105/user105.json,idx_123
waveIn,trainingSamples,raw_data/EMG-EPN612/testingJSON/user105/user105.json,idx_124
waveIn,trainingSamples,raw_data/EMG-EPN612/testingJSON/user105/user105.json,idx_125
open,trainingSamples,raw_data/EMG-EPN612/testingJSON/user105/user105.json,idx_126
open,trainingSamples,raw_data/EMG-EPN612/testingJSON/user105/user105.json,idx_127
open,trainingSamples,raw_data/EMG-EPN612/testingJSON/user105/user105.json,idx_128
open,trainingSamples,raw_data/EMG-EPN612/testingJSON/user105/user105.json,idx_129
open,trainingSamples,raw_data/EMG-EPN612/testingJSON/user105/user105.json,idx_130
open,trainingSamples,raw_data/EMG-EPN612/testingJSON/user105/user105.json,idx_131
open,trainingSamples,raw_data/EMG-EPN612/testingJSON/user105/user105.json,idx_132
open,trainingSamples,raw_data/EMG-EPN612/testingJSON/user105/user105.json,idx_133
open,trainingSamples,raw_data/EMG-EPN612/testingJSON/user105/user105.json,idx_134
open,trainingSamples,raw_data/EMG-EPN612/testingJSON/user105/user105.json,idx_135
open,trainingSamples,raw_data/EMG-EPN612/testingJSON/user105/user105.json,idx_136
open,trainingSamples,raw_data/EMG-EPN612/testingJSON/user105/user105.json,idx_137
open,trainingSamples,raw_data/EMG-EPN612/testingJSON/user105/user105.json,idx_138
open,trainingSamples,raw_data/EMG-EPN612/testingJSON/user105/user105.json,idx_139
open,trainingSamples,raw_data/EMG-EPN612/testingJSON/user105/user105.json,idx_140
open,trainingSamples,raw_data/EMG-EPN612/testingJSON/user105/user105.json,idx_141
open,trainingSamples,raw_data/EMG-EPN612/testingJSON/user105/user105.json,idx_142
open,trainingSamples,raw_data/EMG-EPN612/testingJSON/user105/user105.json,idx_143
open,trainingSamples,raw_data/EMG-EPN612/testingJSON/user105/user105.json,idx_144
open,trainingSamples,raw_data/EMG-EPN612/testingJSON/user105/user105.json,idx_145
open,trainingSamples,raw_data/EMG-EPN612/testingJSON/user105/user105.json,idx_146
open,trainingSamples,raw_data/EMG-EPN612/testingJSON/user105/user105.json,idx_147
open,trainingSamples,raw_data/EMG-EPN612/testingJSON/user105/user105.json,idx_148
open,trainingSamples,raw_data/EMG-EPN612/testingJSON/user105/user105.json,idx_149
open,trainingSamples,raw_data/EMG-EPN612/testingJSON/user105/user105.json,idx_150
noGesture,trainingSamples,raw_data/EMG-EPN612/testingJSON/user106/user106.json,idx_1
noGesture,trainingSamples,raw_data/EMG-EPN612/testingJSON/user106/user106.json,idx_2
noGesture,trainingSamples,raw_data/EMG-EPN612/testingJSON/user106/user106.json,idx_3
noGesture,trainingSamples,raw_data/EMG-EPN612/testingJSON/user106/user106.json,idx_4
noGesture,trainingSamples,raw_data/EMG-EPN612/testingJSON/user106/user106.json,idx_5
noGesture,trainingSamples,raw_data/EMG-EPN612/testingJSON/user106/user106.json,idx_6
noGesture,trainingSamples,raw_data/EMG-EPN612/testingJSON/user106/user106.json,idx_7
noGesture,trainingSamples,raw_data/EMG-EPN612/testingJSON/user106/user106.json,idx_8
noGesture,trainingSamples,raw_data/EMG-EPN612/testingJSON/user106/user106.json,idx_9
noGesture,trainingSamples,raw_data/EMG-EPN612/testingJSON/user106/user106.json,idx_10
noGesture,trainingSamples,raw_data/EMG-EPN612/testingJSON/user106/user106.json,idx_11
noGesture,trainingSamples,raw_data/EMG-EPN612/testingJSON/user106/user106.json,idx_12
noGesture,trainingSamples,raw_data/EMG-EPN612/testingJSON/user106/user106.json,idx_13
noGesture,trainingSamples,raw_data/EMG-EPN612/testingJSON/user106/user106.json,idx_14
noGesture,trainingSamples,raw_data/EMG-EPN612/testingJSON/user106/user106.json,idx_15
noGesture,trainingSamples,raw_data/EMG-EPN612/testingJSON/user106/user106.json,idx_16
noGesture,trainingSamples,raw_data/EMG-EPN612/testingJSON/user106/user106.json,idx_17
noGesture,trainingSamples,raw_data/EMG-EPN612/testingJSON/user106/user106.json,idx_18
noGesture,trainingSamples,raw_data/EMG-EPN612/testingJSON/user106/user106.json,idx_19
noGesture,trainingSamples,raw_data/EMG-EPN612/testingJSON/user106/user106.json,idx_20
noGesture,trainingSamples,raw_data/EMG-EPN612/testingJSON/user106/user106.json,idx_21
noGesture,trainingSamples,raw_data/EMG-EPN612/testingJSON/user106/user106.json,idx_22
noGesture,trainingSamples,raw_data/EMG-EPN612/testingJSON/user106/user106.json,idx_23
noGesture,trainingSamples,raw_data/EMG-EPN612/testingJSON/user106/user106.json,idx_24
noGesture,trainingSamples,raw_data/EMG-EPN612/testingJSON/user106/user106.json,idx_25
waveOut,trainingSamples,raw_data/EMG-EPN612/testingJSON/user106/user106.json,idx_26
waveOut,trainingSamples,raw_data/EMG-EPN612/testingJSON/user106/user106.json,idx_27
waveOut,trainingSamples,raw_data/EMG-EPN612/testingJSON/user106/user106.json,idx_28
waveOut,trainingSamples,raw_data/EMG-EPN612/testingJSON/user106/user106.json,idx_29
waveOut,trainingSamples,raw_data/EMG-EPN612/testingJSON/user106/user106.json,idx_30
waveOut,trainingSamples,raw_data/EMG-EPN612/testingJSON/user106/user106.json,idx_31
waveOut,trainingSamples,raw_data/EMG-EPN612/testingJSON/user106/user106.json,idx_32
waveOut,trainingSamples,raw_data/EMG-EPN612/testingJSON/user106/user106.json,idx_33
waveOut,trainingSamples,raw_data/EMG-EPN612/testingJSON/user106/user106.json,idx_34
waveOut,trainingSamples,raw_data/EMG-EPN612/testingJSON/user106/user106.json,idx_35
waveOut,trainingSamples,raw_data/EMG-EPN612/testingJSON/user106/user106.json,idx_36
waveOut,trainingSamples,raw_data/EMG-EPN612/testingJSON/user106/user106.json,idx_37
waveOut,trainingSamples,raw_data/EMG-EPN612/testingJSON/user106/user106.json,idx_38
waveOut,trainingSamples,raw_data/EMG-EPN612/testingJSON/user106/user106.json,idx_39
waveOut,trainingSamples,raw_data/EMG-EPN612/testingJSON/user106/user106.json,idx_40
waveOut,trainingSamples,raw_data/EMG-EPN612/testingJSON/user106/user106.json,idx_41
waveOut,trainingSamples,raw_data/EMG-EPN612/testingJSON/user106/user106.json,idx_42
waveOut,trainingSamples,raw_data/EMG-EPN612/testingJSON/user106/user106.json,idx_43
waveOut,trainingSamples,raw_data/EMG-EPN612/testingJSON/user106/user106.json,idx_44
waveOut,trainingSamples,raw_data/EMG-EPN612/testingJSON/user106/user106.json,idx_45
waveOut,trainingSamples,raw_data/EMG-EPN612/testingJSON/user106/user106.json,idx_46
waveOut,trainingSamples,raw_data/EMG-EPN612/testingJSON/user106/user106.json,idx_47
waveOut,trainingSamples,raw_data/EMG-EPN612/testingJSON/user106/user106.json,idx_48
waveOut,trainingSamples,raw_data/EMG-EPN612/testingJSON/user106/user106.json,idx_49
waveOut,trainingSamples,raw_data/EMG-EPN612/testingJSON/user106/user106.json,idx_50
pinch,trainingSamples,raw_data/EMG-EPN612/testingJSON/user106/user106.json,idx_51
pinch,trainingSamples,raw_data/EMG-EPN612/testingJSON/user106/user106.json,idx_52
pinch,trainingSamples,raw_data/EMG-EPN612/testingJSON/user106/user106.json,idx_53
pinch,trainingSamples,raw_data/EMG-EPN612/testingJSON/user106/user106.json,idx_54
pinch,trainingSamples,raw_data/EMG-EPN612/testingJSON/user106/user106.json,idx_55
pinch,trainingSamples,raw_data/EMG-EPN612/testingJSON/user106/user106.json,idx_56
pinch,trainingSamples,raw_data/EMG-EPN612/testingJSON/user106/user106.json,idx_57
pinch,trainingSamples,raw_data/EMG-EPN612/testingJSON/user106/user106.json,idx_58
pinch,trainingSamples,raw_data/EMG-EPN612/testingJSON/user106/user106.json,idx_59
pinch,trainingSamples,raw_data/EMG-EPN612/testingJSON/user106/user106.json,idx_60
pinch,trainingSamples,raw_data/EMG-EPN612/testingJSON/user106/user106.json,idx_61
pinch,trainingSamples,raw_data/EMG-EPN612/testingJSON/user106/user106.json,idx_62
pinch,trainingSamples,raw_data/EMG-EPN612/testingJSON/user106/user106.json,idx_63
pinch,trainingSamples,raw_data/EMG-EPN612/testingJSON/user106/user106.json,idx_64
pinch,trainingSamples,raw_data/EMG-EPN612/testingJSON/user106/user106.json,idx_65
pinch,trainingSamples,raw_data/EMG-EPN612/testingJSON/user106/user106.json,idx_66
pinch,trainingSamples,raw_data/EMG-EPN612/testingJSON/user106/user106.json,idx_67
pinch,trainingSamples,raw_data/EMG-EPN612/testingJSON/user106/user106.json,idx_68
pinch,trainingSamples,raw_data/EMG-EPN612/testingJSON/user106/user106.json,idx_69
pinch,trainingSamples,raw_data/EMG-EPN612/testingJSON/user106/user106.json,idx_70
pinch,trainingSamples,raw_data/EMG-EPN612/testingJSON/user106/user106.json,idx_71
pinch,trainingSamples,raw_data/EMG-EPN612/testingJSON/user106/user106.json,idx_72
pinch,trainingSamples,raw_data/EMG-EPN612/testingJSON/user106/user106.json,idx_73
pinch,trainingSamples,raw_data/EMG-EPN612/testingJSON/user106/user106.json,idx_74
pinch,trainingSamples,raw_data/EMG-EPN612/testingJSON/user106/user106.json,idx_75
fist,trainingSamples,raw_data/EMG-EPN612/testingJSON/user106/user106.json,idx_76
fist,trainingSamples,raw_data/EMG-EPN612/testingJSON/user106/user106.json,idx_77
fist,trainingSamples,raw_data/EMG-EPN612/testingJSON/user106/user106.json,idx_78
fist,trainingSamples,raw_data/EMG-EPN612/testingJSON/user106/user106.json,idx_79
fist,trainingSamples,raw_data/EMG-EPN612/testingJSON/user106/user106.json,idx_80
fist,trainingSamples,raw_data/EMG-EPN612/testingJSON/user106/user106.json,idx_81
fist,trainingSamples,raw_data/EMG-EPN612/testingJSON/user106/user106.json,idx_82
fist,trainingSamples,raw_data/EMG-EPN612/testingJSON/user106/user106.json,idx_83
fist,trainingSamples,raw_data/EMG-EPN612/testingJSON/user106/user106.json,idx_84
fist,trainingSamples,raw_data/EMG-EPN612/testingJSON/user106/user106.json,idx_85
fist,trainingSamples,raw_data/EMG-EPN612/testingJSON/user106/user106.json,idx_86
fist,trainingSamples,raw_data/EMG-EPN612/testingJSON/user106/user106.json,idx_87
fist,trainingSamples,raw_data/EMG-EPN612/testingJSON/user106/user106.json,idx_88
fist,trainingSamples,raw_data/EMG-EPN612/testingJSON/user106/user106.json,idx_89
fist,trainingSamples,raw_data/EMG-EPN612/testingJSON/user106/user106.json,idx_90
fist,trainingSamples,raw_data/EMG-EPN612/testingJSON/user106/user106.json,idx_91
fist,trainingSamples,raw_data/EMG-EPN612/testingJSON/user106/user106.json,idx_92
fist,trainingSamples,raw_data/EMG-EPN612/testingJSON/user106/user106.json,idx_93
fist,trainingSamples,raw_data/EMG-EPN612/testingJSON/user106/user106.json,idx_94
fist,trainingSamples,raw_data/EMG-EPN612/testingJSON/user106/user106.json,idx_95
fist,trainingSamples,raw_data/EMG-EPN612/testingJSON/user106/user106.json,idx_96
fist,trainingSamples,raw_data/EMG-EPN612/testingJSON/user106/user106.json,idx_97
fist,trainingSamples,raw_data/EMG-EPN612/testingJSON/user106/user106.json,idx_98
fist,trainingSamples,raw_data/EMG-EPN612/testingJSON/user106/user106.json,idx_99
fist,trainingSamples,raw_data/EMG-EPN612/testingJSON/user106/user106.json,idx_100
waveIn,trainingSamples,raw_data/EMG-EPN612/testingJSON/user106/user106.json,idx_101
waveIn,trainingSamples,raw_data/EMG-EPN612/testingJSON/user106/user106.json,idx_102
waveIn,trainingSamples,raw_data/EMG-EPN612/testingJSON/user106/user106.json,idx_103
waveIn,trainingSamples,raw_data/EMG-EPN612/testingJSON/user106/user106.json,idx_104
waveIn,trainingSamples,raw_data/EMG-EPN612/testingJSON/user106/user106.json,idx_105
waveIn,trainingSamples,raw_data/EMG-EPN612/testingJSON/user106/user106.json,idx_106
waveIn,trainingSamples,raw_data/EMG-EPN612/testingJSON/user106/user106.json,idx_107
waveIn,trainingSamples,raw_data/EMG-EPN612/testingJSON/user106/user106.json,idx_108
waveIn,trainingSamples,raw_data/EMG-EPN612/testingJSON/user106/user106.json,idx_109
waveIn,trainingSamples,raw_data/EMG-EPN612/testingJSON/user106/user106.json,idx_110
waveIn,trainingSamples,raw_data/EMG-EPN612/testingJSON/user106/user106.json,idx_111
waveIn,trainingSamples,raw_data/EMG-EPN612/testingJSON/user106/user106.json,idx_112
waveIn,trainingSamples,raw_data/EMG-EPN612/testingJSON/user106/user106.json,idx_113
waveIn,trainingSamples,raw_data/EMG-EPN612/testingJSON/user106/user106.json,idx_114
waveIn,trainingSamples,raw_data/EMG-EPN612/testingJSON/user106/user106.json,idx_115
waveIn,trainingSamples,raw_data/EMG-EPN612/testingJSON/user106/user106.json,idx_116
waveIn,trainingSamples,raw_data/EMG-EPN612/testingJSON/user106/user106.json,idx_117
waveIn,trainingSamples,raw_data/EMG-EPN612/testingJSON/user106/user106.json,idx_118
waveIn,trainingSamples,raw_data/EMG-EPN612/testingJSON/user106/user106.json,idx_119
waveIn,trainingSamples,raw_data/EMG-EPN612/testingJSON/user106/user106.json,idx_120
waveIn,trainingSamples,raw_data/EMG-EPN612/testingJSON/user106/user106.json,idx_121
waveIn,trainingSamples,raw_data/EMG-EPN612/testingJSON/user106/user106.json,idx_122
waveIn,trainingSamples,raw_data/EMG-EPN612/testingJSON/user106/user106.json,idx_123
waveIn,trainingSamples,raw_data/EMG-EPN612/testingJSON/user106/user106.json,idx_124
waveIn,trainingSamples,raw_data/EMG-EPN612/testingJSON/user106/user106.json,idx_125
open,trainingSamples,raw_data/EMG-EPN612/testingJSON/user106/user106.json,idx_126
open,trainingSamples,raw_data/EMG-EPN612/testingJSON/user106/user106.json,idx_127
open,trainingSamples,raw_data/EMG-EPN612/testingJSON/user106/user106.json,idx_128
open,trainingSamples,raw_data/EMG-EPN612/testingJSON/user106/user106.json,idx_129
open,trainingSamples,raw_data/EMG-EPN612/testingJSON/user106/user106.json,idx_130
open,trainingSamples,raw_data/EMG-EPN612/testingJSON/user106/user106.json,idx_131
open,trainingSamples,raw_data/EMG-EPN612/testingJSON/user106/user106.json,idx_132
open,trainingSamples,raw_data/EMG-EPN612/testingJSON/user106/user106.json,idx_133
open,trainingSamples,raw_data/EMG-EPN612/testingJSON/user106/user106.json,idx_134
open,trainingSamples,raw_data/EMG-EPN612/testingJSON/user106/user106.json,idx_135
open,trainingSamples,raw_data/EMG-EPN612/testingJSON/user106/user106.json,idx_136
open,trainingSamples,raw_data/EMG-EPN612/testingJSON/user106/user106.json,idx_137
open,trainingSamples,raw_data/EMG-EPN612/testingJSON/user106/user106.json,idx_138
open,trainingSamples,raw_data/EMG-EPN612/testingJSON/user106/user106.json,idx_139
open,trainingSamples,raw_data/EMG-EPN612/testingJSON/user106/user106.json,idx_140
open,trainingSamples,raw_data/EMG-EPN612/testingJSON/user106/user106.json,idx_141
open,trainingSamples,raw_data/EMG-EPN612/testingJSON/user106/user106.json,idx_142
open,trainingSamples,raw_data/EMG-EPN612/testingJSON/user106/user106.json,idx_143
open,trainingSamples,raw_data/EMG-EPN612/testingJSON/user106/user106.json,idx_144
open,trainingSamples,raw_data/EMG-EPN612/testingJSON/user106/user106.json,idx_145
open,trainingSamples,raw_data/EMG-EPN612/testingJSON/user106/user106.json,idx_146
open,trainingSamples,raw_data/EMG-EPN612/testingJSON/user106/user106.json,idx_147
open,trainingSamples,raw_data/EMG-EPN612/testingJSON/user106/user106.json,idx_148
open,trainingSamples,raw_data/EMG-EPN612/testingJSON/user106/user106.json,idx_149
open,trainingSamples,raw_data/EMG-EPN612/testingJSON/user106/user106.json,idx_150
noGesture,trainingSamples,raw_data/EMG-EPN612/testingJSON/user107/user107.json,idx_1
noGesture,trainingSamples,raw_data/EMG-EPN612/testingJSON/user107/user107.json,idx_2
noGesture,trainingSamples,raw_data/EMG-EPN612/testingJSON/user107/user107.json,idx_3
noGesture,trainingSamples,raw_data/EMG-EPN612/testingJSON/user107/user107.json,idx_4
noGesture,trainingSamples,raw_data/EMG-EPN612/testingJSON/user107/user107.json,idx_5
noGesture,trainingSamples,raw_data/EMG-EPN612/testingJSON/user107/user107.json,idx_6
noGesture,trainingSamples,raw_data/EMG-EPN612/testingJSON/user107/user107.json,idx_7
noGesture,trainingSamples,raw_data/EMG-EPN612/testingJSON/user107/user107.json,idx_8
noGesture,trainingSamples,raw_data/EMG-EPN612/testingJSON/user107/user107.json,idx_9
noGesture,trainingSamples,raw_data/EMG-EPN612/testingJSON/user107/user107.json,idx_10
noGesture,trainingSamples,raw_data/EMG-EPN612/testingJSON/user107/user107.json,idx_11
noGesture,trainingSamples,raw_data/EMG-EPN612/testingJSON/user107/user107.json,idx_12
noGesture,trainingSamples,raw_data/EMG-EPN612/testingJSON/user107/user107.json,idx_13
noGesture,trainingSamples,raw_data/EMG-EPN612/testingJSON/user107/user107.json,idx_14
noGesture,trainingSamples,raw_data/EMG-EPN612/testingJSON/user107/user107.json,idx_15
noGesture,trainingSamples,raw_data/EMG-EPN612/testingJSON/user107/user107.json,idx_16
noGesture,trainingSamples,raw_data/EMG-EPN612/testingJSON/user107/user107.json,idx_17
noGesture,trainingSamples,raw_data/EMG-EPN612/testingJSON/user107/user107.json,idx_18
noGesture,trainingSamples,raw_data/EMG-EPN612/testingJSON/user107/user107.json,idx_19
noGesture,trainingSamples,raw_data/EMG-EPN612/testingJSON/user107/user107.json,idx_20
noGesture,trainingSamples,raw_data/EMG-EPN612/testingJSON/user107/user107.json,idx_21
noGesture,trainingSamples,raw_data/EMG-EPN612/testingJSON/user107/user107.json,idx_22
noGesture,trainingSamples,raw_data/EMG-EPN612/testingJSON/user107/user107.json,idx_23
noGesture,trainingSamples,raw_data/EMG-EPN612/testingJSON/user107/user107.json,idx_24
noGesture,trainingSamples,raw_data/EMG-EPN612/testingJSON/user107/user107.json,idx_25
fist,trainingSamples,raw_data/EMG-EPN612/testingJSON/user107/user107.json,idx_26
fist,trainingSamples,raw_data/EMG-EPN612/testingJSON/user107/user107.json,idx_27
fist,trainingSamples,raw_data/EMG-EPN612/testingJSON/user107/user107.json,idx_28
fist,trainingSamples,raw_data/EMG-EPN612/testingJSON/user107/user107.json,idx_29
fist,trainingSamples,raw_data/EMG-EPN612/testingJSON/user107/user107.json,idx_30
fist,trainingSamples,raw_data/EMG-EPN612/testingJSON/user107/user107.json,idx_31
fist,trainingSamples,raw_data/EMG-EPN612/testingJSON/user107/user107.json,idx_32
fist,trainingSamples,raw_data/EMG-EPN612/testingJSON/user107/user107.json,idx_33
fist,trainingSamples,raw_data/EMG-EPN612/testingJSON/user107/user107.json,idx_34
fist,trainingSamples,raw_data/EMG-EPN612/testingJSON/user107/user107.json,idx_35
fist,trainingSamples,raw_data/EMG-EPN612/testingJSON/user107/user107.json,idx_36
fist,trainingSamples,raw_data/EMG-EPN612/testingJSON/user107/user107.json,idx_37
fist,trainingSamples,raw_data/EMG-EPN612/testingJSON/user107/user107.json,idx_38
fist,trainingSamples,raw_data/EMG-EPN612/testingJSON/user107/user107.json,idx_39
fist,trainingSamples,raw_data/EMG-EPN612/testingJSON/user107/user107.json,idx_40
fist,trainingSamples,raw_data/EMG-EPN612/testingJSON/user107/user107.json,idx_41
fist,trainingSamples,raw_data/EMG-EPN612/testingJSON/user107/user107.json,idx_42
fist,trainingSamples,raw_data/EMG-EPN612/testingJSON/user107/user107.json,idx_43
fist,trainingSamples,raw_data/EMG-EPN612/testingJSON/user107/user107.json,idx_44
fist,trainingSamples,raw_data/EMG-EPN612/testingJSON/user107/user107.json,idx_45
fist,trainingSamples,raw_data/EMG-EPN612/testingJSON/user107/user107.json,idx_46
fist,trainingSamples,raw_data/EMG-EPN612/testingJSON/user107/user107.json,idx_47
fist,trainingSamples,raw_data/EMG-EPN612/testingJSON/user107/user107.json,idx_48
fist,trainingSamples,raw_data/EMG-EPN612/testingJSON/user107/user107.json,idx_49
fist,trainingSamples,raw_data/EMG-EPN612/testingJSON/user107/user107.json,idx_50
open,trainingSamples,raw_data/EMG-EPN612/testingJSON/user107/user107.json,idx_51
open,trainingSamples,raw_data/EMG-EPN612/testingJSON/user107/user107.json,idx_52
open,trainingSamples,raw_data/EMG-EPN612/testingJSON/user107/user107.json,idx_53
open,trainingSamples,raw_data/EMG-EPN612/testingJSON/user107/user107.json,idx_54
open,trainingSamples,raw_data/EMG-EPN612/testingJSON/user107/user107.json,idx_55
open,trainingSamples,raw_data/EMG-EPN612/testingJSON/user107/user107.json,idx_56
open,trainingSamples,raw_data/EMG-EPN612/testingJSON/user107/user107.json,idx_57
open,trainingSamples,raw_data/EMG-EPN612/testingJSON/user107/user107.json,idx_58
open,trainingSamples,raw_data/EMG-EPN612/testingJSON/user107/user107.json,idx_59
open,trainingSamples,raw_data/EMG-EPN612/testingJSON/user107/user107.json,idx_60
open,trainingSamples,raw_data/EMG-EPN612/testingJSON/user107/user107.json,idx_61
open,trainingSamples,raw_data/EMG-EPN612/testingJSON/user107/user107.json,idx_62
open,trainingSamples,raw_data/EMG-EPN612/testingJSON/user107/user107.json,idx_63
open,trainingSamples,raw_data/EMG-EPN612/testingJSON/user107/user107.json,idx_64
open,trainingSamples,raw_data/EMG-EPN612/testingJSON/user107/user107.json,idx_65
open,trainingSamples,raw_data/EMG-EPN612/testingJSON/user107/user107.json,idx_66
open,trainingSamples,raw_data/EMG-EPN612/testingJSON/user107/user107.json,idx_67
open,trainingSamples,raw_data/EMG-EPN612/testingJSON/user107/user107.json,idx_68
open,trainingSamples,raw_data/EMG-EPN612/testingJSON/user107/user107.json,idx_69
open,trainingSamples,raw_data/EMG-EPN612/testingJSON/user107/user107.json,idx_70
open,trainingSamples,raw_data/EMG-EPN612/testingJSON/user107/user107.json,idx_71
open,trainingSamples,raw_data/EMG-EPN612/testingJSON/user107/user107.json,idx_72
open,trainingSamples,raw_data/EMG-EPN612/testingJSON/user107/user107.json,idx_73
open,trainingSamples,raw_data/EMG-EPN612/testingJSON/user107/user107.json,idx_74
open,trainingSamples,raw_data/EMG-EPN612/testingJSON/user107/user107.json,idx_75
pinch,trainingSamples,raw_data/EMG-EPN612/testingJSON/user107/user107.json,idx_76
pinch,trainingSamples,raw_data/EMG-EPN612/testingJSON/user107/user107.json,idx_77
pinch,trainingSamples,raw_data/EMG-EPN612/testingJSON/user107/user107.json,idx_78
pinch,trainingSamples,raw_data/EMG-EPN612/testingJSON/user107/user107.json,idx_79
pinch,trainingSamples,raw_data/EMG-EPN612/testingJSON/user107/user107.json,idx_80
pinch,trainingSamples,raw_data/EMG-EPN612/testingJSON/user107/user107.json,idx_81
pinch,trainingSamples,raw_data/EMG-EPN612/testingJSON/user107/user107.json,idx_82
pinch,trainingSamples,raw_data/EMG-EPN612/testingJSON/user107/user107.json,idx_83
pinch,trainingSamples,raw_data/EMG-EPN612/testingJSON/user107/user107.json,idx_84
pinch,trainingSamples,raw_data/EMG-EPN612/testingJSON/user107/user107.json,idx_85
pinch,trainingSamples,raw_data/EMG-EPN612/testingJSON/user107/user107.json,idx_86
pinch,trainingSamples,raw_data/EMG-EPN612/testingJSON/user107/user107.json,idx_87
pinch,trainingSamples,raw_data/EMG-EPN612/testingJSON/user107/user107.json,idx_88
pinch,trainingSamples,raw_data/EMG-EPN612/testingJSON/user107/user107.json,idx_89
pinch,trainingSamples,raw_data/EMG-EPN612/testingJSON/user107/user107.json,idx_90
pinch,trainingSamples,raw_data/EMG-EPN612/testingJSON/user107/user107.json,idx_91
pinch,trainingSamples,raw_data/EMG-EPN612/testingJSON/user107/user107.json,idx_92
pinch,trainingSamples,raw_data/EMG-EPN612/testingJSON/user107/user107.json,idx_93
pinch,trainingSamples,raw_data/EMG-EPN612/testingJSON/user107/user107.json,idx_94
pinch,trainingSamples,raw_data/EMG-EPN612/testingJSON/user107/user107.json,idx_95
pinch,trainingSamples,raw_data/EMG-EPN612/testingJSON/user107/user107.json,idx_96
pinch,trainingSamples,raw_data/EMG-EPN612/testingJSON/user107/user107.json,idx_97
pinch,trainingSamples,raw_data/EMG-EPN612/testingJSON/user107/user107.json,idx_98
pinch,trainingSamples,raw_data/EMG-EPN612/testingJSON/user107/user107.json,idx_99
pinch,trainingSamples,raw_data/EMG-EPN612/testingJSON/user107/user107.json,idx_100
waveOut,trainingSamples,raw_data/EMG-EPN612/testingJSON/user107/user107.json,idx_101
waveOut,trainingSamples,raw_data/EMG-EPN612/testingJSON/user107/user107.json,idx_102
waveOut,trainingSamples,raw_data/EMG-EPN612/testingJSON/user107/user107.json,idx_103
waveOut,trainingSamples,raw_data/EMG-EPN612/testingJSON/user107/user107.json,idx_104
waveOut,trainingSamples,raw_data/EMG-EPN612/testingJSON/user107/user107.json,idx_105
waveOut,trainingSamples,raw_data/EMG-EPN612/testingJSON/user107/user107.json,idx_106
waveOut,trainingSamples,raw_data/EMG-EPN612/testingJSON/user107/user107.json,idx_107
waveOut,trainingSamples,raw_data/EMG-EPN612/testingJSON/user107/user107.json,idx_108
waveOut,trainingSamples,raw_data/EMG-EPN612/testingJSON/user107/user107.json,idx_109
waveOut,trainingSamples,raw_data/EMG-EPN612/testingJSON/user107/user107.json,idx_110
waveOut,trainingSamples,raw_data/EMG-EPN612/testingJSON/user107/user107.json,idx_111
waveOut,trainingSamples,raw_data/EMG-EPN612/testingJSON/user107/user107.json,idx_112
waveOut,trainingSamples,raw_data/EMG-EPN612/testingJSON/user107/user107.json,idx_113
waveOut,trainingSamples,raw_data/EMG-EPN612/testingJSON/user107/user107.json,idx_114
waveOut,trainingSamples,raw_data/EMG-EPN612/testingJSON/user107/user107.json,idx_115
waveOut,trainingSamples,raw_data/EMG-EPN612/testingJSON/user107/user107.json,idx_116
waveOut,trainingSamples,raw_data/EMG-EPN612/testingJSON/user107/user107.json,idx_117
waveOut,trainingSamples,raw_data/EMG-EPN612/testingJSON/user107/user107.json,idx_118
waveOut,trainingSamples,raw_data/EMG-EPN612/testingJSON/user107/user107.json,idx_119
waveOut,trainingSamples,raw_data/EMG-EPN612/testingJSON/user107/user107.json,idx_120
waveOut,trainingSamples,raw_data/EMG-EPN612/testingJSON/user107/user107.json,idx_121
waveOut,trainingSamples,raw_data/EMG-EPN612/testingJSON/user107/user107.json,idx_122
waveOut,trainingSamples,raw_data/EMG-EPN612/testingJSON/user107/user107.json,idx_123
waveOut,trainingSamples,raw_data/EMG-EPN612/testingJSON/user107/user107.json,idx_124
waveOut,trainingSamples,raw_data/EMG-EPN612/testingJSON/user107/user107.json,idx_125
waveIn,trainingSamples,raw_data/EMG-EPN612/testingJSON/user107/user107.json,idx_126
waveIn,trainingSamples,raw_data/EMG-EPN612/testingJSON/user107/user107.json,idx_127
waveIn,trainingSamples,raw_data/EMG-EPN612/testingJSON/user107/user107.json,idx_128
waveIn,trainingSamples,raw_data/EMG-EPN612/testingJSON/user107/user107.json,idx_129
waveIn,trainingSamples,raw_data/EMG-EPN612/testingJSON/user107/user107.json,idx_130
waveIn,trainingSamples,raw_data/EMG-EPN612/testingJSON/user107/user107.json,idx_131
waveIn,trainingSamples,raw_data/EMG-EPN612/testingJSON/user107/user107.json,idx_132
waveIn,trainingSamples,raw_data/EMG-EPN612/testingJSON/user107/user107.json,idx_133
waveIn,trainingSamples,raw_data/EMG-EPN612/testingJSON/user107/user107.json,idx_134
waveIn,trainingSamples,raw_data/EMG-EPN612/testingJSON/user107/user107.json,idx_135
waveIn,trainingSamples,raw_data/EMG-EPN612/testingJSON/user107/user107.json,idx_136
waveIn,trainingSamples,raw_data/EMG-EPN612/testingJSON/user107/user107.json,idx_137
waveIn,trainingSamples,raw_data/EMG-EPN612/testingJSON/user107/user107.json,idx_138
waveIn,trainingSamples,raw_data/EMG-EPN612/testingJSON/user107/user107.json,idx_139
waveIn,trainingSamples,raw_data/EMG-EPN612/testingJSON/user107/user107.json,idx_140
waveIn,trainingSamples,raw_data/EMG-EPN612/testingJSON/user107/user107.json,idx_141
waveIn,trainingSamples,raw_data/EMG-EPN612/testingJSON/user107/user107.json,idx_142
waveIn,trainingSamples,raw_data/EMG-EPN612/testingJSON/user107/user107.json,idx_143
waveIn,trainingSamples,raw_data/EMG-EPN612/testingJSON/user107/user107.json,idx_144
waveIn,trainingSamples,raw_data/EMG-EPN612/testingJSON/user107/user107.json,idx_145
waveIn,trainingSamples,raw_data/EMG-EPN612/testingJSON/user107/user107.json,idx_146
waveIn,trainingSamples,raw_data/EMG-EPN612/testingJSON/user107/user107.json,idx_147
waveIn,trainingSamples,raw_data/EMG-EPN612/testingJSON/user107/user107.json,idx_148
waveIn,trainingSamples,raw_data/EMG-EPN612/testingJSON/user107/user107.json,idx_149
waveIn,trainingSamples,raw_data/EMG-EPN612/testingJSON/user107/user107.json,idx_150
noGesture,trainingSamples,raw_data/EMG-EPN612/testingJSON/user108/user108.json,idx_1
noGesture,trainingSamples,raw_data/EMG-EPN612/testingJSON/user108/user108.json,idx_2
noGesture,trainingSamples,raw_data/EMG-EPN612/testingJSON/user108/user108.json,idx_3
noGesture,trainingSamples,raw_data/EMG-EPN612/testingJSON/user108/user108.json,idx_4
noGesture,trainingSamples,raw_data/EMG-EPN612/testingJSON/user108/user108.json,idx_5
noGesture,trainingSamples,raw_data/EMG-EPN612/testingJSON/user108/user108.json,idx_6
noGesture,trainingSamples,raw_data/EMG-EPN612/testingJSON/user108/user108.json,idx_7
noGesture,trainingSamples,raw_data/EMG-EPN612/testingJSON/user108/user108.json,idx_8
noGesture,trainingSamples,raw_data/EMG-EPN612/testingJSON/user108/user108.json,idx_9
noGesture,trainingSamples,raw_data/EMG-EPN612/testingJSON/user108/user108.json,idx_10
noGesture,trainingSamples,raw_data/EMG-EPN612/testingJSON/user108/user108.json,idx_11
noGesture,trainingSamples,raw_data/EMG-EPN612/testingJSON/user108/user108.json,idx_12
noGesture,trainingSamples,raw_data/EMG-EPN612/testingJSON/user108/user108.json,idx_13
noGesture,trainingSamples,raw_data/EMG-EPN612/testingJSON/user108/user108.json,idx_14
noGesture,trainingSamples,raw_data/EMG-EPN612/testingJSON/user108/user108.json,idx_15
noGesture,trainingSamples,raw_data/EMG-EPN612/testingJSON/user108/user108.json,idx_16
noGesture,trainingSamples,raw_data/EMG-EPN612/testingJSON/user108/user108.json,idx_17
noGesture,trainingSamples,raw_data/EMG-EPN612/testingJSON/user108/user108.json,idx_18
noGesture,trainingSamples,raw_data/EMG-EPN612/testingJSON/user108/user108.json,idx_19
noGesture,trainingSamples,raw_data/EMG-EPN612/testingJSON/user108/user108.json,idx_20
noGesture,trainingSamples,raw_data/EMG-EPN612/testingJSON/user108/user108.json,idx_21
noGesture,trainingSamples,raw_data/EMG-EPN612/testingJSON/user108/user108.json,idx_22
noGesture,trainingSamples,raw_data/EMG-EPN612/testingJSON/user108/user108.json,idx_23
noGesture,trainingSamples,raw_data/EMG-EPN612/testingJSON/user108/user108.json,idx_24
noGesture,trainingSamples,raw_data/EMG-EPN612/testingJSON/user108/user108.json,idx_25
waveOut,trainingSamples,raw_data/EMG-EPN612/testingJSON/user108/user108.json,idx_26
waveOut,trainingSamples,raw_data/EMG-EPN612/testingJSON/user108/user108.json,idx_27
waveOut,trainingSamples,raw_data/EMG-EPN612/testingJSON/user108/user108.json,idx_28
waveOut,trainingSamples,raw_data/EMG-EPN612/testingJSON/user108/user108.json,idx_29
waveOut,trainingSamples,raw_data/EMG-EPN612/testingJSON/user108/user108.json,idx_30
waveOut,trainingSamples,raw_data/EMG-EPN612/testingJSON/user108/user108.json,idx_31
waveOut,trainingSamples,raw_data/EMG-EPN612/testingJSON/user108/user108.json,idx_32
waveOut,trainingSamples,raw_data/EMG-EPN612/testingJSON/user108/user108.json,idx_33
waveOut,trainingSamples,raw_data/EMG-EPN612/testingJSON/user108/user108.json,idx_34
waveOut,trainingSamples,raw_data/EMG-EPN612/testingJSON/user108/user108.json,idx_35
waveOut,trainingSamples,raw_data/EMG-EPN612/testingJSON/user108/user108.json,idx_36
waveOut,trainingSamples,raw_data/EMG-EPN612/testingJSON/user108/user108.json,idx_37
waveOut,trainingSamples,raw_data/EMG-EPN612/testingJSON/user108/user108.json,idx_38
waveOut,trainingSamples,raw_data/EMG-EPN612/testingJSON/user108/user108.json,idx_39
waveOut,trainingSamples,raw_data/EMG-EPN612/testingJSON/user108/user108.json,idx_40
waveOut,trainingSamples,raw_data/EMG-EPN612/testingJSON/user108/user108.json,idx_41
waveOut,trainingSamples,raw_data/EMG-EPN612/testingJSON/user108/user108.json,idx_42
waveOut,trainingSamples,raw_data/EMG-EPN612/testingJSON/user108/user108.json,idx_43
waveOut,trainingSamples,raw_data/EMG-EPN612/testingJSON/user108/user108.json,idx_44
waveOut,trainingSamples,raw_data/EMG-EPN612/testingJSON/user108/user108.json,idx_45
waveOut,trainingSamples,raw_data/EMG-EPN612/testingJSON/user108/user108.json,idx_46
waveOut,trainingSamples,raw_data/EMG-EPN612/testingJSON/user108/user108.json,idx_47
waveOut,trainingSamples,raw_data/EMG-EPN612/testingJSON/user108/user108.json,idx_48
waveOut,trainingSamples,raw_data/EMG-EPN612/testingJSON/user108/user108.json,idx_49
waveOut,trainingSamples,raw_data/EMG-EPN612/testingJSON/user108/user108.json,idx_50
pinch,trainingSamples,raw_data/EMG-EPN612/testingJSON/user108/user108.json,idx_51
pinch,trainingSamples,raw_data/EMG-EPN612/testingJSON/user108/user108.json,idx_52
pinch,trainingSamples,raw_data/EMG-EPN612/testingJSON/user108/user108.json,idx_53
pinch,trainingSamples,raw_data/EMG-EPN612/testingJSON/user108/user108.json,idx_54
pinch,trainingSamples,raw_data/EMG-EPN612/testingJSON/user108/user108.json,idx_55
pinch,trainingSamples,raw_data/EMG-EPN612/testingJSON/user108/user108.json,idx_56
pinch,trainingSamples,raw_data/EMG-EPN612/testingJSON/user108/user108.json,idx_57
pinch,trainingSamples,raw_data/EMG-EPN612/testingJSON/user108/user108.json,idx_58
pinch,trainingSamples,raw_data/EMG-EPN612/testingJSON/user108/user108.json,idx_59
pinch,trainingSamples,raw_data/EMG-EPN612/testingJSON/user108/user108.json,idx_60
pinch,trainingSamples,raw_data/EMG-EPN612/testingJSON/user108/user108.json,idx_61
pinch,trainingSamples,raw_data/EMG-EPN612/testingJSON/user108/user108.json,idx_62
pinch,trainingSamples,raw_data/EMG-EPN612/testingJSON/user108/user108.json,idx_63
pinch,trainingSamples,raw_data/EMG-EPN612/testingJSON/user108/user108.json,idx_64
pinch,trainingSamples,raw_data/EMG-EPN612/testingJSON/user108/user108.json,idx_65
pinch,trainingSamples,raw_data/EMG-EPN612/testingJSON/user108/user108.json,idx_66
pinch,trainingSamples,raw_data/EMG-EPN612/testingJSON/user108/user108.json,idx_67
pinch,trainingSamples,raw_data/EMG-EPN612/testingJSON/user108/user108.json,idx_68
pinch,trainingSamples,raw_data/EMG-EPN612/testingJSON/user108/user108.json,idx_69
pinch,trainingSamples,raw_data/EMG-EPN612/testingJSON/user108/user108.json,idx_70
pinch,trainingSamples,raw_data/EMG-EPN612/testingJSON/user108/user108.json,idx_71
pinch,trainingSamples,raw_data/EMG-EPN612/testingJSON/user108/user108.json,idx_72
pinch,trainingSamples,raw_data/EMG-EPN612/testingJSON/user108/user108.json,idx_73
pinch,trainingSamples,raw_data/EMG-EPN612/testingJSON/user108/user108.json,idx_74
pinch,trainingSamples,raw_data/EMG-EPN612/testingJSON/user108/user108.json,idx_75
fist,trainingSamples,raw_data/EMG-EPN612/testingJSON/user108/user108.json,idx_76
fist,trainingSamples,raw_data/EMG-EPN612/testingJSON/user108/user108.json,idx_77
fist,trainingSamples,raw_data/EMG-EPN612/testingJSON/user108/user108.json,idx_78
fist,trainingSamples,raw_data/EMG-EPN612/testingJSON/user108/user108.json,idx_79
fist,trainingSamples,raw_data/EMG-EPN612/testingJSON/user108/user108.json,idx_80
fist,trainingSamples,raw_data/EMG-EPN612/testingJSON/user108/user108.json,idx_81
fist,trainingSamples,raw_data/EMG-EPN612/testingJSON/user108/user108.json,idx_82
fist,trainingSamples,raw_data/EMG-EPN612/testingJSON/user108/user108.json,idx_83
fist,trainingSamples,raw_data/EMG-EPN612/testingJSON/user108/user108.json,idx_84
fist,trainingSamples,raw_data/EMG-EPN612/testingJSON/user108/user108.json,idx_85
fist,trainingSamples,raw_data/EMG-EPN612/testingJSON/user108/user108.json,idx_86
fist,trainingSamples,raw_data/EMG-EPN612/testingJSON/user108/user108.json,idx_87
fist,trainingSamples,raw_data/EMG-EPN612/testingJSON/user108/user108.json,idx_88
fist,trainingSamples,raw_data/EMG-EPN612/testingJSON/user108/user108.json,idx_89
fist,trainingSamples,raw_data/EMG-EPN612/testingJSON/user108/user108.json,idx_90
fist,trainingSamples,raw_data/EMG-EPN612/testingJSON/user108/user108.json,idx_91
fist,trainingSamples,raw_data/EMG-EPN612/testingJSON/user108/user108.json,idx_92
fist,trainingSamples,raw_data/EMG-EPN612/testingJSON/user108/user108.json,idx_93
fist,trainingSamples,raw_data/EMG-EPN612/testingJSON/user108/user108.json,idx_94
fist,trainingSamples,raw_data/EMG-EPN612/testingJSON/user108/user108.json,idx_95
fist,trainingSamples,raw_data/EMG-EPN612/testingJSON/user108/user108.json,idx_96
fist,trainingSamples,raw_data/EMG-EPN612/testingJSON/user108/user108.json,idx_97
fist,trainingSamples,raw_data/EMG-EPN612/testingJSON/user108/user108.json,idx_98
fist,trainingSamples,raw_data/EMG-EPN612/testingJSON/user108/user108.json,idx_99
fist,trainingSamples,raw_data/EMG-EPN612/testingJSON/user108/user108.json,idx_100
waveIn,trainingSamples,raw_data/EMG-EPN612/testingJSON/user108/user108.json,idx_101
waveIn,trainingSamples,raw_data/EMG-EPN612/testingJSON/user108/user108.json,idx_102
waveIn,trainingSamples,raw_data/EMG-EPN612/testingJSON/user108/user108.json,idx_103
waveIn,trainingSamples,raw_data/EMG-EPN612/testingJSON/user108/user108.json,idx_104
waveIn,trainingSamples,raw_data/EMG-EPN612/testingJSON/user108/user108.json,idx_105
waveIn,trainingSamples,raw_data/EMG-EPN612/testingJSON/user108/user108.json,idx_106
waveIn,trainingSamples,raw_data/EMG-EPN612/testingJSON/user108/user108.json,idx_107
waveIn,trainingSamples,raw_data/EMG-EPN612/testingJSON/user108/user108.json,idx_108
waveIn,trainingSamples,raw_data/EMG-EPN612/testingJSON/user108/user108.json,idx_109
waveIn,trainingSamples,raw_data/EMG-EPN612/testingJSON/user108/user108.json,idx_110
waveIn,trainingSamples,raw_data/EMG-EPN612/testingJSON/user108/user108.json,idx_111
waveIn,trainingSamples,raw_data/EMG-EPN612/testingJSON/user108/user108.json,idx_112
waveIn,trainingSamples,raw_data/EMG-EPN612/testingJSON/user108/user108.json,idx_113
waveIn,trainingSamples,raw_data/EMG-EPN612/testingJSON/user108/user108.json,idx_114
waveIn,trainingSamples,raw_data/EMG-EPN612/testingJSON/user108/user108.json,idx_115
waveIn,trainingSamples,raw_data/EMG-EPN612/testingJSON/user108/user108.json,idx_116
waveIn,trainingSamples,raw_data/EMG-EPN612/testingJSON/user108/user108.json,idx_117
waveIn,trainingSamples,raw_data/EMG-EPN612/testingJSON/user108/user108.json,idx_118
waveIn,trainingSamples,raw_data/EMG-EPN612/testingJSON/user108/user108.json,idx_119
waveIn,trainingSamples,raw_data/EMG-EPN612/testingJSON/user108/user108.json,idx_120
waveIn,trainingSamples,raw_data/EMG-EPN612/testingJSON/user108/user108.json,idx_121
waveIn,trainingSamples,raw_data/EMG-EPN612/testingJSON/user108/user108.json,idx_122
waveIn,trainingSamples,raw_data/EMG-EPN612/testingJSON/user108/user108.json,idx_123
waveIn,trainingSamples,raw_data/EMG-EPN612/testingJSON/user108/user108.json,idx_124
waveIn,trainingSamples,raw_data/EMG-EPN612/testingJSON/user108/user108.json,idx_125
open,trainingSamples,raw_data/EMG-EPN612/testingJSON/user108/user108.json,idx_126
open,trainingSamples,raw_data/EMG-EPN612/testingJSON/user108/user108.json,idx_127
open,trainingSamples,raw_data/EMG-EPN612/testingJSON/user108/user108.json,idx_128
open,trainingSamples,raw_data/EMG-EPN612/testingJSON/user108/user108.json,idx_129
open,trainingSamples,raw_data/EMG-EPN612/testingJSON/user108/user108.json,idx_130
open,trainingSamples,raw_data/EMG-EPN612/testingJSON/user108/user108.json,idx_131
open,trainingSamples,raw_data/EMG-EPN612/testingJSON/user108/user108.json,idx_132
open,trainingSamples,raw_data/EMG-EPN612/testingJSON/user108/user108.json,idx_133
open,trainingSamples,raw_data/EMG-EPN612/testingJSON/user108/user108.json,idx_134
open,trainingSamples,raw_data/EMG-EPN612/testingJSON/user108/user108.json,idx_135
open,trainingSamples,raw_data/EMG-EPN612/testingJSON/user108/user108.json,idx_136
open,trainingSamples,raw_data/EMG-EPN612/testingJSON/user108/user108.json,idx_137
open,trainingSamples,raw_data/EMG-EPN612/testingJSON/user108/user108.json,idx_138
open,trainingSamples,raw_data/EMG-EPN612/testingJSON/user108/user108.json,idx_139
open,trainingSamples,raw_data/EMG-EPN612/testingJSON/user108/user108.json,idx_140
open,trainingSamples,raw_data/EMG-EPN612/testingJSON/user108/user108.json,idx_141
open,trainingSamples,raw_data/EMG-EPN612/testingJSON/user108/user108.json,idx_142
open,trainingSamples,raw_data/EMG-EPN612/testingJSON/user108/user108.json,idx_143
open,trainingSamples,raw_data/EMG-EPN612/testingJSON/user108/user108.json,idx_144
open,trainingSamples,raw_data/EMG-EPN612/testingJSON/user108/user108.json,idx_145
open,trainingSamples,raw_data/EMG-EPN612/testingJSON/user108/user108.json,idx_146
open,trainingSamples,raw_data/EMG-EPN612/testingJSON/user108/user108.json,idx_147
open,trainingSamples,raw_data/EMG-EPN612/testingJSON/user108/user108.json,idx_148
open,trainingSamples,raw_data/EMG-EPN612/testingJSON/user108/user108.json,idx_149
open,trainingSamples,raw_data/EMG-EPN612/testingJSON/user108/user108.json,idx_150
noGesture,trainingSamples,raw_data/EMG-EPN612/testingJSON/user109/user109.json,idx_1
noGesture,trainingSamples,raw_data/EMG-EPN612/testingJSON/user109/user109.json,idx_2
noGesture,trainingSamples,raw_data/EMG-EPN612/testingJSON/user109/user109.json,idx_3
noGesture,trainingSamples,raw_data/EMG-EPN612/testingJSON/user109/user109.json,idx_4
noGesture,trainingSamples,raw_data/EMG-EPN612/testingJSON/user109/user109.json,idx_5
noGesture,trainingSamples,raw_data/EMG-EPN612/testingJSON/user109/user109.json,idx_6
noGesture,trainingSamples,raw_data/EMG-EPN612/testingJSON/user109/user109.json,idx_7
noGesture,trainingSamples,raw_data/EMG-EPN612/testingJSON/user109/user109.json,idx_8
noGesture,trainingSamples,raw_data/EMG-EPN612/testingJSON/user109/user109.json,idx_9
noGesture,trainingSamples,raw_data/EMG-EPN612/testingJSON/user109/user109.json,idx_10
noGesture,trainingSamples,raw_data/EMG-EPN612/testingJSON/user109/user109.json,idx_11
noGesture,trainingSamples,raw_data/EMG-EPN612/testingJSON/user109/user109.json,idx_12
noGesture,trainingSamples,raw_data/EMG-EPN612/testingJSON/user109/user109.json,idx_13
noGesture,trainingSamples,raw_data/EMG-EPN612/testingJSON/user109/user109.json,idx_14
noGesture,trainingSamples,raw_data/EMG-EPN612/testingJSON/user109/user109.json,idx_15
noGesture,trainingSamples,raw_data/EMG-EPN612/testingJSON/user109/user109.json,idx_16
noGesture,trainingSamples,raw_data/EMG-EPN612/testingJSON/user109/user109.json,idx_17
noGesture,trainingSamples,raw_data/EMG-EPN612/testingJSON/user109/user109.json,idx_18
noGesture,trainingSamples,raw_data/EMG-EPN612/testingJSON/user109/user109.json,idx_19
noGesture,trainingSamples,raw_data/EMG-EPN612/testingJSON/user109/user109.json,idx_20
noGesture,trainingSamples,raw_data/EMG-EPN612/testingJSON/user109/user109.json,idx_21
noGesture,trainingSamples,raw_data/EMG-EPN612/testingJSON/user109/user109.json,idx_22
noGesture,trainingSamples,raw_data/EMG-EPN612/testingJSON/user109/user109.json,idx_23
noGesture,trainingSamples,raw_data/EMG-EPN612/testingJSON/user109/user109.json,idx_24
noGesture,trainingSamples,raw_data/EMG-EPN612/testingJSON/user109/user109.json,idx_25
fist,trainingSamples,raw_data/EMG-EPN612/testingJSON/user109/user109.json,idx_26
fist,trainingSamples,raw_data/EMG-EPN612/testingJSON/user109/user109.json,idx_27
fist,trainingSamples,raw_data/EMG-EPN612/testingJSON/user109/user109.json,idx_28
fist,trainingSamples,raw_data/EMG-EPN612/testingJSON/user109/user109.json,idx_29
fist,trainingSamples,raw_data/EMG-EPN612/testingJSON/user109/user109.json,idx_30
fist,trainingSamples,raw_data/EMG-EPN612/testingJSON/user109/user109.json,idx_31
fist,trainingSamples,raw_data/EMG-EPN612/testingJSON/user109/user109.json,idx_32
fist,trainingSamples,raw_data/EMG-EPN612/testingJSON/user109/user109.json,idx_33
fist,trainingSamples,raw_data/EMG-EPN612/testingJSON/user109/user109.json,idx_34
fist,trainingSamples,raw_data/EMG-EPN612/testingJSON/user109/user109.json,idx_35
fist,trainingSamples,raw_data/EMG-EPN612/testingJSON/user109/user109.json,idx_36
fist,trainingSamples,raw_data/EMG-EPN612/testingJSON/user109/user109.json,idx_37
fist,trainingSamples,raw_data/EMG-EPN612/testingJSON/user109/user109.json,idx_38
fist,trainingSamples,raw_data/EMG-EPN612/testingJSON/user109/user109.json,idx_39
fist,trainingSamples,raw_data/EMG-EPN612/testingJSON/user109/user109.json,idx_40
fist,trainingSamples,raw_data/EMG-EPN612/testingJSON/user109/user109.json,idx_41
fist,trainingSamples,raw_data/EMG-EPN612/testingJSON/user109/user109.json,idx_42
fist,trainingSamples,raw_data/EMG-EPN612/testingJSON/user109/user109.json,idx_43
fist,trainingSamples,raw_data/EMG-EPN612/testingJSON/user109/user109.json,idx_44
fist,trainingSamples,raw_data/EMG-EPN612/testingJSON/user109/user109.json,idx_45
fist,trainingSamples,raw_data/EMG-EPN612/testingJSON/user109/user109.json,idx_46
fist,trainingSamples,raw_data/EMG-EPN612/testingJSON/user109/user109.json,idx_47
fist,trainingSamples,raw_data/EMG-EPN612/testingJSON/user109/user109.json,idx_48
fist,trainingSamples,raw_data/EMG-EPN612/testingJSON/user109/user109.json,idx_49
fist,trainingSamples,raw_data/EMG-EPN612/testingJSON/user109/user109.json,idx_50
open,trainingSamples,raw_data/EMG-EPN612/testingJSON/user109/user109.json,idx_51
open,trainingSamples,raw_data/EMG-EPN612/testingJSON/user109/user109.json,idx_52
open,trainingSamples,raw_data/EMG-EPN612/testingJSON/user109/user109.json,idx_53
open,trainingSamples,raw_data/EMG-EPN612/testingJSON/user109/user109.json,idx_54
open,trainingSamples,raw_data/EMG-EPN612/testingJSON/user109/user109.json,idx_55
open,trainingSamples,raw_data/EMG-EPN612/testingJSON/user109/user109.json,idx_56
open,trainingSamples,raw_data/EMG-EPN612/testingJSON/user109/user109.json,idx_57
open,trainingSamples,raw_data/EMG-EPN612/testingJSON/user109/user109.json,idx_58
open,trainingSamples,raw_data/EMG-EPN612/testingJSON/user109/user109.json,idx_59
open,trainingSamples,raw_data/EMG-EPN612/testingJSON/user109/user109.json,idx_60
open,trainingSamples,raw_data/EMG-EPN612/testingJSON/user109/user109.json,idx_61
open,trainingSamples,raw_data/EMG-EPN612/testingJSON/user109/user109.json,idx_62
open,trainingSamples,raw_data/EMG-EPN612/testingJSON/user109/user109.json,idx_63
open,trainingSamples,raw_data/EMG-EPN612/testingJSON/user109/user109.json,idx_64
open,trainingSamples,raw_data/EMG-EPN612/testingJSON/user109/user109.json,idx_65
open,trainingSamples,raw_data/EMG-EPN612/testingJSON/user109/user109.json,idx_66
open,trainingSamples,raw_data/EMG-EPN612/testingJSON/user109/user109.json,idx_67
open,trainingSamples,raw_data/EMG-EPN612/testingJSON/user109/user109.json,idx_68
open,trainingSamples,raw_data/EMG-EPN612/testingJSON/user109/user109.json,idx_69
open,trainingSamples,raw_data/EMG-EPN612/testingJSON/user109/user109.json,idx_70
open,trainingSamples,raw_data/EMG-EPN612/testingJSON/user109/user109.json,idx_71
open,trainingSamples,raw_data/EMG-EPN612/testingJSON/user109/user109.json,idx_72
open,trainingSamples,raw_data/EMG-EPN612/testingJSON/user109/user109.json,idx_73
open,trainingSamples,raw_data/EMG-EPN612/testingJSON/user109/user109.json,idx_74
open,trainingSamples,raw_data/EMG-EPN612/testingJSON/user109/user109.json,idx_75
pinch,trainingSamples,raw_data/EMG-EPN612/testingJSON/user109/user109.json,idx_76
pinch,trainingSamples,raw_data/EMG-EPN612/testingJSON/user109/user109.json,idx_77
pinch,trainingSamples,raw_data/EMG-EPN612/testingJSON/user109/user109.json,idx_78
pinch,trainingSamples,raw_data/EMG-EPN612/testingJSON/user109/user109.json,idx_79
pinch,trainingSamples,raw_data/EMG-EPN612/testingJSON/user109/user109.json,idx_80
pinch,trainingSamples,raw_data/EMG-EPN612/testingJSON/user109/user109.json,idx_81
pinch,trainingSamples,raw_data/EMG-EPN612/testingJSON/user109/user109.json,idx_82
pinch,trainingSamples,raw_data/EMG-EPN612/testingJSON/user109/user109.json,idx_83
pinch,trainingSamples,raw_data/EMG-EPN612/testingJSON/user109/user109.json,idx_84
pinch,trainingSamples,raw_data/EMG-EPN612/testingJSON/user109/user109.json,idx_85
pinch,trainingSamples,raw_data/EMG-EPN612/testingJSON/user109/user109.json,idx_86
pinch,trainingSamples,raw_data/EMG-EPN612/testingJSON/user109/user109.json,idx_87
pinch,trainingSamples,raw_data/EMG-EPN612/testingJSON/user109/user109.json,idx_88
pinch,trainingSamples,raw_data/EMG-EPN612/testingJSON/user109/user109.json,idx_89
pinch,trainingSamples,raw_data/EMG-EPN612/testingJSON/user109/user109.json,idx_90
pinch,trainingSamples,raw_data/EMG-EPN612/testingJSON/user109/user109.json,idx_91
pinch,trainingSamples,raw_data/EMG-EPN612/testingJSON/user109/user109.json,idx_92
pinch,trainingSamples,raw_data/EMG-EPN612/testingJSON/user109/user109.json,idx_93
pinch,trainingSamples,raw_data/EMG-EPN612/testingJSON/user109/user109.json,idx_94
pinch,trainingSamples,raw_data/EMG-EPN612/testingJSON/user109/user109.json,idx_95
pinch,trainingSamples,raw_data/EMG-EPN612/testingJSON/user109/user109.json,idx_96
pinch,trainingSamples,raw_data/EMG-EPN612/testingJSON/user109/user109.json,idx_97
pinch,trainingSamples,raw_data/EMG-EPN612/testingJSON/user109/user109.json,idx_98
pinch,trainingSamples,raw_data/EMG-EPN612/testingJSON/user109/user109.json,idx_99
pinch,trainingSamples,raw_data/EMG-EPN612/testingJSON/user109/user109.json,idx_100
waveIn,trainingSamples,raw_data/EMG-EPN612/testingJSON/user109/user109.json,idx_101
waveIn,trainingSamples,raw_data/EMG-EPN612/testingJSON/user109/user109.json,idx_102
waveIn,trainingSamples,raw_data/EMG-EPN612/testingJSON/user109/user109.json,idx_103
waveIn,trainingSamples,raw_data/EMG-EPN612/testingJSON/user109/user109.json,idx_104
waveIn,trainingSamples,raw_data/EMG-EPN612/testingJSON/user109/user109.json,idx_105
waveIn,trainingSamples,raw_data/EMG-EPN612/testingJSON/user109/user109.json,idx_106
waveIn,trainingSamples,raw_data/EMG-EPN612/testingJSON/user109/user109.json,idx_107
waveIn,trainingSamples,raw_data/EMG-EPN612/testingJSON/user109/user109.json,idx_108
waveIn,trainingSamples,raw_data/EMG-EPN612/testingJSON/user109/user109.json,idx_109
waveIn,trainingSamples,raw_data/EMG-EPN612/testingJSON/user109/user109.json,idx_110
waveIn,trainingSamples,raw_data/EMG-EPN612/testingJSON/user109/user109.json,idx_111
waveIn,trainingSamples,raw_data/EMG-EPN612/testingJSON/user109/user109.json,idx_112
waveIn,trainingSamples,raw_data/EMG-EPN612/testingJSON/user109/user109.json,idx_113
waveIn,trainingSamples,raw_data/EMG-EPN612/testingJSON/user109/user109.json,idx_114
waveIn,trainingSamples,raw_data/EMG-EPN612/testingJSON/user109/user109.json,idx_115
waveIn,trainingSamples,raw_data/EMG-EPN612/testingJSON/user109/user109.json,idx_116
waveIn,trainingSamples,raw_data/EMG-EPN612/testingJSON/user109/user109.json,idx_117
waveIn,trainingSamples,raw_data/EMG-EPN612/testingJSON/user109/user109.json,idx_118
waveIn,trainingSamples,raw_data/EMG-EPN612/testingJSON/user109/user109.json,idx_119
waveIn,trainingSamples,raw_data/EMG-EPN612/testingJSON/user109/user109.json,idx_120
waveIn,trainingSamples,raw_data/EMG-EPN612/testingJSON/user109/user109.json,idx_121
waveIn,trainingSamples,raw_data/EMG-EPN612/testingJSON/user109/user109.json,idx_122
waveIn,trainingSamples,raw_data/EMG-EPN612/testingJSON/user109/user109.json,idx_123
waveIn,trainingSamples,raw_data/EMG-EPN612/testingJSON/user109/user109.json,idx_124
waveIn,trainingSamples,raw_data/EMG-EPN612/testingJSON/user109/user109.json,idx_125
waveOut,trainingSamples,raw_data/EMG-EPN612/testingJSON/user109/user109.json,idx_126
waveOut,trainingSamples,raw_data/EMG-EPN612/testingJSON/user109/user109.json,idx_127
waveOut,trainingSamples,raw_data/EMG-EPN612/testingJSON/user109/user109.json,idx_128
waveOut,trainingSamples,raw_data/EMG-EPN612/testingJSON/user109/user109.json,idx_129
waveOut,trainingSamples,raw_data/EMG-EPN612/testingJSON/user109/user109.json,idx_130
waveOut,trainingSamples,raw_data/EMG-EPN612/testingJSON/user109/user109.json,idx_131
waveOut,trainingSamples,raw_data/EMG-EPN612/testingJSON/user109/user109.json,idx_132
waveOut,trainingSamples,raw_data/EMG-EPN612/testingJSON/user109/user109.json,idx_133
waveOut,trainingSamples,raw_data/EMG-EPN612/testingJSON/user109/user109.json,idx_134
waveOut,trainingSamples,raw_data/EMG-EPN612/testingJSON/user109/user109.json,idx_135
waveOut,trainingSamples,raw_data/EMG-EPN612/testingJSON/user109/user109.json,idx_136
waveOut,trainingSamples,raw_data/EMG-EPN612/testingJSON/user109/user109.json,idx_137
waveOut,trainingSamples,raw_data/EMG-EPN612/testingJSON/user109/user109.json,idx_138
waveOut,trainingSamples,raw_data/EMG-EPN612/testingJSON/user109/user109.json,idx_139
waveOut,trainingSamples,raw_data/EMG-EPN612/testingJSON/user109/user109.json,idx_140
waveOut,trainingSamples,raw_data/EMG-EPN612/testingJSON/user109/user109.json,idx_141
waveOut,trainingSamples,raw_data/EMG-EPN612/testingJSON/user109/user109.json,idx_142
waveOut,trainingSamples,raw_data/EMG-EPN612/testingJSON/user109/user109.json,idx_143
waveOut,trainingSamples,raw_data/EMG-EPN612/testingJSON/user109/user109.json,idx_144
waveOut,trainingSamples,raw_data/EMG-EPN612/testingJSON/user109/user109.json,idx_145
waveOut,trainingSamples,raw_data/EMG-EPN612/testingJSON/user109/user109.json,idx_146
waveOut,trainingSamples,raw_data/EMG-EPN612/testingJSON/user109/user109.json,idx_147
waveOut,trainingSamples,raw_data/EMG-EPN612/testingJSON/user109/user109.json,idx_148
waveOut,trainingSamples,raw_data/EMG-EPN612/testingJSON/user109/user109.json,idx_149
waveOut,trainingSamples,raw_data/EMG-EPN612/testingJSON/user109/user109.json,idx_150
noGesture,trainingSamples,raw_data/EMG-EPN612/testingJSON/user11/user11.json,idx_1
noGesture,trainingSamples,raw_data/EMG-EPN612/testingJSON/user11/user11.json,idx_2
noGesture,trainingSamples,raw_data/EMG-EPN612/testingJSON/user11/user11.json,idx_3
noGesture,trainingSamples,raw_data/EMG-EPN612/testingJSON/user11/user11.json,idx_4
noGesture,trainingSamples,raw_data/EMG-EPN612/testingJSON/user11/user11.json,idx_5
noGesture,trainingSamples,raw_data/EMG-EPN612/testingJSON/user11/user11.json,idx_6
noGesture,trainingSamples,raw_data/EMG-EPN612/testingJSON/user11/user11.json,idx_7
noGesture,trainingSamples,raw_data/EMG-EPN612/testingJSON/user11/user11.json,idx_8
noGesture,trainingSamples,raw_data/EMG-EPN612/testingJSON/user11/user11.json,idx_9
noGesture,trainingSamples,raw_data/EMG-EPN612/testingJSON/user11/user11.json,idx_10
noGesture,trainingSamples,raw_data/EMG-EPN612/testingJSON/user11/user11.json,idx_11
noGesture,trainingSamples,raw_data/EMG-EPN612/testingJSON/user11/user11.json,idx_12
noGesture,trainingSamples,raw_data/EMG-EPN612/testingJSON/user11/user11.json,idx_13
noGesture,trainingSamples,raw_data/EMG-EPN612/testingJSON/user11/user11.json,idx_14
noGesture,trainingSamples,raw_data/EMG-EPN612/testingJSON/user11/user11.json,idx_15
noGesture,trainingSamples,raw_data/EMG-EPN612/testingJSON/user11/user11.json,idx_16
noGesture,trainingSamples,raw_data/EMG-EPN612/testingJSON/user11/user11.json,idx_17
noGesture,trainingSamples,raw_data/EMG-EPN612/testingJSON/user11/user11.json,idx_18
noGesture,trainingSamples,raw_data/EMG-EPN612/testingJSON/user11/user11.json,idx_19
noGesture,trainingSamples,raw_data/EMG-EPN612/testingJSON/user11/user11.json,idx_20
noGesture,trainingSamples,raw_data/EMG-EPN612/testingJSON/user11/user11.json,idx_21
noGesture,trainingSamples,raw_data/EMG-EPN612/testingJSON/user11/user11.json,idx_22
noGesture,trainingSamples,raw_data/EMG-EPN612/testingJSON/user11/user11.json,idx_23
noGesture,trainingSamples,raw_data/EMG-EPN612/testingJSON/user11/user11.json,idx_24
noGesture,trainingSamples,raw_data/EMG-EPN612/testingJSON/user11/user11.json,idx_25
pinch,trainingSamples,raw_data/EMG-EPN612/testingJSON/user11/user11.json,idx_26
pinch,trainingSamples,raw_data/EMG-EPN612/testingJSON/user11/user11.json,idx_27
pinch,trainingSamples,raw_data/EMG-EPN612/testingJSON/user11/user11.json,idx_28
pinch,trainingSamples,raw_data/EMG-EPN612/testingJSON/user11/user11.json,idx_29
pinch,trainingSamples,raw_data/EMG-EPN612/testingJSON/user11/user11.json,idx_30
pinch,trainingSamples,raw_data/EMG-EPN612/testingJSON/user11/user11.json,idx_31
pinch,trainingSamples,raw_data/EMG-EPN612/testingJSON/user11/user11.json,idx_32
pinch,trainingSamples,raw_data/EMG-EPN612/testingJSON/user11/user11.json,idx_33
pinch,trainingSamples,raw_data/EMG-EPN612/testingJSON/user11/user11.json,idx_34
pinch,trainingSamples,raw_data/EMG-EPN612/testingJSON/user11/user11.json,idx_35
pinch,trainingSamples,raw_data/EMG-EPN612/testingJSON/user11/user11.json,idx_36
pinch,trainingSamples,raw_data/EMG-EPN612/testingJSON/user11/user11.json,idx_37
pinch,trainingSamples,raw_data/EMG-EPN612/testingJSON/user11/user11.json,idx_38
pinch,trainingSamples,raw_data/EMG-EPN612/testingJSON/user11/user11.json,idx_39
pinch,trainingSamples,raw_data/EMG-EPN612/testingJSON/user11/user11.json,idx_40
pinch,trainingSamples,raw_data/EMG-EPN612/testingJSON/user11/user11.json,idx_41
pinch,trainingSamples,raw_data/EMG-EPN612/testingJSON/user11/user11.json,idx_42
pinch,trainingSamples,raw_data/EMG-EPN612/testingJSON/user11/user11.json,idx_43
pinch,trainingSamples,raw_data/EMG-EPN612/testingJSON/user11/user11.json,idx_44
pinch,trainingSamples,raw_data/EMG-EPN612/testingJSON/user11/user11.json,idx_45
pinch,trainingSamples,raw_data/EMG-EPN612/testingJSON/user11/user11.json,idx_46
pinch,trainingSamples,raw_data/EMG-EPN612/testingJSON/user11/user11.json,idx_47
pinch,trainingSamples,raw_data/EMG-EPN612/testingJSON/user11/user11.json,idx_48
pinch,trainingSamples,raw_data/EMG-EPN612/testingJSON/user11/user11.json,idx_49
pinch,trainingSamples,raw_data/EMG-EPN612/testingJSON/user11/user11.json,idx_50
waveOut,trainingSamples,raw_data/EMG-EPN612/testingJSON/user11/user11.json,idx_51
waveOut,trainingSamples,raw_data/EMG-EPN612/testingJSON/user11/user11.json,idx_52
waveOut,trainingSamples,raw_data/EMG-EPN612/testingJSON/user11/user11.json,idx_53
waveOut,trainingSamples,raw_data/EMG-EPN612/testingJSON/user11/user11.json,idx_54
waveOut,trainingSamples,raw_data/EMG-EPN612/testingJSON/user11/user11.json,idx_55
waveOut,trainingSamples,raw_data/EMG-EPN612/testingJSON/user11/user11.json,idx_56
waveOut,trainingSamples,raw_data/EMG-EPN612/testingJSON/user11/user11.json,idx_57
waveOut,trainingSamples,raw_data/EMG-EPN612/testingJSON/user11/user11.json,idx_58
waveOut,trainingSamples,raw_data/EMG-EPN612/testingJSON/user11/user11.json,idx_59
waveOut,trainingSamples,raw_data/EMG-EPN612/testingJSON/user11/user11.json,idx_60
waveOut,trainingSamples,raw_data/EMG-EPN612/testingJSON/user11/user11.json,idx_61
waveOut,trainingSamples,raw_data/EMG-EPN612/testingJSON/user11/user11.json,idx_62
waveOut,trainingSamples,raw_data/EMG-EPN612/testingJSON/user11/user11.json,idx_63
waveOut,trainingSamples,raw_data/EMG-EPN612/testingJSON/user11/user11.json,idx_64
waveOut,trainingSamples,raw_data/EMG-EPN612/testingJSON/user11/user11.json,idx_65
waveOut,trainingSamples,raw_data/EMG-EPN612/testingJSON/user11/user11.json,idx_66
waveOut,trainingSamples,raw_data/EMG-EPN612/testingJSON/user11/user11.json,idx_67
waveOut,trainingSamples,raw_data/EMG-EPN612/testingJSON/user11/user11.json,idx_68
waveOut,trainingSamples,raw_data/EMG-EPN612/testingJSON/user11/user11.json,idx_69
waveOut,trainingSamples,raw_data/EMG-EPN612/testingJSON/user11/user11.json,idx_70
waveOut,trainingSamples,raw_data/EMG-EPN612/testingJSON/user11/user11.json,idx_71
waveOut,trainingSamples,raw_data/EMG-EPN612/testingJSON/user11/user11.json,idx_72
waveOut,trainingSamples,raw_data/EMG-EPN612/testingJSON/user11/user11.json,idx_73
waveOut,trainingSamples,raw_data/EMG-EPN612/testingJSON/user11/user11.json,idx_74
waveOut,trainingSamples,raw_data/EMG-EPN612/testingJSON/user11/user11.json,idx_75
open,trainingSamples,raw_data/EMG-EPN612/testingJSON/user11/user11.json,idx_76
open,trainingSamples,raw_data/EMG-EPN612/testingJSON/user11/user11.json,idx_77
open,trainingSamples,raw_data/EMG-EPN612/testingJSON/user11/user11.json,idx_78
open,trainingSamples,raw_data/EMG-EPN612/testingJSON/user11/user11.json,idx_79
open,trainingSamples,raw_data/EMG-EPN612/testingJSON/user11/user11.json,idx_80
open,trainingSamples,raw_data/EMG-EPN612/testingJSON/user11/user11.json,idx_81
open,trainingSamples,raw_data/EMG-EPN612/testingJSON/user11/user11.json,idx_82
open,trainingSamples,raw_data/EMG-EPN612/testingJSON/user11/user11.json,idx_83
open,trainingSamples,raw_data/EMG-EPN612/testingJSON/user11/user11.json,idx_84
open,trainingSamples,raw_data/EMG-EPN612/testingJSON/user11/user11.json,idx_85
open,trainingSamples,raw_data/EMG-EPN612/testingJSON/user11/user11.json,idx_86
open,trainingSamples,raw_data/EMG-EPN612/testingJSON/user11/user11.json,idx_87
open,trainingSamples,raw_data/EMG-EPN612/testingJSON/user11/user11.json,idx_88
open,trainingSamples,raw_data/EMG-EPN612/testingJSON/user11/user11.json,idx_89
open,trainingSamples,raw_data/EMG-EPN612/testingJSON/user11/user11.json,idx_90
open,trainingSamples,raw_data/EMG-EPN612/testingJSON/user11/user11.json,idx_91
open,trainingSamples,raw_data/EMG-EPN612/testingJSON/user11/user11.json,idx_92
open,trainingSamples,raw_data/EMG-EPN612/testingJSON/user11/user11.json,idx_93
open,trainingSamples,raw_data/EMG-EPN612/testingJSON/user11/user11.json,idx_94
open,trainingSamples,raw_data/EMG-EPN612/testingJSON/user11/user11.json,idx_95
open,trainingSamples,raw_data/EMG-EPN612/testingJSON/user11/user11.json,idx_96
open,trainingSamples,raw_data/EMG-EPN612/testingJSON/user11/user11.json,idx_97
open,trainingSamples,raw_data/EMG-EPN612/testingJSON/user11/user11.json,idx_98
open,trainingSamples,raw_data/EMG-EPN612/testingJSON/user11/user11.json,idx_99
open,trainingSamples,raw_data/EMG-EPN612/testingJSON/user11/user11.json,idx_100
waveIn,trainingSamples,raw_data/EMG-EPN612/testingJSON/user11/user11.json,idx_101
waveIn,trainingSamples,raw_data/EMG-EPN612/testingJSON/user11/user11.json,idx_102
waveIn,trainingSamples,raw_data/EMG-EPN612/testingJSON/user11/user11.json,idx_103
waveIn,trainingSamples,raw_data/EMG-EPN612/testingJSON/user11/user11.json,idx_104
waveIn,trainingSamples,raw_data/EMG-EPN612/testingJSON/user11/user11.json,idx_105
waveIn,trainingSamples,raw_data/EMG-EPN612/testingJSON/user11/user11.json,idx_106
waveIn,trainingSamples,raw_data/EMG-EPN612/testingJSON/user11/user11.json,idx_107
waveIn,trainingSamples,raw_data/EMG-EPN612/testingJSON/user11/user11.json,idx_108
waveIn,trainingSamples,raw_data/EMG-EPN612/testingJSON/user11/user11.json,idx_109
waveIn,trainingSamples,raw_data/EMG-EPN612/testingJSON/user11/user11.json,idx_110
waveIn,trainingSamples,raw_data/EMG-EPN612/testingJSON/user11/user11.json,idx_111
waveIn,trainingSamples,raw_data/EMG-EPN612/testingJSON/user11/user11.json,idx_112
waveIn,trainingSamples,raw_data/EMG-EPN612/testingJSON/user11/user11.json,idx_113
waveIn,trainingSamples,raw_data/EMG-EPN612/testingJSON/user11/user11.json,idx_114
waveIn,trainingSamples,raw_data/EMG-EPN612/testingJSON/user11/user11.json,idx_115
waveIn,trainingSamples,raw_data/EMG-EPN612/testingJSON/user11/user11.json,idx_116
waveIn,trainingSamples,raw_data/EMG-EPN612/testingJSON/user11/user11.json,idx_117
waveIn,trainingSamples,raw_data/EMG-EPN612/testingJSON/user11/user11.json,idx_118
waveIn,trainingSamples,raw_data/EMG-EPN612/testingJSON/user11/user11.json,idx_119
waveIn,trainingSamples,raw_data/EMG-EPN612/testingJSON/user11/user11.json,idx_120
waveIn,trainingSamples,raw_data/EMG-EPN612/testingJSON/user11/user11.json,idx_121
waveIn,trainingSamples,raw_data/EMG-EPN612/testingJSON/user11/user11.json,idx_122
waveIn,trainingSamples,raw_data/EMG-EPN612/testingJSON/user11/user11.json,idx_123
waveIn,trainingSamples,raw_data/EMG-EPN612/testingJSON/user11/user11.json,idx_124
waveIn,trainingSamples,raw_data/EMG-EPN612/testingJSON/user11/user11.json,idx_125
fist,trainingSamples,raw_data/EMG-EPN612/testingJSON/user11/user11.json,idx_126
fist,trainingSamples,raw_data/EMG-EPN612/testingJSON/user11/user11.json,idx_127
fist,trainingSamples,raw_data/EMG-EPN612/testingJSON/user11/user11.json,idx_128
fist,trainingSamples,raw_data/EMG-EPN612/testingJSON/user11/user11.json,idx_129
fist,trainingSamples,raw_data/EMG-EPN612/testingJSON/user11/user11.json,idx_130
fist,trainingSamples,raw_data/EMG-EPN612/testingJSON/user11/user11.json,idx_131
fist,trainingSamples,raw_data/EMG-EPN612/testingJSON/user11/user11.json,idx_132
fist,trainingSamples,raw_data/EMG-EPN612/testingJSON/user11/user11.json,idx_133
fist,trainingSamples,raw_data/EMG-EPN612/testingJSON/user11/user11.json,idx_134
fist,trainingSamples,raw_data/EMG-EPN612/testingJSON/user11/user11.json,idx_135
fist,trainingSamples,raw_data/EMG-EPN612/testingJSON/user11/user11.json,idx_136
fist,trainingSamples,raw_data/EMG-EPN612/testingJSON/user11/user11.json,idx_137
fist,trainingSamples,raw_data/EMG-EPN612/testingJSON/user11/user11.json,idx_138
fist,trainingSamples,raw_data/EMG-EPN612/testingJSON/user11/user11.json,idx_139
fist,trainingSamples,raw_data/EMG-EPN612/testingJSON/user11/user11.json,idx_140
fist,trainingSamples,raw_data/EMG-EPN612/testingJSON/user11/user11.json,idx_141
fist,trainingSamples,raw_data/EMG-EPN612/testingJSON/user11/user11.json,idx_142
fist,trainingSamples,raw_data/EMG-EPN612/testingJSON/user11/user11.json,idx_143
fist,trainingSamples,raw_data/EMG-EPN612/testingJSON/user11/user11.json,idx_144
fist,trainingSamples,raw_data/EMG-EPN612/testingJSON/user11/user11.json,idx_145
fist,trainingSamples,raw_data/EMG-EPN612/testingJSON/user11/user11.json,idx_146
fist,trainingSamples,raw_data/EMG-EPN612/testingJSON/user11/user11.json,idx_147
fist,trainingSamples,raw_data/EMG-EPN612/testingJSON/user11/user11.json,idx_148
fist,trainingSamples,raw_data/EMG-EPN612/testingJSON/user11/user11.json,idx_149
fist,trainingSamples,raw_data/EMG-EPN612/testingJSON/user11/user11.json,idx_150
noGesture,trainingSamples,raw_data/EMG-EPN612/testingJSON/user110/user110.json,idx_1
noGesture,trainingSamples,raw_data/EMG-EPN612/testingJSON/user110/user110.json,idx_2
noGesture,trainingSamples,raw_data/EMG-EPN612/testingJSON/user110/user110.json,idx_3
noGesture,trainingSamples,raw_data/EMG-EPN612/testingJSON/user110/user110.json,idx_4
noGesture,trainingSamples,raw_data/EMG-EPN612/testingJSON/user110/user110.json,idx_5
noGesture,trainingSamples,raw_data/EMG-EPN612/testingJSON/user110/user110.json,idx_6
noGesture,trainingSamples,raw_data/EMG-EPN612/testingJSON/user110/user110.json,idx_7
noGesture,trainingSamples,raw_data/EMG-EPN612/testingJSON/user110/user110.json,idx_8
noGesture,trainingSamples,raw_data/EMG-EPN612/testingJSON/user110/user110.json,idx_9
noGesture,trainingSamples,raw_data/EMG-EPN612/testingJSON/user110/user110.json,idx_10
noGesture,trainingSamples,raw_data/EMG-EPN612/testingJSON/user110/user110.json,idx_11
noGesture,trainingSamples,raw_data/EMG-EPN612/testingJSON/user110/user110.json,idx_12
noGesture,trainingSamples,raw_data/EMG-EPN612/testingJSON/user110/user110.json,idx_13
noGesture,trainingSamples,raw_data/EMG-EPN612/testingJSON/user110/user110.json,idx_14
noGesture,trainingSamples,raw_data/EMG-EPN612/testingJSON/user110/user110.json,idx_15
noGesture,trainingSamples,raw_data/EMG-EPN612/testingJSON/user110/user110.json,idx_16
noGesture,trainingSamples,raw_data/EMG-EPN612/testingJSON/user110/user110.json,idx_17
noGesture,trainingSamples,raw_data/EMG-EPN612/testingJSON/user110/user110.json,idx_18
noGesture,trainingSamples,raw_data/EMG-EPN612/testingJSON/user110/user110.json,idx_19
noGesture,trainingSamples,raw_data/EMG-EPN612/testingJSON/user110/user110.json,idx_20
noGesture,trainingSamples,raw_data/EMG-EPN612/testingJSON/user110/user110.json,idx_21
noGesture,trainingSamples,raw_data/EMG-EPN612/testingJSON/user110/user110.json,idx_22
noGesture,trainingSamples,raw_data/EMG-EPN612/testingJSON/user110/user110.json,idx_23
noGesture,trainingSamples,raw_data/EMG-EPN612/testingJSON/user110/user110.json,idx_24
noGesture,trainingSamples,raw_data/EMG-EPN612/testingJSON/user110/user110.json,idx_25
fist,trainingSamples,raw_data/EMG-EPN612/testingJSON/user110/user110.json,idx_26
fist,trainingSamples,raw_data/EMG-EPN612/testingJSON/user110/user110.json,idx_27
fist,trainingSamples,raw_data/EMG-EPN612/testingJSON/user110/user110.json,idx_28
fist,trainingSamples,raw_data/EMG-EPN612/testingJSON/user110/user110.json,idx_29
fist,trainingSamples,raw_data/EMG-EPN612/testingJSON/user110/user110.json,idx_30
fist,trainingSamples,raw_data/EMG-EPN612/testingJSON/user110/user110.json,idx_31
fist,trainingSamples,raw_data/EMG-EPN612/testingJSON/user110/user110.json,idx_32
fist,trainingSamples,raw_data/EMG-EPN612/testingJSON/user110/user110.json,idx_33
fist,trainingSamples,raw_data/EMG-EPN612/testingJSON/user110/user110.json,idx_34
fist,trainingSamples,raw_data/EMG-EPN612/testingJSON/user110/user110.json,idx_35
fist,trainingSamples,raw_data/EMG-EPN612/testingJSON/user110/user110.json,idx_36
fist,trainingSamples,raw_data/EMG-EPN612/testingJSON/user110/user110.json,idx_37
fist,trainingSamples,raw_data/EMG-EPN612/testingJSON/user110/user110.json,idx_38
fist,trainingSamples,raw_data/EMG-EPN612/testingJSON/user110/user110.json,idx_39
fist,trainingSamples,raw_data/EMG-EPN612/testingJSON/user110/user110.json,idx_40
fist,trainingSamples,raw_data/EMG-EPN612/testingJSON/user110/user110.json,idx_41
fist,trainingSamples,raw_data/EMG-EPN612/testingJSON/user110/user110.json,idx_42
fist,trainingSamples,raw_data/EMG-EPN612/testingJSON/user110/user110.json,idx_43
fist,trainingSamples,raw_data/EMG-EPN612/testingJSON/user110/user110.json,idx_44
fist,trainingSamples,raw_data/EMG-EPN612/testingJSON/user110/user110.json,idx_45
fist,trainingSamples,raw_data/EMG-EPN612/testingJSON/user110/user110.json,idx_46
fist,trainingSamples,raw_data/EMG-EPN612/testingJSON/user110/user110.json,idx_47
fist,trainingSamples,raw_data/EMG-EPN612/testingJSON/user110/user110.json,idx_48
fist,trainingSamples,raw_data/EMG-EPN612/testingJSON/user110/user110.json,idx_49
fist,trainingSamples,raw_data/EMG-EPN612/testingJSON/user110/user110.json,idx_50
open,trainingSamples,raw_data/EMG-EPN612/testingJSON/user110/user110.json,idx_51
open,trainingSamples,raw_data/EMG-EPN612/testingJSON/user110/user110.json,idx_52
open,trainingSamples,raw_data/EMG-EPN612/testingJSON/user110/user110.json,idx_53
open,trainingSamples,raw_data/EMG-EPN612/testingJSON/user110/user110.json,idx_54
open,trainingSamples,raw_data/EMG-EPN612/testingJSON/user110/user110.json,idx_55
open,trainingSamples,raw_data/EMG-EPN612/testingJSON/user110/user110.json,idx_56
open,trainingSamples,raw_data/EMG-EPN612/testingJSON/user110/user110.json,idx_57
open,trainingSamples,raw_data/EMG-EPN612/testingJSON/user110/user110.json,idx_58
open,trainingSamples,raw_data/EMG-EPN612/testingJSON/user110/user110.json,idx_59
open,trainingSamples,raw_data/EMG-EPN612/testingJSON/user110/user110.json,idx_60
open,trainingSamples,raw_data/EMG-EPN612/testingJSON/user110/user110.json,idx_61
open,trainingSamples,raw_data/EMG-EPN612/testingJSON/user110/user110.json,idx_62
open,trainingSamples,raw_data/EMG-EPN612/testingJSON/user110/user110.json,idx_63
open,trainingSamples,raw_data/EMG-EPN612/testingJSON/user110/user110.json,idx_64
open,trainingSamples,raw_data/EMG-EPN612/testingJSON/user110/user110.json,idx_65
open,trainingSamples,raw_data/EMG-EPN612/testingJSON/user110/user110.json,idx_66
open,trainingSamples,raw_data/EMG-EPN612/testingJSON/user110/user110.json,idx_67
open,trainingSamples,raw_data/EMG-EPN612/testingJSON/user110/user110.json,idx_68
open,trainingSamples,raw_data/EMG-EPN612/testingJSON/user110/user110.json,idx_69
open,trainingSamples,raw_data/EMG-EPN612/testingJSON/user110/user110.json,idx_70
open,trainingSamples,raw_data/EMG-EPN612/testingJSON/user110/user110.json,idx_71
open,trainingSamples,raw_data/EMG-EPN612/testingJSON/user110/user110.json,idx_72
open,trainingSamples,raw_data/EMG-EPN612/testingJSON/user110/user110.json,idx_73
open,trainingSamples,raw_data/EMG-EPN612/testingJSON/user110/user110.json,idx_74
open,trainingSamples,raw_data/EMG-EPN612/testingJSON/user110/user110.json,idx_75
pinch,trainingSamples,raw_data/EMG-EPN612/testingJSON/user110/user110.json,idx_76
pinch,trainingSamples,raw_data/EMG-EPN612/testingJSON/user110/user110.json,idx_77
pinch,trainingSamples,raw_data/EMG-EPN612/testingJSON/user110/user110.json,idx_78
pinch,trainingSamples,raw_data/EMG-EPN612/testingJSON/user110/user110.json,idx_79
pinch,trainingSamples,raw_data/EMG-EPN612/testingJSON/user110/user110.json,idx_80
pinch,trainingSamples,raw_data/EMG-EPN612/testingJSON/user110/user110.json,idx_81
pinch,trainingSamples,raw_data/EMG-EPN612/testingJSON/user110/user110.json,idx_82
pinch,trainingSamples,raw_data/EMG-EPN612/testingJSON/user110/user110.json,idx_83
pinch,trainingSamples,raw_data/EMG-EPN612/testingJSON/user110/user110.json,idx_84
pinch,trainingSamples,raw_data/EMG-EPN612/testingJSON/user110/user110.json,idx_85
pinch,trainingSamples,raw_data/EMG-EPN612/testingJSON/user110/user110.json,idx_86
pinch,trainingSamples,raw_data/EMG-EPN612/testingJSON/user110/user110.json,idx_87
pinch,trainingSamples,raw_data/EMG-EPN612/testingJSON/user110/user110.json,idx_88
pinch,trainingSamples,raw_data/EMG-EPN612/testingJSON/user110/user110.json,idx_89
pinch,trainingSamples,raw_data/EMG-EPN612/testingJSON/user110/user110.json,idx_90
pinch,trainingSamples,raw_data/EMG-EPN612/testingJSON/user110/user110.json,idx_91
pinch,trainingSamples,raw_data/EMG-EPN612/testingJSON/user110/user110.json,idx_92
pinch,trainingSamples,raw_data/EMG-EPN612/testingJSON/user110/user110.json,idx_93
pinch,trainingSamples,raw_data/EMG-EPN612/testingJSON/user110/user110.json,idx_94
pinch,trainingSamples,raw_data/EMG-EPN612/testingJSON/user110/user110.json,idx_95
pinch,trainingSamples,raw_data/EMG-EPN612/testingJSON/user110/user110.json,idx_96
pinch,trainingSamples,raw_data/EMG-EPN612/testingJSON/user110/user110.json,idx_97
pinch,trainingSamples,raw_data/EMG-EPN612/testingJSON/user110/user110.json,idx_98
pinch,trainingSamples,raw_data/EMG-EPN612/testingJSON/user110/user110.json,idx_99
pinch,trainingSamples,raw_data/EMG-EPN612/testingJSON/user110/user110.json,idx_100
waveOut,trainingSamples,raw_data/EMG-EPN612/testingJSON/user110/user110.json,idx_101
waveOut,trainingSamples,raw_data/EMG-EPN612/testingJSON/user110/user110.json,idx_102
waveOut,trainingSamples,raw_data/EMG-EPN612/testingJSON/user110/user110.json,idx_103
waveOut,trainingSamples,raw_data/EMG-EPN612/testingJSON/user110/user110.json,idx_104
waveOut,trainingSamples,raw_data/EMG-EPN612/testingJSON/user110/user110.json,idx_105
waveOut,trainingSamples,raw_data/EMG-EPN612/testingJSON/user110/user110.json,idx_106
waveOut,trainingSamples,raw_data/EMG-EPN612/testingJSON/user110/user110.json,idx_107
waveOut,trainingSamples,raw_data/EMG-EPN612/testingJSON/user110/user110.json,idx_108
waveOut,trainingSamples,raw_data/EMG-EPN612/testingJSON/user110/user110.json,idx_109
waveOut,trainingSamples,raw_data/EMG-EPN612/testingJSON/user110/user110.json,idx_110
waveOut,trainingSamples,raw_data/EMG-EPN612/testingJSON/user110/user110.json,idx_111
waveOut,trainingSamples,raw_data/EMG-EPN612/testingJSON/user110/user110.json,idx_112
waveOut,trainingSamples,raw_data/EMG-EPN612/testingJSON/user110/user110.json,idx_113
waveOut,trainingSamples,raw_data/EMG-EPN612/testingJSON/user110/user110.json,idx_114
waveOut,trainingSamples,raw_data/EMG-EPN612/testingJSON/user110/user110.json,idx_115
waveOut,trainingSamples,raw_data/EMG-EPN612/testingJSON/user110/user110.json,idx_116
waveOut,trainingSamples,raw_data/EMG-EPN612/testingJSON/user110/user110.json,idx_117
waveOut,trainingSamples,raw_data/EMG-EPN612/testingJSON/user110/user110.json,idx_118
waveOut,trainingSamples,raw_data/EMG-EPN612/testingJSON/user110/user110.json,idx_119
waveOut,trainingSamples,raw_data/EMG-EPN612/testingJSON/user110/user110.json,idx_120
waveOut,trainingSamples,raw_data/EMG-EPN612/testingJSON/user110/user110.json,idx_121
waveOut,trainingSamples,raw_data/EMG-EPN612/testingJSON/user110/user110.json,idx_122
waveOut,trainingSamples,raw_data/EMG-EPN612/testingJSON/user110/user110.json,idx_123
waveOut,trainingSamples,raw_data/EMG-EPN612/testingJSON/user110/user110.json,idx_124
waveOut,trainingSamples,raw_data/EMG-EPN612/testingJSON/user110/user110.json,idx_125
waveIn,trainingSamples,raw_data/EMG-EPN612/testingJSON/user110/user110.json,idx_126
waveIn,trainingSamples,raw_data/EMG-EPN612/testingJSON/user110/user110.json,idx_127
waveIn,trainingSamples,raw_data/EMG-EPN612/testingJSON/user110/user110.json,idx_128
waveIn,trainingSamples,raw_data/EMG-EPN612/testingJSON/user110/user110.json,idx_129
waveIn,trainingSamples,raw_data/EMG-EPN612/testingJSON/user110/user110.json,idx_130
waveIn,trainingSamples,raw_data/EMG-EPN612/testingJSON/user110/user110.json,idx_131
waveIn,trainingSamples,raw_data/EMG-EPN612/testingJSON/user110/user110.json,idx_132
waveIn,trainingSamples,raw_data/EMG-EPN612/testingJSON/user110/user110.json,idx_133
waveIn,trainingSamples,raw_data/EMG-EPN612/testingJSON/user110/user110.json,idx_134
waveIn,trainingSamples,raw_data/EMG-EPN612/testingJSON/user110/user110.json,idx_135
waveIn,trainingSamples,raw_data/EMG-EPN612/testingJSON/user110/user110.json,idx_136
waveIn,trainingSamples,raw_data/EMG-EPN612/testingJSON/user110/user110.json,idx_137
waveIn,trainingSamples,raw_data/EMG-EPN612/testingJSON/user110/user110.json,idx_138
waveIn,trainingSamples,raw_data/EMG-EPN612/testingJSON/user110/user110.json,idx_139
waveIn,trainingSamples,raw_data/EMG-EPN612/testingJSON/user110/user110.json,idx_140
waveIn,trainingSamples,raw_data/EMG-EPN612/testingJSON/user110/user110.json,idx_141
waveIn,trainingSamples,raw_data/EMG-EPN612/testingJSON/user110/user110.json,idx_142
waveIn,trainingSamples,raw_data/EMG-EPN612/testingJSON/user110/user110.json,idx_143
waveIn,trainingSamples,raw_data/EMG-EPN612/testingJSON/user110/user110.json,idx_144
waveIn,trainingSamples,raw_data/EMG-EPN612/testingJSON/user110/user110.json,idx_145
waveIn,trainingSamples,raw_data/EMG-EPN612/testingJSON/user110/user110.json,idx_146
waveIn,trainingSamples,raw_data/EMG-EPN612/testingJSON/user110/user110.json,idx_147
waveIn,trainingSamples,raw_data/EMG-EPN612/testingJSON/user110/user110.json,idx_148
waveIn,trainingSamples,raw_data/EMG-EPN612/testingJSON/user110/user110.json,idx_149
waveIn,trainingSamples,raw_data/EMG-EPN612/testingJSON/user110/user110.json,idx_150
noGesture,trainingSamples,raw_data/EMG-EPN612/testingJSON/user111/user111.json,idx_1
noGesture,trainingSamples,raw_data/EMG-EPN612/testingJSON/user111/user111.json,idx_2
noGesture,trainingSamples,raw_data/EMG-EPN612/testingJSON/user111/user111.json,idx_3
noGesture,trainingSamples,raw_data/EMG-EPN612/testingJSON/user111/user111.json,idx_4
noGesture,trainingSamples,raw_data/EMG-EPN612/testingJSON/user111/user111.json,idx_5
noGesture,trainingSamples,raw_data/EMG-EPN612/testingJSON/user111/user111.json,idx_6
noGesture,trainingSamples,raw_data/EMG-EPN612/testingJSON/user111/user111.json,idx_7
noGesture,trainingSamples,raw_data/EMG-EPN612/testingJSON/user111/user111.json,idx_8
noGesture,trainingSamples,raw_data/EMG-EPN612/testingJSON/user111/user111.json,idx_9
noGesture,trainingSamples,raw_data/EMG-EPN612/testingJSON/user111/user111.json,idx_10
noGesture,trainingSamples,raw_data/EMG-EPN612/testingJSON/user111/user111.json,idx_11
noGesture,trainingSamples,raw_data/EMG-EPN612/testingJSON/user111/user111.json,idx_12
noGesture,trainingSamples,raw_data/EMG-EPN612/testingJSON/user111/user111.json,idx_13
noGesture,trainingSamples,raw_data/EMG-EPN612/testingJSON/user111/user111.json,idx_14
noGesture,trainingSamples,raw_data/EMG-EPN612/testingJSON/user111/user111.json,idx_15
noGesture,trainingSamples,raw_data/EMG-EPN612/testingJSON/user111/user111.json,idx_16
noGesture,trainingSamples,raw_data/EMG-EPN612/testingJSON/user111/user111.json,idx_17
noGesture,trainingSamples,raw_data/EMG-EPN612/testingJSON/user111/user111.json,idx_18
noGesture,trainingSamples,raw_data/EMG-EPN612/testingJSON/user111/user111.json,idx_19
noGesture,trainingSamples,raw_data/EMG-EPN612/testingJSON/user111/user111.json,idx_20
noGesture,trainingSamples,raw_data/EMG-EPN612/testingJSON/user111/user111.json,idx_21
noGesture,trainingSamples,raw_data/EMG-EPN612/testingJSON/user111/user111.json,idx_22
noGesture,trainingSamples,raw_data/EMG-EPN612/testingJSON/user111/user111.json,idx_23
noGesture,trainingSamples,raw_data/EMG-EPN612/testingJSON/user111/user111.json,idx_24
noGesture,trainingSamples,raw_data/EMG-EPN612/testingJSON/user111/user111.json,idx_25
pinch,trainingSamples,raw_data/EMG-EPN612/testingJSON/user111/user111.json,idx_26
pinch,trainingSamples,raw_data/EMG-EPN612/testingJSON/user111/user111.json,idx_27
pinch,trainingSamples,raw_data/EMG-EPN612/testingJSON/user111/user111.json,idx_28
pinch,trainingSamples,raw_data/EMG-EPN612/testingJSON/user111/user111.json,idx_29
pinch,trainingSamples,raw_data/EMG-EPN612/testingJSON/user111/user111.json,idx_30
pinch,trainingSamples,raw_data/EMG-EPN612/testingJSON/user111/user111.json,idx_31
pinch,trainingSamples,raw_data/EMG-EPN612/testingJSON/user111/user111.json,idx_32
pinch,trainingSamples,raw_data/EMG-EPN612/testingJSON/user111/user111.json,idx_33
pinch,trainingSamples,raw_data/EMG-EPN612/testingJSON/user111/user111.json,idx_34
pinch,trainingSamples,raw_data/EMG-EPN612/testingJSON/user111/user111.json,idx_35
pinch,trainingSamples,raw_data/EMG-EPN612/testingJSON/user111/user111.json,idx_36
pinch,trainingSamples,raw_data/EMG-EPN612/testingJSON/user111/user111.json,idx_37
pinch,trainingSamples,raw_data/EMG-EPN612/testingJSON/user111/user111.json,idx_38
pinch,trainingSamples,raw_data/EMG-EPN612/testingJSON/user111/user111.json,idx_39
pinch,trainingSamples,raw_data/EMG-EPN612/testingJSON/user111/user111.json,idx_40
pinch,trainingSamples,raw_data/EMG-EPN612/testingJSON/user111/user111.json,idx_41
pinch,trainingSamples,raw_data/EMG-EPN612/testingJSON/user111/user111.json,idx_42
pinch,trainingSamples,raw_data/EMG-EPN612/testingJSON/user111/user111.json,idx_43
pinch,trainingSamples,raw_data/EMG-EPN612/testingJSON/user111/user111.json,idx_44
pinch,trainingSamples,raw_data/EMG-EPN612/testingJSON/user111/user111.json,idx_45
pinch,trainingSamples,raw_data/EMG-EPN612/testingJSON/user111/user111.json,idx_46
pinch,trainingSamples,raw_data/EMG-EPN612/testingJSON/user111/user111.json,idx_47
pinch,trainingSamples,raw_data/EMG-EPN612/testingJSON/user111/user111.json,idx_48
pinch,trainingSamples,raw_data/EMG-EPN612/testingJSON/user111/user111.json,idx_49
pinch,trainingSamples,raw_data/EMG-EPN612/testingJSON/user111/user111.json,idx_50
waveOut,trainingSamples,raw_data/EMG-EPN612/testingJSON/user111/user111.json,idx_51
waveOut,trainingSamples,raw_data/EMG-EPN612/testingJSON/user111/user111.json,idx_52
waveOut,trainingSamples,raw_data/EMG-EPN612/testingJSON/user111/user111.json,idx_53
waveOut,trainingSamples,raw_data/EMG-EPN612/testingJSON/user111/user111.json,idx_54
waveOut,trainingSamples,raw_data/EMG-EPN612/testingJSON/user111/user111.json,idx_55
waveOut,trainingSamples,raw_data/EMG-EPN612/testingJSON/user111/user111.json,idx_56
waveOut,trainingSamples,raw_data/EMG-EPN612/testingJSON/user111/user111.json,idx_57
waveOut,trainingSamples,raw_data/EMG-EPN612/testingJSON/user111/user111.json,idx_58
waveOut,trainingSamples,raw_data/EMG-EPN612/testingJSON/user111/user111.json,idx_59
waveOut,trainingSamples,raw_data/EMG-EPN612/testingJSON/user111/user111.json,idx_60
waveOut,trainingSamples,raw_data/EMG-EPN612/testingJSON/user111/user111.json,idx_61
waveOut,trainingSamples,raw_data/EMG-EPN612/testingJSON/user111/user111.json,idx_62
waveOut,trainingSamples,raw_data/EMG-EPN612/testingJSON/user111/user111.json,idx_63
waveOut,trainingSamples,raw_data/EMG-EPN612/testingJSON/user111/user111.json,idx_64
waveOut,trainingSamples,raw_data/EMG-EPN612/testingJSON/user111/user111.json,idx_65
waveOut,trainingSamples,raw_data/EMG-EPN612/testingJSON/user111/user111.json,idx_66
waveOut,trainingSamples,raw_data/EMG-EPN612/testingJSON/user111/user111.json,idx_67
waveOut,trainingSamples,raw_data/EMG-EPN612/testingJSON/user111/user111.json,idx_68
waveOut,trainingSamples,raw_data/EMG-EPN612/testingJSON/user111/user111.json,idx_69
waveOut,trainingSamples,raw_data/EMG-EPN612/testingJSON/user111/user111.json,idx_70
waveOut,trainingSamples,raw_data/EMG-EPN612/testingJSON/user111/user111.json,idx_71
waveOut,trainingSamples,raw_data/EMG-EPN612/testingJSON/user111/user111.json,idx_72
waveOut,trainingSamples,raw_data/EMG-EPN612/testingJSON/user111/user111.json,idx_73
waveOut,trainingSamples,raw_data/EMG-EPN612/testingJSON/user111/user111.json,idx_74
waveOut,trainingSamples,raw_data/EMG-EPN612/testingJSON/user111/user111.json,idx_75
waveIn,trainingSamples,raw_data/EMG-EPN612/testingJSON/user111/user111.json,idx_76
waveIn,trainingSamples,raw_data/EMG-EPN612/testingJSON/user111/user111.json,idx_77
waveIn,trainingSamples,raw_data/EMG-EPN612/testingJSON/user111/user111.json,idx_78
waveIn,trainingSamples,raw_data/EMG-EPN612/testingJSON/user111/user111.json,idx_79
waveIn,trainingSamples,raw_data/EMG-EPN612/testingJSON/user111/user111.json,idx_80
waveIn,trainingSamples,raw_data/EMG-EPN612/testingJSON/user111/user111.json,idx_81
waveIn,trainingSamples,raw_data/EMG-EPN612/testingJSON/user111/user111.json,idx_82
waveIn,trainingSamples,raw_data/EMG-EPN612/testingJSON/user111/user111.json,idx_83
waveIn,trainingSamples,raw_data/EMG-EPN612/testingJSON/user111/user111.json,idx_84
waveIn,trainingSamples,raw_data/EMG-EPN612/testingJSON/user111/user111.json,idx_85
waveIn,trainingSamples,raw_data/EMG-EPN612/testingJSON/user111/user111.json,idx_86
waveIn,trainingSamples,raw_data/EMG-EPN612/testingJSON/user111/user111.json,idx_87
waveIn,trainingSamples,raw_data/EMG-EPN612/testingJSON/user111/user111.json,idx_88
waveIn,trainingSamples,raw_data/EMG-EPN612/testingJSON/user111/user111.json,idx_89
waveIn,trainingSamples,raw_data/EMG-EPN612/testingJSON/user111/user111.json,idx_90
waveIn,trainingSamples,raw_data/EMG-EPN612/testingJSON/user111/user111.json,idx_91
waveIn,trainingSamples,raw_data/EMG-EPN612/testingJSON/user111/user111.json,idx_92
waveIn,trainingSamples,raw_data/EMG-EPN612/testingJSON/user111/user111.json,idx_93
waveIn,trainingSamples,raw_data/EMG-EPN612/testingJSON/user111/user111.json,idx_94
waveIn,trainingSamples,raw_data/EMG-EPN612/testingJSON/user111/user111.json,idx_95
waveIn,trainingSamples,raw_data/EMG-EPN612/testingJSON/user111/user111.json,idx_96
waveIn,trainingSamples,raw_data/EMG-EPN612/testingJSON/user111/user111.json,idx_97
waveIn,trainingSamples,raw_data/EMG-EPN612/testingJSON/user111/user111.json,idx_98
waveIn,trainingSamples,raw_data/EMG-EPN612/testingJSON/user111/user111.json,idx_99
waveIn,trainingSamples,raw_data/EMG-EPN612/testingJSON/user111/user111.json,idx_100
fist,trainingSamples,raw_data/EMG-EPN612/testingJSON/user111/user111.json,idx_101
fist,trainingSamples,raw_data/EMG-EPN612/testingJSON/user111/user111.json,idx_102
fist,trainingSamples,raw_data/EMG-EPN612/testingJSON/user111/user111.json,idx_103
fist,trainingSamples,raw_data/EMG-EPN612/testingJSON/user111/user111.json,idx_104
fist,trainingSamples,raw_data/EMG-EPN612/testingJSON/user111/user111.json,idx_105
fist,trainingSamples,raw_data/EMG-EPN612/testingJSON/user111/user111.json,idx_106
fist,trainingSamples,raw_data/EMG-EPN612/testingJSON/user111/user111.json,idx_107
fist,trainingSamples,raw_data/EMG-EPN612/testingJSON/user111/user111.json,idx_108
fist,trainingSamples,raw_data/EMG-EPN612/testingJSON/user111/user111.json,idx_109
fist,trainingSamples,raw_data/EMG-EPN612/testingJSON/user111/user111.json,idx_110
fist,trainingSamples,raw_data/EMG-EPN612/testingJSON/user111/user111.json,idx_111
fist,trainingSamples,raw_data/EMG-EPN612/testingJSON/user111/user111.json,idx_112
fist,trainingSamples,raw_data/EMG-EPN612/testingJSON/user111/user111.json,idx_113
fist,trainingSamples,raw_data/EMG-EPN612/testingJSON/user111/user111.json,idx_114
fist,trainingSamples,raw_data/EMG-EPN612/testingJSON/user111/user111.json,idx_115
fist,trainingSamples,raw_data/EMG-EPN612/testingJSON/user111/user111.json,idx_116
fist,trainingSamples,raw_data/EMG-EPN612/testingJSON/user111/user111.json,idx_117
fist,trainingSamples,raw_data/EMG-EPN612/testingJSON/user111/user111.json,idx_118
fist,trainingSamples,raw_data/EMG-EPN612/testingJSON/user111/user111.json,idx_119
fist,trainingSamples,raw_data/EMG-EPN612/testingJSON/user111/user111.json,idx_120
fist,trainingSamples,raw_data/EMG-EPN612/testingJSON/user111/user111.json,idx_121
fist,trainingSamples,raw_data/EMG-EPN612/testingJSON/user111/user111.json,idx_122
fist,trainingSamples,raw_data/EMG-EPN612/testingJSON/user111/user111.json,idx_123
fist,trainingSamples,raw_data/EMG-EPN612/testingJSON/user111/user111.json,idx_124
fist,trainingSamples,raw_data/EMG-EPN612/testingJSON/user111/user111.json,idx_125
open,trainingSamples,raw_data/EMG-EPN612/testingJSON/user111/user111.json,idx_126
open,trainingSamples,raw_data/EMG-EPN612/testingJSON/user111/user111.json,idx_127
open,trainingSamples,raw_data/EMG-EPN612/testingJSON/user111/user111.json,idx_128
open,trainingSamples,raw_data/EMG-EPN612/testingJSON/user111/user111.json,idx_129
open,trainingSamples,raw_data/EMG-EPN612/testingJSON/user111/user111.json,idx_130
open,trainingSamples,raw_data/EMG-EPN612/testingJSON/user111/user111.json,idx_131
open,trainingSamples,raw_data/EMG-EPN612/testingJSON/user111/user111.json,idx_132
open,trainingSamples,raw_data/EMG-EPN612/testingJSON/user111/user111.json,idx_133
open,trainingSamples,raw_data/EMG-EPN612/testingJSON/user111/user111.json,idx_134
open,trainingSamples,raw_data/EMG-EPN612/testingJSON/user111/user111.json,idx_135
open,trainingSamples,raw_data/EMG-EPN612/testingJSON/user111/user111.json,idx_136
open,trainingSamples,raw_data/EMG-EPN612/testingJSON/user111/user111.json,idx_137
open,trainingSamples,raw_data/EMG-EPN612/testingJSON/user111/user111.json,idx_138
open,trainingSamples,raw_data/EMG-EPN612/testingJSON/user111/user111.json,idx_139
open,trainingSamples,raw_data/EMG-EPN612/testingJSON/user111/user111.json,idx_140
open,trainingSamples,raw_data/EMG-EPN612/testingJSON/user111/user111.json,idx_141
open,trainingSamples,raw_data/EMG-EPN612/testingJSON/user111/user111.json,idx_142
open,trainingSamples,raw_data/EMG-EPN612/testingJSON/user111/user111.json,idx_143
open,trainingSamples,raw_data/EMG-EPN612/testingJSON/user111/user111.json,idx_144
open,trainingSamples,raw_data/EMG-EPN612/testingJSON/user111/user111.json,idx_145
open,trainingSamples,raw_data/EMG-EPN612/testingJSON/user111/user111.json,idx_146
open,trainingSamples,raw_data/EMG-EPN612/testingJSON/user111/user111.json,idx_147
open,trainingSamples,raw_data/EMG-EPN612/testingJSON/user111/user111.json,idx_148
open,trainingSamples,raw_data/EMG-EPN612/testingJSON/user111/user111.json,idx_149
open,trainingSamples,raw_data/EMG-EPN612/testingJSON/user111/user111.json,idx_150
noGesture,trainingSamples,raw_data/EMG-EPN612/testingJSON/user112/user112.json,idx_1
noGesture,trainingSamples,raw_data/EMG-EPN612/testingJSON/user112/user112.json,idx_2
noGesture,trainingSamples,raw_data/EMG-EPN612/testingJSON/user112/user112.json,idx_3
noGesture,trainingSamples,raw_data/EMG-EPN612/testingJSON/user112/user112.json,idx_4
noGesture,trainingSamples,raw_data/EMG-EPN612/testingJSON/user112/user112.json,idx_5
noGesture,trainingSamples,raw_data/EMG-EPN612/testingJSON/user112/user112.json,idx_6
noGesture,trainingSamples,raw_data/EMG-EPN612/testingJSON/user112/user112.json,idx_7
noGesture,trainingSamples,raw_data/EMG-EPN612/testingJSON/user112/user112.json,idx_8
noGesture,trainingSamples,raw_data/EMG-EPN612/testingJSON/user112/user112.json,idx_9
noGesture,trainingSamples,raw_data/EMG-EPN612/testingJSON/user112/user112.json,idx_10
noGesture,trainingSamples,raw_data/EMG-EPN612/testingJSON/user112/user112.json,idx_11
noGesture,trainingSamples,raw_data/EMG-EPN612/testingJSON/user112/user112.json,idx_12
noGesture,trainingSamples,raw_data/EMG-EPN612/testingJSON/user112/user112.json,idx_13
noGesture,trainingSamples,raw_data/EMG-EPN612/testingJSON/user112/user112.json,idx_14
noGesture,trainingSamples,raw_data/EMG-EPN612/testingJSON/user112/user112.json,idx_15
noGesture,trainingSamples,raw_data/EMG-EPN612/testingJSON/user112/user112.json,idx_16
noGesture,trainingSamples,raw_data/EMG-EPN612/testingJSON/user112/user112.json,idx_17
noGesture,trainingSamples,raw_data/EMG-EPN612/testingJSON/user112/user112.json,idx_18
noGesture,trainingSamples,raw_data/EMG-EPN612/testingJSON/user112/user112.json,idx_19
noGesture,trainingSamples,raw_data/EMG-EPN612/testingJSON/user112/user112.json,idx_20
noGesture,trainingSamples,raw_data/EMG-EPN612/testingJSON/user112/user112.json,idx_21
noGesture,trainingSamples,raw_data/EMG-EPN612/testingJSON/user112/user112.json,idx_22
noGesture,trainingSamples,raw_data/EMG-EPN612/testingJSON/user112/user112.json,idx_23
noGesture,trainingSamples,raw_data/EMG-EPN612/testingJSON/user112/user112.json,idx_24
noGesture,trainingSamples,raw_data/EMG-EPN612/testingJSON/user112/user112.json,idx_25
fist,trainingSamples,raw_data/EMG-EPN612/testingJSON/user112/user112.json,idx_26
fist,trainingSamples,raw_data/EMG-EPN612/testingJSON/user112/user112.json,idx_27
fist,trainingSamples,raw_data/EMG-EPN612/testingJSON/user112/user112.json,idx_28
fist,trainingSamples,raw_data/EMG-EPN612/testingJSON/user112/user112.json,idx_29
fist,trainingSamples,raw_data/EMG-EPN612/testingJSON/user112/user112.json,idx_30
fist,trainingSamples,raw_data/EMG-EPN612/testingJSON/user112/user112.json,idx_31
fist,trainingSamples,raw_data/EMG-EPN612/testingJSON/user112/user112.json,idx_32
fist,trainingSamples,raw_data/EMG-EPN612/testingJSON/user112/user112.json,idx_33
fist,trainingSamples,raw_data/EMG-EPN612/testingJSON/user112/user112.json,idx_34
fist,trainingSamples,raw_data/EMG-EPN612/testingJSON/user112/user112.json,idx_35
fist,trainingSamples,raw_data/EMG-EPN612/testingJSON/user112/user112.json,idx_36
fist,trainingSamples,raw_data/EMG-EPN612/testingJSON/user112/user112.json,idx_37
fist,trainingSamples,raw_data/EMG-EPN612/testingJSON/user112/user112.json,idx_38
fist,trainingSamples,raw_data/EMG-EPN612/testingJSON/user112/user112.json,idx_39
fist,trainingSamples,raw_data/EMG-EPN612/testingJSON/user112/user112.json,idx_40
fist,trainingSamples,raw_data/EMG-EPN612/testingJSON/user112/user112.json,idx_41
fist,trainingSamples,raw_data/EMG-EPN612/testingJSON/user112/user112.json,idx_42
fist,trainingSamples,raw_data/EMG-EPN612/testingJSON/user112/user112.json,idx_43
fist,trainingSamples,raw_data/EMG-EPN612/testingJSON/user112/user112.json,idx_44
fist,trainingSamples,raw_data/EMG-EPN612/testingJSON/user112/user112.json,idx_45
fist,trainingSamples,raw_data/EMG-EPN612/testingJSON/user112/user112.json,idx_46
fist,trainingSamples,raw_data/EMG-EPN612/testingJSON/user112/user112.json,idx_47
fist,trainingSamples,raw_data/EMG-EPN612/testingJSON/user112/user112.json,idx_48
fist,trainingSamples,raw_data/EMG-EPN612/testingJSON/user112/user112.json,idx_49
fist,trainingSamples,raw_data/EMG-EPN612/testingJSON/user112/user112.json,idx_50
open,trainingSamples,raw_data/EMG-EPN612/testingJSON/user112/user112.json,idx_51
open,trainingSamples,raw_data/EMG-EPN612/testingJSON/user112/user112.json,idx_52
open,trainingSamples,raw_data/EMG-EPN612/testingJSON/user112/user112.json,idx_53
open,trainingSamples,raw_data/EMG-EPN612/testingJSON/user112/user112.json,idx_54
open,trainingSamples,raw_data/EMG-EPN612/testingJSON/user112/user112.json,idx_55
open,trainingSamples,raw_data/EMG-EPN612/testingJSON/user112/user112.json,idx_56
open,trainingSamples,raw_data/EMG-EPN612/testingJSON/user112/user112.json,idx_57
open,trainingSamples,raw_data/EMG-EPN612/testingJSON/user112/user112.json,idx_58
open,trainingSamples,raw_data/EMG-EPN612/testingJSON/user112/user112.json,idx_59
open,trainingSamples,raw_data/EMG-EPN612/testingJSON/user112/user112.json,idx_60
open,trainingSamples,raw_data/EMG-EPN612/testingJSON/user112/user112.json,idx_61
open,trainingSamples,raw_data/EMG-EPN612/testingJSON/user112/user112.json,idx_62
open,trainingSamples,raw_data/EMG-EPN612/testingJSON/user112/user112.json,idx_63
open,trainingSamples,raw_data/EMG-EPN612/testingJSON/user112/user112.json,idx_64
open,trainingSamples,raw_data/EMG-EPN612/testingJSON/user112/user112.json,idx_65
open,trainingSamples,raw_data/EMG-EPN612/testingJSON/user112/user112.json,idx_66
open,trainingSamples,raw_data/EMG-EPN612/testingJSON/user112/user112.json,idx_67
open,trainingSamples,raw_data/EMG-EPN612/testingJSON/user112/user112.json,idx_68
open,trainingSamples,raw_data/EMG-EPN612/testingJSON/user112/user112.json,idx_69
open,trainingSamples,raw_data/EMG-EPN612/testingJSON/user112/user112.json,idx_70
open,trainingSamples,raw_data/EMG-EPN612/testingJSON/user112/user112.json,idx_71
open,trainingSamples,raw_data/EMG-EPN612/testingJSON/user112/user112.json,idx_72
open,trainingSamples,raw_data/EMG-EPN612/testingJSON/user112/user112.json,idx_73
open,trainingSamples,raw_data/EMG-EPN612/testingJSON/user112/user112.json,idx_74
open,trainingSamples,raw_data/EMG-EPN612/testingJSON/user112/user112.json,idx_75
pinch,trainingSamples,raw_data/EMG-EPN612/testingJSON/user112/user112.json,idx_76
pinch,trainingSamples,raw_data/EMG-EPN612/testingJSON/user112/user112.json,idx_77
pinch,trainingSamples,raw_data/EMG-EPN612/testingJSON/user112/user112.json,idx_78
pinch,trainingSamples,raw_data/EMG-EPN612/testingJSON/user112/user112.json,idx_79
pinch,trainingSamples,raw_data/EMG-EPN612/testingJSON/user112/user112.json,idx_80
pinch,trainingSamples,raw_data/EMG-EPN612/testingJSON/user112/user112.json,idx_81
pinch,trainingSamples,raw_data/EMG-EPN612/testingJSON/user112/user112.json,idx_82
pinch,trainingSamples,raw_data/EMG-EPN612/testingJSON/user112/user112.json,idx_83
pinch,trainingSamples,raw_data/EMG-EPN612/testingJSON/user112/user112.json,idx_84
pinch,trainingSamples,raw_data/EMG-EPN612/testingJSON/user112/user112.json,idx_85
pinch,trainingSamples,raw_data/EMG-EPN612/testingJSON/user112/user112.json,idx_86
pinch,trainingSamples,raw_data/EMG-EPN612/testingJSON/user112/user112.json,idx_87
pinch,trainingSamples,raw_data/EMG-EPN612/testingJSON/user112/user112.json,idx_88
pinch,trainingSamples,raw_data/EMG-EPN612/testingJSON/user112/user112.json,idx_89
pinch,trainingSamples,raw_data/EMG-EPN612/testingJSON/user112/user112.json,idx_90
pinch,trainingSamples,raw_data/EMG-EPN612/testingJSON/user112/user112.json,idx_91
pinch,trainingSamples,raw_data/EMG-EPN612/testingJSON/user112/user112.json,idx_92
pinch,trainingSamples,raw_data/EMG-EPN612/testingJSON/user112/user112.json,idx_93
pinch,trainingSamples,raw_data/EMG-EPN612/testingJSON/user112/user112.json,idx_94
pinch,trainingSamples,raw_data/EMG-EPN612/testingJSON/user112/user112.json,idx_95
pinch,trainingSamples,raw_data/EMG-EPN612/testingJSON/user112/user112.json,idx_96
pinch,trainingSamples,raw_data/EMG-EPN612/testingJSON/user112/user112.json,idx_97
pinch,trainingSamples,raw_data/EMG-EPN612/testingJSON/user112/user112.json,idx_98
pinch,trainingSamples,raw_data/EMG-EPN612/testingJSON/user112/user112.json,idx_99
pinch,trainingSamples,raw_data/EMG-EPN612/testingJSON/user112/user112.json,idx_100
waveIn,trainingSamples,raw_data/EMG-EPN612/testingJSON/user112/user112.json,idx_101
waveIn,trainingSamples,raw_data/EMG-EPN612/testingJSON/user112/user112.json,idx_102
waveIn,trainingSamples,raw_data/EMG-EPN612/testingJSON/user112/user112.json,idx_103
waveIn,trainingSamples,raw_data/EMG-EPN612/testingJSON/user112/user112.json,idx_104
waveIn,trainingSamples,raw_data/EMG-EPN612/testingJSON/user112/user112.json,idx_105
waveIn,trainingSamples,raw_data/EMG-EPN612/testingJSON/user112/user112.json,idx_106
waveIn,trainingSamples,raw_data/EMG-EPN612/testingJSON/user112/user112.json,idx_107
waveIn,trainingSamples,raw_data/EMG-EPN612/testingJSON/user112/user112.json,idx_108
waveIn,trainingSamples,raw_data/EMG-EPN612/testingJSON/user112/user112.json,idx_109
waveIn,trainingSamples,raw_data/EMG-EPN612/testingJSON/user112/user112.json,idx_110
waveIn,trainingSamples,raw_data/EMG-EPN612/testingJSON/user112/user112.json,idx_111
waveIn,trainingSamples,raw_data/EMG-EPN612/testingJSON/user112/user112.json,idx_112
waveIn,trainingSamples,raw_data/EMG-EPN612/testingJSON/user112/user112.json,idx_113
waveIn,trainingSamples,raw_data/EMG-EPN612/testingJSON/user112/user112.json,idx_114
waveIn,trainingSamples,raw_data/EMG-EPN612/testingJSON/user112/user112.json,idx_115
waveIn,trainingSamples,raw_data/EMG-EPN612/testingJSON/user112/user112.json,idx_116
waveIn,trainingSamples,raw_data/EMG-EPN612/testingJSON/user112/user112.json,idx_117
waveIn,trainingSamples,raw_data/EMG-EPN612/testingJSON/user112/user112.json,idx_118
waveIn,trainingSamples,raw_data/EMG-EPN612/testingJSON/user112/user112.json,idx_119
waveIn,trainingSamples,raw_data/EMG-EPN612/testingJSON/user112/user112.json,idx_120
waveIn,trainingSamples,raw_data/EMG-EPN612/testingJSON/user112/user112.json,idx_121
waveIn,trainingSamples,raw_data/EMG-EPN612/testingJSON/user112/user112.json,idx_122
waveIn,trainingSamples,raw_data/EMG-EPN612/testingJSON/user112/user112.json,idx_123
waveIn,trainingSamples,raw_data/EMG-EPN612/testingJSON/user112/user112.json,idx_124
waveIn,trainingSamples,raw_data/EMG-EPN612/testingJSON/user112/user112.json,idx_125
waveOut,trainingSamples,raw_data/EMG-EPN612/testingJSON/user112/user112.json,idx_126
waveOut,trainingSamples,raw_data/EMG-EPN612/testingJSON/user112/user112.json,idx_127
waveOut,trainingSamples,raw_data/EMG-EPN612/testingJSON/user112/user112.json,idx_128
waveOut,trainingSamples,raw_data/EMG-EPN612/testingJSON/user112/user112.json,idx_129
waveOut,trainingSamples,raw_data/EMG-EPN612/testingJSON/user112/user112.json,idx_130
waveOut,trainingSamples,raw_data/EMG-EPN612/testingJSON/user112/user112.json,idx_131
waveOut,trainingSamples,raw_data/EMG-EPN612/testingJSON/user112/user112.json,idx_132
waveOut,trainingSamples,raw_data/EMG-EPN612/testingJSON/user112/user112.json,idx_133
waveOut,trainingSamples,raw_data/EMG-EPN612/testingJSON/user112/user112.json,idx_134
waveOut,trainingSamples,raw_data/EMG-EPN612/testingJSON/user112/user112.json,idx_135
waveOut,trainingSamples,raw_data/EMG-EPN612/testingJSON/user112/user112.json,idx_136
waveOut,trainingSamples,raw_data/EMG-EPN612/testingJSON/user112/user112.json,idx_137
waveOut,trainingSamples,raw_data/EMG-EPN612/testingJSON/user112/user112.json,idx_138
waveOut,trainingSamples,raw_data/EMG-EPN612/testingJSON/user112/user112.json,idx_139
waveOut,trainingSamples,raw_data/EMG-EPN612/testingJSON/user112/user112.json,idx_140
waveOut,trainingSamples,raw_data/EMG-EPN612/testingJSON/user112/user112.json,idx_141
waveOut,trainingSamples,raw_data/EMG-EPN612/testingJSON/user112/user112.json,idx_142
waveOut,trainingSamples,raw_data/EMG-EPN612/testingJSON/user112/user112.json,idx_143
waveOut,trainingSamples,raw_data/EMG-EPN612/testingJSON/user112/user112.json,idx_144
waveOut,trainingSamples,raw_data/EMG-EPN612/testingJSON/user112/user112.json,idx_145
waveOut,trainingSamples,raw_data/EMG-EPN612/testingJSON/user112/user112.json,idx_146
waveOut,trainingSamples,raw_data/EMG-EPN612/testingJSON/user112/user112.json,idx_147
waveOut,trainingSamples,raw_data/EMG-EPN612/testingJSON/user112/user112.json,idx_148
waveOut,trainingSamples,raw_data/EMG-EPN612/testingJSON/user112/user112.json,idx_149
waveOut,trainingSamples,raw_data/EMG-EPN612/testingJSON/user112/user112.json,idx_150
noGesture,trainingSamples,raw_data/EMG-EPN612/testingJSON/user113/user113.json,idx_1
noGesture,trainingSamples,raw_data/EMG-EPN612/testingJSON/user113/user113.json,idx_2
noGesture,trainingSamples,raw_data/EMG-EPN612/testingJSON/user113/user113.json,idx_3
noGesture,trainingSamples,raw_data/EMG-EPN612/testingJSON/user113/user113.json,idx_4
noGesture,trainingSamples,raw_data/EMG-EPN612/testingJSON/user113/user113.json,idx_5
noGesture,trainingSamples,raw_data/EMG-EPN612/testingJSON/user113/user113.json,idx_6
noGesture,trainingSamples,raw_data/EMG-EPN612/testingJSON/user113/user113.json,idx_7
noGesture,trainingSamples,raw_data/EMG-EPN612/testingJSON/user113/user113.json,idx_8
noGesture,trainingSamples,raw_data/EMG-EPN612/testingJSON/user113/user113.json,idx_9
noGesture,trainingSamples,raw_data/EMG-EPN612/testingJSON/user113/user113.json,idx_10
noGesture,trainingSamples,raw_data/EMG-EPN612/testingJSON/user113/user113.json,idx_11
noGesture,trainingSamples,raw_data/EMG-EPN612/testingJSON/user113/user113.json,idx_12
noGesture,trainingSamples,raw_data/EMG-EPN612/testingJSON/user113/user113.json,idx_13
noGesture,trainingSamples,raw_data/EMG-EPN612/testingJSON/user113/user113.json,idx_14
noGesture,trainingSamples,raw_data/EMG-EPN612/testingJSON/user113/user113.json,idx_15
noGesture,trainingSamples,raw_data/EMG-EPN612/testingJSON/user113/user113.json,idx_16
noGesture,trainingSamples,raw_data/EMG-EPN612/testingJSON/user113/user113.json,idx_17
noGesture,trainingSamples,raw_data/EMG-EPN612/testingJSON/user113/user113.json,idx_18
noGesture,trainingSamples,raw_data/EMG-EPN612/testingJSON/user113/user113.json,idx_19
noGesture,trainingSamples,raw_data/EMG-EPN612/testingJSON/user113/user113.json,idx_20
noGesture,trainingSamples,raw_data/EMG-EPN612/testingJSON/user113/user113.json,idx_21
noGesture,trainingSamples,raw_data/EMG-EPN612/testingJSON/user113/user113.json,idx_22
noGesture,trainingSamples,raw_data/EMG-EPN612/testingJSON/user113/user113.json,idx_23
noGesture,trainingSamples,raw_data/EMG-EPN612/testingJSON/user113/user113.json,idx_24
noGesture,trainingSamples,raw_data/EMG-EPN612/testingJSON/user113/user113.json,idx_25
waveOut,trainingSamples,raw_data/EMG-EPN612/testingJSON/user113/user113.json,idx_26
waveOut,trainingSamples,raw_data/EMG-EPN612/testingJSON/user113/user113.json,idx_27
waveOut,trainingSamples,raw_data/EMG-EPN612/testingJSON/user113/user113.json,idx_28
waveOut,trainingSamples,raw_data/EMG-EPN612/testingJSON/user113/user113.json,idx_29
waveOut,trainingSamples,raw_data/EMG-EPN612/testingJSON/user113/user113.json,idx_30
waveOut,trainingSamples,raw_data/EMG-EPN612/testingJSON/user113/user113.json,idx_31
waveOut,trainingSamples,raw_data/EMG-EPN612/testingJSON/user113/user113.json,idx_32
waveOut,trainingSamples,raw_data/EMG-EPN612/testingJSON/user113/user113.json,idx_33
waveOut,trainingSamples,raw_data/EMG-EPN612/testingJSON/user113/user113.json,idx_34
waveOut,trainingSamples,raw_data/EMG-EPN612/testingJSON/user113/user113.json,idx_35
waveOut,trainingSamples,raw_data/EMG-EPN612/testingJSON/user113/user113.json,idx_36
waveOut,trainingSamples,raw_data/EMG-EPN612/testingJSON/user113/user113.json,idx_37
waveOut,trainingSamples,raw_data/EMG-EPN612/testingJSON/user113/user113.json,idx_38
waveOut,trainingSamples,raw_data/EMG-EPN612/testingJSON/user113/user113.json,idx_39
waveOut,trainingSamples,raw_data/EMG-EPN612/testingJSON/user113/user113.json,idx_40
waveOut,trainingSamples,raw_data/EMG-EPN612/testingJSON/user113/user113.json,idx_41
waveOut,trainingSamples,raw_data/EMG-EPN612/testingJSON/user113/user113.json,idx_42
waveOut,trainingSamples,raw_data/EMG-EPN612/testingJSON/user113/user113.json,idx_43
waveOut,trainingSamples,raw_data/EMG-EPN612/testingJSON/user113/user113.json,idx_44
waveOut,trainingSamples,raw_data/EMG-EPN612/testingJSON/user113/user113.json,idx_45
waveOut,trainingSamples,raw_data/EMG-EPN612/testingJSON/user113/user113.json,idx_46
waveOut,trainingSamples,raw_data/EMG-EPN612/testingJSON/user113/user113.json,idx_47
waveOut,trainingSamples,raw_data/EMG-EPN612/testingJSON/user113/user113.json,idx_48
waveOut,trainingSamples,raw_data/EMG-EPN612/testingJSON/user113/user113.json,idx_49
waveOut,trainingSamples,raw_data/EMG-EPN612/testingJSON/user113/user113.json,idx_50
pinch,trainingSamples,raw_data/EMG-EPN612/testingJSON/user113/user113.json,idx_51
pinch,trainingSamples,raw_data/EMG-EPN612/testingJSON/user113/user113.json,idx_52
pinch,trainingSamples,raw_data/EMG-EPN612/testingJSON/user113/user113.json,idx_53
pinch,trainingSamples,raw_data/EMG-EPN612/testingJSON/user113/user113.json,idx_54
pinch,trainingSamples,raw_data/EMG-EPN612/testingJSON/user113/user113.json,idx_55
pinch,trainingSamples,raw_data/EMG-EPN612/testingJSON/user113/user113.json,idx_56
pinch,trainingSamples,raw_data/EMG-EPN612/testingJSON/user113/user113.json,idx_57
pinch,trainingSamples,raw_data/EMG-EPN612/testingJSON/user113/user113.json,idx_58
pinch,trainingSamples,raw_data/EMG-EPN612/testingJSON/user113/user113.json,idx_59
pinch,trainingSamples,raw_data/EMG-EPN612/testingJSON/user113/user113.json,idx_60
pinch,trainingSamples,raw_data/EMG-EPN612/testingJSON/user113/user113.json,idx_61
pinch,trainingSamples,raw_data/EMG-EPN612/testingJSON/user113/user113.json,idx_62
pinch,trainingSamples,raw_data/EMG-EPN612/testingJSON/user113/user113.json,idx_63
pinch,trainingSamples,raw_data/EMG-EPN612/testingJSON/user113/user113.json,idx_64
pinch,trainingSamples,raw_data/EMG-EPN612/testingJSON/user113/user113.json,idx_65
pinch,trainingSamples,raw_data/EMG-EPN612/testingJSON/user113/user113.json,idx_66
pinch,trainingSamples,raw_data/EMG-EPN612/testingJSON/user113/user113.json,idx_67
pinch,trainingSamples,raw_data/EMG-EPN612/testingJSON/user113/user113.json,idx_68
pinch,trainingSamples,raw_data/EMG-EPN612/testingJSON/user113/user113.json,idx_69
pinch,trainingSamples,raw_data/EMG-EPN612/testingJSON/user113/user113.json,idx_70
pinch,trainingSamples,raw_data/EMG-EPN612/testingJSON/user113/user113.json,idx_71
pinch,trainingSamples,raw_data/EMG-EPN612/testingJSON/user113/user113.json,idx_72
pinch,trainingSamples,raw_data/EMG-EPN612/testingJSON/user113/user113.json,idx_73
pinch,trainingSamples,raw_data/EMG-EPN612/testingJSON/user113/user113.json,idx_74
pinch,trainingSamples,raw_data/EMG-EPN612/testingJSON/user113/user113.json,idx_75
fist,trainingSamples,raw_data/EMG-EPN612/testingJSON/user113/user113.json,idx_76
fist,trainingSamples,raw_data/EMG-EPN612/testingJSON/user113/user113.json,idx_77
fist,trainingSamples,raw_data/EMG-EPN612/testingJSON/user113/user113.json,idx_78
fist,trainingSamples,raw_data/EMG-EPN612/testingJSON/user113/user113.json,idx_79
fist,trainingSamples,raw_data/EMG-EPN612/testingJSON/user113/user113.json,idx_80
fist,trainingSamples,raw_data/EMG-EPN612/testingJSON/user113/user113.json,idx_81
fist,trainingSamples,raw_data/EMG-EPN612/testingJSON/user113/user113.json,idx_82
fist,trainingSamples,raw_data/EMG-EPN612/testingJSON/user113/user113.json,idx_83
fist,trainingSamples,raw_data/EMG-EPN612/testingJSON/user113/user113.json,idx_84
fist,trainingSamples,raw_data/EMG-EPN612/testingJSON/user113/user113.json,idx_85
fist,trainingSamples,raw_data/EMG-EPN612/testingJSON/user113/user113.json,idx_86
fist,trainingSamples,raw_data/EMG-EPN612/testingJSON/user113/user113.json,idx_87
fist,trainingSamples,raw_data/EMG-EPN612/testingJSON/user113/user113.json,idx_88
fist,trainingSamples,raw_data/EMG-EPN612/testingJSON/user113/user113.json,idx_89
fist,trainingSamples,raw_data/EMG-EPN612/testingJSON/user113/user113.json,idx_90
fist,trainingSamples,raw_data/EMG-EPN612/testingJSON/user113/user113.json,idx_91
fist,trainingSamples,raw_data/EMG-EPN612/testingJSON/user113/user113.json,idx_92
fist,trainingSamples,raw_data/EMG-EPN612/testingJSON/user113/user113.json,idx_93
fist,trainingSamples,raw_data/EMG-EPN612/testingJSON/user113/user113.json,idx_94
fist,trainingSamples,raw_data/EMG-EPN612/testingJSON/user113/user113.json,idx_95
fist,trainingSamples,raw_data/EMG-EPN612/testingJSON/user113/user113.json,idx_96
fist,trainingSamples,raw_data/EMG-EPN612/testingJSON/user113/user113.json,idx_97
fist,trainingSamples,raw_data/EMG-EPN612/testingJSON/user113/user113.json,idx_98
fist,trainingSamples,raw_data/EMG-EPN612/testingJSON/user113/user113.json,idx_99
fist,trainingSamples,raw_data/EMG-EPN612/testingJSON/user113/user113.json,idx_100
waveIn,trainingSamples,raw_data/EMG-EPN612/testingJSON/user113/user113.json,idx_101
waveIn,trainingSamples,raw_data/EMG-EPN612/testingJSON/user113/user113.json,idx_102
waveIn,trainingSamples,raw_data/EMG-EPN612/testingJSON/user113/user113.json,idx_103
waveIn,trainingSamples,raw_data/EMG-EPN612/testingJSON/user113/user113.json,idx_104
waveIn,trainingSamples,raw_data/EMG-EPN612/testingJSON/user113/user113.json,idx_105
waveIn,trainingSamples,raw_data/EMG-EPN612/testingJSON/user113/user113.json,idx_106
waveIn,trainingSamples,raw_data/EMG-EPN612/testingJSON/user113/user113.json,idx_107
waveIn,trainingSamples,raw_data/EMG-EPN612/testingJSON/user113/user113.json,idx_108
waveIn,trainingSamples,raw_data/EMG-EPN612/testingJSON/user113/user113.json,idx_109
waveIn,trainingSamples,raw_data/EMG-EPN612/testingJSON/user113/user113.json,idx_110
waveIn,trainingSamples,raw_data/EMG-EPN612/testingJSON/user113/user113.json,idx_111
waveIn,trainingSamples,raw_data/EMG-EPN612/testingJSON/user113/user113.json,idx_112
waveIn,trainingSamples,raw_data/EMG-EPN612/testingJSON/user113/user113.json,idx_113
waveIn,trainingSamples,raw_data/EMG-EPN612/testingJSON/user113/user113.json,idx_114
waveIn,trainingSamples,raw_data/EMG-EPN612/testingJSON/user113/user113.json,idx_115
waveIn,trainingSamples,raw_data/EMG-EPN612/testingJSON/user113/user113.json,idx_116
waveIn,trainingSamples,raw_data/EMG-EPN612/testingJSON/user113/user113.json,idx_117
waveIn,trainingSamples,raw_data/EMG-EPN612/testingJSON/user113/user113.json,idx_118
waveIn,trainingSamples,raw_data/EMG-EPN612/testingJSON/user113/user113.json,idx_119
waveIn,trainingSamples,raw_data/EMG-EPN612/testingJSON/user113/user113.json,idx_120
waveIn,trainingSamples,raw_data/EMG-EPN612/testingJSON/user113/user113.json,idx_121
waveIn,trainingSamples,raw_data/EMG-EPN612/testingJSON/user113/user113.json,idx_122
waveIn,trainingSamples,raw_data/EMG-EPN612/testingJSON/user113/user113.json,idx_123
waveIn,trainingSamples,raw_data/EMG-EPN612/testingJSON/user113/user113.json,idx_124
waveIn,trainingSamples,raw_data/EMG-EPN612/testingJSON/user113/user113.json,idx_125
open,trainingSamples,raw_data/EMG-EPN612/testingJSON/user113/user113.json,idx_126
open,trainingSamples,raw_data/EMG-EPN612/testingJSON/user113/user113.json,idx_127
open,trainingSamples,raw_data/EMG-EPN612/testingJSON/user113/user113.json,idx_128
open,trainingSamples,raw_data/EMG-EPN612/testingJSON/user113/user113.json,idx_129
open,trainingSamples,raw_data/EMG-EPN612/testingJSON/user113/user113.json,idx_130
open,trainingSamples,raw_data/EMG-EPN612/testingJSON/user113/user113.json,idx_131
open,trainingSamples,raw_data/EMG-EPN612/testingJSON/user113/user113.json,idx_132
open,trainingSamples,raw_data/EMG-EPN612/testingJSON/user113/user113.json,idx_133
open,trainingSamples,raw_data/EMG-EPN612/testingJSON/user113/user113.json,idx_134
open,trainingSamples,raw_data/EMG-EPN612/testingJSON/user113/user113.json,idx_135
open,trainingSamples,raw_data/EMG-EPN612/testingJSON/user113/user113.json,idx_136
open,trainingSamples,raw_data/EMG-EPN612/testingJSON/user113/user113.json,idx_137
open,trainingSamples,raw_data/EMG-EPN612/testingJSON/user113/user113.json,idx_138
open,trainingSamples,raw_data/EMG-EPN612/testingJSON/user113/user113.json,idx_139
open,trainingSamples,raw_data/EMG-EPN612/testingJSON/user113/user113.json,idx_140
open,trainingSamples,raw_data/EMG-EPN612/testingJSON/user113/user113.json,idx_141
open,trainingSamples,raw_data/EMG-EPN612/testingJSON/user113/user113.json,idx_142
open,trainingSamples,raw_data/EMG-EPN612/testingJSON/user113/user113.json,idx_143
open,trainingSamples,raw_data/EMG-EPN612/testingJSON/user113/user113.json,idx_144
open,trainingSamples,raw_data/EMG-EPN612/testingJSON/user113/user113.json,idx_145
open,trainingSamples,raw_data/EMG-EPN612/testingJSON/user113/user113.json,idx_146
open,trainingSamples,raw_data/EMG-EPN612/testingJSON/user113/user113.json,idx_147
open,trainingSamples,raw_data/EMG-EPN612/testingJSON/user113/user113.json,idx_148
open,trainingSamples,raw_data/EMG-EPN612/testingJSON/user113/user113.json,idx_149
open,trainingSamples,raw_data/EMG-EPN612/testingJSON/user113/user113.json,idx_150
noGesture,trainingSamples,raw_data/EMG-EPN612/testingJSON/user114/user114.json,idx_1
noGesture,trainingSamples,raw_data/EMG-EPN612/testingJSON/user114/user114.json,idx_2
noGesture,trainingSamples,raw_data/EMG-EPN612/testingJSON/user114/user114.json,idx_3
noGesture,trainingSamples,raw_data/EMG-EPN612/testingJSON/user114/user114.json,idx_4
noGesture,trainingSamples,raw_data/EMG-EPN612/testingJSON/user114/user114.json,idx_5
noGesture,trainingSamples,raw_data/EMG-EPN612/testingJSON/user114/user114.json,idx_6
noGesture,trainingSamples,raw_data/EMG-EPN612/testingJSON/user114/user114.json,idx_7
noGesture,trainingSamples,raw_data/EMG-EPN612/testingJSON/user114/user114.json,idx_8
noGesture,trainingSamples,raw_data/EMG-EPN612/testingJSON/user114/user114.json,idx_9
noGesture,trainingSamples,raw_data/EMG-EPN612/testingJSON/user114/user114.json,idx_10
noGesture,trainingSamples,raw_data/EMG-EPN612/testingJSON/user114/user114.json,idx_11
noGesture,trainingSamples,raw_data/EMG-EPN612/testingJSON/user114/user114.json,idx_12
noGesture,trainingSamples,raw_data/EMG-EPN612/testingJSON/user114/user114.json,idx_13
noGesture,trainingSamples,raw_data/EMG-EPN612/testingJSON/user114/user114.json,idx_14
noGesture,trainingSamples,raw_data/EMG-EPN612/testingJSON/user114/user114.json,idx_15
noGesture,trainingSamples,raw_data/EMG-EPN612/testingJSON/user114/user114.json,idx_16
noGesture,trainingSamples,raw_data/EMG-EPN612/testingJSON/user114/user114.json,idx_17
noGesture,trainingSamples,raw_data/EMG-EPN612/testingJSON/user114/user114.json,idx_18
noGesture,trainingSamples,raw_data/EMG-EPN612/testingJSON/user114/user114.json,idx_19
noGesture,trainingSamples,raw_data/EMG-EPN612/testingJSON/user114/user114.json,idx_20
noGesture,trainingSamples,raw_data/EMG-EPN612/testingJSON/user114/user114.json,idx_21
noGesture,trainingSamples,raw_data/EMG-EPN612/testingJSON/user114/user114.json,idx_22
noGesture,trainingSamples,raw_data/EMG-EPN612/testingJSON/user114/user114.json,idx_23
noGesture,trainingSamples,raw_data/EMG-EPN612/testingJSON/user114/user114.json,idx_24
noGesture,trainingSamples,raw_data/EMG-EPN612/testingJSON/user114/user114.json,idx_25
waveOut,trainingSamples,raw_data/EMG-EPN612/testingJSON/user114/user114.json,idx_26
waveOut,trainingSamples,raw_data/EMG-EPN612/testingJSON/user114/user114.json,idx_27
waveOut,trainingSamples,raw_data/EMG-EPN612/testingJSON/user114/user114.json,idx_28
waveOut,trainingSamples,raw_data/EMG-EPN612/testingJSON/user114/user114.json,idx_29
waveOut,trainingSamples,raw_data/EMG-EPN612/testingJSON/user114/user114.json,idx_30
waveOut,trainingSamples,raw_data/EMG-EPN612/testingJSON/user114/user114.json,idx_31
waveOut,trainingSamples,raw_data/EMG-EPN612/testingJSON/user114/user114.json,idx_32
waveOut,trainingSamples,raw_data/EMG-EPN612/testingJSON/user114/user114.json,idx_33
waveOut,trainingSamples,raw_data/EMG-EPN612/testingJSON/user114/user114.json,idx_34
waveOut,trainingSamples,raw_data/EMG-EPN612/testingJSON/user114/user114.json,idx_35
waveOut,trainingSamples,raw_data/EMG-EPN612/testingJSON/user114/user114.json,idx_36
waveOut,trainingSamples,raw_data/EMG-EPN612/testingJSON/user114/user114.json,idx_37
waveOut,trainingSamples,raw_data/EMG-EPN612/testingJSON/user114/user114.json,idx_38
waveOut,trainingSamples,raw_data/EMG-EPN612/testingJSON/user114/user114.json,idx_39
waveOut,trainingSamples,raw_data/EMG-EPN612/testingJSON/user114/user114.json,idx_40
waveOut,trainingSamples,raw_data/EMG-EPN612/testingJSON/user114/user114.json,idx_41
waveOut,trainingSamples,raw_data/EMG-EPN612/testingJSON/user114/user114.json,idx_42
waveOut,trainingSamples,raw_data/EMG-EPN612/testingJSON/user114/user114.json,idx_43
waveOut,trainingSamples,raw_data/EMG-EPN612/testingJSON/user114/user114.json,idx_44
waveOut,trainingSamples,raw_data/EMG-EPN612/testingJSON/user114/user114.json,idx_45
waveOut,trainingSamples,raw_data/EMG-EPN612/testingJSON/user114/user114.json,idx_46
waveOut,trainingSamples,raw_data/EMG-EPN612/testingJSON/user114/user114.json,idx_47
waveOut,trainingSamples,raw_data/EMG-EPN612/testingJSON/user114/user114.json,idx_48
waveOut,trainingSamples,raw_data/EMG-EPN612/testingJSON/user114/user114.json,idx_49
waveOut,trainingSamples,raw_data/EMG-EPN612/testingJSON/user114/user114.json,idx_50
pinch,trainingSamples,raw_data/EMG-EPN612/testingJSON/user114/user114.json,idx_51
pinch,trainingSamples,raw_data/EMG-EPN612/testingJSON/user114/user114.json,idx_52
pinch,trainingSamples,raw_data/EMG-EPN612/testingJSON/user114/user114.json,idx_53
pinch,trainingSamples,raw_data/EMG-EPN612/testingJSON/user114/user114.json,idx_54
pinch,trainingSamples,raw_data/EMG-EPN612/testingJSON/user114/user114.json,idx_55
pinch,trainingSamples,raw_data/EMG-EPN612/testingJSON/user114/user114.json,idx_56
pinch,trainingSamples,raw_data/EMG-EPN612/testingJSON/user114/user114.json,idx_57
pinch,trainingSamples,raw_data/EMG-EPN612/testingJSON/user114/user114.json,idx_58
pinch,trainingSamples,raw_data/EMG-EPN612/testingJSON/user114/user114.json,idx_59
pinch,trainingSamples,raw_data/EMG-EPN612/testingJSON/user114/user114.json,idx_60
pinch,trainingSamples,raw_data/EMG-EPN612/testingJSON/user114/user114.json,idx_61
pinch,trainingSamples,raw_data/EMG-EPN612/testingJSON/user114/user114.json,idx_62
pinch,trainingSamples,raw_data/EMG-EPN612/testingJSON/user114/user114.json,idx_63
pinch,trainingSamples,raw_data/EMG-EPN612/testingJSON/user114/user114.json,idx_64
pinch,trainingSamples,raw_data/EMG-EPN612/testingJSON/user114/user114.json,idx_65
pinch,trainingSamples,raw_data/EMG-EPN612/testingJSON/user114/user114.json,idx_66
pinch,trainingSamples,raw_data/EMG-EPN612/testingJSON/user114/user114.json,idx_67
pinch,trainingSamples,raw_data/EMG-EPN612/testingJSON/user114/user114.json,idx_68
pinch,trainingSamples,raw_data/EMG-EPN612/testingJSON/user114/user114.json,idx_69
pinch,trainingSamples,raw_data/EMG-EPN612/testingJSON/user114/user114.json,idx_70
pinch,trainingSamples,raw_data/EMG-EPN612/testingJSON/user114/user114.json,idx_71
pinch,trainingSamples,raw_data/EMG-EPN612/testingJSON/user114/user114.json,idx_72
pinch,trainingSamples,raw_data/EMG-EPN612/testingJSON/user114/user114.json,idx_73
pinch,trainingSamples,raw_data/EMG-EPN612/testingJSON/user114/user114.json,idx_74
pinch,trainingSamples,raw_data/EMG-EPN612/testingJSON/user114/user114.json,idx_75
open,trainingSamples,raw_data/EMG-EPN612/testingJSON/user114/user114.json,idx_76
open,trainingSamples,raw_data/EMG-EPN612/testingJSON/user114/user114.json,idx_77
open,trainingSamples,raw_data/EMG-EPN612/testingJSON/user114/user114.json,idx_78
open,trainingSamples,raw_data/EMG-EPN612/testingJSON/user114/user114.json,idx_79
open,trainingSamples,raw_data/EMG-EPN612/testingJSON/user114/user114.json,idx_80
open,trainingSamples,raw_data/EMG-EPN612/testingJSON/user114/user114.json,idx_81
open,trainingSamples,raw_data/EMG-EPN612/testingJSON/user114/user114.json,idx_82
open,trainingSamples,raw_data/EMG-EPN612/testingJSON/user114/user114.json,idx_83
open,trainingSamples,raw_data/EMG-EPN612/testingJSON/user114/user114.json,idx_84
open,trainingSamples,raw_data/EMG-EPN612/testingJSON/user114/user114.json,idx_85
open,trainingSamples,raw_data/EMG-EPN612/testingJSON/user114/user114.json,idx_86
open,trainingSamples,raw_data/EMG-EPN612/testingJSON/user114/user114.json,idx_87
open,trainingSamples,raw_data/EMG-EPN612/testingJSON/user114/user114.json,idx_88
open,trainingSamples,raw_data/EMG-EPN612/testingJSON/user114/user114.json,idx_89
open,trainingSamples,raw_data/EMG-EPN612/testingJSON/user114/user114.json,idx_90
open,trainingSamples,raw_data/EMG-EPN612/testingJSON/user114/user114.json,idx_91
open,trainingSamples,raw_data/EMG-EPN612/testingJSON/user114/user114.json,idx_92
open,trainingSamples,raw_data/EMG-EPN612/testingJSON/user114/user114.json,idx_93
open,trainingSamples,raw_data/EMG-EPN612/testingJSON/user114/user114.json,idx_94
open,trainingSamples,raw_data/EMG-EPN612/testingJSON/user114/user114.json,idx_95
open,trainingSamples,raw_data/EMG-EPN612/testingJSON/user114/user114.json,idx_96
open,trainingSamples,raw_data/EMG-EPN612/testingJSON/user114/user114.json,idx_97
open,trainingSamples,raw_data/EMG-EPN612/testingJSON/user114/user114.json,idx_98
open,trainingSamples,raw_data/EMG-EPN612/testingJSON/user114/user114.json,idx_99
open,trainingSamples,raw_data/EMG-EPN612/testingJSON/user114/user114.json,idx_100
fist,trainingSamples,raw_data/EMG-EPN612/testingJSON/user114/user114.json,idx_101
fist,trainingSamples,raw_data/EMG-EPN612/testingJSON/user114/user114.json,idx_102
fist,trainingSamples,raw_data/EMG-EPN612/testingJSON/user114/user114.json,idx_103
fist,trainingSamples,raw_data/EMG-EPN612/testingJSON/user114/user114.json,idx_104
fist,trainingSamples,raw_data/EMG-EPN612/testingJSON/user114/user114.json,idx_105
fist,trainingSamples,raw_data/EMG-EPN612/testingJSON/user114/user114.json,idx_106
fist,trainingSamples,raw_data/EMG-EPN612/testingJSON/user114/user114.json,idx_107
fist,trainingSamples,raw_data/EMG-EPN612/testingJSON/user114/user114.json,idx_108
fist,trainingSamples,raw_data/EMG-EPN612/testingJSON/user114/user114.json,idx_109
fist,trainingSamples,raw_data/EMG-EPN612/testingJSON/user114/user114.json,idx_110
fist,trainingSamples,raw_data/EMG-EPN612/testingJSON/user114/user114.json,idx_111
fist,trainingSamples,raw_data/EMG-EPN612/testingJSON/user114/user114.json,idx_112
fist,trainingSamples,raw_data/EMG-EPN612/testingJSON/user114/user114.json,idx_113
fist,trainingSamples,raw_data/EMG-EPN612/testingJSON/user114/user114.json,idx_114
fist,trainingSamples,raw_data/EMG-EPN612/testingJSON/user114/user114.json,idx_115
fist,trainingSamples,raw_data/EMG-EPN612/testingJSON/user114/user114.json,idx_116
fist,trainingSamples,raw_data/EMG-EPN612/testingJSON/user114/user114.json,idx_117
fist,trainingSamples,raw_data/EMG-EPN612/testingJSON/user114/user114.json,idx_118
fist,trainingSamples,raw_data/EMG-EPN612/testingJSON/user114/user114.json,idx_119
fist,trainingSamples,raw_data/EMG-EPN612/testingJSON/user114/user114.json,idx_120
fist,trainingSamples,raw_data/EMG-EPN612/testingJSON/user114/user114.json,idx_121
fist,trainingSamples,raw_data/EMG-EPN612/testingJSON/user114/user114.json,idx_122
fist,trainingSamples,raw_data/EMG-EPN612/testingJSON/user114/user114.json,idx_123
fist,trainingSamples,raw_data/EMG-EPN612/testingJSON/user114/user114.json,idx_124
fist,trainingSamples,raw_data/EMG-EPN612/testingJSON/user114/user114.json,idx_125
waveIn,trainingSamples,raw_data/EMG-EPN612/testingJSON/user114/user114.json,idx_126
waveIn,trainingSamples,raw_data/EMG-EPN612/testingJSON/user114/user114.json,idx_127
waveIn,trainingSamples,raw_data/EMG-EPN612/testingJSON/user114/user114.json,idx_128
waveIn,trainingSamples,raw_data/EMG-EPN612/testingJSON/user114/user114.json,idx_129
waveIn,trainingSamples,raw_data/EMG-EPN612/testingJSON/user114/user114.json,idx_130
waveIn,trainingSamples,raw_data/EMG-EPN612/testingJSON/user114/user114.json,idx_131
waveIn,trainingSamples,raw_data/EMG-EPN612/testingJSON/user114/user114.json,idx_132
waveIn,trainingSamples,raw_data/EMG-EPN612/testingJSON/user114/user114.json,idx_133
waveIn,trainingSamples,raw_data/EMG-EPN612/testingJSON/user114/user114.json,idx_134
waveIn,trainingSamples,raw_data/EMG-EPN612/testingJSON/user114/user114.json,idx_135
waveIn,trainingSamples,raw_data/EMG-EPN612/testingJSON/user114/user114.json,idx_136
waveIn,trainingSamples,raw_data/EMG-EPN612/testingJSON/user114/user114.json,idx_137
waveIn,trainingSamples,raw_data/EMG-EPN612/testingJSON/user114/user114.json,idx_138
waveIn,trainingSamples,raw_data/EMG-EPN612/testingJSON/user114/user114.json,idx_139
waveIn,trainingSamples,raw_data/EMG-EPN612/testingJSON/user114/user114.json,idx_140
waveIn,trainingSamples,raw_data/EMG-EPN612/testingJSON/user114/user114.json,idx_141
waveIn,trainingSamples,raw_data/EMG-EPN612/testingJSON/user114/user114.json,idx_142
waveIn,trainingSamples,raw_data/EMG-EPN612/testingJSON/user114/user114.json,idx_143
waveIn,trainingSamples,raw_data/EMG-EPN612/testingJSON/user114/user114.json,idx_144
waveIn,trainingSamples,raw_data/EMG-EPN612/testingJSON/user114/user114.json,idx_145
waveIn,trainingSamples,raw_data/EMG-EPN612/testingJSON/user114/user114.json,idx_146
waveIn,trainingSamples,raw_data/EMG-EPN612/testingJSON/user114/user114.json,idx_147
waveIn,trainingSamples,raw_data/EMG-EPN612/testingJSON/user114/user114.json,idx_148
waveIn,trainingSamples,raw_data/EMG-EPN612/testingJSON/user114/user114.json,idx_149
waveIn,trainingSamples,raw_data/EMG-EPN612/testingJSON/user114/user114.json,idx_150
noGesture,trainingSamples,raw_data/EMG-EPN612/testingJSON/user115/user115.json,idx_1
noGesture,trainingSamples,raw_data/EMG-EPN612/testingJSON/user115/user115.json,idx_2
noGesture,trainingSamples,raw_data/EMG-EPN612/testingJSON/user115/user115.json,idx_3
noGesture,trainingSamples,raw_data/EMG-EPN612/testingJSON/user115/user115.json,idx_4
noGesture,trainingSamples,raw_data/EMG-EPN612/testingJSON/user115/user115.json,idx_5
noGesture,trainingSamples,raw_data/EMG-EPN612/testingJSON/user115/user115.json,idx_6
noGesture,trainingSamples,raw_data/EMG-EPN612/testingJSON/user115/user115.json,idx_7
noGesture,trainingSamples,raw_data/EMG-EPN612/testingJSON/user115/user115.json,idx_8
noGesture,trainingSamples,raw_data/EMG-EPN612/testingJSON/user115/user115.json,idx_9
noGesture,trainingSamples,raw_data/EMG-EPN612/testingJSON/user115/user115.json,idx_10
noGesture,trainingSamples,raw_data/EMG-EPN612/testingJSON/user115/user115.json,idx_11
noGesture,trainingSamples,raw_data/EMG-EPN612/testingJSON/user115/user115.json,idx_12
noGesture,trainingSamples,raw_data/EMG-EPN612/testingJSON/user115/user115.json,idx_13
noGesture,trainingSamples,raw_data/EMG-EPN612/testingJSON/user115/user115.json,idx_14
noGesture,trainingSamples,raw_data/EMG-EPN612/testingJSON/user115/user115.json,idx_15
noGesture,trainingSamples,raw_data/EMG-EPN612/testingJSON/user115/user115.json,idx_16
noGesture,trainingSamples,raw_data/EMG-EPN612/testingJSON/user115/user115.json,idx_17
noGesture,trainingSamples,raw_data/EMG-EPN612/testingJSON/user115/user115.json,idx_18
noGesture,trainingSamples,raw_data/EMG-EPN612/testingJSON/user115/user115.json,idx_19
noGesture,trainingSamples,raw_data/EMG-EPN612/testingJSON/user115/user115.json,idx_20
noGesture,trainingSamples,raw_data/EMG-EPN612/testingJSON/user115/user115.json,idx_21
noGesture,trainingSamples,raw_data/EMG-EPN612/testingJSON/user115/user115.json,idx_22
noGesture,trainingSamples,raw_data/EMG-EPN612/testingJSON/user115/user115.json,idx_23
noGesture,trainingSamples,raw_data/EMG-EPN612/testingJSON/user115/user115.json,idx_24
noGesture,trainingSamples,raw_data/EMG-EPN612/testingJSON/user115/user115.json,idx_25
waveOut,trainingSamples,raw_data/EMG-EPN612/testingJSON/user115/user115.json,idx_26
waveOut,trainingSamples,raw_data/EMG-EPN612/testingJSON/user115/user115.json,idx_27
waveOut,trainingSamples,raw_data/EMG-EPN612/testingJSON/user115/user115.json,idx_28
waveOut,trainingSamples,raw_data/EMG-EPN612/testingJSON/user115/user115.json,idx_29
waveOut,trainingSamples,raw_data/EMG-EPN612/testingJSON/user115/user115.json,idx_30
waveOut,trainingSamples,raw_data/EMG-EPN612/testingJSON/user115/user115.json,idx_31
waveOut,trainingSamples,raw_data/EMG-EPN612/testingJSON/user115/user115.json,idx_32
waveOut,trainingSamples,raw_data/EMG-EPN612/testingJSON/user115/user115.json,idx_33
waveOut,trainingSamples,raw_data/EMG-EPN612/testingJSON/user115/user115.json,idx_34
waveOut,trainingSamples,raw_data/EMG-EPN612/testingJSON/user115/user115.json,idx_35
waveOut,trainingSamples,raw_data/EMG-EPN612/testingJSON/user115/user115.json,idx_36
waveOut,trainingSamples,raw_data/EMG-EPN612/testingJSON/user115/user115.json,idx_37
waveOut,trainingSamples,raw_data/EMG-EPN612/testingJSON/user115/user115.json,idx_38
waveOut,trainingSamples,raw_data/EMG-EPN612/testingJSON/user115/user115.json,idx_39
waveOut,trainingSamples,raw_data/EMG-EPN612/testingJSON/user115/user115.json,idx_40
waveOut,trainingSamples,raw_data/EMG-EPN612/testingJSON/user115/user115.json,idx_41
waveOut,trainingSamples,raw_data/EMG-EPN612/testingJSON/user115/user115.json,idx_42
waveOut,trainingSamples,raw_data/EMG-EPN612/testingJSON/user115/user115.json,idx_43
waveOut,trainingSamples,raw_data/EMG-EPN612/testingJSON/user115/user115.json,idx_44
waveOut,trainingSamples,raw_data/EMG-EPN612/testingJSON/user115/user115.json,idx_45
waveOut,trainingSamples,raw_data/EMG-EPN612/testingJSON/user115/user115.json,idx_46
waveOut,trainingSamples,raw_data/EMG-EPN612/testingJSON/user115/user115.json,idx_47
waveOut,trainingSamples,raw_data/EMG-EPN612/testingJSON/user115/user115.json,idx_48
waveOut,trainingSamples,raw_data/EMG-EPN612/testingJSON/user115/user115.json,idx_49
waveOut,trainingSamples,raw_data/EMG-EPN612/testingJSON/user115/user115.json,idx_50
pinch,trainingSamples,raw_data/EMG-EPN612/testingJSON/user115/user115.json,idx_51
pinch,trainingSamples,raw_data/EMG-EPN612/testingJSON/user115/user115.json,idx_52
pinch,trainingSamples,raw_data/EMG-EPN612/testingJSON/user115/user115.json,idx_53
pinch,trainingSamples,raw_data/EMG-EPN612/testingJSON/user115/user115.json,idx_54
pinch,trainingSamples,raw_data/EMG-EPN612/testingJSON/user115/user115.json,idx_55
pinch,trainingSamples,raw_data/EMG-EPN612/testingJSON/user115/user115.json,idx_56
pinch,trainingSamples,raw_data/EMG-EPN612/testingJSON/user115/user115.json,idx_57
pinch,trainingSamples,raw_data/EMG-EPN612/testingJSON/user115/user115.json,idx_58
pinch,trainingSamples,raw_data/EMG-EPN612/testingJSON/user115/user115.json,idx_59
pinch,trainingSamples,raw_data/EMG-EPN612/testingJSON/user115/user115.json,idx_60
pinch,trainingSamples,raw_data/EMG-EPN612/testingJSON/user115/user115.json,idx_61
pinch,trainingSamples,raw_data/EMG-EPN612/testingJSON/user115/user115.json,idx_62
pinch,trainingSamples,raw_data/EMG-EPN612/testingJSON/user115/user115.json,idx_63
pinch,trainingSamples,raw_data/EMG-EPN612/testingJSON/user115/user115.json,idx_64
pinch,trainingSamples,raw_data/EMG-EPN612/testingJSON/user115/user115.json,idx_65
pinch,trainingSamples,raw_data/EMG-EPN612/testingJSON/user115/user115.json,idx_66
pinch,trainingSamples,raw_data/EMG-EPN612/testingJSON/user115/user115.json,idx_67
pinch,trainingSamples,raw_data/EMG-EPN612/testingJSON/user115/user115.json,idx_68
pinch,trainingSamples,raw_data/EMG-EPN612/testingJSON/user115/user115.json,idx_69
pinch,trainingSamples,raw_data/EMG-EPN612/testingJSON/user115/user115.json,idx_70
pinch,trainingSamples,raw_data/EMG-EPN612/testingJSON/user115/user115.json,idx_71
pinch,trainingSamples,raw_data/EMG-EPN612/testingJSON/user115/user115.json,idx_72
pinch,trainingSamples,raw_data/EMG-EPN612/testingJSON/user115/user115.json,idx_73
pinch,trainingSamples,raw_data/EMG-EPN612/testingJSON/user115/user115.json,idx_74
pinch,trainingSamples,raw_data/EMG-EPN612/testingJSON/user115/user115.json,idx_75
fist,trainingSamples,raw_data/EMG-EPN612/testingJSON/user115/user115.json,idx_76
fist,trainingSamples,raw_data/EMG-EPN612/testingJSON/user115/user115.json,idx_77
fist,trainingSamples,raw_data/EMG-EPN612/testingJSON/user115/user115.json,idx_78
fist,trainingSamples,raw_data/EMG-EPN612/testingJSON/user115/user115.json,idx_79
fist,trainingSamples,raw_data/EMG-EPN612/testingJSON/user115/user115.json,idx_80
fist,trainingSamples,raw_data/EMG-EPN612/testingJSON/user115/user115.json,idx_81
fist,trainingSamples,raw_data/EMG-EPN612/testingJSON/user115/user115.json,idx_82
fist,trainingSamples,raw_data/EMG-EPN612/testingJSON/user115/user115.json,idx_83
fist,trainingSamples,raw_data/EMG-EPN612/testingJSON/user115/user115.json,idx_84
fist,trainingSamples,raw_data/EMG-EPN612/testingJSON/user115/user115.json,idx_85
fist,trainingSamples,raw_data/EMG-EPN612/testingJSON/user115/user115.json,idx_86
fist,trainingSamples,raw_data/EMG-EPN612/testingJSON/user115/user115.json,idx_87
fist,trainingSamples,raw_data/EMG-EPN612/testingJSON/user115/user115.json,idx_88
fist,trainingSamples,raw_data/EMG-EPN612/testingJSON/user115/user115.json,idx_89
fist,trainingSamples,raw_data/EMG-EPN612/testingJSON/user115/user115.json,idx_90
fist,trainingSamples,raw_data/EMG-EPN612/testingJSON/user115/user115.json,idx_91
fist,trainingSamples,raw_data/EMG-EPN612/testingJSON/user115/user115.json,idx_92
fist,trainingSamples,raw_data/EMG-EPN612/testingJSON/user115/user115.json,idx_93
fist,trainingSamples,raw_data/EMG-EPN612/testingJSON/user115/user115.json,idx_94
fist,trainingSamples,raw_data/EMG-EPN612/testingJSON/user115/user115.json,idx_95
fist,trainingSamples,raw_data/EMG-EPN612/testingJSON/user115/user115.json,idx_96
fist,trainingSamples,raw_data/EMG-EPN612/testingJSON/user115/user115.json,idx_97
fist,trainingSamples,raw_data/EMG-EPN612/testingJSON/user115/user115.json,idx_98
fist,trainingSamples,raw_data/EMG-EPN612/testingJSON/user115/user115.json,idx_99
fist,trainingSamples,raw_data/EMG-EPN612/testingJSON/user115/user115.json,idx_100
waveIn,trainingSamples,raw_data/EMG-EPN612/testingJSON/user115/user115.json,idx_101
waveIn,trainingSamples,raw_data/EMG-EPN612/testingJSON/user115/user115.json,idx_102
waveIn,trainingSamples,raw_data/EMG-EPN612/testingJSON/user115/user115.json,idx_103
waveIn,trainingSamples,raw_data/EMG-EPN612/testingJSON/user115/user115.json,idx_104
waveIn,trainingSamples,raw_data/EMG-EPN612/testingJSON/user115/user115.json,idx_105
waveIn,trainingSamples,raw_data/EMG-EPN612/testingJSON/user115/user115.json,idx_106
waveIn,trainingSamples,raw_data/EMG-EPN612/testingJSON/user115/user115.json,idx_107
waveIn,trainingSamples,raw_data/EMG-EPN612/testingJSON/user115/user115.json,idx_108
waveIn,trainingSamples,raw_data/EMG-EPN612/testingJSON/user115/user115.json,idx_109
waveIn,trainingSamples,raw_data/EMG-EPN612/testingJSON/user115/user115.json,idx_110
waveIn,trainingSamples,raw_data/EMG-EPN612/testingJSON/user115/user115.json,idx_111
waveIn,trainingSamples,raw_data/EMG-EPN612/testingJSON/user115/user115.json,idx_112
waveIn,trainingSamples,raw_data/EMG-EPN612/testingJSON/user115/user115.json,idx_113
waveIn,trainingSamples,raw_data/EMG-EPN612/testingJSON/user115/user115.json,idx_114
waveIn,trainingSamples,raw_data/EMG-EPN612/testingJSON/user115/user115.json,idx_115
waveIn,trainingSamples,raw_data/EMG-EPN612/testingJSON/user115/user115.json,idx_116
waveIn,trainingSamples,raw_data/EMG-EPN612/testingJSON/user115/user115.json,idx_117
waveIn,trainingSamples,raw_data/EMG-EPN612/testingJSON/user115/user115.json,idx_118
waveIn,trainingSamples,raw_data/EMG-EPN612/testingJSON/user115/user115.json,idx_119
waveIn,trainingSamples,raw_data/EMG-EPN612/testingJSON/user115/user115.json,idx_120
waveIn,trainingSamples,raw_data/EMG-EPN612/testingJSON/user115/user115.json,idx_121
waveIn,trainingSamples,raw_data/EMG-EPN612/testingJSON/user115/user115.json,idx_122
waveIn,trainingSamples,raw_data/EMG-EPN612/testingJSON/user115/user115.json,idx_123
waveIn,trainingSamples,raw_data/EMG-EPN612/testingJSON/user115/user115.json,idx_124
waveIn,trainingSamples,raw_data/EMG-EPN612/testingJSON/user115/user115.json,idx_125
open,trainingSamples,raw_data/EMG-EPN612/testingJSON/user115/user115.json,idx_126
open,trainingSamples,raw_data/EMG-EPN612/testingJSON/user115/user115.json,idx_127
open,trainingSamples,raw_data/EMG-EPN612/testingJSON/user115/user115.json,idx_128
open,trainingSamples,raw_data/EMG-EPN612/testingJSON/user115/user115.json,idx_129
open,trainingSamples,raw_data/EMG-EPN612/testingJSON/user115/user115.json,idx_130
open,trainingSamples,raw_data/EMG-EPN612/testingJSON/user115/user115.json,idx_131
open,trainingSamples,raw_data/EMG-EPN612/testingJSON/user115/user115.json,idx_132
open,trainingSamples,raw_data/EMG-EPN612/testingJSON/user115/user115.json,idx_133
open,trainingSamples,raw_data/EMG-EPN612/testingJSON/user115/user115.json,idx_134
open,trainingSamples,raw_data/EMG-EPN612/testingJSON/user115/user115.json,idx_135
open,trainingSamples,raw_data/EMG-EPN612/testingJSON/user115/user115.json,idx_136
open,trainingSamples,raw_data/EMG-EPN612/testingJSON/user115/user115.json,idx_137
open,trainingSamples,raw_data/EMG-EPN612/testingJSON/user115/user115.json,idx_138
open,trainingSamples,raw_data/EMG-EPN612/testingJSON/user115/user115.json,idx_139
open,trainingSamples,raw_data/EMG-EPN612/testingJSON/user115/user115.json,idx_140
open,trainingSamples,raw_data/EMG-EPN612/testingJSON/user115/user115.json,idx_141
open,trainingSamples,raw_data/EMG-EPN612/testingJSON/user115/user115.json,idx_142
open,trainingSamples,raw_data/EMG-EPN612/testingJSON/user115/user115.json,idx_143
open,trainingSamples,raw_data/EMG-EPN612/testingJSON/user115/user115.json,idx_144
open,trainingSamples,raw_data/EMG-EPN612/testingJSON/user115/user115.json,idx_145
open,trainingSamples,raw_data/EMG-EPN612/testingJSON/user115/user115.json,idx_146
open,trainingSamples,raw_data/EMG-EPN612/testingJSON/user115/user115.json,idx_147
open,trainingSamples,raw_data/EMG-EPN612/testingJSON/user115/user115.json,idx_148
open,trainingSamples,raw_data/EMG-EPN612/testingJSON/user115/user115.json,idx_149
open,trainingSamples,raw_data/EMG-EPN612/testingJSON/user115/user115.json,idx_150
noGesture,trainingSamples,raw_data/EMG-EPN612/testingJSON/user116/user116.json,idx_1
noGesture,trainingSamples,raw_data/EMG-EPN612/testingJSON/user116/user116.json,idx_2
noGesture,trainingSamples,raw_data/EMG-EPN612/testingJSON/user116/user116.json,idx_3
noGesture,trainingSamples,raw_data/EMG-EPN612/testingJSON/user116/user116.json,idx_4
noGesture,trainingSamples,raw_data/EMG-EPN612/testingJSON/user116/user116.json,idx_5
noGesture,trainingSamples,raw_data/EMG-EPN612/testingJSON/user116/user116.json,idx_6
noGesture,trainingSamples,raw_data/EMG-EPN612/testingJSON/user116/user116.json,idx_7
noGesture,trainingSamples,raw_data/EMG-EPN612/testingJSON/user116/user116.json,idx_8
noGesture,trainingSamples,raw_data/EMG-EPN612/testingJSON/user116/user116.json,idx_9
noGesture,trainingSamples,raw_data/EMG-EPN612/testingJSON/user116/user116.json,idx_10
noGesture,trainingSamples,raw_data/EMG-EPN612/testingJSON/user116/user116.json,idx_11
noGesture,trainingSamples,raw_data/EMG-EPN612/testingJSON/user116/user116.json,idx_12
noGesture,trainingSamples,raw_data/EMG-EPN612/testingJSON/user116/user116.json,idx_13
noGesture,trainingSamples,raw_data/EMG-EPN612/testingJSON/user116/user116.json,idx_14
noGesture,trainingSamples,raw_data/EMG-EPN612/testingJSON/user116/user116.json,idx_15
noGesture,trainingSamples,raw_data/EMG-EPN612/testingJSON/user116/user116.json,idx_16
noGesture,trainingSamples,raw_data/EMG-EPN612/testingJSON/user116/user116.json,idx_17
noGesture,trainingSamples,raw_data/EMG-EPN612/testingJSON/user116/user116.json,idx_18
noGesture,trainingSamples,raw_data/EMG-EPN612/testingJSON/user116/user116.json,idx_19
noGesture,trainingSamples,raw_data/EMG-EPN612/testingJSON/user116/user116.json,idx_20
noGesture,trainingSamples,raw_data/EMG-EPN612/testingJSON/user116/user116.json,idx_21
noGesture,trainingSamples,raw_data/EMG-EPN612/testingJSON/user116/user116.json,idx_22
noGesture,trainingSamples,raw_data/EMG-EPN612/testingJSON/user116/user116.json,idx_23
noGesture,trainingSamples,raw_data/EMG-EPN612/testingJSON/user116/user116.json,idx_24
noGesture,trainingSamples,raw_data/EMG-EPN612/testingJSON/user116/user116.json,idx_25
fist,trainingSamples,raw_data/EMG-EPN612/testingJSON/user116/user116.json,idx_26
fist,trainingSamples,raw_data/EMG-EPN612/testingJSON/user116/user116.json,idx_27
fist,trainingSamples,raw_data/EMG-EPN612/testingJSON/user116/user116.json,idx_28
fist,trainingSamples,raw_data/EMG-EPN612/testingJSON/user116/user116.json,idx_29
fist,trainingSamples,raw_data/EMG-EPN612/testingJSON/user116/user116.json,idx_30
fist,trainingSamples,raw_data/EMG-EPN612/testingJSON/user116/user116.json,idx_31
fist,trainingSamples,raw_data/EMG-EPN612/testingJSON/user116/user116.json,idx_32
fist,trainingSamples,raw_data/EMG-EPN612/testingJSON/user116/user116.json,idx_33
fist,trainingSamples,raw_data/EMG-EPN612/testingJSON/user116/user116.json,idx_34
fist,trainingSamples,raw_data/EMG-EPN612/testingJSON/user116/user116.json,idx_35
fist,trainingSamples,raw_data/EMG-EPN612/testingJSON/user116/user116.json,idx_36
fist,trainingSamples,raw_data/EMG-EPN612/testingJSON/user116/user116.json,idx_37
fist,trainingSamples,raw_data/EMG-EPN612/testingJSON/user116/user116.json,idx_38
fist,trainingSamples,raw_data/EMG-EPN612/testingJSON/user116/user116.json,idx_39
fist,trainingSamples,raw_data/EMG-EPN612/testingJSON/user116/user116.json,idx_40
fist,trainingSamples,raw_data/EMG-EPN612/testingJSON/user116/user116.json,idx_41
fist,trainingSamples,raw_data/EMG-EPN612/testingJSON/user116/user116.json,idx_42
fist,trainingSamples,raw_data/EMG-EPN612/testingJSON/user116/user116.json,idx_43
fist,trainingSamples,raw_data/EMG-EPN612/testingJSON/user116/user116.json,idx_44
fist,trainingSamples,raw_data/EMG-EPN612/testingJSON/user116/user116.json,idx_45
fist,trainingSamples,raw_data/EMG-EPN612/testingJSON/user116/user116.json,idx_46
fist,trainingSamples,raw_data/EMG-EPN612/testingJSON/user116/user116.json,idx_47
fist,trainingSamples,raw_data/EMG-EPN612/testingJSON/user116/user116.json,idx_48
fist,trainingSamples,raw_data/EMG-EPN612/testingJSON/user116/user116.json,idx_49
fist,trainingSamples,raw_data/EMG-EPN612/testingJSON/user116/user116.json,idx_50
waveOut,trainingSamples,raw_data/EMG-EPN612/testingJSON/user116/user116.json,idx_51
waveOut,trainingSamples,raw_data/EMG-EPN612/testingJSON/user116/user116.json,idx_52
waveOut,trainingSamples,raw_data/EMG-EPN612/testingJSON/user116/user116.json,idx_53
waveOut,trainingSamples,raw_data/EMG-EPN612/testingJSON/user116/user116.json,idx_54
waveOut,trainingSamples,raw_data/EMG-EPN612/testingJSON/user116/user116.json,idx_55
waveOut,trainingSamples,raw_data/EMG-EPN612/testingJSON/user116/user116.json,idx_56
waveOut,trainingSamples,raw_data/EMG-EPN612/testingJSON/user116/user116.json,idx_57
waveOut,trainingSamples,raw_data/EMG-EPN612/testingJSON/user116/user116.json,idx_58
waveOut,trainingSamples,raw_data/EMG-EPN612/testingJSON/user116/user116.json,idx_59
waveOut,trainingSamples,raw_data/EMG-EPN612/testingJSON/user116/user116.json,idx_60
waveOut,trainingSamples,raw_data/EMG-EPN612/testingJSON/user116/user116.json,idx_61
waveOut,trainingSamples,raw_data/EMG-EPN612/testingJSON/user116/user116.json,idx_62
waveOut,trainingSamples,raw_data/EMG-EPN612/testingJSON/user116/user116.json,idx_63
waveOut,trainingSamples,raw_data/EMG-EPN612/testingJSON/user116/user116.json,idx_64
waveOut,trainingSamples,raw_data/EMG-EPN612/testingJSON/user116/user116.json,idx_65
waveOut,trainingSamples,raw_data/EMG-EPN612/testingJSON/user116/user116.json,idx_66
waveOut,trainingSamples,raw_data/EMG-EPN612/testingJSON/user116/user116.json,idx_67
waveOut,trainingSamples,raw_data/EMG-EPN612/testingJSON/user116/user116.json,idx_68
waveOut,trainingSamples,raw_data/EMG-EPN612/testingJSON/user116/user116.json,idx_69
waveOut,trainingSamples,raw_data/EMG-EPN612/testingJSON/user116/user116.json,idx_70
waveOut,trainingSamples,raw_data/EMG-EPN612/testingJSON/user116/user116.json,idx_71
waveOut,trainingSamples,raw_data/EMG-EPN612/testingJSON/user116/user116.json,idx_72
waveOut,trainingSamples,raw_data/EMG-EPN612/testingJSON/user116/user116.json,idx_73
waveOut,trainingSamples,raw_data/EMG-EPN612/testingJSON/user116/user116.json,idx_74
waveOut,trainingSamples,raw_data/EMG-EPN612/testingJSON/user116/user116.json,idx_75
waveIn,trainingSamples,raw_data/EMG-EPN612/testingJSON/user116/user116.json,idx_76
waveIn,trainingSamples,raw_data/EMG-EPN612/testingJSON/user116/user116.json,idx_77
waveIn,trainingSamples,raw_data/EMG-EPN612/testingJSON/user116/user116.json,idx_78
waveIn,trainingSamples,raw_data/EMG-EPN612/testingJSON/user116/user116.json,idx_79
waveIn,trainingSamples,raw_data/EMG-EPN612/testingJSON/user116/user116.json,idx_80
waveIn,trainingSamples,raw_data/EMG-EPN612/testingJSON/user116/user116.json,idx_81
waveIn,trainingSamples,raw_data/EMG-EPN612/testingJSON/user116/user116.json,idx_82
waveIn,trainingSamples,raw_data/EMG-EPN612/testingJSON/user116/user116.json,idx_83
waveIn,trainingSamples,raw_data/EMG-EPN612/testingJSON/user116/user116.json,idx_84
waveIn,trainingSamples,raw_data/EMG-EPN612/testingJSON/user116/user116.json,idx_85
waveIn,trainingSamples,raw_data/EMG-EPN612/testingJSON/user116/user116.json,idx_86
waveIn,trainingSamples,raw_data/EMG-EPN612/testingJSON/user116/user116.json,idx_87
waveIn,trainingSamples,raw_data/EMG-EPN612/testingJSON/user116/user116.json,idx_88
waveIn,trainingSamples,raw_data/EMG-EPN612/testingJSON/user116/user116.json,idx_89
waveIn,trainingSamples,raw_data/EMG-EPN612/testingJSON/user116/user116.json,idx_90
waveIn,trainingSamples,raw_data/EMG-EPN612/testingJSON/user116/user116.json,idx_91
waveIn,trainingSamples,raw_data/EMG-EPN612/testingJSON/user116/user116.json,idx_92
waveIn,trainingSamples,raw_data/EMG-EPN612/testingJSON/user116/user116.json,idx_93
waveIn,trainingSamples,raw_data/EMG-EPN612/testingJSON/user116/user116.json,idx_94
waveIn,trainingSamples,raw_data/EMG-EPN612/testingJSON/user116/user116.json,idx_95
waveIn,trainingSamples,raw_data/EMG-EPN612/testingJSON/user116/user116.json,idx_96
waveIn,trainingSamples,raw_data/EMG-EPN612/testingJSON/user116/user116.json,idx_97
waveIn,trainingSamples,raw_data/EMG-EPN612/testingJSON/user116/user116.json,idx_98
waveIn,trainingSamples,raw_data/EMG-EPN612/testingJSON/user116/user116.json,idx_99
waveIn,trainingSamples,raw_data/EMG-EPN612/testingJSON/user116/user116.json,idx_100
open,trainingSamples,raw_data/EMG-EPN612/testingJSON/user116/user116.json,idx_101
open,trainingSamples,raw_data/EMG-EPN612/testingJSON/user116/user116.json,idx_102
open,trainingSamples,raw_data/EMG-EPN612/testingJSON/user116/user116.json,idx_103
open,trainingSamples,raw_data/EMG-EPN612/testingJSON/user116/user116.json,idx_104
open,trainingSamples,raw_data/EMG-EPN612/testingJSON/user116/user116.json,idx_105
open,trainingSamples,raw_data/EMG-EPN612/testingJSON/user116/user116.json,idx_106
open,trainingSamples,raw_data/EMG-EPN612/testingJSON/user116/user116.json,idx_107
open,trainingSamples,raw_data/EMG-EPN612/testingJSON/user116/user116.json,idx_108
open,trainingSamples,raw_data/EMG-EPN612/testingJSON/user116/user116.json,idx_109
open,trainingSamples,raw_data/EMG-EPN612/testingJSON/user116/user116.json,idx_110
open,trainingSamples,raw_data/EMG-EPN612/testingJSON/user116/user116.json,idx_111
open,trainingSamples,raw_data/EMG-EPN612/testingJSON/user116/user116.json,idx_112
open,trainingSamples,raw_data/EMG-EPN612/testingJSON/user116/user116.json,idx_113
open,trainingSamples,raw_data/EMG-EPN612/testingJSON/user116/user116.json,idx_114
open,trainingSamples,raw_data/EMG-EPN612/testingJSON/user116/user116.json,idx_115
open,trainingSamples,raw_data/EMG-EPN612/testingJSON/user116/user116.json,idx_116
open,trainingSamples,raw_data/EMG-EPN612/testingJSON/user116/user116.json,idx_117
open,trainingSamples,raw_data/EMG-EPN612/testingJSON/user116/user116.json,idx_118
open,trainingSamples,raw_data/EMG-EPN612/testingJSON/user116/user116.json,idx_119
open,trainingSamples,raw_data/EMG-EPN612/testingJSON/user116/user116.json,idx_120
open,trainingSamples,raw_data/EMG-EPN612/testingJSON/user116/user116.json,idx_121
open,trainingSamples,raw_data/EMG-EPN612/testingJSON/user116/user116.json,idx_122
open,trainingSamples,raw_data/EMG-EPN612/testingJSON/user116/user116.json,idx_123
open,trainingSamples,raw_data/EMG-EPN612/testingJSON/user116/user116.json,idx_124
open,trainingSamples,raw_data/EMG-EPN612/testingJSON/user116/user116.json,idx_125
pinch,trainingSamples,raw_data/EMG-EPN612/testingJSON/user116/user116.json,idx_126
pinch,trainingSamples,raw_data/EMG-EPN612/testingJSON/user116/user116.json,idx_127
pinch,trainingSamples,raw_data/EMG-EPN612/testingJSON/user116/user116.json,idx_128
pinch,trainingSamples,raw_data/EMG-EPN612/testingJSON/user116/user116.json,idx_129
pinch,trainingSamples,raw_data/EMG-EPN612/testingJSON/user116/user116.json,idx_130
pinch,trainingSamples,raw_data/EMG-EPN612/testingJSON/user116/user116.json,idx_131
pinch,trainingSamples,raw_data/EMG-EPN612/testingJSON/user116/user116.json,idx_132
pinch,trainingSamples,raw_data/EMG-EPN612/testingJSON/user116/user116.json,idx_133
pinch,trainingSamples,raw_data/EMG-EPN612/testingJSON/user116/user116.json,idx_134
pinch,trainingSamples,raw_data/EMG-EPN612/testingJSON/user116/user116.json,idx_135
pinch,trainingSamples,raw_data/EMG-EPN612/testingJSON/user116/user116.json,idx_136
pinch,trainingSamples,raw_data/EMG-EPN612/testingJSON/user116/user116.json,idx_137
pinch,trainingSamples,raw_data/EMG-EPN612/testingJSON/user116/user116.json,idx_138
pinch,trainingSamples,raw_data/EMG-EPN612/testingJSON/user116/user116.json,idx_139
pinch,trainingSamples,raw_data/EMG-EPN612/testingJSON/user116/user116.json,idx_140
pinch,trainingSamples,raw_data/EMG-EPN612/testingJSON/user116/user116.json,idx_141
pinch,trainingSamples,raw_data/EMG-EPN612/testingJSON/user116/user116.json,idx_142
pinch,trainingSamples,raw_data/EMG-EPN612/testingJSON/user116/user116.json,idx_143
pinch,trainingSamples,raw_data/EMG-EPN612/testingJSON/user116/user116.json,idx_144
pinch,trainingSamples,raw_data/EMG-EPN612/testingJSON/user116/user116.json,idx_145
pinch,trainingSamples,raw_data/EMG-EPN612/testingJSON/user116/user116.json,idx_146
pinch,trainingSamples,raw_data/EMG-EPN612/testingJSON/user116/user116.json,idx_147
pinch,trainingSamples,raw_data/EMG-EPN612/testingJSON/user116/user116.json,idx_148
pinch,trainingSamples,raw_data/EMG-EPN612/testingJSON/user116/user116.json,idx_149
pinch,trainingSamples,raw_data/EMG-EPN612/testingJSON/user116/user116.json,idx_150
noGesture,trainingSamples,raw_data/EMG-EPN612/testingJSON/user117/user117.json,idx_1
noGesture,trainingSamples,raw_data/EMG-EPN612/testingJSON/user117/user117.json,idx_2
noGesture,trainingSamples,raw_data/EMG-EPN612/testingJSON/user117/user117.json,idx_3
noGesture,trainingSamples,raw_data/EMG-EPN612/testingJSON/user117/user117.json,idx_4
noGesture,trainingSamples,raw_data/EMG-EPN612/testingJSON/user117/user117.json,idx_5
noGesture,trainingSamples,raw_data/EMG-EPN612/testingJSON/user117/user117.json,idx_6
noGesture,trainingSamples,raw_data/EMG-EPN612/testingJSON/user117/user117.json,idx_7
noGesture,trainingSamples,raw_data/EMG-EPN612/testingJSON/user117/user117.json,idx_8
noGesture,trainingSamples,raw_data/EMG-EPN612/testingJSON/user117/user117.json,idx_9
noGesture,trainingSamples,raw_data/EMG-EPN612/testingJSON/user117/user117.json,idx_10
noGesture,trainingSamples,raw_data/EMG-EPN612/testingJSON/user117/user117.json,idx_11
noGesture,trainingSamples,raw_data/EMG-EPN612/testingJSON/user117/user117.json,idx_12
noGesture,trainingSamples,raw_data/EMG-EPN612/testingJSON/user117/user117.json,idx_13
noGesture,trainingSamples,raw_data/EMG-EPN612/testingJSON/user117/user117.json,idx_14
noGesture,trainingSamples,raw_data/EMG-EPN612/testingJSON/user117/user117.json,idx_15
noGesture,trainingSamples,raw_data/EMG-EPN612/testingJSON/user117/user117.json,idx_16
noGesture,trainingSamples,raw_data/EMG-EPN612/testingJSON/user117/user117.json,idx_17
noGesture,trainingSamples,raw_data/EMG-EPN612/testingJSON/user117/user117.json,idx_18
noGesture,trainingSamples,raw_data/EMG-EPN612/testingJSON/user117/user117.json,idx_19
noGesture,trainingSamples,raw_data/EMG-EPN612/testingJSON/user117/user117.json,idx_20
noGesture,trainingSamples,raw_data/EMG-EPN612/testingJSON/user117/user117.json,idx_21
noGesture,trainingSamples,raw_data/EMG-EPN612/testingJSON/user117/user117.json,idx_22
noGesture,trainingSamples,raw_data/EMG-EPN612/testingJSON/user117/user117.json,idx_23
noGesture,trainingSamples,raw_data/EMG-EPN612/testingJSON/user117/user117.json,idx_24
noGesture,trainingSamples,raw_data/EMG-EPN612/testingJSON/user117/user117.json,idx_25
pinch,trainingSamples,raw_data/EMG-EPN612/testingJSON/user117/user117.json,idx_26
pinch,trainingSamples,raw_data/EMG-EPN612/testingJSON/user117/user117.json,idx_27
pinch,trainingSamples,raw_data/EMG-EPN612/testingJSON/user117/user117.json,idx_28
pinch,trainingSamples,raw_data/EMG-EPN612/testingJSON/user117/user117.json,idx_29
pinch,trainingSamples,raw_data/EMG-EPN612/testingJSON/user117/user117.json,idx_30
pinch,trainingSamples,raw_data/EMG-EPN612/testingJSON/user117/user117.json,idx_31
pinch,trainingSamples,raw_data/EMG-EPN612/testingJSON/user117/user117.json,idx_32
pinch,trainingSamples,raw_data/EMG-EPN612/testingJSON/user117/user117.json,idx_33
pinch,trainingSamples,raw_data/EMG-EPN612/testingJSON/user117/user117.json,idx_34
pinch,trainingSamples,raw_data/EMG-EPN612/testingJSON/user117/user117.json,idx_35
pinch,trainingSamples,raw_data/EMG-EPN612/testingJSON/user117/user117.json,idx_36
pinch,trainingSamples,raw_data/EMG-EPN612/testingJSON/user117/user117.json,idx_37
pinch,trainingSamples,raw_data/EMG-EPN612/testingJSON/user117/user117.json,idx_38
pinch,trainingSamples,raw_data/EMG-EPN612/testingJSON/user117/user117.json,idx_39
pinch,trainingSamples,raw_data/EMG-EPN612/testingJSON/user117/user117.json,idx_40
pinch,trainingSamples,raw_data/EMG-EPN612/testingJSON/user117/user117.json,idx_41
pinch,trainingSamples,raw_data/EMG-EPN612/testingJSON/user117/user117.json,idx_42
pinch,trainingSamples,raw_data/EMG-EPN612/testingJSON/user117/user117.json,idx_43
pinch,trainingSamples,raw_data/EMG-EPN612/testingJSON/user117/user117.json,idx_44
pinch,trainingSamples,raw_data/EMG-EPN612/testingJSON/user117/user117.json,idx_45
pinch,trainingSamples,raw_data/EMG-EPN612/testingJSON/user117/user117.json,idx_46
pinch,trainingSamples,raw_data/EMG-EPN612/testingJSON/user117/user117.json,idx_47
pinch,trainingSamples,raw_data/EMG-EPN612/testingJSON/user117/user117.json,idx_48
pinch,trainingSamples,raw_data/EMG-EPN612/testingJSON/user117/user117.json,idx_49
pinch,trainingSamples,raw_data/EMG-EPN612/testingJSON/user117/user117.json,idx_50
waveOut,trainingSamples,raw_data/EMG-EPN612/testingJSON/user117/user117.json,idx_51
waveOut,trainingSamples,raw_data/EMG-EPN612/testingJSON/user117/user117.json,idx_52
waveOut,trainingSamples,raw_data/EMG-EPN612/testingJSON/user117/user117.json,idx_53
waveOut,trainingSamples,raw_data/EMG-EPN612/testingJSON/user117/user117.json,idx_54
waveOut,trainingSamples,raw_data/EMG-EPN612/testingJSON/user117/user117.json,idx_55
waveOut,trainingSamples,raw_data/EMG-EPN612/testingJSON/user117/user117.json,idx_56
waveOut,trainingSamples,raw_data/EMG-EPN612/testingJSON/user117/user117.json,idx_57
waveOut,trainingSamples,raw_data/EMG-EPN612/testingJSON/user117/user117.json,idx_58
waveOut,trainingSamples,raw_data/EMG-EPN612/testingJSON/user117/user117.json,idx_59
waveOut,trainingSamples,raw_data/EMG-EPN612/testingJSON/user117/user117.json,idx_60
waveOut,trainingSamples,raw_data/EMG-EPN612/testingJSON/user117/user117.json,idx_61
waveOut,trainingSamples,raw_data/EMG-EPN612/testingJSON/user117/user117.json,idx_62
waveOut,trainingSamples,raw_data/EMG-EPN612/testingJSON/user117/user117.json,idx_63
waveOut,trainingSamples,raw_data/EMG-EPN612/testingJSON/user117/user117.json,idx_64
waveOut,trainingSamples,raw_data/EMG-EPN612/testingJSON/user117/user117.json,idx_65
waveOut,trainingSamples,raw_data/EMG-EPN612/testingJSON/user117/user117.json,idx_66
waveOut,trainingSamples,raw_data/EMG-EPN612/testingJSON/user117/user117.json,idx_67
waveOut,trainingSamples,raw_data/EMG-EPN612/testingJSON/user117/user117.json,idx_68
waveOut,trainingSamples,raw_data/EMG-EPN612/testingJSON/user117/user117.json,idx_69
waveOut,trainingSamples,raw_data/EMG-EPN612/testingJSON/user117/user117.json,idx_70
waveOut,trainingSamples,raw_data/EMG-EPN612/testingJSON/user117/user117.json,idx_71
waveOut,trainingSamples,raw_data/EMG-EPN612/testingJSON/user117/user117.json,idx_72
waveOut,trainingSamples,raw_data/EMG-EPN612/testingJSON/user117/user117.json,idx_73
waveOut,trainingSamples,raw_data/EMG-EPN612/testingJSON/user117/user117.json,idx_74
waveOut,trainingSamples,raw_data/EMG-EPN612/testingJSON/user117/user117.json,idx_75
open,trainingSamples,raw_data/EMG-EPN612/testingJSON/user117/user117.json,idx_76
open,trainingSamples,raw_data/EMG-EPN612/testingJSON/user117/user117.json,idx_77
open,trainingSamples,raw_data/EMG-EPN612/testingJSON/user117/user117.json,idx_78
open,trainingSamples,raw_data/EMG-EPN612/testingJSON/user117/user117.json,idx_79
open,trainingSamples,raw_data/EMG-EPN612/testingJSON/user117/user117.json,idx_80
open,trainingSamples,raw_data/EMG-EPN612/testingJSON/user117/user117.json,idx_81
open,trainingSamples,raw_data/EMG-EPN612/testingJSON/user117/user117.json,idx_82
open,trainingSamples,raw_data/EMG-EPN612/testingJSON/user117/user117.json,idx_83
open,trainingSamples,raw_data/EMG-EPN612/testingJSON/user117/user117.json,idx_84
open,trainingSamples,raw_data/EMG-EPN612/testingJSON/user117/user117.json,idx_85
open,trainingSamples,raw_data/EMG-EPN612/testingJSON/user117/user117.json,idx_86
open,trainingSamples,raw_data/EMG-EPN612/testingJSON/user117/user117.json,idx_87
open,trainingSamples,raw_data/EMG-EPN612/testingJSON/user117/user117.json,idx_88
open,trainingSamples,raw_data/EMG-EPN612/testingJSON/user117/user117.json,idx_89
open,trainingSamples,raw_data/EMG-EPN612/testingJSON/user117/user117.json,idx_90
open,trainingSamples,raw_data/EMG-EPN612/testingJSON/user117/user117.json,idx_91
open,trainingSamples,raw_data/EMG-EPN612/testingJSON/user117/user117.json,idx_92
open,trainingSamples,raw_data/EMG-EPN612/testingJSON/user117/user117.json,idx_93
open,trainingSamples,raw_data/EMG-EPN612/testingJSON/user117/user117.json,idx_94
open,trainingSamples,raw_data/EMG-EPN612/testingJSON/user117/user117.json,idx_95
open,trainingSamples,raw_data/EMG-EPN612/testingJSON/user117/user117.json,idx_96
open,trainingSamples,raw_data/EMG-EPN612/testingJSON/user117/user117.json,idx_97
open,trainingSamples,raw_data/EMG-EPN612/testingJSON/user117/user117.json,idx_98
open,trainingSamples,raw_data/EMG-EPN612/testingJSON/user117/user117.json,idx_99
open,trainingSamples,raw_data/EMG-EPN612/testingJSON/user117/user117.json,idx_100
waveIn,trainingSamples,raw_data/EMG-EPN612/testingJSON/user117/user117.json,idx_101
waveIn,trainingSamples,raw_data/EMG-EPN612/testingJSON/user117/user117.json,idx_102
waveIn,trainingSamples,raw_data/EMG-EPN612/testingJSON/user117/user117.json,idx_103
waveIn,trainingSamples,raw_data/EMG-EPN612/testingJSON/user117/user117.json,idx_104
waveIn,trainingSamples,raw_data/EMG-EPN612/testingJSON/user117/user117.json,idx_105
waveIn,trainingSamples,raw_data/EMG-EPN612/testingJSON/user117/user117.json,idx_106
waveIn,trainingSamples,raw_data/EMG-EPN612/testingJSON/user117/user117.json,idx_107
waveIn,trainingSamples,raw_data/EMG-EPN612/testingJSON/user117/user117.json,idx_108
waveIn,trainingSamples,raw_data/EMG-EPN612/testingJSON/user117/user117.json,idx_109
waveIn,trainingSamples,raw_data/EMG-EPN612/testingJSON/user117/user117.json,idx_110
waveIn,trainingSamples,raw_data/EMG-EPN612/testingJSON/user117/user117.json,idx_111
waveIn,trainingSamples,raw_data/EMG-EPN612/testingJSON/user117/user117.json,idx_112
waveIn,trainingSamples,raw_data/EMG-EPN612/testingJSON/user117/user117.json,idx_113
waveIn,trainingSamples,raw_data/EMG-EPN612/testingJSON/user117/user117.json,idx_114
waveIn,trainingSamples,raw_data/EMG-EPN612/testingJSON/user117/user117.json,idx_115
waveIn,trainingSamples,raw_data/EMG-EPN612/testingJSON/user117/user117.json,idx_116
waveIn,trainingSamples,raw_data/EMG-EPN612/testingJSON/user117/user117.json,idx_117
waveIn,trainingSamples,raw_data/EMG-EPN612/testingJSON/user117/user117.json,idx_118
waveIn,trainingSamples,raw_data/EMG-EPN612/testingJSON/user117/user117.json,idx_119
waveIn,trainingSamples,raw_data/EMG-EPN612/testingJSON/user117/user117.json,idx_120
waveIn,trainingSamples,raw_data/EMG-EPN612/testingJSON/user117/user117.json,idx_121
waveIn,trainingSamples,raw_data/EMG-EPN612/testingJSON/user117/user117.json,idx_122
waveIn,trainingSamples,raw_data/EMG-EPN612/testingJSON/user117/user117.json,idx_123
waveIn,trainingSamples,raw_data/EMG-EPN612/testingJSON/user117/user117.json,idx_124
waveIn,trainingSamples,raw_data/EMG-EPN612/testingJSON/user117/user117.json,idx_125
fist,trainingSamples,raw_data/EMG-EPN612/testingJSON/user117/user117.json,idx_126
fist,trainingSamples,raw_data/EMG-EPN612/testingJSON/user117/user117.json,idx_127
fist,trainingSamples,raw_data/EMG-EPN612/testingJSON/user117/user117.json,idx_128
fist,trainingSamples,raw_data/EMG-EPN612/testingJSON/user117/user117.json,idx_129
fist,trainingSamples,raw_data/EMG-EPN612/testingJSON/user117/user117.json,idx_130
fist,trainingSamples,raw_data/EMG-EPN612/testingJSON/user117/user117.json,idx_131
fist,trainingSamples,raw_data/EMG-EPN612/testingJSON/user117/user117.json,idx_132
fist,trainingSamples,raw_data/EMG-EPN612/testingJSON/user117/user117.json,idx_133
fist,trainingSamples,raw_data/EMG-EPN612/testingJSON/user117/user117.json,idx_134
fist,trainingSamples,raw_data/EMG-EPN612/testingJSON/user117/user117.json,idx_135
fist,trainingSamples,raw_data/EMG-EPN612/testingJSON/user117/user117.json,idx_136
fist,trainingSamples,raw_data/EMG-EPN612/testingJSON/user117/user117.json,idx_137
fist,trainingSamples,raw_data/EMG-EPN612/testingJSON/user117/user117.json,idx_138
fist,trainingSamples,raw_data/EMG-EPN612/testingJSON/user117/user117.json,idx_139
fist,trainingSamples,raw_data/EMG-EPN612/testingJSON/user117/user117.json,idx_140
fist,trainingSamples,raw_data/EMG-EPN612/testingJSON/user117/user117.json,idx_141
fist,trainingSamples,raw_data/EMG-EPN612/testingJSON/user117/user117.json,idx_142
fist,trainingSamples,raw_data/EMG-EPN612/testingJSON/user117/user117.json,idx_143
fist,trainingSamples,raw_data/EMG-EPN612/testingJSON/user117/user117.json,idx_144
fist,trainingSamples,raw_data/EMG-EPN612/testingJSON/user117/user117.json,idx_145
fist,trainingSamples,raw_data/EMG-EPN612/testingJSON/user117/user117.json,idx_146
fist,trainingSamples,raw_data/EMG-EPN612/testingJSON/user117/user117.json,idx_147
fist,trainingSamples,raw_data/EMG-EPN612/testingJSON/user117/user117.json,idx_148
fist,trainingSamples,raw_data/EMG-EPN612/testingJSON/user117/user117.json,idx_149
fist,trainingSamples,raw_data/EMG-EPN612/testingJSON/user117/user117.json,idx_150
noGesture,trainingSamples,raw_data/EMG-EPN612/testingJSON/user118/user118.json,idx_1
noGesture,trainingSamples,raw_data/EMG-EPN612/testingJSON/user118/user118.json,idx_2
noGesture,trainingSamples,raw_data/EMG-EPN612/testingJSON/user118/user118.json,idx_3
noGesture,trainingSamples,raw_data/EMG-EPN612/testingJSON/user118/user118.json,idx_4
noGesture,trainingSamples,raw_data/EMG-EPN612/testingJSON/user118/user118.json,idx_5
noGesture,trainingSamples,raw_data/EMG-EPN612/testingJSON/user118/user118.json,idx_6
noGesture,trainingSamples,raw_data/EMG-EPN612/testingJSON/user118/user118.json,idx_7
noGesture,trainingSamples,raw_data/EMG-EPN612/testingJSON/user118/user118.json,idx_8
noGesture,trainingSamples,raw_data/EMG-EPN612/testingJSON/user118/user118.json,idx_9
noGesture,trainingSamples,raw_data/EMG-EPN612/testingJSON/user118/user118.json,idx_10
noGesture,trainingSamples,raw_data/EMG-EPN612/testingJSON/user118/user118.json,idx_11
noGesture,trainingSamples,raw_data/EMG-EPN612/testingJSON/user118/user118.json,idx_12
noGesture,trainingSamples,raw_data/EMG-EPN612/testingJSON/user118/user118.json,idx_13
noGesture,trainingSamples,raw_data/EMG-EPN612/testingJSON/user118/user118.json,idx_14
noGesture,trainingSamples,raw_data/EMG-EPN612/testingJSON/user118/user118.json,idx_15
noGesture,trainingSamples,raw_data/EMG-EPN612/testingJSON/user118/user118.json,idx_16
noGesture,trainingSamples,raw_data/EMG-EPN612/testingJSON/user118/user118.json,idx_17
noGesture,trainingSamples,raw_data/EMG-EPN612/testingJSON/user118/user118.json,idx_18
noGesture,trainingSamples,raw_data/EMG-EPN612/testingJSON/user118/user118.json,idx_19
noGesture,trainingSamples,raw_data/EMG-EPN612/testingJSON/user118/user118.json,idx_20
noGesture,trainingSamples,raw_data/EMG-EPN612/testingJSON/user118/user118.json,idx_21
noGesture,trainingSamples,raw_data/EMG-EPN612/testingJSON/user118/user118.json,idx_22
noGesture,trainingSamples,raw_data/EMG-EPN612/testingJSON/user118/user118.json,idx_23
noGesture,trainingSamples,raw_data/EMG-EPN612/testingJSON/user118/user118.json,idx_24
noGesture,trainingSamples,raw_data/EMG-EPN612/testingJSON/user118/user118.json,idx_25
waveOut,trainingSamples,raw_data/EMG-EPN612/testingJSON/user118/user118.json,idx_26
waveOut,trainingSamples,raw_data/EMG-EPN612/testingJSON/user118/user118.json,idx_27
waveOut,trainingSamples,raw_data/EMG-EPN612/testingJSON/user118/user118.json,idx_28
waveOut,trainingSamples,raw_data/EMG-EPN612/testingJSON/user118/user118.json,idx_29
waveOut,trainingSamples,raw_data/EMG-EPN612/testingJSON/user118/user118.json,idx_30
waveOut,trainingSamples,raw_data/EMG-EPN612/testingJSON/user118/user118.json,idx_31
waveOut,trainingSamples,raw_data/EMG-EPN612/testingJSON/user118/user118.json,idx_32
waveOut,trainingSamples,raw_data/EMG-EPN612/testingJSON/user118/user118.json,idx_33
waveOut,trainingSamples,raw_data/EMG-EPN612/testingJSON/user118/user118.json,idx_34
waveOut,trainingSamples,raw_data/EMG-EPN612/testingJSON/user118/user118.json,idx_35
waveOut,trainingSamples,raw_data/EMG-EPN612/testingJSON/user118/user118.json,idx_36
waveOut,trainingSamples,raw_data/EMG-EPN612/testingJSON/user118/user118.json,idx_37
waveOut,trainingSamples,raw_data/EMG-EPN612/testingJSON/user118/user118.json,idx_38
waveOut,trainingSamples,raw_data/EMG-EPN612/testingJSON/user118/user118.json,idx_39
waveOut,trainingSamples,raw_data/EMG-EPN612/testingJSON/user118/user118.json,idx_40
waveOut,trainingSamples,raw_data/EMG-EPN612/testingJSON/user118/user118.json,idx_41
waveOut,trainingSamples,raw_data/EMG-EPN612/testingJSON/user118/user118.json,idx_42
waveOut,trainingSamples,raw_data/EMG-EPN612/testingJSON/user118/user118.json,idx_43
waveOut,trainingSamples,raw_data/EMG-EPN612/testingJSON/user118/user118.json,idx_44
waveOut,trainingSamples,raw_data/EMG-EPN612/testingJSON/user118/user118.json,idx_45
waveOut,trainingSamples,raw_data/EMG-EPN612/testingJSON/user118/user118.json,idx_46
waveOut,trainingSamples,raw_data/EMG-EPN612/testingJSON/user118/user118.json,idx_47
waveOut,trainingSamples,raw_data/EMG-EPN612/testingJSON/user118/user118.json,idx_48
waveOut,trainingSamples,raw_data/EMG-EPN612/testingJSON/user118/user118.json,idx_49
waveOut,trainingSamples,raw_data/EMG-EPN612/testingJSON/user118/user118.json,idx_50
pinch,trainingSamples,raw_data/EMG-EPN612/testingJSON/user118/user118.json,idx_51
pinch,trainingSamples,raw_data/EMG-EPN612/testingJSON/user118/user118.json,idx_52
pinch,trainingSamples,raw_data/EMG-EPN612/testingJSON/user118/user118.json,idx_53
pinch,trainingSamples,raw_data/EMG-EPN612/testingJSON/user118/user118.json,idx_54
pinch,trainingSamples,raw_data/EMG-EPN612/testingJSON/user118/user118.json,idx_55
pinch,trainingSamples,raw_data/EMG-EPN612/testingJSON/user118/user118.json,idx_56
pinch,trainingSamples,raw_data/EMG-EPN612/testingJSON/user118/user118.json,idx_57
pinch,trainingSamples,raw_data/EMG-EPN612/testingJSON/user118/user118.json,idx_58
pinch,trainingSamples,raw_data/EMG-EPN612/testingJSON/user118/user118.json,idx_59
pinch,trainingSamples,raw_data/EMG-EPN612/testingJSON/user118/user118.json,idx_60
pinch,trainingSamples,raw_data/EMG-EPN612/testingJSON/user118/user118.json,idx_61
pinch,trainingSamples,raw_data/EMG-EPN612/testingJSON/user118/user118.json,idx_62
pinch,trainingSamples,raw_data/EMG-EPN612/testingJSON/user118/user118.json,idx_63
pinch,trainingSamples,raw_data/EMG-EPN612/testingJSON/user118/user118.json,idx_64
pinch,trainingSamples,raw_data/EMG-EPN612/testingJSON/user118/user118.json,idx_65
pinch,trainingSamples,raw_data/EMG-EPN612/testingJSON/user118/user118.json,idx_66
pinch,trainingSamples,raw_data/EMG-EPN612/testingJSON/user118/user118.json,idx_67
pinch,trainingSamples,raw_data/EMG-EPN612/testingJSON/user118/user118.json,idx_68
pinch,trainingSamples,raw_data/EMG-EPN612/testingJSON/user118/user118.json,idx_69
pinch,trainingSamples,raw_data/EMG-EPN612/testingJSON/user118/user118.json,idx_70
pinch,trainingSamples,raw_data/EMG-EPN612/testingJSON/user118/user118.json,idx_71
pinch,trainingSamples,raw_data/EMG-EPN612/testingJSON/user118/user118.json,idx_72
pinch,trainingSamples,raw_data/EMG-EPN612/testingJSON/user118/user118.json,idx_73
pinch,trainingSamples,raw_data/EMG-EPN612/testingJSON/user118/user118.json,idx_74
pinch,trainingSamples,raw_data/EMG-EPN612/testingJSON/user118/user118.json,idx_75
fist,trainingSamples,raw_data/EMG-EPN612/testingJSON/user118/user118.json,idx_76
fist,trainingSamples,raw_data/EMG-EPN612/testingJSON/user118/user118.json,idx_77
fist,trainingSamples,raw_data/EMG-EPN612/testingJSON/user118/user118.json,idx_78
fist,trainingSamples,raw_data/EMG-EPN612/testingJSON/user118/user118.json,idx_79
fist,trainingSamples,raw_data/EMG-EPN612/testingJSON/user118/user118.json,idx_80
fist,trainingSamples,raw_data/EMG-EPN612/testingJSON/user118/user118.json,idx_81
fist,trainingSamples,raw_data/EMG-EPN612/testingJSON/user118/user118.json,idx_82
fist,trainingSamples,raw_data/EMG-EPN612/testingJSON/user118/user118.json,idx_83
fist,trainingSamples,raw_data/EMG-EPN612/testingJSON/user118/user118.json,idx_84
fist,trainingSamples,raw_data/EMG-EPN612/testingJSON/user118/user118.json,idx_85
fist,trainingSamples,raw_data/EMG-EPN612/testingJSON/user118/user118.json,idx_86
fist,trainingSamples,raw_data/EMG-EPN612/testingJSON/user118/user118.json,idx_87
fist,trainingSamples,raw_data/EMG-EPN612/testingJSON/user118/user118.json,idx_88
fist,trainingSamples,raw_data/EMG-EPN612/testingJSON/user118/user118.json,idx_89
fist,trainingSamples,raw_data/EMG-EPN612/testingJSON/user118/user118.json,idx_90
fist,trainingSamples,raw_data/EMG-EPN612/testingJSON/user118/user118.json,idx_91
fist,trainingSamples,raw_data/EMG-EPN612/testingJSON/user118/user118.json,idx_92
fist,trainingSamples,raw_data/EMG-EPN612/testingJSON/user118/user118.json,idx_93
fist,trainingSamples,raw_data/EMG-EPN612/testingJSON/user118/user118.json,idx_94
fist,trainingSamples,raw_data/EMG-EPN612/testingJSON/user118/user118.json,idx_95
fist,trainingSamples,raw_data/EMG-EPN612/testingJSON/user118/user118.json,idx_96
fist,trainingSamples,raw_data/EMG-EPN612/testingJSON/user118/user118.json,idx_97
fist,trainingSamples,raw_data/EMG-EPN612/testingJSON/user118/user118.json,idx_98
fist,trainingSamples,raw_data/EMG-EPN612/testingJSON/user118/user118.json,idx_99
fist,trainingSamples,raw_data/EMG-EPN612/testingJSON/user118/user118.json,idx_100
waveIn,trainingSamples,raw_data/EMG-EPN612/testingJSON/user118/user118.json,idx_101
waveIn,trainingSamples,raw_data/EMG-EPN612/testingJSON/user118/user118.json,idx_102
waveIn,trainingSamples,raw_data/EMG-EPN612/testingJSON/user118/user118.json,idx_103
waveIn,trainingSamples,raw_data/EMG-EPN612/testingJSON/user118/user118.json,idx_104
waveIn,trainingSamples,raw_data/EMG-EPN612/testingJSON/user118/user118.json,idx_105
waveIn,trainingSamples,raw_data/EMG-EPN612/testingJSON/user118/user118.json,idx_106
waveIn,trainingSamples,raw_data/EMG-EPN612/testingJSON/user118/user118.json,idx_107
waveIn,trainingSamples,raw_data/EMG-EPN612/testingJSON/user118/user118.json,idx_108
waveIn,trainingSamples,raw_data/EMG-EPN612/testingJSON/user118/user118.json,idx_109
waveIn,trainingSamples,raw_data/EMG-EPN612/testingJSON/user118/user118.json,idx_110
waveIn,trainingSamples,raw_data/EMG-EPN612/testingJSON/user118/user118.json,idx_111
waveIn,trainingSamples,raw_data/EMG-EPN612/testingJSON/user118/user118.json,idx_112
waveIn,trainingSamples,raw_data/EMG-EPN612/testingJSON/user118/user118.json,idx_113
waveIn,trainingSamples,raw_data/EMG-EPN612/testingJSON/user118/user118.json,idx_114
waveIn,trainingSamples,raw_data/EMG-EPN612/testingJSON/user118/user118.json,idx_115
waveIn,trainingSamples,raw_data/EMG-EPN612/testingJSON/user118/user118.json,idx_116
waveIn,trainingSamples,raw_data/EMG-EPN612/testingJSON/user118/user118.json,idx_117
waveIn,trainingSamples,raw_data/EMG-EPN612/testingJSON/user118/user118.json,idx_118
waveIn,trainingSamples,raw_data/EMG-EPN612/testingJSON/user118/user118.json,idx_119
waveIn,trainingSamples,raw_data/EMG-EPN612/testingJSON/user118/user118.json,idx_120
waveIn,trainingSamples,raw_data/EMG-EPN612/testingJSON/user118/user118.json,idx_121
waveIn,trainingSamples,raw_data/EMG-EPN612/testingJSON/user118/user118.json,idx_122
waveIn,trainingSamples,raw_data/EMG-EPN612/testingJSON/user118/user118.json,idx_123
waveIn,trainingSamples,raw_data/EMG-EPN612/testingJSON/user118/user118.json,idx_124
waveIn,trainingSamples,raw_data/EMG-EPN612/testingJSON/user118/user118.json,idx_125
open,trainingSamples,raw_data/EMG-EPN612/testingJSON/user118/user118.json,idx_126
open,trainingSamples,raw_data/EMG-EPN612/testingJSON/user118/user118.json,idx_127
open,trainingSamples,raw_data/EMG-EPN612/testingJSON/user118/user118.json,idx_128
open,trainingSamples,raw_data/EMG-EPN612/testingJSON/user118/user118.json,idx_129
open,trainingSamples,raw_data/EMG-EPN612/testingJSON/user118/user118.json,idx_130
open,trainingSamples,raw_data/EMG-EPN612/testingJSON/user118/user118.json,idx_131
open,trainingSamples,raw_data/EMG-EPN612/testingJSON/user118/user118.json,idx_132
open,trainingSamples,raw_data/EMG-EPN612/testingJSON/user118/user118.json,idx_133
open,trainingSamples,raw_data/EMG-EPN612/testingJSON/user118/user118.json,idx_134
open,trainingSamples,raw_data/EMG-EPN612/testingJSON/user118/user118.json,idx_135
open,trainingSamples,raw_data/EMG-EPN612/testingJSON/user118/user118.json,idx_136
open,trainingSamples,raw_data/EMG-EPN612/testingJSON/user118/user118.json,idx_137
open,trainingSamples,raw_data/EMG-EPN612/testingJSON/user118/user118.json,idx_138
open,trainingSamples,raw_data/EMG-EPN612/testingJSON/user118/user118.json,idx_139
open,trainingSamples,raw_data/EMG-EPN612/testingJSON/user118/user118.json,idx_140
open,trainingSamples,raw_data/EMG-EPN612/testingJSON/user118/user118.json,idx_141
open,trainingSamples,raw_data/EMG-EPN612/testingJSON/user118/user118.json,idx_142
open,trainingSamples,raw_data/EMG-EPN612/testingJSON/user118/user118.json,idx_143
open,trainingSamples,raw_data/EMG-EPN612/testingJSON/user118/user118.json,idx_144
open,trainingSamples,raw_data/EMG-EPN612/testingJSON/user118/user118.json,idx_145
open,trainingSamples,raw_data/EMG-EPN612/testingJSON/user118/user118.json,idx_146
open,trainingSamples,raw_data/EMG-EPN612/testingJSON/user118/user118.json,idx_147
open,trainingSamples,raw_data/EMG-EPN612/testingJSON/user118/user118.json,idx_148
open,trainingSamples,raw_data/EMG-EPN612/testingJSON/user118/user118.json,idx_149
open,trainingSamples,raw_data/EMG-EPN612/testingJSON/user118/user118.json,idx_150
noGesture,trainingSamples,raw_data/EMG-EPN612/testingJSON/user119/user119.json,idx_1
noGesture,trainingSamples,raw_data/EMG-EPN612/testingJSON/user119/user119.json,idx_2
noGesture,trainingSamples,raw_data/EMG-EPN612/testingJSON/user119/user119.json,idx_3
noGesture,trainingSamples,raw_data/EMG-EPN612/testingJSON/user119/user119.json,idx_4
noGesture,trainingSamples,raw_data/EMG-EPN612/testingJSON/user119/user119.json,idx_5
noGesture,trainingSamples,raw_data/EMG-EPN612/testingJSON/user119/user119.json,idx_6
noGesture,trainingSamples,raw_data/EMG-EPN612/testingJSON/user119/user119.json,idx_7
noGesture,trainingSamples,raw_data/EMG-EPN612/testingJSON/user119/user119.json,idx_8
noGesture,trainingSamples,raw_data/EMG-EPN612/testingJSON/user119/user119.json,idx_9
noGesture,trainingSamples,raw_data/EMG-EPN612/testingJSON/user119/user119.json,idx_10
noGesture,trainingSamples,raw_data/EMG-EPN612/testingJSON/user119/user119.json,idx_11
noGesture,trainingSamples,raw_data/EMG-EPN612/testingJSON/user119/user119.json,idx_12
noGesture,trainingSamples,raw_data/EMG-EPN612/testingJSON/user119/user119.json,idx_13
noGesture,trainingSamples,raw_data/EMG-EPN612/testingJSON/user119/user119.json,idx_14
noGesture,trainingSamples,raw_data/EMG-EPN612/testingJSON/user119/user119.json,idx_15
noGesture,trainingSamples,raw_data/EMG-EPN612/testingJSON/user119/user119.json,idx_16
noGesture,trainingSamples,raw_data/EMG-EPN612/testingJSON/user119/user119.json,idx_17
noGesture,trainingSamples,raw_data/EMG-EPN612/testingJSON/user119/user119.json,idx_18
noGesture,trainingSamples,raw_data/EMG-EPN612/testingJSON/user119/user119.json,idx_19
noGesture,trainingSamples,raw_data/EMG-EPN612/testingJSON/user119/user119.json,idx_20
noGesture,trainingSamples,raw_data/EMG-EPN612/testingJSON/user119/user119.json,idx_21
noGesture,trainingSamples,raw_data/EMG-EPN612/testingJSON/user119/user119.json,idx_22
noGesture,trainingSamples,raw_data/EMG-EPN612/testingJSON/user119/user119.json,idx_23
noGesture,trainingSamples,raw_data/EMG-EPN612/testingJSON/user119/user119.json,idx_24
noGesture,trainingSamples,raw_data/EMG-EPN612/testingJSON/user119/user119.json,idx_25
waveOut,trainingSamples,raw_data/EMG-EPN612/testingJSON/user119/user119.json,idx_26
waveOut,trainingSamples,raw_data/EMG-EPN612/testingJSON/user119/user119.json,idx_27
waveOut,trainingSamples,raw_data/EMG-EPN612/testingJSON/user119/user119.json,idx_28
waveOut,trainingSamples,raw_data/EMG-EPN612/testingJSON/user119/user119.json,idx_29
waveOut,trainingSamples,raw_data/EMG-EPN612/testingJSON/user119/user119.json,idx_30
waveOut,trainingSamples,raw_data/EMG-EPN612/testingJSON/user119/user119.json,idx_31
waveOut,trainingSamples,raw_data/EMG-EPN612/testingJSON/user119/user119.json,idx_32
waveOut,trainingSamples,raw_data/EMG-EPN612/testingJSON/user119/user119.json,idx_33
waveOut,trainingSamples,raw_data/EMG-EPN612/testingJSON/user119/user119.json,idx_34
waveOut,trainingSamples,raw_data/EMG-EPN612/testingJSON/user119/user119.json,idx_35
waveOut,trainingSamples,raw_data/EMG-EPN612/testingJSON/user119/user119.json,idx_36
waveOut,trainingSamples,raw_data/EMG-EPN612/testingJSON/user119/user119.json,idx_37
waveOut,trainingSamples,raw_data/EMG-EPN612/testingJSON/user119/user119.json,idx_38
waveOut,trainingSamples,raw_data/EMG-EPN612/testingJSON/user119/user119.json,idx_39
waveOut,trainingSamples,raw_data/EMG-EPN612/testingJSON/user119/user119.json,idx_40
waveOut,trainingSamples,raw_data/EMG-EPN612/testingJSON/user119/user119.json,idx_41
waveOut,trainingSamples,raw_data/EMG-EPN612/testingJSON/user119/user119.json,idx_42
waveOut,trainingSamples,raw_data/EMG-EPN612/testingJSON/user119/user119.json,idx_43
waveOut,trainingSamples,raw_data/EMG-EPN612/testingJSON/user119/user119.json,idx_44
waveOut,trainingSamples,raw_data/EMG-EPN612/testingJSON/user119/user119.json,idx_45
waveOut,trainingSamples,raw_data/EMG-EPN612/testingJSON/user119/user119.json,idx_46
waveOut,trainingSamples,raw_data/EMG-EPN612/testingJSON/user119/user119.json,idx_47
waveOut,trainingSamples,raw_data/EMG-EPN612/testingJSON/user119/user119.json,idx_48
waveOut,trainingSamples,raw_data/EMG-EPN612/testingJSON/user119/user119.json,idx_49
waveOut,trainingSamples,raw_data/EMG-EPN612/testingJSON/user119/user119.json,idx_50
pinch,trainingSamples,raw_data/EMG-EPN612/testingJSON/user119/user119.json,idx_51
pinch,trainingSamples,raw_data/EMG-EPN612/testingJSON/user119/user119.json,idx_52
pinch,trainingSamples,raw_data/EMG-EPN612/testingJSON/user119/user119.json,idx_53
pinch,trainingSamples,raw_data/EMG-EPN612/testingJSON/user119/user119.json,idx_54
pinch,trainingSamples,raw_data/EMG-EPN612/testingJSON/user119/user119.json,idx_55
pinch,trainingSamples,raw_data/EMG-EPN612/testingJSON/user119/user119.json,idx_56
pinch,trainingSamples,raw_data/EMG-EPN612/testingJSON/user119/user119.json,idx_57
pinch,trainingSamples,raw_data/EMG-EPN612/testingJSON/user119/user119.json,idx_58
pinch,trainingSamples,raw_data/EMG-EPN612/testingJSON/user119/user119.json,idx_59
pinch,trainingSamples,raw_data/EMG-EPN612/testingJSON/user119/user119.json,idx_60
pinch,trainingSamples,raw_data/EMG-EPN612/testingJSON/user119/user119.json,idx_61
pinch,trainingSamples,raw_data/EMG-EPN612/testingJSON/user119/user119.json,idx_62
pinch,trainingSamples,raw_data/EMG-EPN612/testingJSON/user119/user119.json,idx_63
pinch,trainingSamples,raw_data/EMG-EPN612/testingJSON/user119/user119.json,idx_64
pinch,trainingSamples,raw_data/EMG-EPN612/testingJSON/user119/user119.json,idx_65
pinch,trainingSamples,raw_data/EMG-EPN612/testingJSON/user119/user119.json,idx_66
pinch,trainingSamples,raw_data/EMG-EPN612/testingJSON/user119/user119.json,idx_67
pinch,trainingSamples,raw_data/EMG-EPN612/testingJSON/user119/user119.json,idx_68
pinch,trainingSamples,raw_data/EMG-EPN612/testingJSON/user119/user119.json,idx_69
pinch,trainingSamples,raw_data/EMG-EPN612/testingJSON/user119/user119.json,idx_70
pinch,trainingSamples,raw_data/EMG-EPN612/testingJSON/user119/user119.json,idx_71
pinch,trainingSamples,raw_data/EMG-EPN612/testingJSON/user119/user119.json,idx_72
pinch,trainingSamples,raw_data/EMG-EPN612/testingJSON/user119/user119.json,idx_73
pinch,trainingSamples,raw_data/EMG-EPN612/testingJSON/user119/user119.json,idx_74
pinch,trainingSamples,raw_data/EMG-EPN612/testingJSON/user119/user119.json,idx_75
fist,trainingSamples,raw_data/EMG-EPN612/testingJSON/user119/user119.json,idx_76
fist,trainingSamples,raw_data/EMG-EPN612/testingJSON/user119/user119.json,idx_77
fist,trainingSamples,raw_data/EMG-EPN612/testingJSON/user119/user119.json,idx_78
fist,trainingSamples,raw_data/EMG-EPN612/testingJSON/user119/user119.json,idx_79
fist,trainingSamples,raw_data/EMG-EPN612/testingJSON/user119/user119.json,idx_80
fist,trainingSamples,raw_data/EMG-EPN612/testingJSON/user119/user119.json,idx_81
fist,trainingSamples,raw_data/EMG-EPN612/testingJSON/user119/user119.json,idx_82
fist,trainingSamples,raw_data/EMG-EPN612/testingJSON/user119/user119.json,idx_83
fist,trainingSamples,raw_data/EMG-EPN612/testingJSON/user119/user119.json,idx_84
fist,trainingSamples,raw_data/EMG-EPN612/testingJSON/user119/user119.json,idx_85
fist,trainingSamples,raw_data/EMG-EPN612/testingJSON/user119/user119.json,idx_86
fist,trainingSamples,raw_data/EMG-EPN612/testingJSON/user119/user119.json,idx_87
fist,trainingSamples,raw_data/EMG-EPN612/testingJSON/user119/user119.json,idx_88
fist,trainingSamples,raw_data/EMG-EPN612/testingJSON/user119/user119.json,idx_89
fist,trainingSamples,raw_data/EMG-EPN612/testingJSON/user119/user119.json,idx_90
fist,trainingSamples,raw_data/EMG-EPN612/testingJSON/user119/user119.json,idx_91
fist,trainingSamples,raw_data/EMG-EPN612/testingJSON/user119/user119.json,idx_92
fist,trainingSamples,raw_data/EMG-EPN612/testingJSON/user119/user119.json,idx_93
fist,trainingSamples,raw_data/EMG-EPN612/testingJSON/user119/user119.json,idx_94
fist,trainingSamples,raw_data/EMG-EPN612/testingJSON/user119/user119.json,idx_95
fist,trainingSamples,raw_data/EMG-EPN612/testingJSON/user119/user119.json,idx_96
fist,trainingSamples,raw_data/EMG-EPN612/testingJSON/user119/user119.json,idx_97
fist,trainingSamples,raw_data/EMG-EPN612/testingJSON/user119/user119.json,idx_98
fist,trainingSamples,raw_data/EMG-EPN612/testingJSON/user119/user119.json,idx_99
fist,trainingSamples,raw_data/EMG-EPN612/testingJSON/user119/user119.json,idx_100
waveIn,trainingSamples,raw_data/EMG-EPN612/testingJSON/user119/user119.json,idx_101
waveIn,trainingSamples,raw_data/EMG-EPN612/testingJSON/user119/user119.json,idx_102
waveIn,trainingSamples,raw_data/EMG-EPN612/testingJSON/user119/user119.json,idx_103
waveIn,trainingSamples,raw_data/EMG-EPN612/testingJSON/user119/user119.json,idx_104
waveIn,trainingSamples,raw_data/EMG-EPN612/testingJSON/user119/user119.json,idx_105
waveIn,trainingSamples,raw_data/EMG-EPN612/testingJSON/user119/user119.json,idx_106
waveIn,trainingSamples,raw_data/EMG-EPN612/testingJSON/user119/user119.json,idx_107
waveIn,trainingSamples,raw_data/EMG-EPN612/testingJSON/user119/user119.json,idx_108
waveIn,trainingSamples,raw_data/EMG-EPN612/testingJSON/user119/user119.json,idx_109
waveIn,trainingSamples,raw_data/EMG-EPN612/testingJSON/user119/user119.json,idx_110
waveIn,trainingSamples,raw_data/EMG-EPN612/testingJSON/user119/user119.json,idx_111
waveIn,trainingSamples,raw_data/EMG-EPN612/testingJSON/user119/user119.json,idx_112
waveIn,trainingSamples,raw_data/EMG-EPN612/testingJSON/user119/user119.json,idx_113
waveIn,trainingSamples,raw_data/EMG-EPN612/testingJSON/user119/user119.json,idx_114
waveIn,trainingSamples,raw_data/EMG-EPN612/testingJSON/user119/user119.json,idx_115
waveIn,trainingSamples,raw_data/EMG-EPN612/testingJSON/user119/user119.json,idx_116
waveIn,trainingSamples,raw_data/EMG-EPN612/testingJSON/user119/user119.json,idx_117
waveIn,trainingSamples,raw_data/EMG-EPN612/testingJSON/user119/user119.json,idx_118
waveIn,trainingSamples,raw_data/EMG-EPN612/testingJSON/user119/user119.json,idx_119
waveIn,trainingSamples,raw_data/EMG-EPN612/testingJSON/user119/user119.json,idx_120
waveIn,trainingSamples,raw_data/EMG-EPN612/testingJSON/user119/user119.json,idx_121
waveIn,trainingSamples,raw_data/EMG-EPN612/testingJSON/user119/user119.json,idx_122
waveIn,trainingSamples,raw_data/EMG-EPN612/testingJSON/user119/user119.json,idx_123
waveIn,trainingSamples,raw_data/EMG-EPN612/testingJSON/user119/user119.json,idx_124
waveIn,trainingSamples,raw_data/EMG-EPN612/testingJSON/user119/user119.json,idx_125
open,trainingSamples,raw_data/EMG-EPN612/testingJSON/user119/user119.json,idx_126
open,trainingSamples,raw_data/EMG-EPN612/testingJSON/user119/user119.json,idx_127
open,trainingSamples,raw_data/EMG-EPN612/testingJSON/user119/user119.json,idx_128
open,trainingSamples,raw_data/EMG-EPN612/testingJSON/user119/user119.json,idx_129
open,trainingSamples,raw_data/EMG-EPN612/testingJSON/user119/user119.json,idx_130
open,trainingSamples,raw_data/EMG-EPN612/testingJSON/user119/user119.json,idx_131
open,trainingSamples,raw_data/EMG-EPN612/testingJSON/user119/user119.json,idx_132
open,trainingSamples,raw_data/EMG-EPN612/testingJSON/user119/user119.json,idx_133
open,trainingSamples,raw_data/EMG-EPN612/testingJSON/user119/user119.json,idx_134
open,trainingSamples,raw_data/EMG-EPN612/testingJSON/user119/user119.json,idx_135
open,trainingSamples,raw_data/EMG-EPN612/testingJSON/user119/user119.json,idx_136
open,trainingSamples,raw_data/EMG-EPN612/testingJSON/user119/user119.json,idx_137
open,trainingSamples,raw_data/EMG-EPN612/testingJSON/user119/user119.json,idx_138
open,trainingSamples,raw_data/EMG-EPN612/testingJSON/user119/user119.json,idx_139
open,trainingSamples,raw_data/EMG-EPN612/testingJSON/user119/user119.json,idx_140
open,trainingSamples,raw_data/EMG-EPN612/testingJSON/user119/user119.json,idx_141
open,trainingSamples,raw_data/EMG-EPN612/testingJSON/user119/user119.json,idx_142
open,trainingSamples,raw_data/EMG-EPN612/testingJSON/user119/user119.json,idx_143
open,trainingSamples,raw_data/EMG-EPN612/testingJSON/user119/user119.json,idx_144
open,trainingSamples,raw_data/EMG-EPN612/testingJSON/user119/user119.json,idx_145
open,trainingSamples,raw_data/EMG-EPN612/testingJSON/user119/user119.json,idx_146
open,trainingSamples,raw_data/EMG-EPN612/testingJSON/user119/user119.json,idx_147
open,trainingSamples,raw_data/EMG-EPN612/testingJSON/user119/user119.json,idx_148
open,trainingSamples,raw_data/EMG-EPN612/testingJSON/user119/user119.json,idx_149
open,trainingSamples,raw_data/EMG-EPN612/testingJSON/user119/user119.json,idx_150
noGesture,trainingSamples,raw_data/EMG-EPN612/testingJSON/user12/user12.json,idx_1
noGesture,trainingSamples,raw_data/EMG-EPN612/testingJSON/user12/user12.json,idx_2
noGesture,trainingSamples,raw_data/EMG-EPN612/testingJSON/user12/user12.json,idx_3
noGesture,trainingSamples,raw_data/EMG-EPN612/testingJSON/user12/user12.json,idx_4
noGesture,trainingSamples,raw_data/EMG-EPN612/testingJSON/user12/user12.json,idx_5
noGesture,trainingSamples,raw_data/EMG-EPN612/testingJSON/user12/user12.json,idx_6
noGesture,trainingSamples,raw_data/EMG-EPN612/testingJSON/user12/user12.json,idx_7
noGesture,trainingSamples,raw_data/EMG-EPN612/testingJSON/user12/user12.json,idx_8
noGesture,trainingSamples,raw_data/EMG-EPN612/testingJSON/user12/user12.json,idx_9
noGesture,trainingSamples,raw_data/EMG-EPN612/testingJSON/user12/user12.json,idx_10
noGesture,trainingSamples,raw_data/EMG-EPN612/testingJSON/user12/user12.json,idx_11
noGesture,trainingSamples,raw_data/EMG-EPN612/testingJSON/user12/user12.json,idx_12
noGesture,trainingSamples,raw_data/EMG-EPN612/testingJSON/user12/user12.json,idx_13
noGesture,trainingSamples,raw_data/EMG-EPN612/testingJSON/user12/user12.json,idx_14
noGesture,trainingSamples,raw_data/EMG-EPN612/testingJSON/user12/user12.json,idx_15
noGesture,trainingSamples,raw_data/EMG-EPN612/testingJSON/user12/user12.json,idx_16
noGesture,trainingSamples,raw_data/EMG-EPN612/testingJSON/user12/user12.json,idx_17
noGesture,trainingSamples,raw_data/EMG-EPN612/testingJSON/user12/user12.json,idx_18
noGesture,trainingSamples,raw_data/EMG-EPN612/testingJSON/user12/user12.json,idx_19
noGesture,trainingSamples,raw_data/EMG-EPN612/testingJSON/user12/user12.json,idx_20
noGesture,trainingSamples,raw_data/EMG-EPN612/testingJSON/user12/user12.json,idx_21
noGesture,trainingSamples,raw_data/EMG-EPN612/testingJSON/user12/user12.json,idx_22
noGesture,trainingSamples,raw_data/EMG-EPN612/testingJSON/user12/user12.json,idx_23
noGesture,trainingSamples,raw_data/EMG-EPN612/testingJSON/user12/user12.json,idx_24
noGesture,trainingSamples,raw_data/EMG-EPN612/testingJSON/user12/user12.json,idx_25
waveOut,trainingSamples,raw_data/EMG-EPN612/testingJSON/user12/user12.json,idx_26
waveOut,trainingSamples,raw_data/EMG-EPN612/testingJSON/user12/user12.json,idx_27
waveOut,trainingSamples,raw_data/EMG-EPN612/testingJSON/user12/user12.json,idx_28
waveOut,trainingSamples,raw_data/EMG-EPN612/testingJSON/user12/user12.json,idx_29
waveOut,trainingSamples,raw_data/EMG-EPN612/testingJSON/user12/user12.json,idx_30
waveOut,trainingSamples,raw_data/EMG-EPN612/testingJSON/user12/user12.json,idx_31
waveOut,trainingSamples,raw_data/EMG-EPN612/testingJSON/user12/user12.json,idx_32
waveOut,trainingSamples,raw_data/EMG-EPN612/testingJSON/user12/user12.json,idx_33
waveOut,trainingSamples,raw_data/EMG-EPN612/testingJSON/user12/user12.json,idx_34
waveOut,trainingSamples,raw_data/EMG-EPN612/testingJSON/user12/user12.json,idx_35
waveOut,trainingSamples,raw_data/EMG-EPN612/testingJSON/user12/user12.json,idx_36
waveOut,trainingSamples,raw_data/EMG-EPN612/testingJSON/user12/user12.json,idx_37
waveOut,trainingSamples,raw_data/EMG-EPN612/testingJSON/user12/user12.json,idx_38
waveOut,trainingSamples,raw_data/EMG-EPN612/testingJSON/user12/user12.json,idx_39
waveOut,trainingSamples,raw_data/EMG-EPN612/testingJSON/user12/user12.json,idx_40
waveOut,trainingSamples,raw_data/EMG-EPN612/testingJSON/user12/user12.json,idx_41
waveOut,trainingSamples,raw_data/EMG-EPN612/testingJSON/user12/user12.json,idx_42
waveOut,trainingSamples,raw_data/EMG-EPN612/testingJSON/user12/user12.json,idx_43
waveOut,trainingSamples,raw_data/EMG-EPN612/testingJSON/user12/user12.json,idx_44
waveOut,trainingSamples,raw_data/EMG-EPN612/testingJSON/user12/user12.json,idx_45
waveOut,trainingSamples,raw_data/EMG-EPN612/testingJSON/user12/user12.json,idx_46
waveOut,trainingSamples,raw_data/EMG-EPN612/testingJSON/user12/user12.json,idx_47
waveOut,trainingSamples,raw_data/EMG-EPN612/testingJSON/user12/user12.json,idx_48
waveOut,trainingSamples,raw_data/EMG-EPN612/testingJSON/user12/user12.json,idx_49
waveOut,trainingSamples,raw_data/EMG-EPN612/testingJSON/user12/user12.json,idx_50
pinch,trainingSamples,raw_data/EMG-EPN612/testingJSON/user12/user12.json,idx_51
pinch,trainingSamples,raw_data/EMG-EPN612/testingJSON/user12/user12.json,idx_52
pinch,trainingSamples,raw_data/EMG-EPN612/testingJSON/user12/user12.json,idx_53
pinch,trainingSamples,raw_data/EMG-EPN612/testingJSON/user12/user12.json,idx_54
pinch,trainingSamples,raw_data/EMG-EPN612/testingJSON/user12/user12.json,idx_55
pinch,trainingSamples,raw_data/EMG-EPN612/testingJSON/user12/user12.json,idx_56
pinch,trainingSamples,raw_data/EMG-EPN612/testingJSON/user12/user12.json,idx_57
pinch,trainingSamples,raw_data/EMG-EPN612/testingJSON/user12/user12.json,idx_58
pinch,trainingSamples,raw_data/EMG-EPN612/testingJSON/user12/user12.json,idx_59
pinch,trainingSamples,raw_data/EMG-EPN612/testingJSON/user12/user12.json,idx_60
pinch,trainingSamples,raw_data/EMG-EPN612/testingJSON/user12/user12.json,idx_61
pinch,trainingSamples,raw_data/EMG-EPN612/testingJSON/user12/user12.json,idx_62
pinch,trainingSamples,raw_data/EMG-EPN612/testingJSON/user12/user12.json,idx_63
pinch,trainingSamples,raw_data/EMG-EPN612/testingJSON/user12/user12.json,idx_64
pinch,trainingSamples,raw_data/EMG-EPN612/testingJSON/user12/user12.json,idx_65
pinch,trainingSamples,raw_data/EMG-EPN612/testingJSON/user12/user12.json,idx_66
pinch,trainingSamples,raw_data/EMG-EPN612/testingJSON/user12/user12.json,idx_67
pinch,trainingSamples,raw_data/EMG-EPN612/testingJSON/user12/user12.json,idx_68
pinch,trainingSamples,raw_data/EMG-EPN612/testingJSON/user12/user12.json,idx_69
pinch,trainingSamples,raw_data/EMG-EPN612/testingJSON/user12/user12.json,idx_70
pinch,trainingSamples,raw_data/EMG-EPN612/testingJSON/user12/user12.json,idx_71
pinch,trainingSamples,raw_data/EMG-EPN612/testingJSON/user12/user12.json,idx_72
pinch,trainingSamples,raw_data/EMG-EPN612/testingJSON/user12/user12.json,idx_73
pinch,trainingSamples,raw_data/EMG-EPN612/testingJSON/user12/user12.json,idx_74
pinch,trainingSamples,raw_data/EMG-EPN612/testingJSON/user12/user12.json,idx_75
fist,trainingSamples,raw_data/EMG-EPN612/testingJSON/user12/user12.json,idx_76
fist,trainingSamples,raw_data/EMG-EPN612/testingJSON/user12/user12.json,idx_77
fist,trainingSamples,raw_data/EMG-EPN612/testingJSON/user12/user12.json,idx_78
fist,trainingSamples,raw_data/EMG-EPN612/testingJSON/user12/user12.json,idx_79
fist,trainingSamples,raw_data/EMG-EPN612/testingJSON/user12/user12.json,idx_80
fist,trainingSamples,raw_data/EMG-EPN612/testingJSON/user12/user12.json,idx_81
fist,trainingSamples,raw_data/EMG-EPN612/testingJSON/user12/user12.json,idx_82
fist,trainingSamples,raw_data/EMG-EPN612/testingJSON/user12/user12.json,idx_83
fist,trainingSamples,raw_data/EMG-EPN612/testingJSON/user12/user12.json,idx_84
fist,trainingSamples,raw_data/EMG-EPN612/testingJSON/user12/user12.json,idx_85
fist,trainingSamples,raw_data/EMG-EPN612/testingJSON/user12/user12.json,idx_86
fist,trainingSamples,raw_data/EMG-EPN612/testingJSON/user12/user12.json,idx_87
fist,trainingSamples,raw_data/EMG-EPN612/testingJSON/user12/user12.json,idx_88
fist,trainingSamples,raw_data/EMG-EPN612/testingJSON/user12/user12.json,idx_89
fist,trainingSamples,raw_data/EMG-EPN612/testingJSON/user12/user12.json,idx_90
fist,trainingSamples,raw_data/EMG-EPN612/testingJSON/user12/user12.json,idx_91
fist,trainingSamples,raw_data/EMG-EPN612/testingJSON/user12/user12.json,idx_92
fist,trainingSamples,raw_data/EMG-EPN612/testingJSON/user12/user12.json,idx_93
fist,trainingSamples,raw_data/EMG-EPN612/testingJSON/user12/user12.json,idx_94
fist,trainingSamples,raw_data/EMG-EPN612/testingJSON/user12/user12.json,idx_95
fist,trainingSamples,raw_data/EMG-EPN612/testingJSON/user12/user12.json,idx_96
fist,trainingSamples,raw_data/EMG-EPN612/testingJSON/user12/user12.json,idx_97
fist,trainingSamples,raw_data/EMG-EPN612/testingJSON/user12/user12.json,idx_98
fist,trainingSamples,raw_data/EMG-EPN612/testingJSON/user12/user12.json,idx_99
fist,trainingSamples,raw_data/EMG-EPN612/testingJSON/user12/user12.json,idx_100
waveIn,trainingSamples,raw_data/EMG-EPN612/testingJSON/user12/user12.json,idx_101
waveIn,trainingSamples,raw_data/EMG-EPN612/testingJSON/user12/user12.json,idx_102
waveIn,trainingSamples,raw_data/EMG-EPN612/testingJSON/user12/user12.json,idx_103
waveIn,trainingSamples,raw_data/EMG-EPN612/testingJSON/user12/user12.json,idx_104
waveIn,trainingSamples,raw_data/EMG-EPN612/testingJSON/user12/user12.json,idx_105
waveIn,trainingSamples,raw_data/EMG-EPN612/testingJSON/user12/user12.json,idx_106
waveIn,trainingSamples,raw_data/EMG-EPN612/testingJSON/user12/user12.json,idx_107
waveIn,trainingSamples,raw_data/EMG-EPN612/testingJSON/user12/user12.json,idx_108
waveIn,trainingSamples,raw_data/EMG-EPN612/testingJSON/user12/user12.json,idx_109
waveIn,trainingSamples,raw_data/EMG-EPN612/testingJSON/user12/user12.json,idx_110
waveIn,trainingSamples,raw_data/EMG-EPN612/testingJSON/user12/user12.json,idx_111
waveIn,trainingSamples,raw_data/EMG-EPN612/testingJSON/user12/user12.json,idx_112
waveIn,trainingSamples,raw_data/EMG-EPN612/testingJSON/user12/user12.json,idx_113
waveIn,trainingSamples,raw_data/EMG-EPN612/testingJSON/user12/user12.json,idx_114
waveIn,trainingSamples,raw_data/EMG-EPN612/testingJSON/user12/user12.json,idx_115
waveIn,trainingSamples,raw_data/EMG-EPN612/testingJSON/user12/user12.json,idx_116
waveIn,trainingSamples,raw_data/EMG-EPN612/testingJSON/user12/user12.json,idx_117
waveIn,trainingSamples,raw_data/EMG-EPN612/testingJSON/user12/user12.json,idx_118
waveIn,trainingSamples,raw_data/EMG-EPN612/testingJSON/user12/user12.json,idx_119
waveIn,trainingSamples,raw_data/EMG-EPN612/testingJSON/user12/user12.json,idx_120
waveIn,trainingSamples,raw_data/EMG-EPN612/testingJSON/user12/user12.json,idx_121
waveIn,trainingSamples,raw_data/EMG-EPN612/testingJSON/user12/user12.json,idx_122
waveIn,trainingSamples,raw_data/EMG-EPN612/testingJSON/user12/user12.json,idx_123
waveIn,trainingSamples,raw_data/EMG-EPN612/testingJSON/user12/user12.json,idx_124
waveIn,trainingSamples,raw_data/EMG-EPN612/testingJSON/user12/user12.json,idx_125
open,trainingSamples,raw_data/EMG-EPN612/testingJSON/user12/user12.json,idx_126
open,trainingSamples,raw_data/EMG-EPN612/testingJSON/user12/user12.json,idx_127
open,trainingSamples,raw_data/EMG-EPN612/testingJSON/user12/user12.json,idx_128
open,trainingSamples,raw_data/EMG-EPN612/testingJSON/user12/user12.json,idx_129
open,trainingSamples,raw_data/EMG-EPN612/testingJSON/user12/user12.json,idx_130
open,trainingSamples,raw_data/EMG-EPN612/testingJSON/user12/user12.json,idx_131
open,trainingSamples,raw_data/EMG-EPN612/testingJSON/user12/user12.json,idx_132
open,trainingSamples,raw_data/EMG-EPN612/testingJSON/user12/user12.json,idx_133
open,trainingSamples,raw_data/EMG-EPN612/testingJSON/user12/user12.json,idx_134
open,trainingSamples,raw_data/EMG-EPN612/testingJSON/user12/user12.json,idx_135
open,trainingSamples,raw_data/EMG-EPN612/testingJSON/user12/user12.json,idx_136
open,trainingSamples,raw_data/EMG-EPN612/testingJSON/user12/user12.json,idx_137
open,trainingSamples,raw_data/EMG-EPN612/testingJSON/user12/user12.json,idx_138
open,trainingSamples,raw_data/EMG-EPN612/testingJSON/user12/user12.json,idx_139
open,trainingSamples,raw_data/EMG-EPN612/testingJSON/user12/user12.json,idx_140
open,trainingSamples,raw_data/EMG-EPN612/testingJSON/user12/user12.json,idx_141
open,trainingSamples,raw_data/EMG-EPN612/testingJSON/user12/user12.json,idx_142
open,trainingSamples,raw_data/EMG-EPN612/testingJSON/user12/user12.json,idx_143
open,trainingSamples,raw_data/EMG-EPN612/testingJSON/user12/user12.json,idx_144
open,trainingSamples,raw_data/EMG-EPN612/testingJSON/user12/user12.json,idx_145
open,trainingSamples,raw_data/EMG-EPN612/testingJSON/user12/user12.json,idx_146
open,trainingSamples,raw_data/EMG-EPN612/testingJSON/user12/user12.json,idx_147
open,trainingSamples,raw_data/EMG-EPN612/testingJSON/user12/user12.json,idx_148
open,trainingSamples,raw_data/EMG-EPN612/testingJSON/user12/user12.json,idx_149
open,trainingSamples,raw_data/EMG-EPN612/testingJSON/user12/user12.json,idx_150
noGesture,trainingSamples,raw_data/EMG-EPN612/testingJSON/user120/user120.json,idx_1
noGesture,trainingSamples,raw_data/EMG-EPN612/testingJSON/user120/user120.json,idx_2
noGesture,trainingSamples,raw_data/EMG-EPN612/testingJSON/user120/user120.json,idx_3
noGesture,trainingSamples,raw_data/EMG-EPN612/testingJSON/user120/user120.json,idx_4
noGesture,trainingSamples,raw_data/EMG-EPN612/testingJSON/user120/user120.json,idx_5
noGesture,trainingSamples,raw_data/EMG-EPN612/testingJSON/user120/user120.json,idx_6
noGesture,trainingSamples,raw_data/EMG-EPN612/testingJSON/user120/user120.json,idx_7
noGesture,trainingSamples,raw_data/EMG-EPN612/testingJSON/user120/user120.json,idx_8
noGesture,trainingSamples,raw_data/EMG-EPN612/testingJSON/user120/user120.json,idx_9
noGesture,trainingSamples,raw_data/EMG-EPN612/testingJSON/user120/user120.json,idx_10
noGesture,trainingSamples,raw_data/EMG-EPN612/testingJSON/user120/user120.json,idx_11
noGesture,trainingSamples,raw_data/EMG-EPN612/testingJSON/user120/user120.json,idx_12
noGesture,trainingSamples,raw_data/EMG-EPN612/testingJSON/user120/user120.json,idx_13
noGesture,trainingSamples,raw_data/EMG-EPN612/testingJSON/user120/user120.json,idx_14
noGesture,trainingSamples,raw_data/EMG-EPN612/testingJSON/user120/user120.json,idx_15
noGesture,trainingSamples,raw_data/EMG-EPN612/testingJSON/user120/user120.json,idx_16
noGesture,trainingSamples,raw_data/EMG-EPN612/testingJSON/user120/user120.json,idx_17
noGesture,trainingSamples,raw_data/EMG-EPN612/testingJSON/user120/user120.json,idx_18
noGesture,trainingSamples,raw_data/EMG-EPN612/testingJSON/user120/user120.json,idx_19
noGesture,trainingSamples,raw_data/EMG-EPN612/testingJSON/user120/user120.json,idx_20
noGesture,trainingSamples,raw_data/EMG-EPN612/testingJSON/user120/user120.json,idx_21
noGesture,trainingSamples,raw_data/EMG-EPN612/testingJSON/user120/user120.json,idx_22
noGesture,trainingSamples,raw_data/EMG-EPN612/testingJSON/user120/user120.json,idx_23
noGesture,trainingSamples,raw_data/EMG-EPN612/testingJSON/user120/user120.json,idx_24
noGesture,trainingSamples,raw_data/EMG-EPN612/testingJSON/user120/user120.json,idx_25
waveOut,trainingSamples,raw_data/EMG-EPN612/testingJSON/user120/user120.json,idx_26
waveOut,trainingSamples,raw_data/EMG-EPN612/testingJSON/user120/user120.json,idx_27
waveOut,trainingSamples,raw_data/EMG-EPN612/testingJSON/user120/user120.json,idx_28
waveOut,trainingSamples,raw_data/EMG-EPN612/testingJSON/user120/user120.json,idx_29
waveOut,trainingSamples,raw_data/EMG-EPN612/testingJSON/user120/user120.json,idx_30
waveOut,trainingSamples,raw_data/EMG-EPN612/testingJSON/user120/user120.json,idx_31
waveOut,trainingSamples,raw_data/EMG-EPN612/testingJSON/user120/user120.json,idx_32
waveOut,trainingSamples,raw_data/EMG-EPN612/testingJSON/user120/user120.json,idx_33
waveOut,trainingSamples,raw_data/EMG-EPN612/testingJSON/user120/user120.json,idx_34
waveOut,trainingSamples,raw_data/EMG-EPN612/testingJSON/user120/user120.json,idx_35
waveOut,trainingSamples,raw_data/EMG-EPN612/testingJSON/user120/user120.json,idx_36
waveOut,trainingSamples,raw_data/EMG-EPN612/testingJSON/user120/user120.json,idx_37
waveOut,trainingSamples,raw_data/EMG-EPN612/testingJSON/user120/user120.json,idx_38
waveOut,trainingSamples,raw_data/EMG-EPN612/testingJSON/user120/user120.json,idx_39
waveOut,trainingSamples,raw_data/EMG-EPN612/testingJSON/user120/user120.json,idx_40
waveOut,trainingSamples,raw_data/EMG-EPN612/testingJSON/user120/user120.json,idx_41
waveOut,trainingSamples,raw_data/EMG-EPN612/testingJSON/user120/user120.json,idx_42
waveOut,trainingSamples,raw_data/EMG-EPN612/testingJSON/user120/user120.json,idx_43
waveOut,trainingSamples,raw_data/EMG-EPN612/testingJSON/user120/user120.json,idx_44
waveOut,trainingSamples,raw_data/EMG-EPN612/testingJSON/user120/user120.json,idx_45
waveOut,trainingSamples,raw_data/EMG-EPN612/testingJSON/user120/user120.json,idx_46
waveOut,trainingSamples,raw_data/EMG-EPN612/testingJSON/user120/user120.json,idx_47
waveOut,trainingSamples,raw_data/EMG-EPN612/testingJSON/user120/user120.json,idx_48
waveOut,trainingSamples,raw_data/EMG-EPN612/testingJSON/user120/user120.json,idx_49
waveOut,trainingSamples,raw_data/EMG-EPN612/testingJSON/user120/user120.json,idx_50
pinch,trainingSamples,raw_data/EMG-EPN612/testingJSON/user120/user120.json,idx_51
pinch,trainingSamples,raw_data/EMG-EPN612/testingJSON/user120/user120.json,idx_52
pinch,trainingSamples,raw_data/EMG-EPN612/testingJSON/user120/user120.json,idx_53
pinch,trainingSamples,raw_data/EMG-EPN612/testingJSON/user120/user120.json,idx_54
pinch,trainingSamples,raw_data/EMG-EPN612/testingJSON/user120/user120.json,idx_55
pinch,trainingSamples,raw_data/EMG-EPN612/testingJSON/user120/user120.json,idx_56
pinch,trainingSamples,raw_data/EMG-EPN612/testingJSON/user120/user120.json,idx_57
pinch,trainingSamples,raw_data/EMG-EPN612/testingJSON/user120/user120.json,idx_58
pinch,trainingSamples,raw_data/EMG-EPN612/testingJSON/user120/user120.json,idx_59
pinch,trainingSamples,raw_data/EMG-EPN612/testingJSON/user120/user120.json,idx_60
pinch,trainingSamples,raw_data/EMG-EPN612/testingJSON/user120/user120.json,idx_61
pinch,trainingSamples,raw_data/EMG-EPN612/testingJSON/user120/user120.json,idx_62
pinch,trainingSamples,raw_data/EMG-EPN612/testingJSON/user120/user120.json,idx_63
pinch,trainingSamples,raw_data/EMG-EPN612/testingJSON/user120/user120.json,idx_64
pinch,trainingSamples,raw_data/EMG-EPN612/testingJSON/user120/user120.json,idx_65
pinch,trainingSamples,raw_data/EMG-EPN612/testingJSON/user120/user120.json,idx_66
pinch,trainingSamples,raw_data/EMG-EPN612/testingJSON/user120/user120.json,idx_67
pinch,trainingSamples,raw_data/EMG-EPN612/testingJSON/user120/user120.json,idx_68
pinch,trainingSamples,raw_data/EMG-EPN612/testingJSON/user120/user120.json,idx_69
pinch,trainingSamples,raw_data/EMG-EPN612/testingJSON/user120/user120.json,idx_70
pinch,trainingSamples,raw_data/EMG-EPN612/testingJSON/user120/user120.json,idx_71
pinch,trainingSamples,raw_data/EMG-EPN612/testingJSON/user120/user120.json,idx_72
pinch,trainingSamples,raw_data/EMG-EPN612/testingJSON/user120/user120.json,idx_73
pinch,trainingSamples,raw_data/EMG-EPN612/testingJSON/user120/user120.json,idx_74
pinch,trainingSamples,raw_data/EMG-EPN612/testingJSON/user120/user120.json,idx_75
fist,trainingSamples,raw_data/EMG-EPN612/testingJSON/user120/user120.json,idx_76
fist,trainingSamples,raw_data/EMG-EPN612/testingJSON/user120/user120.json,idx_77
fist,trainingSamples,raw_data/EMG-EPN612/testingJSON/user120/user120.json,idx_78
fist,trainingSamples,raw_data/EMG-EPN612/testingJSON/user120/user120.json,idx_79
fist,trainingSamples,raw_data/EMG-EPN612/testingJSON/user120/user120.json,idx_80
fist,trainingSamples,raw_data/EMG-EPN612/testingJSON/user120/user120.json,idx_81
fist,trainingSamples,raw_data/EMG-EPN612/testingJSON/user120/user120.json,idx_82
fist,trainingSamples,raw_data/EMG-EPN612/testingJSON/user120/user120.json,idx_83
fist,trainingSamples,raw_data/EMG-EPN612/testingJSON/user120/user120.json,idx_84
fist,trainingSamples,raw_data/EMG-EPN612/testingJSON/user120/user120.json,idx_85
fist,trainingSamples,raw_data/EMG-EPN612/testingJSON/user120/user120.json,idx_86
fist,trainingSamples,raw_data/EMG-EPN612/testingJSON/user120/user120.json,idx_87
fist,trainingSamples,raw_data/EMG-EPN612/testingJSON/user120/user120.json,idx_88
fist,trainingSamples,raw_data/EMG-EPN612/testingJSON/user120/user120.json,idx_89
fist,trainingSamples,raw_data/EMG-EPN612/testingJSON/user120/user120.json,idx_90
fist,trainingSamples,raw_data/EMG-EPN612/testingJSON/user120/user120.json,idx_91
fist,trainingSamples,raw_data/EMG-EPN612/testingJSON/user120/user120.json,idx_92
fist,trainingSamples,raw_data/EMG-EPN612/testingJSON/user120/user120.json,idx_93
fist,trainingSamples,raw_data/EMG-EPN612/testingJSON/user120/user120.json,idx_94
fist,trainingSamples,raw_data/EMG-EPN612/testingJSON/user120/user120.json,idx_95
fist,trainingSamples,raw_data/EMG-EPN612/testingJSON/user120/user120.json,idx_96
fist,trainingSamples,raw_data/EMG-EPN612/testingJSON/user120/user120.json,idx_97
fist,trainingSamples,raw_data/EMG-EPN612/testingJSON/user120/user120.json,idx_98
fist,trainingSamples,raw_data/EMG-EPN612/testingJSON/user120/user120.json,idx_99
fist,trainingSamples,raw_data/EMG-EPN612/testingJSON/user120/user120.json,idx_100
waveIn,trainingSamples,raw_data/EMG-EPN612/testingJSON/user120/user120.json,idx_101
waveIn,trainingSamples,raw_data/EMG-EPN612/testingJSON/user120/user120.json,idx_102
waveIn,trainingSamples,raw_data/EMG-EPN612/testingJSON/user120/user120.json,idx_103
waveIn,trainingSamples,raw_data/EMG-EPN612/testingJSON/user120/user120.json,idx_104
waveIn,trainingSamples,raw_data/EMG-EPN612/testingJSON/user120/user120.json,idx_105
waveIn,trainingSamples,raw_data/EMG-EPN612/testingJSON/user120/user120.json,idx_106
waveIn,trainingSamples,raw_data/EMG-EPN612/testingJSON/user120/user120.json,idx_107
waveIn,trainingSamples,raw_data/EMG-EPN612/testingJSON/user120/user120.json,idx_108
waveIn,trainingSamples,raw_data/EMG-EPN612/testingJSON/user120/user120.json,idx_109
waveIn,trainingSamples,raw_data/EMG-EPN612/testingJSON/user120/user120.json,idx_110
waveIn,trainingSamples,raw_data/EMG-EPN612/testingJSON/user120/user120.json,idx_111
waveIn,trainingSamples,raw_data/EMG-EPN612/testingJSON/user120/user120.json,idx_112
waveIn,trainingSamples,raw_data/EMG-EPN612/testingJSON/user120/user120.json,idx_113
waveIn,trainingSamples,raw_data/EMG-EPN612/testingJSON/user120/user120.json,idx_114
waveIn,trainingSamples,raw_data/EMG-EPN612/testingJSON/user120/user120.json,idx_115
waveIn,trainingSamples,raw_data/EMG-EPN612/testingJSON/user120/user120.json,idx_116
waveIn,trainingSamples,raw_data/EMG-EPN612/testingJSON/user120/user120.json,idx_117
waveIn,trainingSamples,raw_data/EMG-EPN612/testingJSON/user120/user120.json,idx_118
waveIn,trainingSamples,raw_data/EMG-EPN612/testingJSON/user120/user120.json,idx_119
waveIn,trainingSamples,raw_data/EMG-EPN612/testingJSON/user120/user120.json,idx_120
waveIn,trainingSamples,raw_data/EMG-EPN612/testingJSON/user120/user120.json,idx_121
waveIn,trainingSamples,raw_data/EMG-EPN612/testingJSON/user120/user120.json,idx_122
waveIn,trainingSamples,raw_data/EMG-EPN612/testingJSON/user120/user120.json,idx_123
waveIn,trainingSamples,raw_data/EMG-EPN612/testingJSON/user120/user120.json,idx_124
waveIn,trainingSamples,raw_data/EMG-EPN612/testingJSON/user120/user120.json,idx_125
open,trainingSamples,raw_data/EMG-EPN612/testingJSON/user120/user120.json,idx_126
open,trainingSamples,raw_data/EMG-EPN612/testingJSON/user120/user120.json,idx_127
open,trainingSamples,raw_data/EMG-EPN612/testingJSON/user120/user120.json,idx_128
open,trainingSamples,raw_data/EMG-EPN612/testingJSON/user120/user120.json,idx_129
open,trainingSamples,raw_data/EMG-EPN612/testingJSON/user120/user120.json,idx_130
open,trainingSamples,raw_data/EMG-EPN612/testingJSON/user120/user120.json,idx_131
open,trainingSamples,raw_data/EMG-EPN612/testingJSON/user120/user120.json,idx_132
open,trainingSamples,raw_data/EMG-EPN612/testingJSON/user120/user120.json,idx_133
open,trainingSamples,raw_data/EMG-EPN612/testingJSON/user120/user120.json,idx_134
open,trainingSamples,raw_data/EMG-EPN612/testingJSON/user120/user120.json,idx_135
open,trainingSamples,raw_data/EMG-EPN612/testingJSON/user120/user120.json,idx_136
open,trainingSamples,raw_data/EMG-EPN612/testingJSON/user120/user120.json,idx_137
open,trainingSamples,raw_data/EMG-EPN612/testingJSON/user120/user120.json,idx_138
open,trainingSamples,raw_data/EMG-EPN612/testingJSON/user120/user120.json,idx_139
open,trainingSamples,raw_data/EMG-EPN612/testingJSON/user120/user120.json,idx_140
open,trainingSamples,raw_data/EMG-EPN612/testingJSON/user120/user120.json,idx_141
open,trainingSamples,raw_data/EMG-EPN612/testingJSON/user120/user120.json,idx_142
open,trainingSamples,raw_data/EMG-EPN612/testingJSON/user120/user120.json,idx_143
open,trainingSamples,raw_data/EMG-EPN612/testingJSON/user120/user120.json,idx_144
open,trainingSamples,raw_data/EMG-EPN612/testingJSON/user120/user120.json,idx_145
open,trainingSamples,raw_data/EMG-EPN612/testingJSON/user120/user120.json,idx_146
open,trainingSamples,raw_data/EMG-EPN612/testingJSON/user120/user120.json,idx_147
open,trainingSamples,raw_data/EMG-EPN612/testingJSON/user120/user120.json,idx_148
open,trainingSamples,raw_data/EMG-EPN612/testingJSON/user120/user120.json,idx_149
open,trainingSamples,raw_data/EMG-EPN612/testingJSON/user120/user120.json,idx_150
noGesture,trainingSamples,raw_data/EMG-EPN612/testingJSON/user121/user121.json,idx_1
noGesture,trainingSamples,raw_data/EMG-EPN612/testingJSON/user121/user121.json,idx_2
noGesture,trainingSamples,raw_data/EMG-EPN612/testingJSON/user121/user121.json,idx_3
noGesture,trainingSamples,raw_data/EMG-EPN612/testingJSON/user121/user121.json,idx_4
noGesture,trainingSamples,raw_data/EMG-EPN612/testingJSON/user121/user121.json,idx_5
noGesture,trainingSamples,raw_data/EMG-EPN612/testingJSON/user121/user121.json,idx_6
noGesture,trainingSamples,raw_data/EMG-EPN612/testingJSON/user121/user121.json,idx_7
noGesture,trainingSamples,raw_data/EMG-EPN612/testingJSON/user121/user121.json,idx_8
noGesture,trainingSamples,raw_data/EMG-EPN612/testingJSON/user121/user121.json,idx_9
noGesture,trainingSamples,raw_data/EMG-EPN612/testingJSON/user121/user121.json,idx_10
noGesture,trainingSamples,raw_data/EMG-EPN612/testingJSON/user121/user121.json,idx_11
noGesture,trainingSamples,raw_data/EMG-EPN612/testingJSON/user121/user121.json,idx_12
noGesture,trainingSamples,raw_data/EMG-EPN612/testingJSON/user121/user121.json,idx_13
noGesture,trainingSamples,raw_data/EMG-EPN612/testingJSON/user121/user121.json,idx_14
noGesture,trainingSamples,raw_data/EMG-EPN612/testingJSON/user121/user121.json,idx_15
noGesture,trainingSamples,raw_data/EMG-EPN612/testingJSON/user121/user121.json,idx_16
noGesture,trainingSamples,raw_data/EMG-EPN612/testingJSON/user121/user121.json,idx_17
noGesture,trainingSamples,raw_data/EMG-EPN612/testingJSON/user121/user121.json,idx_18
noGesture,trainingSamples,raw_data/EMG-EPN612/testingJSON/user121/user121.json,idx_19
noGesture,trainingSamples,raw_data/EMG-EPN612/testingJSON/user121/user121.json,idx_20
noGesture,trainingSamples,raw_data/EMG-EPN612/testingJSON/user121/user121.json,idx_21
noGesture,trainingSamples,raw_data/EMG-EPN612/testingJSON/user121/user121.json,idx_22
noGesture,trainingSamples,raw_data/EMG-EPN612/testingJSON/user121/user121.json,idx_23
noGesture,trainingSamples,raw_data/EMG-EPN612/testingJSON/user121/user121.json,idx_24
noGesture,trainingSamples,raw_data/EMG-EPN612/testingJSON/user121/user121.json,idx_25
waveOut,trainingSamples,raw_data/EMG-EPN612/testingJSON/user121/user121.json,idx_26
waveOut,trainingSamples,raw_data/EMG-EPN612/testingJSON/user121/user121.json,idx_27
waveOut,trainingSamples,raw_data/EMG-EPN612/testingJSON/user121/user121.json,idx_28
waveOut,trainingSamples,raw_data/EMG-EPN612/testingJSON/user121/user121.json,idx_29
waveOut,trainingSamples,raw_data/EMG-EPN612/testingJSON/user121/user121.json,idx_30
waveOut,trainingSamples,raw_data/EMG-EPN612/testingJSON/user121/user121.json,idx_31
waveOut,trainingSamples,raw_data/EMG-EPN612/testingJSON/user121/user121.json,idx_32
waveOut,trainingSamples,raw_data/EMG-EPN612/testingJSON/user121/user121.json,idx_33
waveOut,trainingSamples,raw_data/EMG-EPN612/testingJSON/user121/user121.json,idx_34
waveOut,trainingSamples,raw_data/EMG-EPN612/testingJSON/user121/user121.json,idx_35
waveOut,trainingSamples,raw_data/EMG-EPN612/testingJSON/user121/user121.json,idx_36
waveOut,trainingSamples,raw_data/EMG-EPN612/testingJSON/user121/user121.json,idx_37
waveOut,trainingSamples,raw_data/EMG-EPN612/testingJSON/user121/user121.json,idx_38
waveOut,trainingSamples,raw_data/EMG-EPN612/testingJSON/user121/user121.json,idx_39
waveOut,trainingSamples,raw_data/EMG-EPN612/testingJSON/user121/user121.json,idx_40
waveOut,trainingSamples,raw_data/EMG-EPN612/testingJSON/user121/user121.json,idx_41
waveOut,trainingSamples,raw_data/EMG-EPN612/testingJSON/user121/user121.json,idx_42
waveOut,trainingSamples,raw_data/EMG-EPN612/testingJSON/user121/user121.json,idx_43
waveOut,trainingSamples,raw_data/EMG-EPN612/testingJSON/user121/user121.json,idx_44
waveOut,trainingSamples,raw_data/EMG-EPN612/testingJSON/user121/user121.json,idx_45
waveOut,trainingSamples,raw_data/EMG-EPN612/testingJSON/user121/user121.json,idx_46
waveOut,trainingSamples,raw_data/EMG-EPN612/testingJSON/user121/user121.json,idx_47
waveOut,trainingSamples,raw_data/EMG-EPN612/testingJSON/user121/user121.json,idx_48
waveOut,trainingSamples,raw_data/EMG-EPN612/testingJSON/user121/user121.json,idx_49
waveOut,trainingSamples,raw_data/EMG-EPN612/testingJSON/user121/user121.json,idx_50
pinch,trainingSamples,raw_data/EMG-EPN612/testingJSON/user121/user121.json,idx_51
pinch,trainingSamples,raw_data/EMG-EPN612/testingJSON/user121/user121.json,idx_52
pinch,trainingSamples,raw_data/EMG-EPN612/testingJSON/user121/user121.json,idx_53
pinch,trainingSamples,raw_data/EMG-EPN612/testingJSON/user121/user121.json,idx_54
pinch,trainingSamples,raw_data/EMG-EPN612/testingJSON/user121/user121.json,idx_55
pinch,trainingSamples,raw_data/EMG-EPN612/testingJSON/user121/user121.json,idx_56
pinch,trainingSamples,raw_data/EMG-EPN612/testingJSON/user121/user121.json,idx_57
pinch,trainingSamples,raw_data/EMG-EPN612/testingJSON/user121/user121.json,idx_58
pinch,trainingSamples,raw_data/EMG-EPN612/testingJSON/user121/user121.json,idx_59
pinch,trainingSamples,raw_data/EMG-EPN612/testingJSON/user121/user121.json,idx_60
pinch,trainingSamples,raw_data/EMG-EPN612/testingJSON/user121/user121.json,idx_61
pinch,trainingSamples,raw_data/EMG-EPN612/testingJSON/user121/user121.json,idx_62
pinch,trainingSamples,raw_data/EMG-EPN612/testingJSON/user121/user121.json,idx_63
pinch,trainingSamples,raw_data/EMG-EPN612/testingJSON/user121/user121.json,idx_64
pinch,trainingSamples,raw_data/EMG-EPN612/testingJSON/user121/user121.json,idx_65
pinch,trainingSamples,raw_data/EMG-EPN612/testingJSON/user121/user121.json,idx_66
pinch,trainingSamples,raw_data/EMG-EPN612/testingJSON/user121/user121.json,idx_67
pinch,trainingSamples,raw_data/EMG-EPN612/testingJSON/user121/user121.json,idx_68
pinch,trainingSamples,raw_data/EMG-EPN612/testingJSON/user121/user121.json,idx_69
pinch,trainingSamples,raw_data/EMG-EPN612/testingJSON/user121/user121.json,idx_70
pinch,trainingSamples,raw_data/EMG-EPN612/testingJSON/user121/user121.json,idx_71
pinch,trainingSamples,raw_data/EMG-EPN612/testingJSON/user121/user121.json,idx_72
pinch,trainingSamples,raw_data/EMG-EPN612/testingJSON/user121/user121.json,idx_73
pinch,trainingSamples,raw_data/EMG-EPN612/testingJSON/user121/user121.json,idx_74
pinch,trainingSamples,raw_data/EMG-EPN612/testingJSON/user121/user121.json,idx_75
fist,trainingSamples,raw_data/EMG-EPN612/testingJSON/user121/user121.json,idx_76
fist,trainingSamples,raw_data/EMG-EPN612/testingJSON/user121/user121.json,idx_77
fist,trainingSamples,raw_data/EMG-EPN612/testingJSON/user121/user121.json,idx_78
fist,trainingSamples,raw_data/EMG-EPN612/testingJSON/user121/user121.json,idx_79
fist,trainingSamples,raw_data/EMG-EPN612/testingJSON/user121/user121.json,idx_80
fist,trainingSamples,raw_data/EMG-EPN612/testingJSON/user121/user121.json,idx_81
fist,trainingSamples,raw_data/EMG-EPN612/testingJSON/user121/user121.json,idx_82
fist,trainingSamples,raw_data/EMG-EPN612/testingJSON/user121/user121.json,idx_83
fist,trainingSamples,raw_data/EMG-EPN612/testingJSON/user121/user121.json,idx_84
fist,trainingSamples,raw_data/EMG-EPN612/testingJSON/user121/user121.json,idx_85
fist,trainingSamples,raw_data/EMG-EPN612/testingJSON/user121/user121.json,idx_86
fist,trainingSamples,raw_data/EMG-EPN612/testingJSON/user121/user121.json,idx_87
fist,trainingSamples,raw_data/EMG-EPN612/testingJSON/user121/user121.json,idx_88
fist,trainingSamples,raw_data/EMG-EPN612/testingJSON/user121/user121.json,idx_89
fist,trainingSamples,raw_data/EMG-EPN612/testingJSON/user121/user121.json,idx_90
fist,trainingSamples,raw_data/EMG-EPN612/testingJSON/user121/user121.json,idx_91
fist,trainingSamples,raw_data/EMG-EPN612/testingJSON/user121/user121.json,idx_92
fist,trainingSamples,raw_data/EMG-EPN612/testingJSON/user121/user121.json,idx_93
fist,trainingSamples,raw_data/EMG-EPN612/testingJSON/user121/user121.json,idx_94
fist,trainingSamples,raw_data/EMG-EPN612/testingJSON/user121/user121.json,idx_95
fist,trainingSamples,raw_data/EMG-EPN612/testingJSON/user121/user121.json,idx_96
fist,trainingSamples,raw_data/EMG-EPN612/testingJSON/user121/user121.json,idx_97
fist,trainingSamples,raw_data/EMG-EPN612/testingJSON/user121/user121.json,idx_98
fist,trainingSamples,raw_data/EMG-EPN612/testingJSON/user121/user121.json,idx_99
fist,trainingSamples,raw_data/EMG-EPN612/testingJSON/user121/user121.json,idx_100
waveIn,trainingSamples,raw_data/EMG-EPN612/testingJSON/user121/user121.json,idx_101
waveIn,trainingSamples,raw_data/EMG-EPN612/testingJSON/user121/user121.json,idx_102
waveIn,trainingSamples,raw_data/EMG-EPN612/testingJSON/user121/user121.json,idx_103
waveIn,trainingSamples,raw_data/EMG-EPN612/testingJSON/user121/user121.json,idx_104
waveIn,trainingSamples,raw_data/EMG-EPN612/testingJSON/user121/user121.json,idx_105
waveIn,trainingSamples,raw_data/EMG-EPN612/testingJSON/user121/user121.json,idx_106
waveIn,trainingSamples,raw_data/EMG-EPN612/testingJSON/user121/user121.json,idx_107
waveIn,trainingSamples,raw_data/EMG-EPN612/testingJSON/user121/user121.json,idx_108
waveIn,trainingSamples,raw_data/EMG-EPN612/testingJSON/user121/user121.json,idx_109
waveIn,trainingSamples,raw_data/EMG-EPN612/testingJSON/user121/user121.json,idx_110
waveIn,trainingSamples,raw_data/EMG-EPN612/testingJSON/user121/user121.json,idx_111
waveIn,trainingSamples,raw_data/EMG-EPN612/testingJSON/user121/user121.json,idx_112
waveIn,trainingSamples,raw_data/EMG-EPN612/testingJSON/user121/user121.json,idx_113
waveIn,trainingSamples,raw_data/EMG-EPN612/testingJSON/user121/user121.json,idx_114
waveIn,trainingSamples,raw_data/EMG-EPN612/testingJSON/user121/user121.json,idx_115
waveIn,trainingSamples,raw_data/EMG-EPN612/testingJSON/user121/user121.json,idx_116
waveIn,trainingSamples,raw_data/EMG-EPN612/testingJSON/user121/user121.json,idx_117
waveIn,trainingSamples,raw_data/EMG-EPN612/testingJSON/user121/user121.json,idx_118
waveIn,trainingSamples,raw_data/EMG-EPN612/testingJSON/user121/user121.json,idx_119
waveIn,trainingSamples,raw_data/EMG-EPN612/testingJSON/user121/user121.json,idx_120
waveIn,trainingSamples,raw_data/EMG-EPN612/testingJSON/user121/user121.json,idx_121
waveIn,trainingSamples,raw_data/EMG-EPN612/testingJSON/user121/user121.json,idx_122
waveIn,trainingSamples,raw_data/EMG-EPN612/testingJSON/user121/user121.json,idx_123
waveIn,trainingSamples,raw_data/EMG-EPN612/testingJSON/user121/user121.json,idx_124
waveIn,trainingSamples,raw_data/EMG-EPN612/testingJSON/user121/user121.json,idx_125
open,trainingSamples,raw_data/EMG-EPN612/testingJSON/user121/user121.json,idx_126
open,trainingSamples,raw_data/EMG-EPN612/testingJSON/user121/user121.json,idx_127
open,trainingSamples,raw_data/EMG-EPN612/testingJSON/user121/user121.json,idx_128
open,trainingSamples,raw_data/EMG-EPN612/testingJSON/user121/user121.json,idx_129
open,trainingSamples,raw_data/EMG-EPN612/testingJSON/user121/user121.json,idx_130
open,trainingSamples,raw_data/EMG-EPN612/testingJSON/user121/user121.json,idx_131
open,trainingSamples,raw_data/EMG-EPN612/testingJSON/user121/user121.json,idx_132
open,trainingSamples,raw_data/EMG-EPN612/testingJSON/user121/user121.json,idx_133
open,trainingSamples,raw_data/EMG-EPN612/testingJSON/user121/user121.json,idx_134
open,trainingSamples,raw_data/EMG-EPN612/testingJSON/user121/user121.json,idx_135
open,trainingSamples,raw_data/EMG-EPN612/testingJSON/user121/user121.json,idx_136
open,trainingSamples,raw_data/EMG-EPN612/testingJSON/user121/user121.json,idx_137
open,trainingSamples,raw_data/EMG-EPN612/testingJSON/user121/user121.json,idx_138
open,trainingSamples,raw_data/EMG-EPN612/testingJSON/user121/user121.json,idx_139
open,trainingSamples,raw_data/EMG-EPN612/testingJSON/user121/user121.json,idx_140
open,trainingSamples,raw_data/EMG-EPN612/testingJSON/user121/user121.json,idx_141
open,trainingSamples,raw_data/EMG-EPN612/testingJSON/user121/user121.json,idx_142
open,trainingSamples,raw_data/EMG-EPN612/testingJSON/user121/user121.json,idx_143
open,trainingSamples,raw_data/EMG-EPN612/testingJSON/user121/user121.json,idx_144
open,trainingSamples,raw_data/EMG-EPN612/testingJSON/user121/user121.json,idx_145
open,trainingSamples,raw_data/EMG-EPN612/testingJSON/user121/user121.json,idx_146
open,trainingSamples,raw_data/EMG-EPN612/testingJSON/user121/user121.json,idx_147
open,trainingSamples,raw_data/EMG-EPN612/testingJSON/user121/user121.json,idx_148
open,trainingSamples,raw_data/EMG-EPN612/testingJSON/user121/user121.json,idx_149
open,trainingSamples,raw_data/EMG-EPN612/testingJSON/user121/user121.json,idx_150
noGesture,trainingSamples,raw_data/EMG-EPN612/testingJSON/user122/user122.json,idx_1
noGesture,trainingSamples,raw_data/EMG-EPN612/testingJSON/user122/user122.json,idx_2
noGesture,trainingSamples,raw_data/EMG-EPN612/testingJSON/user122/user122.json,idx_3
noGesture,trainingSamples,raw_data/EMG-EPN612/testingJSON/user122/user122.json,idx_4
noGesture,trainingSamples,raw_data/EMG-EPN612/testingJSON/user122/user122.json,idx_5
noGesture,trainingSamples,raw_data/EMG-EPN612/testingJSON/user122/user122.json,idx_6
noGesture,trainingSamples,raw_data/EMG-EPN612/testingJSON/user122/user122.json,idx_7
noGesture,trainingSamples,raw_data/EMG-EPN612/testingJSON/user122/user122.json,idx_8
noGesture,trainingSamples,raw_data/EMG-EPN612/testingJSON/user122/user122.json,idx_9
noGesture,trainingSamples,raw_data/EMG-EPN612/testingJSON/user122/user122.json,idx_10
noGesture,trainingSamples,raw_data/EMG-EPN612/testingJSON/user122/user122.json,idx_11
noGesture,trainingSamples,raw_data/EMG-EPN612/testingJSON/user122/user122.json,idx_12
noGesture,trainingSamples,raw_data/EMG-EPN612/testingJSON/user122/user122.json,idx_13
noGesture,trainingSamples,raw_data/EMG-EPN612/testingJSON/user122/user122.json,idx_14
noGesture,trainingSamples,raw_data/EMG-EPN612/testingJSON/user122/user122.json,idx_15
noGesture,trainingSamples,raw_data/EMG-EPN612/testingJSON/user122/user122.json,idx_16
noGesture,trainingSamples,raw_data/EMG-EPN612/testingJSON/user122/user122.json,idx_17
noGesture,trainingSamples,raw_data/EMG-EPN612/testingJSON/user122/user122.json,idx_18
noGesture,trainingSamples,raw_data/EMG-EPN612/testingJSON/user122/user122.json,idx_19
noGesture,trainingSamples,raw_data/EMG-EPN612/testingJSON/user122/user122.json,idx_20
noGesture,trainingSamples,raw_data/EMG-EPN612/testingJSON/user122/user122.json,idx_21
noGesture,trainingSamples,raw_data/EMG-EPN612/testingJSON/user122/user122.json,idx_22
noGesture,trainingSamples,raw_data/EMG-EPN612/testingJSON/user122/user122.json,idx_23
noGesture,trainingSamples,raw_data/EMG-EPN612/testingJSON/user122/user122.json,idx_24
noGesture,trainingSamples,raw_data/EMG-EPN612/testingJSON/user122/user122.json,idx_25
waveIn,trainingSamples,raw_data/EMG-EPN612/testingJSON/user122/user122.json,idx_26
waveIn,trainingSamples,raw_data/EMG-EPN612/testingJSON/user122/user122.json,idx_27
waveIn,trainingSamples,raw_data/EMG-EPN612/testingJSON/user122/user122.json,idx_28
waveIn,trainingSamples,raw_data/EMG-EPN612/testingJSON/user122/user122.json,idx_29
waveIn,trainingSamples,raw_data/EMG-EPN612/testingJSON/user122/user122.json,idx_30
waveIn,trainingSamples,raw_data/EMG-EPN612/testingJSON/user122/user122.json,idx_31
waveIn,trainingSamples,raw_data/EMG-EPN612/testingJSON/user122/user122.json,idx_32
waveIn,trainingSamples,raw_data/EMG-EPN612/testingJSON/user122/user122.json,idx_33
waveIn,trainingSamples,raw_data/EMG-EPN612/testingJSON/user122/user122.json,idx_34
waveIn,trainingSamples,raw_data/EMG-EPN612/testingJSON/user122/user122.json,idx_35
waveIn,trainingSamples,raw_data/EMG-EPN612/testingJSON/user122/user122.json,idx_36
waveIn,trainingSamples,raw_data/EMG-EPN612/testingJSON/user122/user122.json,idx_37
waveIn,trainingSamples,raw_data/EMG-EPN612/testingJSON/user122/user122.json,idx_38
waveIn,trainingSamples,raw_data/EMG-EPN612/testingJSON/user122/user122.json,idx_39
waveIn,trainingSamples,raw_data/EMG-EPN612/testingJSON/user122/user122.json,idx_40
waveIn,trainingSamples,raw_data/EMG-EPN612/testingJSON/user122/user122.json,idx_41
waveIn,trainingSamples,raw_data/EMG-EPN612/testingJSON/user122/user122.json,idx_42
waveIn,trainingSamples,raw_data/EMG-EPN612/testingJSON/user122/user122.json,idx_43
waveIn,trainingSamples,raw_data/EMG-EPN612/testingJSON/user122/user122.json,idx_44
waveIn,trainingSamples,raw_data/EMG-EPN612/testingJSON/user122/user122.json,idx_45
waveIn,trainingSamples,raw_data/EMG-EPN612/testingJSON/user122/user122.json,idx_46
waveIn,trainingSamples,raw_data/EMG-EPN612/testingJSON/user122/user122.json,idx_47
waveIn,trainingSamples,raw_data/EMG-EPN612/testingJSON/user122/user122.json,idx_48
waveIn,trainingSamples,raw_data/EMG-EPN612/testingJSON/user122/user122.json,idx_49
waveIn,trainingSamples,raw_data/EMG-EPN612/testingJSON/user122/user122.json,idx_50
fist,trainingSamples,raw_data/EMG-EPN612/testingJSON/user122/user122.json,idx_51
fist,trainingSamples,raw_data/EMG-EPN612/testingJSON/user122/user122.json,idx_52
fist,trainingSamples,raw_data/EMG-EPN612/testingJSON/user122/user122.json,idx_53
fist,trainingSamples,raw_data/EMG-EPN612/testingJSON/user122/user122.json,idx_54
fist,trainingSamples,raw_data/EMG-EPN612/testingJSON/user122/user122.json,idx_55
fist,trainingSamples,raw_data/EMG-EPN612/testingJSON/user122/user122.json,idx_56
fist,trainingSamples,raw_data/EMG-EPN612/testingJSON/user122/user122.json,idx_57
fist,trainingSamples,raw_data/EMG-EPN612/testingJSON/user122/user122.json,idx_58
fist,trainingSamples,raw_data/EMG-EPN612/testingJSON/user122/user122.json,idx_59
fist,trainingSamples,raw_data/EMG-EPN612/testingJSON/user122/user122.json,idx_60
fist,trainingSamples,raw_data/EMG-EPN612/testingJSON/user122/user122.json,idx_61
fist,trainingSamples,raw_data/EMG-EPN612/testingJSON/user122/user122.json,idx_62
fist,trainingSamples,raw_data/EMG-EPN612/testingJSON/user122/user122.json,idx_63
fist,trainingSamples,raw_data/EMG-EPN612/testingJSON/user122/user122.json,idx_64
fist,trainingSamples,raw_data/EMG-EPN612/testingJSON/user122/user122.json,idx_65
fist,trainingSamples,raw_data/EMG-EPN612/testingJSON/user122/user122.json,idx_66
fist,trainingSamples,raw_data/EMG-EPN612/testingJSON/user122/user122.json,idx_67
fist,trainingSamples,raw_data/EMG-EPN612/testingJSON/user122/user122.json,idx_68
fist,trainingSamples,raw_data/EMG-EPN612/testingJSON/user122/user122.json,idx_69
fist,trainingSamples,raw_data/EMG-EPN612/testingJSON/user122/user122.json,idx_70
fist,trainingSamples,raw_data/EMG-EPN612/testingJSON/user122/user122.json,idx_71
fist,trainingSamples,raw_data/EMG-EPN612/testingJSON/user122/user122.json,idx_72
fist,trainingSamples,raw_data/EMG-EPN612/testingJSON/user122/user122.json,idx_73
fist,trainingSamples,raw_data/EMG-EPN612/testingJSON/user122/user122.json,idx_74
fist,trainingSamples,raw_data/EMG-EPN612/testingJSON/user122/user122.json,idx_75
pinch,trainingSamples,raw_data/EMG-EPN612/testingJSON/user122/user122.json,idx_76
pinch,trainingSamples,raw_data/EMG-EPN612/testingJSON/user122/user122.json,idx_77
pinch,trainingSamples,raw_data/EMG-EPN612/testingJSON/user122/user122.json,idx_78
pinch,trainingSamples,raw_data/EMG-EPN612/testingJSON/user122/user122.json,idx_79
pinch,trainingSamples,raw_data/EMG-EPN612/testingJSON/user122/user122.json,idx_80
pinch,trainingSamples,raw_data/EMG-EPN612/testingJSON/user122/user122.json,idx_81
pinch,trainingSamples,raw_data/EMG-EPN612/testingJSON/user122/user122.json,idx_82
pinch,trainingSamples,raw_data/EMG-EPN612/testingJSON/user122/user122.json,idx_83
pinch,trainingSamples,raw_data/EMG-EPN612/testingJSON/user122/user122.json,idx_84
pinch,trainingSamples,raw_data/EMG-EPN612/testingJSON/user122/user122.json,idx_85
pinch,trainingSamples,raw_data/EMG-EPN612/testingJSON/user122/user122.json,idx_86
pinch,trainingSamples,raw_data/EMG-EPN612/testingJSON/user122/user122.json,idx_87
pinch,trainingSamples,raw_data/EMG-EPN612/testingJSON/user122/user122.json,idx_88
pinch,trainingSamples,raw_data/EMG-EPN612/testingJSON/user122/user122.json,idx_89
pinch,trainingSamples,raw_data/EMG-EPN612/testingJSON/user122/user122.json,idx_90
pinch,trainingSamples,raw_data/EMG-EPN612/testingJSON/user122/user122.json,idx_91
pinch,trainingSamples,raw_data/EMG-EPN612/testingJSON/user122/user122.json,idx_92
pinch,trainingSamples,raw_data/EMG-EPN612/testingJSON/user122/user122.json,idx_93
pinch,trainingSamples,raw_data/EMG-EPN612/testingJSON/user122/user122.json,idx_94
pinch,trainingSamples,raw_data/EMG-EPN612/testingJSON/user122/user122.json,idx_95
pinch,trainingSamples,raw_data/EMG-EPN612/testingJSON/user122/user122.json,idx_96
pinch,trainingSamples,raw_data/EMG-EPN612/testingJSON/user122/user122.json,idx_97
pinch,trainingSamples,raw_data/EMG-EPN612/testingJSON/user122/user122.json,idx_98
pinch,trainingSamples,raw_data/EMG-EPN612/testingJSON/user122/user122.json,idx_99
pinch,trainingSamples,raw_data/EMG-EPN612/testingJSON/user122/user122.json,idx_100
waveOut,trainingSamples,raw_data/EMG-EPN612/testingJSON/user122/user122.json,idx_101
waveOut,trainingSamples,raw_data/EMG-EPN612/testingJSON/user122/user122.json,idx_102
waveOut,trainingSamples,raw_data/EMG-EPN612/testingJSON/user122/user122.json,idx_103
waveOut,trainingSamples,raw_data/EMG-EPN612/testingJSON/user122/user122.json,idx_104
waveOut,trainingSamples,raw_data/EMG-EPN612/testingJSON/user122/user122.json,idx_105
waveOut,trainingSamples,raw_data/EMG-EPN612/testingJSON/user122/user122.json,idx_106
waveOut,trainingSamples,raw_data/EMG-EPN612/testingJSON/user122/user122.json,idx_107
waveOut,trainingSamples,raw_data/EMG-EPN612/testingJSON/user122/user122.json,idx_108
waveOut,trainingSamples,raw_data/EMG-EPN612/testingJSON/user122/user122.json,idx_109
waveOut,trainingSamples,raw_data/EMG-EPN612/testingJSON/user122/user122.json,idx_110
waveOut,trainingSamples,raw_data/EMG-EPN612/testingJSON/user122/user122.json,idx_111
waveOut,trainingSamples,raw_data/EMG-EPN612/testingJSON/user122/user122.json,idx_112
waveOut,trainingSamples,raw_data/EMG-EPN612/testingJSON/user122/user122.json,idx_113
waveOut,trainingSamples,raw_data/EMG-EPN612/testingJSON/user122/user122.json,idx_114
waveOut,trainingSamples,raw_data/EMG-EPN612/testingJSON/user122/user122.json,idx_115
waveOut,trainingSamples,raw_data/EMG-EPN612/testingJSON/user122/user122.json,idx_116
waveOut,trainingSamples,raw_data/EMG-EPN612/testingJSON/user122/user122.json,idx_117
waveOut,trainingSamples,raw_data/EMG-EPN612/testingJSON/user122/user122.json,idx_118
waveOut,trainingSamples,raw_data/EMG-EPN612/testingJSON/user122/user122.json,idx_119
waveOut,trainingSamples,raw_data/EMG-EPN612/testingJSON/user122/user122.json,idx_120
waveOut,trainingSamples,raw_data/EMG-EPN612/testingJSON/user122/user122.json,idx_121
waveOut,trainingSamples,raw_data/EMG-EPN612/testingJSON/user122/user122.json,idx_122
waveOut,trainingSamples,raw_data/EMG-EPN612/testingJSON/user122/user122.json,idx_123
waveOut,trainingSamples,raw_data/EMG-EPN612/testingJSON/user122/user122.json,idx_124
waveOut,trainingSamples,raw_data/EMG-EPN612/testingJSON/user122/user122.json,idx_125
open,trainingSamples,raw_data/EMG-EPN612/testingJSON/user122/user122.json,idx_126
open,trainingSamples,raw_data/EMG-EPN612/testingJSON/user122/user122.json,idx_127
open,trainingSamples,raw_data/EMG-EPN612/testingJSON/user122/user122.json,idx_128
open,trainingSamples,raw_data/EMG-EPN612/testingJSON/user122/user122.json,idx_129
open,trainingSamples,raw_data/EMG-EPN612/testingJSON/user122/user122.json,idx_130
open,trainingSamples,raw_data/EMG-EPN612/testingJSON/user122/user122.json,idx_131
open,trainingSamples,raw_data/EMG-EPN612/testingJSON/user122/user122.json,idx_132
open,trainingSamples,raw_data/EMG-EPN612/testingJSON/user122/user122.json,idx_133
open,trainingSamples,raw_data/EMG-EPN612/testingJSON/user122/user122.json,idx_134
open,trainingSamples,raw_data/EMG-EPN612/testingJSON/user122/user122.json,idx_135
open,trainingSamples,raw_data/EMG-EPN612/testingJSON/user122/user122.json,idx_136
open,trainingSamples,raw_data/EMG-EPN612/testingJSON/user122/user122.json,idx_137
open,trainingSamples,raw_data/EMG-EPN612/testingJSON/user122/user122.json,idx_138
open,trainingSamples,raw_data/EMG-EPN612/testingJSON/user122/user122.json,idx_139
open,trainingSamples,raw_data/EMG-EPN612/testingJSON/user122/user122.json,idx_140
open,trainingSamples,raw_data/EMG-EPN612/testingJSON/user122/user122.json,idx_141
open,trainingSamples,raw_data/EMG-EPN612/testingJSON/user122/user122.json,idx_142
open,trainingSamples,raw_data/EMG-EPN612/testingJSON/user122/user122.json,idx_143
open,trainingSamples,raw_data/EMG-EPN612/testingJSON/user122/user122.json,idx_144
open,trainingSamples,raw_data/EMG-EPN612/testingJSON/user122/user122.json,idx_145
open,trainingSamples,raw_data/EMG-EPN612/testingJSON/user122/user122.json,idx_146
open,trainingSamples,raw_data/EMG-EPN612/testingJSON/user122/user122.json,idx_147
open,trainingSamples,raw_data/EMG-EPN612/testingJSON/user122/user122.json,idx_148
open,trainingSamples,raw_data/EMG-EPN612/testingJSON/user122/user122.json,idx_149
open,trainingSamples,raw_data/EMG-EPN612/testingJSON/user122/user122.json,idx_150
noGesture,trainingSamples,raw_data/EMG-EPN612/testingJSON/user123/user123.json,idx_1
noGesture,trainingSamples,raw_data/EMG-EPN612/testingJSON/user123/user123.json,idx_2
noGesture,trainingSamples,raw_data/EMG-EPN612/testingJSON/user123/user123.json,idx_3
noGesture,trainingSamples,raw_data/EMG-EPN612/testingJSON/user123/user123.json,idx_4
noGesture,trainingSamples,raw_data/EMG-EPN612/testingJSON/user123/user123.json,idx_5
noGesture,trainingSamples,raw_data/EMG-EPN612/testingJSON/user123/user123.json,idx_6
noGesture,trainingSamples,raw_data/EMG-EPN612/testingJSON/user123/user123.json,idx_7
noGesture,trainingSamples,raw_data/EMG-EPN612/testingJSON/user123/user123.json,idx_8
noGesture,trainingSamples,raw_data/EMG-EPN612/testingJSON/user123/user123.json,idx_9
noGesture,trainingSamples,raw_data/EMG-EPN612/testingJSON/user123/user123.json,idx_10
noGesture,trainingSamples,raw_data/EMG-EPN612/testingJSON/user123/user123.json,idx_11
noGesture,trainingSamples,raw_data/EMG-EPN612/testingJSON/user123/user123.json,idx_12
noGesture,trainingSamples,raw_data/EMG-EPN612/testingJSON/user123/user123.json,idx_13
noGesture,trainingSamples,raw_data/EMG-EPN612/testingJSON/user123/user123.json,idx_14
noGesture,trainingSamples,raw_data/EMG-EPN612/testingJSON/user123/user123.json,idx_15
noGesture,trainingSamples,raw_data/EMG-EPN612/testingJSON/user123/user123.json,idx_16
noGesture,trainingSamples,raw_data/EMG-EPN612/testingJSON/user123/user123.json,idx_17
noGesture,trainingSamples,raw_data/EMG-EPN612/testingJSON/user123/user123.json,idx_18
noGesture,trainingSamples,raw_data/EMG-EPN612/testingJSON/user123/user123.json,idx_19
noGesture,trainingSamples,raw_data/EMG-EPN612/testingJSON/user123/user123.json,idx_20
noGesture,trainingSamples,raw_data/EMG-EPN612/testingJSON/user123/user123.json,idx_21
noGesture,trainingSamples,raw_data/EMG-EPN612/testingJSON/user123/user123.json,idx_22
noGesture,trainingSamples,raw_data/EMG-EPN612/testingJSON/user123/user123.json,idx_23
noGesture,trainingSamples,raw_data/EMG-EPN612/testingJSON/user123/user123.json,idx_24
noGesture,trainingSamples,raw_data/EMG-EPN612/testingJSON/user123/user123.json,idx_25
waveOut,trainingSamples,raw_data/EMG-EPN612/testingJSON/user123/user123.json,idx_26
waveOut,trainingSamples,raw_data/EMG-EPN612/testingJSON/user123/user123.json,idx_27
waveOut,trainingSamples,raw_data/EMG-EPN612/testingJSON/user123/user123.json,idx_28
waveOut,trainingSamples,raw_data/EMG-EPN612/testingJSON/user123/user123.json,idx_29
waveOut,trainingSamples,raw_data/EMG-EPN612/testingJSON/user123/user123.json,idx_30
waveOut,trainingSamples,raw_data/EMG-EPN612/testingJSON/user123/user123.json,idx_31
waveOut,trainingSamples,raw_data/EMG-EPN612/testingJSON/user123/user123.json,idx_32
waveOut,trainingSamples,raw_data/EMG-EPN612/testingJSON/user123/user123.json,idx_33
waveOut,trainingSamples,raw_data/EMG-EPN612/testingJSON/user123/user123.json,idx_34
waveOut,trainingSamples,raw_data/EMG-EPN612/testingJSON/user123/user123.json,idx_35
waveOut,trainingSamples,raw_data/EMG-EPN612/testingJSON/user123/user123.json,idx_36
waveOut,trainingSamples,raw_data/EMG-EPN612/testingJSON/user123/user123.json,idx_37
waveOut,trainingSamples,raw_data/EMG-EPN612/testingJSON/user123/user123.json,idx_38
waveOut,trainingSamples,raw_data/EMG-EPN612/testingJSON/user123/user123.json,idx_39
waveOut,trainingSamples,raw_data/EMG-EPN612/testingJSON/user123/user123.json,idx_40
waveOut,trainingSamples,raw_data/EMG-EPN612/testingJSON/user123/user123.json,idx_41
waveOut,trainingSamples,raw_data/EMG-EPN612/testingJSON/user123/user123.json,idx_42
waveOut,trainingSamples,raw_data/EMG-EPN612/testingJSON/user123/user123.json,idx_43
waveOut,trainingSamples,raw_data/EMG-EPN612/testingJSON/user123/user123.json,idx_44
waveOut,trainingSamples,raw_data/EMG-EPN612/testingJSON/user123/user123.json,idx_45
waveOut,trainingSamples,raw_data/EMG-EPN612/testingJSON/user123/user123.json,idx_46
waveOut,trainingSamples,raw_data/EMG-EPN612/testingJSON/user123/user123.json,idx_47
waveOut,trainingSamples,raw_data/EMG-EPN612/testingJSON/user123/user123.json,idx_48
waveOut,trainingSamples,raw_data/EMG-EPN612/testingJSON/user123/user123.json,idx_49
waveOut,trainingSamples,raw_data/EMG-EPN612/testingJSON/user123/user123.json,idx_50
pinch,trainingSamples,raw_data/EMG-EPN612/testingJSON/user123/user123.json,idx_51
pinch,trainingSamples,raw_data/EMG-EPN612/testingJSON/user123/user123.json,idx_52
pinch,trainingSamples,raw_data/EMG-EPN612/testingJSON/user123/user123.json,idx_53
pinch,trainingSamples,raw_data/EMG-EPN612/testingJSON/user123/user123.json,idx_54
pinch,trainingSamples,raw_data/EMG-EPN612/testingJSON/user123/user123.json,idx_55
pinch,trainingSamples,raw_data/EMG-EPN612/testingJSON/user123/user123.json,idx_56
pinch,trainingSamples,raw_data/EMG-EPN612/testingJSON/user123/user123.json,idx_57
pinch,trainingSamples,raw_data/EMG-EPN612/testingJSON/user123/user123.json,idx_58
pinch,trainingSamples,raw_data/EMG-EPN612/testingJSON/user123/user123.json,idx_59
pinch,trainingSamples,raw_data/EMG-EPN612/testingJSON/user123/user123.json,idx_60
pinch,trainingSamples,raw_data/EMG-EPN612/testingJSON/user123/user123.json,idx_61
pinch,trainingSamples,raw_data/EMG-EPN612/testingJSON/user123/user123.json,idx_62
pinch,trainingSamples,raw_data/EMG-EPN612/testingJSON/user123/user123.json,idx_63
pinch,trainingSamples,raw_data/EMG-EPN612/testingJSON/user123/user123.json,idx_64
pinch,trainingSamples,raw_data/EMG-EPN612/testingJSON/user123/user123.json,idx_65
pinch,trainingSamples,raw_data/EMG-EPN612/testingJSON/user123/user123.json,idx_66
pinch,trainingSamples,raw_data/EMG-EPN612/testingJSON/user123/user123.json,idx_67
pinch,trainingSamples,raw_data/EMG-EPN612/testingJSON/user123/user123.json,idx_68
pinch,trainingSamples,raw_data/EMG-EPN612/testingJSON/user123/user123.json,idx_69
pinch,trainingSamples,raw_data/EMG-EPN612/testingJSON/user123/user123.json,idx_70
pinch,trainingSamples,raw_data/EMG-EPN612/testingJSON/user123/user123.json,idx_71
pinch,trainingSamples,raw_data/EMG-EPN612/testingJSON/user123/user123.json,idx_72
pinch,trainingSamples,raw_data/EMG-EPN612/testingJSON/user123/user123.json,idx_73
pinch,trainingSamples,raw_data/EMG-EPN612/testingJSON/user123/user123.json,idx_74
pinch,trainingSamples,raw_data/EMG-EPN612/testingJSON/user123/user123.json,idx_75
fist,trainingSamples,raw_data/EMG-EPN612/testingJSON/user123/user123.json,idx_76
fist,trainingSamples,raw_data/EMG-EPN612/testingJSON/user123/user123.json,idx_77
fist,trainingSamples,raw_data/EMG-EPN612/testingJSON/user123/user123.json,idx_78
fist,trainingSamples,raw_data/EMG-EPN612/testingJSON/user123/user123.json,idx_79
fist,trainingSamples,raw_data/EMG-EPN612/testingJSON/user123/user123.json,idx_80
fist,trainingSamples,raw_data/EMG-EPN612/testingJSON/user123/user123.json,idx_81
fist,trainingSamples,raw_data/EMG-EPN612/testingJSON/user123/user123.json,idx_82
fist,trainingSamples,raw_data/EMG-EPN612/testingJSON/user123/user123.json,idx_83
fist,trainingSamples,raw_data/EMG-EPN612/testingJSON/user123/user123.json,idx_84
fist,trainingSamples,raw_data/EMG-EPN612/testingJSON/user123/user123.json,idx_85
fist,trainingSamples,raw_data/EMG-EPN612/testingJSON/user123/user123.json,idx_86
fist,trainingSamples,raw_data/EMG-EPN612/testingJSON/user123/user123.json,idx_87
fist,trainingSamples,raw_data/EMG-EPN612/testingJSON/user123/user123.json,idx_88
fist,trainingSamples,raw_data/EMG-EPN612/testingJSON/user123/user123.json,idx_89
fist,trainingSamples,raw_data/EMG-EPN612/testingJSON/user123/user123.json,idx_90
fist,trainingSamples,raw_data/EMG-EPN612/testingJSON/user123/user123.json,idx_91
fist,trainingSamples,raw_data/EMG-EPN612/testingJSON/user123/user123.json,idx_92
fist,trainingSamples,raw_data/EMG-EPN612/testingJSON/user123/user123.json,idx_93
fist,trainingSamples,raw_data/EMG-EPN612/testingJSON/user123/user123.json,idx_94
fist,trainingSamples,raw_data/EMG-EPN612/testingJSON/user123/user123.json,idx_95
fist,trainingSamples,raw_data/EMG-EPN612/testingJSON/user123/user123.json,idx_96
fist,trainingSamples,raw_data/EMG-EPN612/testingJSON/user123/user123.json,idx_97
fist,trainingSamples,raw_data/EMG-EPN612/testingJSON/user123/user123.json,idx_98
fist,trainingSamples,raw_data/EMG-EPN612/testingJSON/user123/user123.json,idx_99
fist,trainingSamples,raw_data/EMG-EPN612/testingJSON/user123/user123.json,idx_100
waveIn,trainingSamples,raw_data/EMG-EPN612/testingJSON/user123/user123.json,idx_101
waveIn,trainingSamples,raw_data/EMG-EPN612/testingJSON/user123/user123.json,idx_102
waveIn,trainingSamples,raw_data/EMG-EPN612/testingJSON/user123/user123.json,idx_103
waveIn,trainingSamples,raw_data/EMG-EPN612/testingJSON/user123/user123.json,idx_104
waveIn,trainingSamples,raw_data/EMG-EPN612/testingJSON/user123/user123.json,idx_105
waveIn,trainingSamples,raw_data/EMG-EPN612/testingJSON/user123/user123.json,idx_106
waveIn,trainingSamples,raw_data/EMG-EPN612/testingJSON/user123/user123.json,idx_107
waveIn,trainingSamples,raw_data/EMG-EPN612/testingJSON/user123/user123.json,idx_108
waveIn,trainingSamples,raw_data/EMG-EPN612/testingJSON/user123/user123.json,idx_109
waveIn,trainingSamples,raw_data/EMG-EPN612/testingJSON/user123/user123.json,idx_110
waveIn,trainingSamples,raw_data/EMG-EPN612/testingJSON/user123/user123.json,idx_111
waveIn,trainingSamples,raw_data/EMG-EPN612/testingJSON/user123/user123.json,idx_112
waveIn,trainingSamples,raw_data/EMG-EPN612/testingJSON/user123/user123.json,idx_113
waveIn,trainingSamples,raw_data/EMG-EPN612/testingJSON/user123/user123.json,idx_114
waveIn,trainingSamples,raw_data/EMG-EPN612/testingJSON/user123/user123.json,idx_115
waveIn,trainingSamples,raw_data/EMG-EPN612/testingJSON/user123/user123.json,idx_116
waveIn,trainingSamples,raw_data/EMG-EPN612/testingJSON/user123/user123.json,idx_117
waveIn,trainingSamples,raw_data/EMG-EPN612/testingJSON/user123/user123.json,idx_118
waveIn,trainingSamples,raw_data/EMG-EPN612/testingJSON/user123/user123.json,idx_119
waveIn,trainingSamples,raw_data/EMG-EPN612/testingJSON/user123/user123.json,idx_120
waveIn,trainingSamples,raw_data/EMG-EPN612/testingJSON/user123/user123.json,idx_121
waveIn,trainingSamples,raw_data/EMG-EPN612/testingJSON/user123/user123.json,idx_122
waveIn,trainingSamples,raw_data/EMG-EPN612/testingJSON/user123/user123.json,idx_123
waveIn,trainingSamples,raw_data/EMG-EPN612/testingJSON/user123/user123.json,idx_124
waveIn,trainingSamples,raw_data/EMG-EPN612/testingJSON/user123/user123.json,idx_125
open,trainingSamples,raw_data/EMG-EPN612/testingJSON/user123/user123.json,idx_126
open,trainingSamples,raw_data/EMG-EPN612/testingJSON/user123/user123.json,idx_127
open,trainingSamples,raw_data/EMG-EPN612/testingJSON/user123/user123.json,idx_128
open,trainingSamples,raw_data/EMG-EPN612/testingJSON/user123/user123.json,idx_129
open,trainingSamples,raw_data/EMG-EPN612/testingJSON/user123/user123.json,idx_130
open,trainingSamples,raw_data/EMG-EPN612/testingJSON/user123/user123.json,idx_131
open,trainingSamples,raw_data/EMG-EPN612/testingJSON/user123/user123.json,idx_132
open,trainingSamples,raw_data/EMG-EPN612/testingJSON/user123/user123.json,idx_133
open,trainingSamples,raw_data/EMG-EPN612/testingJSON/user123/user123.json,idx_134
open,trainingSamples,raw_data/EMG-EPN612/testingJSON/user123/user123.json,idx_135
open,trainingSamples,raw_data/EMG-EPN612/testingJSON/user123/user123.json,idx_136
open,trainingSamples,raw_data/EMG-EPN612/testingJSON/user123/user123.json,idx_137
open,trainingSamples,raw_data/EMG-EPN612/testingJSON/user123/user123.json,idx_138
open,trainingSamples,raw_data/EMG-EPN612/testingJSON/user123/user123.json,idx_139
open,trainingSamples,raw_data/EMG-EPN612/testingJSON/user123/user123.json,idx_140
open,trainingSamples,raw_data/EMG-EPN612/testingJSON/user123/user123.json,idx_141
open,trainingSamples,raw_data/EMG-EPN612/testingJSON/user123/user123.json,idx_142
open,trainingSamples,raw_data/EMG-EPN612/testingJSON/user123/user123.json,idx_143
open,trainingSamples,raw_data/EMG-EPN612/testingJSON/user123/user123.json,idx_144
open,trainingSamples,raw_data/EMG-EPN612/testingJSON/user123/user123.json,idx_145
open,trainingSamples,raw_data/EMG-EPN612/testingJSON/user123/user123.json,idx_146
open,trainingSamples,raw_data/EMG-EPN612/testingJSON/user123/user123.json,idx_147
open,trainingSamples,raw_data/EMG-EPN612/testingJSON/user123/user123.json,idx_148
open,trainingSamples,raw_data/EMG-EPN612/testingJSON/user123/user123.json,idx_149
open,trainingSamples,raw_data/EMG-EPN612/testingJSON/user123/user123.json,idx_150
noGesture,trainingSamples,raw_data/EMG-EPN612/testingJSON/user124/user124.json,idx_1
noGesture,trainingSamples,raw_data/EMG-EPN612/testingJSON/user124/user124.json,idx_2
noGesture,trainingSamples,raw_data/EMG-EPN612/testingJSON/user124/user124.json,idx_3
noGesture,trainingSamples,raw_data/EMG-EPN612/testingJSON/user124/user124.json,idx_4
noGesture,trainingSamples,raw_data/EMG-EPN612/testingJSON/user124/user124.json,idx_5
noGesture,trainingSamples,raw_data/EMG-EPN612/testingJSON/user124/user124.json,idx_6
noGesture,trainingSamples,raw_data/EMG-EPN612/testingJSON/user124/user124.json,idx_7
noGesture,trainingSamples,raw_data/EMG-EPN612/testingJSON/user124/user124.json,idx_8
noGesture,trainingSamples,raw_data/EMG-EPN612/testingJSON/user124/user124.json,idx_9
noGesture,trainingSamples,raw_data/EMG-EPN612/testingJSON/user124/user124.json,idx_10
noGesture,trainingSamples,raw_data/EMG-EPN612/testingJSON/user124/user124.json,idx_11
noGesture,trainingSamples,raw_data/EMG-EPN612/testingJSON/user124/user124.json,idx_12
noGesture,trainingSamples,raw_data/EMG-EPN612/testingJSON/user124/user124.json,idx_13
noGesture,trainingSamples,raw_data/EMG-EPN612/testingJSON/user124/user124.json,idx_14
noGesture,trainingSamples,raw_data/EMG-EPN612/testingJSON/user124/user124.json,idx_15
noGesture,trainingSamples,raw_data/EMG-EPN612/testingJSON/user124/user124.json,idx_16
noGesture,trainingSamples,raw_data/EMG-EPN612/testingJSON/user124/user124.json,idx_17
noGesture,trainingSamples,raw_data/EMG-EPN612/testingJSON/user124/user124.json,idx_18
noGesture,trainingSamples,raw_data/EMG-EPN612/testingJSON/user124/user124.json,idx_19
noGesture,trainingSamples,raw_data/EMG-EPN612/testingJSON/user124/user124.json,idx_20
noGesture,trainingSamples,raw_data/EMG-EPN612/testingJSON/user124/user124.json,idx_21
noGesture,trainingSamples,raw_data/EMG-EPN612/testingJSON/user124/user124.json,idx_22
noGesture,trainingSamples,raw_data/EMG-EPN612/testingJSON/user124/user124.json,idx_23
noGesture,trainingSamples,raw_data/EMG-EPN612/testingJSON/user124/user124.json,idx_24
noGesture,trainingSamples,raw_data/EMG-EPN612/testingJSON/user124/user124.json,idx_25
waveOut,trainingSamples,raw_data/EMG-EPN612/testingJSON/user124/user124.json,idx_26
waveOut,trainingSamples,raw_data/EMG-EPN612/testingJSON/user124/user124.json,idx_27
waveOut,trainingSamples,raw_data/EMG-EPN612/testingJSON/user124/user124.json,idx_28
waveOut,trainingSamples,raw_data/EMG-EPN612/testingJSON/user124/user124.json,idx_29
waveOut,trainingSamples,raw_data/EMG-EPN612/testingJSON/user124/user124.json,idx_30
waveOut,trainingSamples,raw_data/EMG-EPN612/testingJSON/user124/user124.json,idx_31
waveOut,trainingSamples,raw_data/EMG-EPN612/testingJSON/user124/user124.json,idx_32
waveOut,trainingSamples,raw_data/EMG-EPN612/testingJSON/user124/user124.json,idx_33
waveOut,trainingSamples,raw_data/EMG-EPN612/testingJSON/user124/user124.json,idx_34
waveOut,trainingSamples,raw_data/EMG-EPN612/testingJSON/user124/user124.json,idx_35
waveOut,trainingSamples,raw_data/EMG-EPN612/testingJSON/user124/user124.json,idx_36
waveOut,trainingSamples,raw_data/EMG-EPN612/testingJSON/user124/user124.json,idx_37
waveOut,trainingSamples,raw_data/EMG-EPN612/testingJSON/user124/user124.json,idx_38
waveOut,trainingSamples,raw_data/EMG-EPN612/testingJSON/user124/user124.json,idx_39
waveOut,trainingSamples,raw_data/EMG-EPN612/testingJSON/user124/user124.json,idx_40
waveOut,trainingSamples,raw_data/EMG-EPN612/testingJSON/user124/user124.json,idx_41
waveOut,trainingSamples,raw_data/EMG-EPN612/testingJSON/user124/user124.json,idx_42
waveOut,trainingSamples,raw_data/EMG-EPN612/testingJSON/user124/user124.json,idx_43
waveOut,trainingSamples,raw_data/EMG-EPN612/testingJSON/user124/user124.json,idx_44
waveOut,trainingSamples,raw_data/EMG-EPN612/testingJSON/user124/user124.json,idx_45
waveOut,trainingSamples,raw_data/EMG-EPN612/testingJSON/user124/user124.json,idx_46
waveOut,trainingSamples,raw_data/EMG-EPN612/testingJSON/user124/user124.json,idx_47
waveOut,trainingSamples,raw_data/EMG-EPN612/testingJSON/user124/user124.json,idx_48
waveOut,trainingSamples,raw_data/EMG-EPN612/testingJSON/user124/user124.json,idx_49
waveOut,trainingSamples,raw_data/EMG-EPN612/testingJSON/user124/user124.json,idx_50
pinch,trainingSamples,raw_data/EMG-EPN612/testingJSON/user124/user124.json,idx_51
pinch,trainingSamples,raw_data/EMG-EPN612/testingJSON/user124/user124.json,idx_52
pinch,trainingSamples,raw_data/EMG-EPN612/testingJSON/user124/user124.json,idx_53
pinch,trainingSamples,raw_data/EMG-EPN612/testingJSON/user124/user124.json,idx_54
pinch,trainingSamples,raw_data/EMG-EPN612/testingJSON/user124/user124.json,idx_55
pinch,trainingSamples,raw_data/EMG-EPN612/testingJSON/user124/user124.json,idx_56
pinch,trainingSamples,raw_data/EMG-EPN612/testingJSON/user124/user124.json,idx_57
pinch,trainingSamples,raw_data/EMG-EPN612/testingJSON/user124/user124.json,idx_58
pinch,trainingSamples,raw_data/EMG-EPN612/testingJSON/user124/user124.json,idx_59
pinch,trainingSamples,raw_data/EMG-EPN612/testingJSON/user124/user124.json,idx_60
pinch,trainingSamples,raw_data/EMG-EPN612/testingJSON/user124/user124.json,idx_61
pinch,trainingSamples,raw_data/EMG-EPN612/testingJSON/user124/user124.json,idx_62
pinch,trainingSamples,raw_data/EMG-EPN612/testingJSON/user124/user124.json,idx_63
pinch,trainingSamples,raw_data/EMG-EPN612/testingJSON/user124/user124.json,idx_64
pinch,trainingSamples,raw_data/EMG-EPN612/testingJSON/user124/user124.json,idx_65
pinch,trainingSamples,raw_data/EMG-EPN612/testingJSON/user124/user124.json,idx_66
pinch,trainingSamples,raw_data/EMG-EPN612/testingJSON/user124/user124.json,idx_67
pinch,trainingSamples,raw_data/EMG-EPN612/testingJSON/user124/user124.json,idx_68
pinch,trainingSamples,raw_data/EMG-EPN612/testingJSON/user124/user124.json,idx_69
pinch,trainingSamples,raw_data/EMG-EPN612/testingJSON/user124/user124.json,idx_70
pinch,trainingSamples,raw_data/EMG-EPN612/testingJSON/user124/user124.json,idx_71
pinch,trainingSamples,raw_data/EMG-EPN612/testingJSON/user124/user124.json,idx_72
pinch,trainingSamples,raw_data/EMG-EPN612/testingJSON/user124/user124.json,idx_73
pinch,trainingSamples,raw_data/EMG-EPN612/testingJSON/user124/user124.json,idx_74
pinch,trainingSamples,raw_data/EMG-EPN612/testingJSON/user124/user124.json,idx_75
open,trainingSamples,raw_data/EMG-EPN612/testingJSON/user124/user124.json,idx_76
open,trainingSamples,raw_data/EMG-EPN612/testingJSON/user124/user124.json,idx_77
open,trainingSamples,raw_data/EMG-EPN612/testingJSON/user124/user124.json,idx_78
open,trainingSamples,raw_data/EMG-EPN612/testingJSON/user124/user124.json,idx_79
open,trainingSamples,raw_data/EMG-EPN612/testingJSON/user124/user124.json,idx_80
open,trainingSamples,raw_data/EMG-EPN612/testingJSON/user124/user124.json,idx_81
open,trainingSamples,raw_data/EMG-EPN612/testingJSON/user124/user124.json,idx_82
open,trainingSamples,raw_data/EMG-EPN612/testingJSON/user124/user124.json,idx_83
open,trainingSamples,raw_data/EMG-EPN612/testingJSON/user124/user124.json,idx_84
open,trainingSamples,raw_data/EMG-EPN612/testingJSON/user124/user124.json,idx_85
open,trainingSamples,raw_data/EMG-EPN612/testingJSON/user124/user124.json,idx_86
open,trainingSamples,raw_data/EMG-EPN612/testingJSON/user124/user124.json,idx_87
open,trainingSamples,raw_data/EMG-EPN612/testingJSON/user124/user124.json,idx_88
open,trainingSamples,raw_data/EMG-EPN612/testingJSON/user124/user124.json,idx_89
open,trainingSamples,raw_data/EMG-EPN612/testingJSON/user124/user124.json,idx_90
open,trainingSamples,raw_data/EMG-EPN612/testingJSON/user124/user124.json,idx_91
open,trainingSamples,raw_data/EMG-EPN612/testingJSON/user124/user124.json,idx_92
open,trainingSamples,raw_data/EMG-EPN612/testingJSON/user124/user124.json,idx_93
open,trainingSamples,raw_data/EMG-EPN612/testingJSON/user124/user124.json,idx_94
open,trainingSamples,raw_data/EMG-EPN612/testingJSON/user124/user124.json,idx_95
open,trainingSamples,raw_data/EMG-EPN612/testingJSON/user124/user124.json,idx_96
open,trainingSamples,raw_data/EMG-EPN612/testingJSON/user124/user124.json,idx_97
open,trainingSamples,raw_data/EMG-EPN612/testingJSON/user124/user124.json,idx_98
open,trainingSamples,raw_data/EMG-EPN612/testingJSON/user124/user124.json,idx_99
open,trainingSamples,raw_data/EMG-EPN612/testingJSON/user124/user124.json,idx_100
fist,trainingSamples,raw_data/EMG-EPN612/testingJSON/user124/user124.json,idx_101
fist,trainingSamples,raw_data/EMG-EPN612/testingJSON/user124/user124.json,idx_102
fist,trainingSamples,raw_data/EMG-EPN612/testingJSON/user124/user124.json,idx_103
fist,trainingSamples,raw_data/EMG-EPN612/testingJSON/user124/user124.json,idx_104
fist,trainingSamples,raw_data/EMG-EPN612/testingJSON/user124/user124.json,idx_105
fist,trainingSamples,raw_data/EMG-EPN612/testingJSON/user124/user124.json,idx_106
fist,trainingSamples,raw_data/EMG-EPN612/testingJSON/user124/user124.json,idx_107
fist,trainingSamples,raw_data/EMG-EPN612/testingJSON/user124/user124.json,idx_108
fist,trainingSamples,raw_data/EMG-EPN612/testingJSON/user124/user124.json,idx_109
fist,trainingSamples,raw_data/EMG-EPN612/testingJSON/user124/user124.json,idx_110
fist,trainingSamples,raw_data/EMG-EPN612/testingJSON/user124/user124.json,idx_111
fist,trainingSamples,raw_data/EMG-EPN612/testingJSON/user124/user124.json,idx_112
fist,trainingSamples,raw_data/EMG-EPN612/testingJSON/user124/user124.json,idx_113
fist,trainingSamples,raw_data/EMG-EPN612/testingJSON/user124/user124.json,idx_114
fist,trainingSamples,raw_data/EMG-EPN612/testingJSON/user124/user124.json,idx_115
fist,trainingSamples,raw_data/EMG-EPN612/testingJSON/user124/user124.json,idx_116
fist,trainingSamples,raw_data/EMG-EPN612/testingJSON/user124/user124.json,idx_117
fist,trainingSamples,raw_data/EMG-EPN612/testingJSON/user124/user124.json,idx_118
fist,trainingSamples,raw_data/EMG-EPN612/testingJSON/user124/user124.json,idx_119
fist,trainingSamples,raw_data/EMG-EPN612/testingJSON/user124/user124.json,idx_120
fist,trainingSamples,raw_data/EMG-EPN612/testingJSON/user124/user124.json,idx_121
fist,trainingSamples,raw_data/EMG-EPN612/testingJSON/user124/user124.json,idx_122
fist,trainingSamples,raw_data/EMG-EPN612/testingJSON/user124/user124.json,idx_123
fist,trainingSamples,raw_data/EMG-EPN612/testingJSON/user124/user124.json,idx_124
fist,trainingSamples,raw_data/EMG-EPN612/testingJSON/user124/user124.json,idx_125
waveIn,trainingSamples,raw_data/EMG-EPN612/testingJSON/user124/user124.json,idx_126
waveIn,trainingSamples,raw_data/EMG-EPN612/testingJSON/user124/user124.json,idx_127
waveIn,trainingSamples,raw_data/EMG-EPN612/testingJSON/user124/user124.json,idx_128
waveIn,trainingSamples,raw_data/EMG-EPN612/testingJSON/user124/user124.json,idx_129
waveIn,trainingSamples,raw_data/EMG-EPN612/testingJSON/user124/user124.json,idx_130
waveIn,trainingSamples,raw_data/EMG-EPN612/testingJSON/user124/user124.json,idx_131
waveIn,trainingSamples,raw_data/EMG-EPN612/testingJSON/user124/user124.json,idx_132
waveIn,trainingSamples,raw_data/EMG-EPN612/testingJSON/user124/user124.json,idx_133
waveIn,trainingSamples,raw_data/EMG-EPN612/testingJSON/user124/user124.json,idx_134
waveIn,trainingSamples,raw_data/EMG-EPN612/testingJSON/user124/user124.json,idx_135
waveIn,trainingSamples,raw_data/EMG-EPN612/testingJSON/user124/user124.json,idx_136
waveIn,trainingSamples,raw_data/EMG-EPN612/testingJSON/user124/user124.json,idx_137
waveIn,trainingSamples,raw_data/EMG-EPN612/testingJSON/user124/user124.json,idx_138
waveIn,trainingSamples,raw_data/EMG-EPN612/testingJSON/user124/user124.json,idx_139
waveIn,trainingSamples,raw_data/EMG-EPN612/testingJSON/user124/user124.json,idx_140
waveIn,trainingSamples,raw_data/EMG-EPN612/testingJSON/user124/user124.json,idx_141
waveIn,trainingSamples,raw_data/EMG-EPN612/testingJSON/user124/user124.json,idx_142
waveIn,trainingSamples,raw_data/EMG-EPN612/testingJSON/user124/user124.json,idx_143
waveIn,trainingSamples,raw_data/EMG-EPN612/testingJSON/user124/user124.json,idx_144
waveIn,trainingSamples,raw_data/EMG-EPN612/testingJSON/user124/user124.json,idx_145
waveIn,trainingSamples,raw_data/EMG-EPN612/testingJSON/user124/user124.json,idx_146
waveIn,trainingSamples,raw_data/EMG-EPN612/testingJSON/user124/user124.json,idx_147
waveIn,trainingSamples,raw_data/EMG-EPN612/testingJSON/user124/user124.json,idx_148
waveIn,trainingSamples,raw_data/EMG-EPN612/testingJSON/user124/user124.json,idx_149
waveIn,trainingSamples,raw_data/EMG-EPN612/testingJSON/user124/user124.json,idx_150
noGesture,trainingSamples,raw_data/EMG-EPN612/testingJSON/user125/user125.json,idx_1
noGesture,trainingSamples,raw_data/EMG-EPN612/testingJSON/user125/user125.json,idx_2
noGesture,trainingSamples,raw_data/EMG-EPN612/testingJSON/user125/user125.json,idx_3
noGesture,trainingSamples,raw_data/EMG-EPN612/testingJSON/user125/user125.json,idx_4
noGesture,trainingSamples,raw_data/EMG-EPN612/testingJSON/user125/user125.json,idx_5
noGesture,trainingSamples,raw_data/EMG-EPN612/testingJSON/user125/user125.json,idx_6
noGesture,trainingSamples,raw_data/EMG-EPN612/testingJSON/user125/user125.json,idx_7
noGesture,trainingSamples,raw_data/EMG-EPN612/testingJSON/user125/user125.json,idx_8
noGesture,trainingSamples,raw_data/EMG-EPN612/testingJSON/user125/user125.json,idx_9
noGesture,trainingSamples,raw_data/EMG-EPN612/testingJSON/user125/user125.json,idx_10
noGesture,trainingSamples,raw_data/EMG-EPN612/testingJSON/user125/user125.json,idx_11
noGesture,trainingSamples,raw_data/EMG-EPN612/testingJSON/user125/user125.json,idx_12
noGesture,trainingSamples,raw_data/EMG-EPN612/testingJSON/user125/user125.json,idx_13
noGesture,trainingSamples,raw_data/EMG-EPN612/testingJSON/user125/user125.json,idx_14
noGesture,trainingSamples,raw_data/EMG-EPN612/testingJSON/user125/user125.json,idx_15
noGesture,trainingSamples,raw_data/EMG-EPN612/testingJSON/user125/user125.json,idx_16
noGesture,trainingSamples,raw_data/EMG-EPN612/testingJSON/user125/user125.json,idx_17
noGesture,trainingSamples,raw_data/EMG-EPN612/testingJSON/user125/user125.json,idx_18
noGesture,trainingSamples,raw_data/EMG-EPN612/testingJSON/user125/user125.json,idx_19
noGesture,trainingSamples,raw_data/EMG-EPN612/testingJSON/user125/user125.json,idx_20
noGesture,trainingSamples,raw_data/EMG-EPN612/testingJSON/user125/user125.json,idx_21
noGesture,trainingSamples,raw_data/EMG-EPN612/testingJSON/user125/user125.json,idx_22
noGesture,trainingSamples,raw_data/EMG-EPN612/testingJSON/user125/user125.json,idx_23
noGesture,trainingSamples,raw_data/EMG-EPN612/testingJSON/user125/user125.json,idx_24
noGesture,trainingSamples,raw_data/EMG-EPN612/testingJSON/user125/user125.json,idx_25
pinch,trainingSamples,raw_data/EMG-EPN612/testingJSON/user125/user125.json,idx_26
pinch,trainingSamples,raw_data/EMG-EPN612/testingJSON/user125/user125.json,idx_27
pinch,trainingSamples,raw_data/EMG-EPN612/testingJSON/user125/user125.json,idx_28
pinch,trainingSamples,raw_data/EMG-EPN612/testingJSON/user125/user125.json,idx_29
pinch,trainingSamples,raw_data/EMG-EPN612/testingJSON/user125/user125.json,idx_30
pinch,trainingSamples,raw_data/EMG-EPN612/testingJSON/user125/user125.json,idx_31
pinch,trainingSamples,raw_data/EMG-EPN612/testingJSON/user125/user125.json,idx_32
pinch,trainingSamples,raw_data/EMG-EPN612/testingJSON/user125/user125.json,idx_33
pinch,trainingSamples,raw_data/EMG-EPN612/testingJSON/user125/user125.json,idx_34
pinch,trainingSamples,raw_data/EMG-EPN612/testingJSON/user125/user125.json,idx_35
pinch,trainingSamples,raw_data/EMG-EPN612/testingJSON/user125/user125.json,idx_36
pinch,trainingSamples,raw_data/EMG-EPN612/testingJSON/user125/user125.json,idx_37
pinch,trainingSamples,raw_data/EMG-EPN612/testingJSON/user125/user125.json,idx_38
pinch,trainingSamples,raw_data/EMG-EPN612/testingJSON/user125/user125.json,idx_39
pinch,trainingSamples,raw_data/EMG-EPN612/testingJSON/user125/user125.json,idx_40
pinch,trainingSamples,raw_data/EMG-EPN612/testingJSON/user125/user125.json,idx_41
pinch,trainingSamples,raw_data/EMG-EPN612/testingJSON/user125/user125.json,idx_42
pinch,trainingSamples,raw_data/EMG-EPN612/testingJSON/user125/user125.json,idx_43
pinch,trainingSamples,raw_data/EMG-EPN612/testingJSON/user125/user125.json,idx_44
pinch,trainingSamples,raw_data/EMG-EPN612/testingJSON/user125/user125.json,idx_45
pinch,trainingSamples,raw_data/EMG-EPN612/testingJSON/user125/user125.json,idx_46
pinch,trainingSamples,raw_data/EMG-EPN612/testingJSON/user125/user125.json,idx_47
pinch,trainingSamples,raw_data/EMG-EPN612/testingJSON/user125/user125.json,idx_48
pinch,trainingSamples,raw_data/EMG-EPN612/testingJSON/user125/user125.json,idx_49
pinch,trainingSamples,raw_data/EMG-EPN612/testingJSON/user125/user125.json,idx_50
waveOut,trainingSamples,raw_data/EMG-EPN612/testingJSON/user125/user125.json,idx_51
waveOut,trainingSamples,raw_data/EMG-EPN612/testingJSON/user125/user125.json,idx_52
waveOut,trainingSamples,raw_data/EMG-EPN612/testingJSON/user125/user125.json,idx_53
waveOut,trainingSamples,raw_data/EMG-EPN612/testingJSON/user125/user125.json,idx_54
waveOut,trainingSamples,raw_data/EMG-EPN612/testingJSON/user125/user125.json,idx_55
waveOut,trainingSamples,raw_data/EMG-EPN612/testingJSON/user125/user125.json,idx_56
waveOut,trainingSamples,raw_data/EMG-EPN612/testingJSON/user125/user125.json,idx_57
waveOut,trainingSamples,raw_data/EMG-EPN612/testingJSON/user125/user125.json,idx_58
waveOut,trainingSamples,raw_data/EMG-EPN612/testingJSON/user125/user125.json,idx_59
waveOut,trainingSamples,raw_data/EMG-EPN612/testingJSON/user125/user125.json,idx_60
waveOut,trainingSamples,raw_data/EMG-EPN612/testingJSON/user125/user125.json,idx_61
waveOut,trainingSamples,raw_data/EMG-EPN612/testingJSON/user125/user125.json,idx_62
waveOut,trainingSamples,raw_data/EMG-EPN612/testingJSON/user125/user125.json,idx_63
waveOut,trainingSamples,raw_data/EMG-EPN612/testingJSON/user125/user125.json,idx_64
waveOut,trainingSamples,raw_data/EMG-EPN612/testingJSON/user125/user125.json,idx_65
waveOut,trainingSamples,raw_data/EMG-EPN612/testingJSON/user125/user125.json,idx_66
waveOut,trainingSamples,raw_data/EMG-EPN612/testingJSON/user125/user125.json,idx_67
waveOut,trainingSamples,raw_data/EMG-EPN612/testingJSON/user125/user125.json,idx_68
waveOut,trainingSamples,raw_data/EMG-EPN612/testingJSON/user125/user125.json,idx_69
waveOut,trainingSamples,raw_data/EMG-EPN612/testingJSON/user125/user125.json,idx_70
waveOut,trainingSamples,raw_data/EMG-EPN612/testingJSON/user125/user125.json,idx_71
waveOut,trainingSamples,raw_data/EMG-EPN612/testingJSON/user125/user125.json,idx_72
waveOut,trainingSamples,raw_data/EMG-EPN612/testingJSON/user125/user125.json,idx_73
waveOut,trainingSamples,raw_data/EMG-EPN612/testingJSON/user125/user125.json,idx_74
waveOut,trainingSamples,raw_data/EMG-EPN612/testingJSON/user125/user125.json,idx_75
open,trainingSamples,raw_data/EMG-EPN612/testingJSON/user125/user125.json,idx_76
open,trainingSamples,raw_data/EMG-EPN612/testingJSON/user125/user125.json,idx_77
open,trainingSamples,raw_data/EMG-EPN612/testingJSON/user125/user125.json,idx_78
open,trainingSamples,raw_data/EMG-EPN612/testingJSON/user125/user125.json,idx_79
open,trainingSamples,raw_data/EMG-EPN612/testingJSON/user125/user125.json,idx_80
open,trainingSamples,raw_data/EMG-EPN612/testingJSON/user125/user125.json,idx_81
open,trainingSamples,raw_data/EMG-EPN612/testingJSON/user125/user125.json,idx_82
open,trainingSamples,raw_data/EMG-EPN612/testingJSON/user125/user125.json,idx_83
open,trainingSamples,raw_data/EMG-EPN612/testingJSON/user125/user125.json,idx_84
open,trainingSamples,raw_data/EMG-EPN612/testingJSON/user125/user125.json,idx_85
open,trainingSamples,raw_data/EMG-EPN612/testingJSON/user125/user125.json,idx_86
open,trainingSamples,raw_data/EMG-EPN612/testingJSON/user125/user125.json,idx_87
open,trainingSamples,raw_data/EMG-EPN612/testingJSON/user125/user125.json,idx_88
open,trainingSamples,raw_data/EMG-EPN612/testingJSON/user125/user125.json,idx_89
open,trainingSamples,raw_data/EMG-EPN612/testingJSON/user125/user125.json,idx_90
open,trainingSamples,raw_data/EMG-EPN612/testingJSON/user125/user125.json,idx_91
open,trainingSamples,raw_data/EMG-EPN612/testingJSON/user125/user125.json,idx_92
open,trainingSamples,raw_data/EMG-EPN612/testingJSON/user125/user125.json,idx_93
open,trainingSamples,raw_data/EMG-EPN612/testingJSON/user125/user125.json,idx_94
open,trainingSamples,raw_data/EMG-EPN612/testingJSON/user125/user125.json,idx_95
open,trainingSamples,raw_data/EMG-EPN612/testingJSON/user125/user125.json,idx_96
open,trainingSamples,raw_data/EMG-EPN612/testingJSON/user125/user125.json,idx_97
open,trainingSamples,raw_data/EMG-EPN612/testingJSON/user125/user125.json,idx_98
open,trainingSamples,raw_data/EMG-EPN612/testingJSON/user125/user125.json,idx_99
open,trainingSamples,raw_data/EMG-EPN612/testingJSON/user125/user125.json,idx_100
waveIn,trainingSamples,raw_data/EMG-EPN612/testingJSON/user125/user125.json,idx_101
waveIn,trainingSamples,raw_data/EMG-EPN612/testingJSON/user125/user125.json,idx_102
waveIn,trainingSamples,raw_data/EMG-EPN612/testingJSON/user125/user125.json,idx_103
waveIn,trainingSamples,raw_data/EMG-EPN612/testingJSON/user125/user125.json,idx_104
waveIn,trainingSamples,raw_data/EMG-EPN612/testingJSON/user125/user125.json,idx_105
waveIn,trainingSamples,raw_data/EMG-EPN612/testingJSON/user125/user125.json,idx_106
waveIn,trainingSamples,raw_data/EMG-EPN612/testingJSON/user125/user125.json,idx_107
waveIn,trainingSamples,raw_data/EMG-EPN612/testingJSON/user125/user125.json,idx_108
waveIn,trainingSamples,raw_data/EMG-EPN612/testingJSON/user125/user125.json,idx_109
waveIn,trainingSamples,raw_data/EMG-EPN612/testingJSON/user125/user125.json,idx_110
waveIn,trainingSamples,raw_data/EMG-EPN612/testingJSON/user125/user125.json,idx_111
waveIn,trainingSamples,raw_data/EMG-EPN612/testingJSON/user125/user125.json,idx_112
waveIn,trainingSamples,raw_data/EMG-EPN612/testingJSON/user125/user125.json,idx_113
waveIn,trainingSamples,raw_data/EMG-EPN612/testingJSON/user125/user125.json,idx_114
waveIn,trainingSamples,raw_data/EMG-EPN612/testingJSON/user125/user125.json,idx_115
waveIn,trainingSamples,raw_data/EMG-EPN612/testingJSON/user125/user125.json,idx_116
waveIn,trainingSamples,raw_data/EMG-EPN612/testingJSON/user125/user125.json,idx_117
waveIn,trainingSamples,raw_data/EMG-EPN612/testingJSON/user125/user125.json,idx_118
waveIn,trainingSamples,raw_data/EMG-EPN612/testingJSON/user125/user125.json,idx_119
waveIn,trainingSamples,raw_data/EMG-EPN612/testingJSON/user125/user125.json,idx_120
waveIn,trainingSamples,raw_data/EMG-EPN612/testingJSON/user125/user125.json,idx_121
waveIn,trainingSamples,raw_data/EMG-EPN612/testingJSON/user125/user125.json,idx_122
waveIn,trainingSamples,raw_data/EMG-EPN612/testingJSON/user125/user125.json,idx_123
waveIn,trainingSamples,raw_data/EMG-EPN612/testingJSON/user125/user125.json,idx_124
waveIn,trainingSamples,raw_data/EMG-EPN612/testingJSON/user125/user125.json,idx_125
fist,trainingSamples,raw_data/EMG-EPN612/testingJSON/user125/user125.json,idx_126
fist,trainingSamples,raw_data/EMG-EPN612/testingJSON/user125/user125.json,idx_127
fist,trainingSamples,raw_data/EMG-EPN612/testingJSON/user125/user125.json,idx_128
fist,trainingSamples,raw_data/EMG-EPN612/testingJSON/user125/user125.json,idx_129
fist,trainingSamples,raw_data/EMG-EPN612/testingJSON/user125/user125.json,idx_130
fist,trainingSamples,raw_data/EMG-EPN612/testingJSON/user125/user125.json,idx_131
fist,trainingSamples,raw_data/EMG-EPN612/testingJSON/user125/user125.json,idx_132
fist,trainingSamples,raw_data/EMG-EPN612/testingJSON/user125/user125.json,idx_133
fist,trainingSamples,raw_data/EMG-EPN612/testingJSON/user125/user125.json,idx_134
fist,trainingSamples,raw_data/EMG-EPN612/testingJSON/user125/user125.json,idx_135
fist,trainingSamples,raw_data/EMG-EPN612/testingJSON/user125/user125.json,idx_136
fist,trainingSamples,raw_data/EMG-EPN612/testingJSON/user125/user125.json,idx_137
fist,trainingSamples,raw_data/EMG-EPN612/testingJSON/user125/user125.json,idx_138
fist,trainingSamples,raw_data/EMG-EPN612/testingJSON/user125/user125.json,idx_139
fist,trainingSamples,raw_data/EMG-EPN612/testingJSON/user125/user125.json,idx_140
fist,trainingSamples,raw_data/EMG-EPN612/testingJSON/user125/user125.json,idx_141
fist,trainingSamples,raw_data/EMG-EPN612/testingJSON/user125/user125.json,idx_142
fist,trainingSamples,raw_data/EMG-EPN612/testingJSON/user125/user125.json,idx_143
fist,trainingSamples,raw_data/EMG-EPN612/testingJSON/user125/user125.json,idx_144
fist,trainingSamples,raw_data/EMG-EPN612/testingJSON/user125/user125.json,idx_145
fist,trainingSamples,raw_data/EMG-EPN612/testingJSON/user125/user125.json,idx_146
fist,trainingSamples,raw_data/EMG-EPN612/testingJSON/user125/user125.json,idx_147
fist,trainingSamples,raw_data/EMG-EPN612/testingJSON/user125/user125.json,idx_148
fist,trainingSamples,raw_data/EMG-EPN612/testingJSON/user125/user125.json,idx_149
fist,trainingSamples,raw_data/EMG-EPN612/testingJSON/user125/user125.json,idx_150
noGesture,trainingSamples,raw_data/EMG-EPN612/testingJSON/user126/user126.json,idx_1
noGesture,trainingSamples,raw_data/EMG-EPN612/testingJSON/user126/user126.json,idx_2
noGesture,trainingSamples,raw_data/EMG-EPN612/testingJSON/user126/user126.json,idx_3
noGesture,trainingSamples,raw_data/EMG-EPN612/testingJSON/user126/user126.json,idx_4
noGesture,trainingSamples,raw_data/EMG-EPN612/testingJSON/user126/user126.json,idx_5
noGesture,trainingSamples,raw_data/EMG-EPN612/testingJSON/user126/user126.json,idx_6
noGesture,trainingSamples,raw_data/EMG-EPN612/testingJSON/user126/user126.json,idx_7
noGesture,trainingSamples,raw_data/EMG-EPN612/testingJSON/user126/user126.json,idx_8
noGesture,trainingSamples,raw_data/EMG-EPN612/testingJSON/user126/user126.json,idx_9
noGesture,trainingSamples,raw_data/EMG-EPN612/testingJSON/user126/user126.json,idx_10
noGesture,trainingSamples,raw_data/EMG-EPN612/testingJSON/user126/user126.json,idx_11
noGesture,trainingSamples,raw_data/EMG-EPN612/testingJSON/user126/user126.json,idx_12
noGesture,trainingSamples,raw_data/EMG-EPN612/testingJSON/user126/user126.json,idx_13
noGesture,trainingSamples,raw_data/EMG-EPN612/testingJSON/user126/user126.json,idx_14
noGesture,trainingSamples,raw_data/EMG-EPN612/testingJSON/user126/user126.json,idx_15
noGesture,trainingSamples,raw_data/EMG-EPN612/testingJSON/user126/user126.json,idx_16
noGesture,trainingSamples,raw_data/EMG-EPN612/testingJSON/user126/user126.json,idx_17
noGesture,trainingSamples,raw_data/EMG-EPN612/testingJSON/user126/user126.json,idx_18
noGesture,trainingSamples,raw_data/EMG-EPN612/testingJSON/user126/user126.json,idx_19
noGesture,trainingSamples,raw_data/EMG-EPN612/testingJSON/user126/user126.json,idx_20
noGesture,trainingSamples,raw_data/EMG-EPN612/testingJSON/user126/user126.json,idx_21
noGesture,trainingSamples,raw_data/EMG-EPN612/testingJSON/user126/user126.json,idx_22
noGesture,trainingSamples,raw_data/EMG-EPN612/testingJSON/user126/user126.json,idx_23
noGesture,trainingSamples,raw_data/EMG-EPN612/testingJSON/user126/user126.json,idx_24
noGesture,trainingSamples,raw_data/EMG-EPN612/testingJSON/user126/user126.json,idx_25
waveOut,trainingSamples,raw_data/EMG-EPN612/testingJSON/user126/user126.json,idx_26
waveOut,trainingSamples,raw_data/EMG-EPN612/testingJSON/user126/user126.json,idx_27
waveOut,trainingSamples,raw_data/EMG-EPN612/testingJSON/user126/user126.json,idx_28
waveOut,trainingSamples,raw_data/EMG-EPN612/testingJSON/user126/user126.json,idx_29
waveOut,trainingSamples,raw_data/EMG-EPN612/testingJSON/user126/user126.json,idx_30
waveOut,trainingSamples,raw_data/EMG-EPN612/testingJSON/user126/user126.json,idx_31
waveOut,trainingSamples,raw_data/EMG-EPN612/testingJSON/user126/user126.json,idx_32
waveOut,trainingSamples,raw_data/EMG-EPN612/testingJSON/user126/user126.json,idx_33
waveOut,trainingSamples,raw_data/EMG-EPN612/testingJSON/user126/user126.json,idx_34
waveOut,trainingSamples,raw_data/EMG-EPN612/testingJSON/user126/user126.json,idx_35
waveOut,trainingSamples,raw_data/EMG-EPN612/testingJSON/user126/user126.json,idx_36
waveOut,trainingSamples,raw_data/EMG-EPN612/testingJSON/user126/user126.json,idx_37
waveOut,trainingSamples,raw_data/EMG-EPN612/testingJSON/user126/user126.json,idx_38
waveOut,trainingSamples,raw_data/EMG-EPN612/testingJSON/user126/user126.json,idx_39
waveOut,trainingSamples,raw_data/EMG-EPN612/testingJSON/user126/user126.json,idx_40
waveOut,trainingSamples,raw_data/EMG-EPN612/testingJSON/user126/user126.json,idx_41
waveOut,trainingSamples,raw_data/EMG-EPN612/testingJSON/user126/user126.json,idx_42
waveOut,trainingSamples,raw_data/EMG-EPN612/testingJSON/user126/user126.json,idx_43
waveOut,trainingSamples,raw_data/EMG-EPN612/testingJSON/user126/user126.json,idx_44
waveOut,trainingSamples,raw_data/EMG-EPN612/testingJSON/user126/user126.json,idx_45
waveOut,trainingSamples,raw_data/EMG-EPN612/testingJSON/user126/user126.json,idx_46
waveOut,trainingSamples,raw_data/EMG-EPN612/testingJSON/user126/user126.json,idx_47
waveOut,trainingSamples,raw_data/EMG-EPN612/testingJSON/user126/user126.json,idx_48
waveOut,trainingSamples,raw_data/EMG-EPN612/testingJSON/user126/user126.json,idx_49
waveOut,trainingSamples,raw_data/EMG-EPN612/testingJSON/user126/user126.json,idx_50
pinch,trainingSamples,raw_data/EMG-EPN612/testingJSON/user126/user126.json,idx_51
pinch,trainingSamples,raw_data/EMG-EPN612/testingJSON/user126/user126.json,idx_52
pinch,trainingSamples,raw_data/EMG-EPN612/testingJSON/user126/user126.json,idx_53
pinch,trainingSamples,raw_data/EMG-EPN612/testingJSON/user126/user126.json,idx_54
pinch,trainingSamples,raw_data/EMG-EPN612/testingJSON/user126/user126.json,idx_55
pinch,trainingSamples,raw_data/EMG-EPN612/testingJSON/user126/user126.json,idx_56
pinch,trainingSamples,raw_data/EMG-EPN612/testingJSON/user126/user126.json,idx_57
pinch,trainingSamples,raw_data/EMG-EPN612/testingJSON/user126/user126.json,idx_58
pinch,trainingSamples,raw_data/EMG-EPN612/testingJSON/user126/user126.json,idx_59
pinch,trainingSamples,raw_data/EMG-EPN612/testingJSON/user126/user126.json,idx_60
pinch,trainingSamples,raw_data/EMG-EPN612/testingJSON/user126/user126.json,idx_61
pinch,trainingSamples,raw_data/EMG-EPN612/testingJSON/user126/user126.json,idx_62
pinch,trainingSamples,raw_data/EMG-EPN612/testingJSON/user126/user126.json,idx_63
pinch,trainingSamples,raw_data/EMG-EPN612/testingJSON/user126/user126.json,idx_64
pinch,trainingSamples,raw_data/EMG-EPN612/testingJSON/user126/user126.json,idx_65
pinch,trainingSamples,raw_data/EMG-EPN612/testingJSON/user126/user126.json,idx_66
pinch,trainingSamples,raw_data/EMG-EPN612/testingJSON/user126/user126.json,idx_67
pinch,trainingSamples,raw_data/EMG-EPN612/testingJSON/user126/user126.json,idx_68
pinch,trainingSamples,raw_data/EMG-EPN612/testingJSON/user126/user126.json,idx_69
pinch,trainingSamples,raw_data/EMG-EPN612/testingJSON/user126/user126.json,idx_70
pinch,trainingSamples,raw_data/EMG-EPN612/testingJSON/user126/user126.json,idx_71
pinch,trainingSamples,raw_data/EMG-EPN612/testingJSON/user126/user126.json,idx_72
pinch,trainingSamples,raw_data/EMG-EPN612/testingJSON/user126/user126.json,idx_73
pinch,trainingSamples,raw_data/EMG-EPN612/testingJSON/user126/user126.json,idx_74
pinch,trainingSamples,raw_data/EMG-EPN612/testingJSON/user126/user126.json,idx_75
fist,trainingSamples,raw_data/EMG-EPN612/testingJSON/user126/user126.json,idx_76
fist,trainingSamples,raw_data/EMG-EPN612/testingJSON/user126/user126.json,idx_77
fist,trainingSamples,raw_data/EMG-EPN612/testingJSON/user126/user126.json,idx_78
fist,trainingSamples,raw_data/EMG-EPN612/testingJSON/user126/user126.json,idx_79
fist,trainingSamples,raw_data/EMG-EPN612/testingJSON/user126/user126.json,idx_80
fist,trainingSamples,raw_data/EMG-EPN612/testingJSON/user126/user126.json,idx_81
fist,trainingSamples,raw_data/EMG-EPN612/testingJSON/user126/user126.json,idx_82
fist,trainingSamples,raw_data/EMG-EPN612/testingJSON/user126/user126.json,idx_83
fist,trainingSamples,raw_data/EMG-EPN612/testingJSON/user126/user126.json,idx_84
fist,trainingSamples,raw_data/EMG-EPN612/testingJSON/user126/user126.json,idx_85
fist,trainingSamples,raw_data/EMG-EPN612/testingJSON/user126/user126.json,idx_86
fist,trainingSamples,raw_data/EMG-EPN612/testingJSON/user126/user126.json,idx_87
fist,trainingSamples,raw_data/EMG-EPN612/testingJSON/user126/user126.json,idx_88
fist,trainingSamples,raw_data/EMG-EPN612/testingJSON/user126/user126.json,idx_89
fist,trainingSamples,raw_data/EMG-EPN612/testingJSON/user126/user126.json,idx_90
fist,trainingSamples,raw_data/EMG-EPN612/testingJSON/user126/user126.json,idx_91
fist,trainingSamples,raw_data/EMG-EPN612/testingJSON/user126/user126.json,idx_92
fist,trainingSamples,raw_data/EMG-EPN612/testingJSON/user126/user126.json,idx_93
fist,trainingSamples,raw_data/EMG-EPN612/testingJSON/user126/user126.json,idx_94
fist,trainingSamples,raw_data/EMG-EPN612/testingJSON/user126/user126.json,idx_95
fist,trainingSamples,raw_data/EMG-EPN612/testingJSON/user126/user126.json,idx_96
fist,trainingSamples,raw_data/EMG-EPN612/testingJSON/user126/user126.json,idx_97
fist,trainingSamples,raw_data/EMG-EPN612/testingJSON/user126/user126.json,idx_98
fist,trainingSamples,raw_data/EMG-EPN612/testingJSON/user126/user126.json,idx_99
fist,trainingSamples,raw_data/EMG-EPN612/testingJSON/user126/user126.json,idx_100
waveIn,trainingSamples,raw_data/EMG-EPN612/testingJSON/user126/user126.json,idx_101
waveIn,trainingSamples,raw_data/EMG-EPN612/testingJSON/user126/user126.json,idx_102
waveIn,trainingSamples,raw_data/EMG-EPN612/testingJSON/user126/user126.json,idx_103
waveIn,trainingSamples,raw_data/EMG-EPN612/testingJSON/user126/user126.json,idx_104
waveIn,trainingSamples,raw_data/EMG-EPN612/testingJSON/user126/user126.json,idx_105
waveIn,trainingSamples,raw_data/EMG-EPN612/testingJSON/user126/user126.json,idx_106
waveIn,trainingSamples,raw_data/EMG-EPN612/testingJSON/user126/user126.json,idx_107
waveIn,trainingSamples,raw_data/EMG-EPN612/testingJSON/user126/user126.json,idx_108
waveIn,trainingSamples,raw_data/EMG-EPN612/testingJSON/user126/user126.json,idx_109
waveIn,trainingSamples,raw_data/EMG-EPN612/testingJSON/user126/user126.json,idx_110
waveIn,trainingSamples,raw_data/EMG-EPN612/testingJSON/user126/user126.json,idx_111
waveIn,trainingSamples,raw_data/EMG-EPN612/testingJSON/user126/user126.json,idx_112
waveIn,trainingSamples,raw_data/EMG-EPN612/testingJSON/user126/user126.json,idx_113
waveIn,trainingSamples,raw_data/EMG-EPN612/testingJSON/user126/user126.json,idx_114
waveIn,trainingSamples,raw_data/EMG-EPN612/testingJSON/user126/user126.json,idx_115
waveIn,trainingSamples,raw_data/EMG-EPN612/testingJSON/user126/user126.json,idx_116
waveIn,trainingSamples,raw_data/EMG-EPN612/testingJSON/user126/user126.json,idx_117
waveIn,trainingSamples,raw_data/EMG-EPN612/testingJSON/user126/user126.json,idx_118
waveIn,trainingSamples,raw_data/EMG-EPN612/testingJSON/user126/user126.json,idx_119
waveIn,trainingSamples,raw_data/EMG-EPN612/testingJSON/user126/user126.json,idx_120
waveIn,trainingSamples,raw_data/EMG-EPN612/testingJSON/user126/user126.json,idx_121
waveIn,trainingSamples,raw_data/EMG-EPN612/testingJSON/user126/user126.json,idx_122
waveIn,trainingSamples,raw_data/EMG-EPN612/testingJSON/user126/user126.json,idx_123
waveIn,trainingSamples,raw_data/EMG-EPN612/testingJSON/user126/user126.json,idx_124
waveIn,trainingSamples,raw_data/EMG-EPN612/testingJSON/user126/user126.json,idx_125
open,trainingSamples,raw_data/EMG-EPN612/testingJSON/user126/user126.json,idx_126
open,trainingSamples,raw_data/EMG-EPN612/testingJSON/user126/user126.json,idx_127
open,trainingSamples,raw_data/EMG-EPN612/testingJSON/user126/user126.json,idx_128
open,trainingSamples,raw_data/EMG-EPN612/testingJSON/user126/user126.json,idx_129
open,trainingSamples,raw_data/EMG-EPN612/testingJSON/user126/user126.json,idx_130
open,trainingSamples,raw_data/EMG-EPN612/testingJSON/user126/user126.json,idx_131
open,trainingSamples,raw_data/EMG-EPN612/testingJSON/user126/user126.json,idx_132
open,trainingSamples,raw_data/EMG-EPN612/testingJSON/user126/user126.json,idx_133
open,trainingSamples,raw_data/EMG-EPN612/testingJSON/user126/user126.json,idx_134
open,trainingSamples,raw_data/EMG-EPN612/testingJSON/user126/user126.json,idx_135
open,trainingSamples,raw_data/EMG-EPN612/testingJSON/user126/user126.json,idx_136
open,trainingSamples,raw_data/EMG-EPN612/testingJSON/user126/user126.json,idx_137
open,trainingSamples,raw_data/EMG-EPN612/testingJSON/user126/user126.json,idx_138
open,trainingSamples,raw_data/EMG-EPN612/testingJSON/user126/user126.json,idx_139
open,trainingSamples,raw_data/EMG-EPN612/testingJSON/user126/user126.json,idx_140
open,trainingSamples,raw_data/EMG-EPN612/testingJSON/user126/user126.json,idx_141
open,trainingSamples,raw_data/EMG-EPN612/testingJSON/user126/user126.json,idx_142
open,trainingSamples,raw_data/EMG-EPN612/testingJSON/user126/user126.json,idx_143
open,trainingSamples,raw_data/EMG-EPN612/testingJSON/user126/user126.json,idx_144
open,trainingSamples,raw_data/EMG-EPN612/testingJSON/user126/user126.json,idx_145
open,trainingSamples,raw_data/EMG-EPN612/testingJSON/user126/user126.json,idx_146
open,trainingSamples,raw_data/EMG-EPN612/testingJSON/user126/user126.json,idx_147
open,trainingSamples,raw_data/EMG-EPN612/testingJSON/user126/user126.json,idx_148
open,trainingSamples,raw_data/EMG-EPN612/testingJSON/user126/user126.json,idx_149
open,trainingSamples,raw_data/EMG-EPN612/testingJSON/user126/user126.json,idx_150
noGesture,trainingSamples,raw_data/EMG-EPN612/testingJSON/user127/user127.json,idx_1
noGesture,trainingSamples,raw_data/EMG-EPN612/testingJSON/user127/user127.json,idx_2
noGesture,trainingSamples,raw_data/EMG-EPN612/testingJSON/user127/user127.json,idx_3
noGesture,trainingSamples,raw_data/EMG-EPN612/testingJSON/user127/user127.json,idx_4
noGesture,trainingSamples,raw_data/EMG-EPN612/testingJSON/user127/user127.json,idx_5
noGesture,trainingSamples,raw_data/EMG-EPN612/testingJSON/user127/user127.json,idx_6
noGesture,trainingSamples,raw_data/EMG-EPN612/testingJSON/user127/user127.json,idx_7
noGesture,trainingSamples,raw_data/EMG-EPN612/testingJSON/user127/user127.json,idx_8
noGesture,trainingSamples,raw_data/EMG-EPN612/testingJSON/user127/user127.json,idx_9
noGesture,trainingSamples,raw_data/EMG-EPN612/testingJSON/user127/user127.json,idx_10
noGesture,trainingSamples,raw_data/EMG-EPN612/testingJSON/user127/user127.json,idx_11
noGesture,trainingSamples,raw_data/EMG-EPN612/testingJSON/user127/user127.json,idx_12
noGesture,trainingSamples,raw_data/EMG-EPN612/testingJSON/user127/user127.json,idx_13
noGesture,trainingSamples,raw_data/EMG-EPN612/testingJSON/user127/user127.json,idx_14
noGesture,trainingSamples,raw_data/EMG-EPN612/testingJSON/user127/user127.json,idx_15
noGesture,trainingSamples,raw_data/EMG-EPN612/testingJSON/user127/user127.json,idx_16
noGesture,trainingSamples,raw_data/EMG-EPN612/testingJSON/user127/user127.json,idx_17
noGesture,trainingSamples,raw_data/EMG-EPN612/testingJSON/user127/user127.json,idx_18
noGesture,trainingSamples,raw_data/EMG-EPN612/testingJSON/user127/user127.json,idx_19
noGesture,trainingSamples,raw_data/EMG-EPN612/testingJSON/user127/user127.json,idx_20
noGesture,trainingSamples,raw_data/EMG-EPN612/testingJSON/user127/user127.json,idx_21
noGesture,trainingSamples,raw_data/EMG-EPN612/testingJSON/user127/user127.json,idx_22
noGesture,trainingSamples,raw_data/EMG-EPN612/testingJSON/user127/user127.json,idx_23
noGesture,trainingSamples,raw_data/EMG-EPN612/testingJSON/user127/user127.json,idx_24
noGesture,trainingSamples,raw_data/EMG-EPN612/testingJSON/user127/user127.json,idx_25
waveOut,trainingSamples,raw_data/EMG-EPN612/testingJSON/user127/user127.json,idx_26
waveOut,trainingSamples,raw_data/EMG-EPN612/testingJSON/user127/user127.json,idx_27
waveOut,trainingSamples,raw_data/EMG-EPN612/testingJSON/user127/user127.json,idx_28
waveOut,trainingSamples,raw_data/EMG-EPN612/testingJSON/user127/user127.json,idx_29
waveOut,trainingSamples,raw_data/EMG-EPN612/testingJSON/user127/user127.json,idx_30
waveOut,trainingSamples,raw_data/EMG-EPN612/testingJSON/user127/user127.json,idx_31
waveOut,trainingSamples,raw_data/EMG-EPN612/testingJSON/user127/user127.json,idx_32
waveOut,trainingSamples,raw_data/EMG-EPN612/testingJSON/user127/user127.json,idx_33
waveOut,trainingSamples,raw_data/EMG-EPN612/testingJSON/user127/user127.json,idx_34
waveOut,trainingSamples,raw_data/EMG-EPN612/testingJSON/user127/user127.json,idx_35
waveOut,trainingSamples,raw_data/EMG-EPN612/testingJSON/user127/user127.json,idx_36
waveOut,trainingSamples,raw_data/EMG-EPN612/testingJSON/user127/user127.json,idx_37
waveOut,trainingSamples,raw_data/EMG-EPN612/testingJSON/user127/user127.json,idx_38
waveOut,trainingSamples,raw_data/EMG-EPN612/testingJSON/user127/user127.json,idx_39
waveOut,trainingSamples,raw_data/EMG-EPN612/testingJSON/user127/user127.json,idx_40
waveOut,trainingSamples,raw_data/EMG-EPN612/testingJSON/user127/user127.json,idx_41
waveOut,trainingSamples,raw_data/EMG-EPN612/testingJSON/user127/user127.json,idx_42
waveOut,trainingSamples,raw_data/EMG-EPN612/testingJSON/user127/user127.json,idx_43
waveOut,trainingSamples,raw_data/EMG-EPN612/testingJSON/user127/user127.json,idx_44
waveOut,trainingSamples,raw_data/EMG-EPN612/testingJSON/user127/user127.json,idx_45
waveOut,trainingSamples,raw_data/EMG-EPN612/testingJSON/user127/user127.json,idx_46
waveOut,trainingSamples,raw_data/EMG-EPN612/testingJSON/user127/user127.json,idx_47
waveOut,trainingSamples,raw_data/EMG-EPN612/testingJSON/user127/user127.json,idx_48
waveOut,trainingSamples,raw_data/EMG-EPN612/testingJSON/user127/user127.json,idx_49
waveOut,trainingSamples,raw_data/EMG-EPN612/testingJSON/user127/user127.json,idx_50
pinch,trainingSamples,raw_data/EMG-EPN612/testingJSON/user127/user127.json,idx_51
pinch,trainingSamples,raw_data/EMG-EPN612/testingJSON/user127/user127.json,idx_52
pinch,trainingSamples,raw_data/EMG-EPN612/testingJSON/user127/user127.json,idx_53
pinch,trainingSamples,raw_data/EMG-EPN612/testingJSON/user127/user127.json,idx_54
pinch,trainingSamples,raw_data/EMG-EPN612/testingJSON/user127/user127.json,idx_55
pinch,trainingSamples,raw_data/EMG-EPN612/testingJSON/user127/user127.json,idx_56
pinch,trainingSamples,raw_data/EMG-EPN612/testingJSON/user127/user127.json,idx_57
pinch,trainingSamples,raw_data/EMG-EPN612/testingJSON/user127/user127.json,idx_58
pinch,trainingSamples,raw_data/EMG-EPN612/testingJSON/user127/user127.json,idx_59
pinch,trainingSamples,raw_data/EMG-EPN612/testingJSON/user127/user127.json,idx_60
pinch,trainingSamples,raw_data/EMG-EPN612/testingJSON/user127/user127.json,idx_61
pinch,trainingSamples,raw_data/EMG-EPN612/testingJSON/user127/user127.json,idx_62
pinch,trainingSamples,raw_data/EMG-EPN612/testingJSON/user127/user127.json,idx_63
pinch,trainingSamples,raw_data/EMG-EPN612/testingJSON/user127/user127.json,idx_64
pinch,trainingSamples,raw_data/EMG-EPN612/testingJSON/user127/user127.json,idx_65
pinch,trainingSamples,raw_data/EMG-EPN612/testingJSON/user127/user127.json,idx_66
pinch,trainingSamples,raw_data/EMG-EPN612/testingJSON/user127/user127.json,idx_67
pinch,trainingSamples,raw_data/EMG-EPN612/testingJSON/user127/user127.json,idx_68
pinch,trainingSamples,raw_data/EMG-EPN612/testingJSON/user127/user127.json,idx_69
pinch,trainingSamples,raw_data/EMG-EPN612/testingJSON/user127/user127.json,idx_70
pinch,trainingSamples,raw_data/EMG-EPN612/testingJSON/user127/user127.json,idx_71
pinch,trainingSamples,raw_data/EMG-EPN612/testingJSON/user127/user127.json,idx_72
pinch,trainingSamples,raw_data/EMG-EPN612/testingJSON/user127/user127.json,idx_73
pinch,trainingSamples,raw_data/EMG-EPN612/testingJSON/user127/user127.json,idx_74
pinch,trainingSamples,raw_data/EMG-EPN612/testingJSON/user127/user127.json,idx_75
fist,trainingSamples,raw_data/EMG-EPN612/testingJSON/user127/user127.json,idx_76
fist,trainingSamples,raw_data/EMG-EPN612/testingJSON/user127/user127.json,idx_77
fist,trainingSamples,raw_data/EMG-EPN612/testingJSON/user127/user127.json,idx_78
fist,trainingSamples,raw_data/EMG-EPN612/testingJSON/user127/user127.json,idx_79
fist,trainingSamples,raw_data/EMG-EPN612/testingJSON/user127/user127.json,idx_80
fist,trainingSamples,raw_data/EMG-EPN612/testingJSON/user127/user127.json,idx_81
fist,trainingSamples,raw_data/EMG-EPN612/testingJSON/user127/user127.json,idx_82
fist,trainingSamples,raw_data/EMG-EPN612/testingJSON/user127/user127.json,idx_83
fist,trainingSamples,raw_data/EMG-EPN612/testingJSON/user127/user127.json,idx_84
fist,trainingSamples,raw_data/EMG-EPN612/testingJSON/user127/user127.json,idx_85
fist,trainingSamples,raw_data/EMG-EPN612/testingJSON/user127/user127.json,idx_86
fist,trainingSamples,raw_data/EMG-EPN612/testingJSON/user127/user127.json,idx_87
fist,trainingSamples,raw_data/EMG-EPN612/testingJSON/user127/user127.json,idx_88
fist,trainingSamples,raw_data/EMG-EPN612/testingJSON/user127/user127.json,idx_89
fist,trainingSamples,raw_data/EMG-EPN612/testingJSON/user127/user127.json,idx_90
fist,trainingSamples,raw_data/EMG-EPN612/testingJSON/user127/user127.json,idx_91
fist,trainingSamples,raw_data/EMG-EPN612/testingJSON/user127/user127.json,idx_92
fist,trainingSamples,raw_data/EMG-EPN612/testingJSON/user127/user127.json,idx_93
fist,trainingSamples,raw_data/EMG-EPN612/testingJSON/user127/user127.json,idx_94
fist,trainingSamples,raw_data/EMG-EPN612/testingJSON/user127/user127.json,idx_95
fist,trainingSamples,raw_data/EMG-EPN612/testingJSON/user127/user127.json,idx_96
fist,trainingSamples,raw_data/EMG-EPN612/testingJSON/user127/user127.json,idx_97
fist,trainingSamples,raw_data/EMG-EPN612/testingJSON/user127/user127.json,idx_98
fist,trainingSamples,raw_data/EMG-EPN612/testingJSON/user127/user127.json,idx_99
fist,trainingSamples,raw_data/EMG-EPN612/testingJSON/user127/user127.json,idx_100
waveIn,trainingSamples,raw_data/EMG-EPN612/testingJSON/user127/user127.json,idx_101
waveIn,trainingSamples,raw_data/EMG-EPN612/testingJSON/user127/user127.json,idx_102
waveIn,trainingSamples,raw_data/EMG-EPN612/testingJSON/user127/user127.json,idx_103
waveIn,trainingSamples,raw_data/EMG-EPN612/testingJSON/user127/user127.json,idx_104
waveIn,trainingSamples,raw_data/EMG-EPN612/testingJSON/user127/user127.json,idx_105
waveIn,trainingSamples,raw_data/EMG-EPN612/testingJSON/user127/user127.json,idx_106
waveIn,trainingSamples,raw_data/EMG-EPN612/testingJSON/user127/user127.json,idx_107
waveIn,trainingSamples,raw_data/EMG-EPN612/testingJSON/user127/user127.json,idx_108
waveIn,trainingSamples,raw_data/EMG-EPN612/testingJSON/user127/user127.json,idx_109
waveIn,trainingSamples,raw_data/EMG-EPN612/testingJSON/user127/user127.json,idx_110
waveIn,trainingSamples,raw_data/EMG-EPN612/testingJSON/user127/user127.json,idx_111
waveIn,trainingSamples,raw_data/EMG-EPN612/testingJSON/user127/user127.json,idx_112
waveIn,trainingSamples,raw_data/EMG-EPN612/testingJSON/user127/user127.json,idx_113
waveIn,trainingSamples,raw_data/EMG-EPN612/testingJSON/user127/user127.json,idx_114
waveIn,trainingSamples,raw_data/EMG-EPN612/testingJSON/user127/user127.json,idx_115
waveIn,trainingSamples,raw_data/EMG-EPN612/testingJSON/user127/user127.json,idx_116
waveIn,trainingSamples,raw_data/EMG-EPN612/testingJSON/user127/user127.json,idx_117
waveIn,trainingSamples,raw_data/EMG-EPN612/testingJSON/user127/user127.json,idx_118
waveIn,trainingSamples,raw_data/EMG-EPN612/testingJSON/user127/user127.json,idx_119
waveIn,trainingSamples,raw_data/EMG-EPN612/testingJSON/user127/user127.json,idx_120
waveIn,trainingSamples,raw_data/EMG-EPN612/testingJSON/user127/user127.json,idx_121
waveIn,trainingSamples,raw_data/EMG-EPN612/testingJSON/user127/user127.json,idx_122
waveIn,trainingSamples,raw_data/EMG-EPN612/testingJSON/user127/user127.json,idx_123
waveIn,trainingSamples,raw_data/EMG-EPN612/testingJSON/user127/user127.json,idx_124
waveIn,trainingSamples,raw_data/EMG-EPN612/testingJSON/user127/user127.json,idx_125
open,trainingSamples,raw_data/EMG-EPN612/testingJSON/user127/user127.json,idx_126
open,trainingSamples,raw_data/EMG-EPN612/testingJSON/user127/user127.json,idx_127
open,trainingSamples,raw_data/EMG-EPN612/testingJSON/user127/user127.json,idx_128
open,trainingSamples,raw_data/EMG-EPN612/testingJSON/user127/user127.json,idx_129
open,trainingSamples,raw_data/EMG-EPN612/testingJSON/user127/user127.json,idx_130
open,trainingSamples,raw_data/EMG-EPN612/testingJSON/user127/user127.json,idx_131
open,trainingSamples,raw_data/EMG-EPN612/testingJSON/user127/user127.json,idx_132
open,trainingSamples,raw_data/EMG-EPN612/testingJSON/user127/user127.json,idx_133
open,trainingSamples,raw_data/EMG-EPN612/testingJSON/user127/user127.json,idx_134
open,trainingSamples,raw_data/EMG-EPN612/testingJSON/user127/user127.json,idx_135
open,trainingSamples,raw_data/EMG-EPN612/testingJSON/user127/user127.json,idx_136
open,trainingSamples,raw_data/EMG-EPN612/testingJSON/user127/user127.json,idx_137
open,trainingSamples,raw_data/EMG-EPN612/testingJSON/user127/user127.json,idx_138
open,trainingSamples,raw_data/EMG-EPN612/testingJSON/user127/user127.json,idx_139
open,trainingSamples,raw_data/EMG-EPN612/testingJSON/user127/user127.json,idx_140
open,trainingSamples,raw_data/EMG-EPN612/testingJSON/user127/user127.json,idx_141
open,trainingSamples,raw_data/EMG-EPN612/testingJSON/user127/user127.json,idx_142
open,trainingSamples,raw_data/EMG-EPN612/testingJSON/user127/user127.json,idx_143
open,trainingSamples,raw_data/EMG-EPN612/testingJSON/user127/user127.json,idx_144
open,trainingSamples,raw_data/EMG-EPN612/testingJSON/user127/user127.json,idx_145
open,trainingSamples,raw_data/EMG-EPN612/testingJSON/user127/user127.json,idx_146
open,trainingSamples,raw_data/EMG-EPN612/testingJSON/user127/user127.json,idx_147
open,trainingSamples,raw_data/EMG-EPN612/testingJSON/user127/user127.json,idx_148
open,trainingSamples,raw_data/EMG-EPN612/testingJSON/user127/user127.json,idx_149
open,trainingSamples,raw_data/EMG-EPN612/testingJSON/user127/user127.json,idx_150
noGesture,trainingSamples,raw_data/EMG-EPN612/testingJSON/user128/user128.json,idx_1
noGesture,trainingSamples,raw_data/EMG-EPN612/testingJSON/user128/user128.json,idx_2
noGesture,trainingSamples,raw_data/EMG-EPN612/testingJSON/user128/user128.json,idx_3
noGesture,trainingSamples,raw_data/EMG-EPN612/testingJSON/user128/user128.json,idx_4
noGesture,trainingSamples,raw_data/EMG-EPN612/testingJSON/user128/user128.json,idx_5
noGesture,trainingSamples,raw_data/EMG-EPN612/testingJSON/user128/user128.json,idx_6
noGesture,trainingSamples,raw_data/EMG-EPN612/testingJSON/user128/user128.json,idx_7
noGesture,trainingSamples,raw_data/EMG-EPN612/testingJSON/user128/user128.json,idx_8
noGesture,trainingSamples,raw_data/EMG-EPN612/testingJSON/user128/user128.json,idx_9
noGesture,trainingSamples,raw_data/EMG-EPN612/testingJSON/user128/user128.json,idx_10
noGesture,trainingSamples,raw_data/EMG-EPN612/testingJSON/user128/user128.json,idx_11
noGesture,trainingSamples,raw_data/EMG-EPN612/testingJSON/user128/user128.json,idx_12
noGesture,trainingSamples,raw_data/EMG-EPN612/testingJSON/user128/user128.json,idx_13
noGesture,trainingSamples,raw_data/EMG-EPN612/testingJSON/user128/user128.json,idx_14
noGesture,trainingSamples,raw_data/EMG-EPN612/testingJSON/user128/user128.json,idx_15
noGesture,trainingSamples,raw_data/EMG-EPN612/testingJSON/user128/user128.json,idx_16
noGesture,trainingSamples,raw_data/EMG-EPN612/testingJSON/user128/user128.json,idx_17
noGesture,trainingSamples,raw_data/EMG-EPN612/testingJSON/user128/user128.json,idx_18
noGesture,trainingSamples,raw_data/EMG-EPN612/testingJSON/user128/user128.json,idx_19
noGesture,trainingSamples,raw_data/EMG-EPN612/testingJSON/user128/user128.json,idx_20
noGesture,trainingSamples,raw_data/EMG-EPN612/testingJSON/user128/user128.json,idx_21
noGesture,trainingSamples,raw_data/EMG-EPN612/testingJSON/user128/user128.json,idx_22
noGesture,trainingSamples,raw_data/EMG-EPN612/testingJSON/user128/user128.json,idx_23
noGesture,trainingSamples,raw_data/EMG-EPN612/testingJSON/user128/user128.json,idx_24
noGesture,trainingSamples,raw_data/EMG-EPN612/testingJSON/user128/user128.json,idx_25
waveOut,trainingSamples,raw_data/EMG-EPN612/testingJSON/user128/user128.json,idx_26
waveOut,trainingSamples,raw_data/EMG-EPN612/testingJSON/user128/user128.json,idx_27
waveOut,trainingSamples,raw_data/EMG-EPN612/testingJSON/user128/user128.json,idx_28
waveOut,trainingSamples,raw_data/EMG-EPN612/testingJSON/user128/user128.json,idx_29
waveOut,trainingSamples,raw_data/EMG-EPN612/testingJSON/user128/user128.json,idx_30
waveOut,trainingSamples,raw_data/EMG-EPN612/testingJSON/user128/user128.json,idx_31
waveOut,trainingSamples,raw_data/EMG-EPN612/testingJSON/user128/user128.json,idx_32
waveOut,trainingSamples,raw_data/EMG-EPN612/testingJSON/user128/user128.json,idx_33
waveOut,trainingSamples,raw_data/EMG-EPN612/testingJSON/user128/user128.json,idx_34
waveOut,trainingSamples,raw_data/EMG-EPN612/testingJSON/user128/user128.json,idx_35
waveOut,trainingSamples,raw_data/EMG-EPN612/testingJSON/user128/user128.json,idx_36
waveOut,trainingSamples,raw_data/EMG-EPN612/testingJSON/user128/user128.json,idx_37
waveOut,trainingSamples,raw_data/EMG-EPN612/testingJSON/user128/user128.json,idx_38
waveOut,trainingSamples,raw_data/EMG-EPN612/testingJSON/user128/user128.json,idx_39
waveOut,trainingSamples,raw_data/EMG-EPN612/testingJSON/user128/user128.json,idx_40
waveOut,trainingSamples,raw_data/EMG-EPN612/testingJSON/user128/user128.json,idx_41
waveOut,trainingSamples,raw_data/EMG-EPN612/testingJSON/user128/user128.json,idx_42
waveOut,trainingSamples,raw_data/EMG-EPN612/testingJSON/user128/user128.json,idx_43
waveOut,trainingSamples,raw_data/EMG-EPN612/testingJSON/user128/user128.json,idx_44
waveOut,trainingSamples,raw_data/EMG-EPN612/testingJSON/user128/user128.json,idx_45
waveOut,trainingSamples,raw_data/EMG-EPN612/testingJSON/user128/user128.json,idx_46
waveOut,trainingSamples,raw_data/EMG-EPN612/testingJSON/user128/user128.json,idx_47
waveOut,trainingSamples,raw_data/EMG-EPN612/testingJSON/user128/user128.json,idx_48
waveOut,trainingSamples,raw_data/EMG-EPN612/testingJSON/user128/user128.json,idx_49
waveOut,trainingSamples,raw_data/EMG-EPN612/testingJSON/user128/user128.json,idx_50
pinch,trainingSamples,raw_data/EMG-EPN612/testingJSON/user128/user128.json,idx_51
pinch,trainingSamples,raw_data/EMG-EPN612/testingJSON/user128/user128.json,idx_52
pinch,trainingSamples,raw_data/EMG-EPN612/testingJSON/user128/user128.json,idx_53
pinch,trainingSamples,raw_data/EMG-EPN612/testingJSON/user128/user128.json,idx_54
pinch,trainingSamples,raw_data/EMG-EPN612/testingJSON/user128/user128.json,idx_55
pinch,trainingSamples,raw_data/EMG-EPN612/testingJSON/user128/user128.json,idx_56
pinch,trainingSamples,raw_data/EMG-EPN612/testingJSON/user128/user128.json,idx_57
pinch,trainingSamples,raw_data/EMG-EPN612/testingJSON/user128/user128.json,idx_58
pinch,trainingSamples,raw_data/EMG-EPN612/testingJSON/user128/user128.json,idx_59
pinch,trainingSamples,raw_data/EMG-EPN612/testingJSON/user128/user128.json,idx_60
pinch,trainingSamples,raw_data/EMG-EPN612/testingJSON/user128/user128.json,idx_61
pinch,trainingSamples,raw_data/EMG-EPN612/testingJSON/user128/user128.json,idx_62
pinch,trainingSamples,raw_data/EMG-EPN612/testingJSON/user128/user128.json,idx_63
pinch,trainingSamples,raw_data/EMG-EPN612/testingJSON/user128/user128.json,idx_64
pinch,trainingSamples,raw_data/EMG-EPN612/testingJSON/user128/user128.json,idx_65
pinch,trainingSamples,raw_data/EMG-EPN612/testingJSON/user128/user128.json,idx_66
pinch,trainingSamples,raw_data/EMG-EPN612/testingJSON/user128/user128.json,idx_67
pinch,trainingSamples,raw_data/EMG-EPN612/testingJSON/user128/user128.json,idx_68
pinch,trainingSamples,raw_data/EMG-EPN612/testingJSON/user128/user128.json,idx_69
pinch,trainingSamples,raw_data/EMG-EPN612/testingJSON/user128/user128.json,idx_70
pinch,trainingSamples,raw_data/EMG-EPN612/testingJSON/user128/user128.json,idx_71
pinch,trainingSamples,raw_data/EMG-EPN612/testingJSON/user128/user128.json,idx_72
pinch,trainingSamples,raw_data/EMG-EPN612/testingJSON/user128/user128.json,idx_73
pinch,trainingSamples,raw_data/EMG-EPN612/testingJSON/user128/user128.json,idx_74
pinch,trainingSamples,raw_data/EMG-EPN612/testingJSON/user128/user128.json,idx_75
fist,trainingSamples,raw_data/EMG-EPN612/testingJSON/user128/user128.json,idx_76
fist,trainingSamples,raw_data/EMG-EPN612/testingJSON/user128/user128.json,idx_77
fist,trainingSamples,raw_data/EMG-EPN612/testingJSON/user128/user128.json,idx_78
fist,trainingSamples,raw_data/EMG-EPN612/testingJSON/user128/user128.json,idx_79
fist,trainingSamples,raw_data/EMG-EPN612/testingJSON/user128/user128.json,idx_80
fist,trainingSamples,raw_data/EMG-EPN612/testingJSON/user128/user128.json,idx_81
fist,trainingSamples,raw_data/EMG-EPN612/testingJSON/user128/user128.json,idx_82
fist,trainingSamples,raw_data/EMG-EPN612/testingJSON/user128/user128.json,idx_83
fist,trainingSamples,raw_data/EMG-EPN612/testingJSON/user128/user128.json,idx_84
fist,trainingSamples,raw_data/EMG-EPN612/testingJSON/user128/user128.json,idx_85
fist,trainingSamples,raw_data/EMG-EPN612/testingJSON/user128/user128.json,idx_86
fist,trainingSamples,raw_data/EMG-EPN612/testingJSON/user128/user128.json,idx_87
fist,trainingSamples,raw_data/EMG-EPN612/testingJSON/user128/user128.json,idx_88
fist,trainingSamples,raw_data/EMG-EPN612/testingJSON/user128/user128.json,idx_89
fist,trainingSamples,raw_data/EMG-EPN612/testingJSON/user128/user128.json,idx_90
fist,trainingSamples,raw_data/EMG-EPN612/testingJSON/user128/user128.json,idx_91
fist,trainingSamples,raw_data/EMG-EPN612/testingJSON/user128/user128.json,idx_92
fist,trainingSamples,raw_data/EMG-EPN612/testingJSON/user128/user128.json,idx_93
fist,trainingSamples,raw_data/EMG-EPN612/testingJSON/user128/user128.json,idx_94
fist,trainingSamples,raw_data/EMG-EPN612/testingJSON/user128/user128.json,idx_95
fist,trainingSamples,raw_data/EMG-EPN612/testingJSON/user128/user128.json,idx_96
fist,trainingSamples,raw_data/EMG-EPN612/testingJSON/user128/user128.json,idx_97
fist,trainingSamples,raw_data/EMG-EPN612/testingJSON/user128/user128.json,idx_98
fist,trainingSamples,raw_data/EMG-EPN612/testingJSON/user128/user128.json,idx_99
fist,trainingSamples,raw_data/EMG-EPN612/testingJSON/user128/user128.json,idx_100
waveIn,trainingSamples,raw_data/EMG-EPN612/testingJSON/user128/user128.json,idx_101
waveIn,trainingSamples,raw_data/EMG-EPN612/testingJSON/user128/user128.json,idx_102
waveIn,trainingSamples,raw_data/EMG-EPN612/testingJSON/user128/user128.json,idx_103
waveIn,trainingSamples,raw_data/EMG-EPN612/testingJSON/user128/user128.json,idx_104
waveIn,trainingSamples,raw_data/EMG-EPN612/testingJSON/user128/user128.json,idx_105
waveIn,trainingSamples,raw_data/EMG-EPN612/testingJSON/user128/user128.json,idx_106
waveIn,trainingSamples,raw_data/EMG-EPN612/testingJSON/user128/user128.json,idx_107
waveIn,trainingSamples,raw_data/EMG-EPN612/testingJSON/user128/user128.json,idx_108
waveIn,trainingSamples,raw_data/EMG-EPN612/testingJSON/user128/user128.json,idx_109
waveIn,trainingSamples,raw_data/EMG-EPN612/testingJSON/user128/user128.json,idx_110
waveIn,trainingSamples,raw_data/EMG-EPN612/testingJSON/user128/user128.json,idx_111
waveIn,trainingSamples,raw_data/EMG-EPN612/testingJSON/user128/user128.json,idx_112
waveIn,trainingSamples,raw_data/EMG-EPN612/testingJSON/user128/user128.json,idx_113
waveIn,trainingSamples,raw_data/EMG-EPN612/testingJSON/user128/user128.json,idx_114
waveIn,trainingSamples,raw_data/EMG-EPN612/testingJSON/user128/user128.json,idx_115
waveIn,trainingSamples,raw_data/EMG-EPN612/testingJSON/user128/user128.json,idx_116
waveIn,trainingSamples,raw_data/EMG-EPN612/testingJSON/user128/user128.json,idx_117
waveIn,trainingSamples,raw_data/EMG-EPN612/testingJSON/user128/user128.json,idx_118
waveIn,trainingSamples,raw_data/EMG-EPN612/testingJSON/user128/user128.json,idx_119
waveIn,trainingSamples,raw_data/EMG-EPN612/testingJSON/user128/user128.json,idx_120
waveIn,trainingSamples,raw_data/EMG-EPN612/testingJSON/user128/user128.json,idx_121
waveIn,trainingSamples,raw_data/EMG-EPN612/testingJSON/user128/user128.json,idx_122
waveIn,trainingSamples,raw_data/EMG-EPN612/testingJSON/user128/user128.json,idx_123
waveIn,trainingSamples,raw_data/EMG-EPN612/testingJSON/user128/user128.json,idx_124
waveIn,trainingSamples,raw_data/EMG-EPN612/testingJSON/user128/user128.json,idx_125
open,trainingSamples,raw_data/EMG-EPN612/testingJSON/user128/user128.json,idx_126
open,trainingSamples,raw_data/EMG-EPN612/testingJSON/user128/user128.json,idx_127
open,trainingSamples,raw_data/EMG-EPN612/testingJSON/user128/user128.json,idx_128
open,trainingSamples,raw_data/EMG-EPN612/testingJSON/user128/user128.json,idx_129
open,trainingSamples,raw_data/EMG-EPN612/testingJSON/user128/user128.json,idx_130
open,trainingSamples,raw_data/EMG-EPN612/testingJSON/user128/user128.json,idx_131
open,trainingSamples,raw_data/EMG-EPN612/testingJSON/user128/user128.json,idx_132
open,trainingSamples,raw_data/EMG-EPN612/testingJSON/user128/user128.json,idx_133
open,trainingSamples,raw_data/EMG-EPN612/testingJSON/user128/user128.json,idx_134
open,trainingSamples,raw_data/EMG-EPN612/testingJSON/user128/user128.json,idx_135
open,trainingSamples,raw_data/EMG-EPN612/testingJSON/user128/user128.json,idx_136
open,trainingSamples,raw_data/EMG-EPN612/testingJSON/user128/user128.json,idx_137
open,trainingSamples,raw_data/EMG-EPN612/testingJSON/user128/user128.json,idx_138
open,trainingSamples,raw_data/EMG-EPN612/testingJSON/user128/user128.json,idx_139
open,trainingSamples,raw_data/EMG-EPN612/testingJSON/user128/user128.json,idx_140
open,trainingSamples,raw_data/EMG-EPN612/testingJSON/user128/user128.json,idx_141
open,trainingSamples,raw_data/EMG-EPN612/testingJSON/user128/user128.json,idx_142
open,trainingSamples,raw_data/EMG-EPN612/testingJSON/user128/user128.json,idx_143
open,trainingSamples,raw_data/EMG-EPN612/testingJSON/user128/user128.json,idx_144
open,trainingSamples,raw_data/EMG-EPN612/testingJSON/user128/user128.json,idx_145
open,trainingSamples,raw_data/EMG-EPN612/testingJSON/user128/user128.json,idx_146
open,trainingSamples,raw_data/EMG-EPN612/testingJSON/user128/user128.json,idx_147
open,trainingSamples,raw_data/EMG-EPN612/testingJSON/user128/user128.json,idx_148
open,trainingSamples,raw_data/EMG-EPN612/testingJSON/user128/user128.json,idx_149
open,trainingSamples,raw_data/EMG-EPN612/testingJSON/user128/user128.json,idx_150
noGesture,trainingSamples,raw_data/EMG-EPN612/testingJSON/user129/user129.json,idx_1
noGesture,trainingSamples,raw_data/EMG-EPN612/testingJSON/user129/user129.json,idx_2
noGesture,trainingSamples,raw_data/EMG-EPN612/testingJSON/user129/user129.json,idx_3
noGesture,trainingSamples,raw_data/EMG-EPN612/testingJSON/user129/user129.json,idx_4
noGesture,trainingSamples,raw_data/EMG-EPN612/testingJSON/user129/user129.json,idx_5
noGesture,trainingSamples,raw_data/EMG-EPN612/testingJSON/user129/user129.json,idx_6
noGesture,trainingSamples,raw_data/EMG-EPN612/testingJSON/user129/user129.json,idx_7
noGesture,trainingSamples,raw_data/EMG-EPN612/testingJSON/user129/user129.json,idx_8
noGesture,trainingSamples,raw_data/EMG-EPN612/testingJSON/user129/user129.json,idx_9
noGesture,trainingSamples,raw_data/EMG-EPN612/testingJSON/user129/user129.json,idx_10
noGesture,trainingSamples,raw_data/EMG-EPN612/testingJSON/user129/user129.json,idx_11
noGesture,trainingSamples,raw_data/EMG-EPN612/testingJSON/user129/user129.json,idx_12
noGesture,trainingSamples,raw_data/EMG-EPN612/testingJSON/user129/user129.json,idx_13
noGesture,trainingSamples,raw_data/EMG-EPN612/testingJSON/user129/user129.json,idx_14
noGesture,trainingSamples,raw_data/EMG-EPN612/testingJSON/user129/user129.json,idx_15
noGesture,trainingSamples,raw_data/EMG-EPN612/testingJSON/user129/user129.json,idx_16
noGesture,trainingSamples,raw_data/EMG-EPN612/testingJSON/user129/user129.json,idx_17
noGesture,trainingSamples,raw_data/EMG-EPN612/testingJSON/user129/user129.json,idx_18
noGesture,trainingSamples,raw_data/EMG-EPN612/testingJSON/user129/user129.json,idx_19
noGesture,trainingSamples,raw_data/EMG-EPN612/testingJSON/user129/user129.json,idx_20
noGesture,trainingSamples,raw_data/EMG-EPN612/testingJSON/user129/user129.json,idx_21
noGesture,trainingSamples,raw_data/EMG-EPN612/testingJSON/user129/user129.json,idx_22
noGesture,trainingSamples,raw_data/EMG-EPN612/testingJSON/user129/user129.json,idx_23
noGesture,trainingSamples,raw_data/EMG-EPN612/testingJSON/user129/user129.json,idx_24
noGesture,trainingSamples,raw_data/EMG-EPN612/testingJSON/user129/user129.json,idx_25
waveOut,trainingSamples,raw_data/EMG-EPN612/testingJSON/user129/user129.json,idx_26
waveOut,trainingSamples,raw_data/EMG-EPN612/testingJSON/user129/user129.json,idx_27
waveOut,trainingSamples,raw_data/EMG-EPN612/testingJSON/user129/user129.json,idx_28
waveOut,trainingSamples,raw_data/EMG-EPN612/testingJSON/user129/user129.json,idx_29
waveOut,trainingSamples,raw_data/EMG-EPN612/testingJSON/user129/user129.json,idx_30
waveOut,trainingSamples,raw_data/EMG-EPN612/testingJSON/user129/user129.json,idx_31
waveOut,trainingSamples,raw_data/EMG-EPN612/testingJSON/user129/user129.json,idx_32
waveOut,trainingSamples,raw_data/EMG-EPN612/testingJSON/user129/user129.json,idx_33
waveOut,trainingSamples,raw_data/EMG-EPN612/testingJSON/user129/user129.json,idx_34
waveOut,trainingSamples,raw_data/EMG-EPN612/testingJSON/user129/user129.json,idx_35
waveOut,trainingSamples,raw_data/EMG-EPN612/testingJSON/user129/user129.json,idx_36
waveOut,trainingSamples,raw_data/EMG-EPN612/testingJSON/user129/user129.json,idx_37
waveOut,trainingSamples,raw_data/EMG-EPN612/testingJSON/user129/user129.json,idx_38
waveOut,trainingSamples,raw_data/EMG-EPN612/testingJSON/user129/user129.json,idx_39
waveOut,trainingSamples,raw_data/EMG-EPN612/testingJSON/user129/user129.json,idx_40
waveOut,trainingSamples,raw_data/EMG-EPN612/testingJSON/user129/user129.json,idx_41
waveOut,trainingSamples,raw_data/EMG-EPN612/testingJSON/user129/user129.json,idx_42
waveOut,trainingSamples,raw_data/EMG-EPN612/testingJSON/user129/user129.json,idx_43
waveOut,trainingSamples,raw_data/EMG-EPN612/testingJSON/user129/user129.json,idx_44
waveOut,trainingSamples,raw_data/EMG-EPN612/testingJSON/user129/user129.json,idx_45
waveOut,trainingSamples,raw_data/EMG-EPN612/testingJSON/user129/user129.json,idx_46
waveOut,trainingSamples,raw_data/EMG-EPN612/testingJSON/user129/user129.json,idx_47
waveOut,trainingSamples,raw_data/EMG-EPN612/testingJSON/user129/user129.json,idx_48
waveOut,trainingSamples,raw_data/EMG-EPN612/testingJSON/user129/user129.json,idx_49
waveOut,trainingSamples,raw_data/EMG-EPN612/testingJSON/user129/user129.json,idx_50
pinch,trainingSamples,raw_data/EMG-EPN612/testingJSON/user129/user129.json,idx_51
pinch,trainingSamples,raw_data/EMG-EPN612/testingJSON/user129/user129.json,idx_52
pinch,trainingSamples,raw_data/EMG-EPN612/testingJSON/user129/user129.json,idx_53
pinch,trainingSamples,raw_data/EMG-EPN612/testingJSON/user129/user129.json,idx_54
pinch,trainingSamples,raw_data/EMG-EPN612/testingJSON/user129/user129.json,idx_55
pinch,trainingSamples,raw_data/EMG-EPN612/testingJSON/user129/user129.json,idx_56
pinch,trainingSamples,raw_data/EMG-EPN612/testingJSON/user129/user129.json,idx_57
pinch,trainingSamples,raw_data/EMG-EPN612/testingJSON/user129/user129.json,idx_58
pinch,trainingSamples,raw_data/EMG-EPN612/testingJSON/user129/user129.json,idx_59
pinch,trainingSamples,raw_data/EMG-EPN612/testingJSON/user129/user129.json,idx_60
pinch,trainingSamples,raw_data/EMG-EPN612/testingJSON/user129/user129.json,idx_61
pinch,trainingSamples,raw_data/EMG-EPN612/testingJSON/user129/user129.json,idx_62
pinch,trainingSamples,raw_data/EMG-EPN612/testingJSON/user129/user129.json,idx_63
pinch,trainingSamples,raw_data/EMG-EPN612/testingJSON/user129/user129.json,idx_64
pinch,trainingSamples,raw_data/EMG-EPN612/testingJSON/user129/user129.json,idx_65
pinch,trainingSamples,raw_data/EMG-EPN612/testingJSON/user129/user129.json,idx_66
pinch,trainingSamples,raw_data/EMG-EPN612/testingJSON/user129/user129.json,idx_67
pinch,trainingSamples,raw_data/EMG-EPN612/testingJSON/user129/user129.json,idx_68
pinch,trainingSamples,raw_data/EMG-EPN612/testingJSON/user129/user129.json,idx_69
pinch,trainingSamples,raw_data/EMG-EPN612/testingJSON/user129/user129.json,idx_70
pinch,trainingSamples,raw_data/EMG-EPN612/testingJSON/user129/user129.json,idx_71
pinch,trainingSamples,raw_data/EMG-EPN612/testingJSON/user129/user129.json,idx_72
pinch,trainingSamples,raw_data/EMG-EPN612/testingJSON/user129/user129.json,idx_73
pinch,trainingSamples,raw_data/EMG-EPN612/testingJSON/user129/user129.json,idx_74
pinch,trainingSamples,raw_data/EMG-EPN612/testingJSON/user129/user129.json,idx_75
fist,trainingSamples,raw_data/EMG-EPN612/testingJSON/user129/user129.json,idx_76
fist,trainingSamples,raw_data/EMG-EPN612/testingJSON/user129/user129.json,idx_77
fist,trainingSamples,raw_data/EMG-EPN612/testingJSON/user129/user129.json,idx_78
fist,trainingSamples,raw_data/EMG-EPN612/testingJSON/user129/user129.json,idx_79
fist,trainingSamples,raw_data/EMG-EPN612/testingJSON/user129/user129.json,idx_80
fist,trainingSamples,raw_data/EMG-EPN612/testingJSON/user129/user129.json,idx_81
fist,trainingSamples,raw_data/EMG-EPN612/testingJSON/user129/user129.json,idx_82
fist,trainingSamples,raw_data/EMG-EPN612/testingJSON/user129/user129.json,idx_83
fist,trainingSamples,raw_data/EMG-EPN612/testingJSON/user129/user129.json,idx_84
fist,trainingSamples,raw_data/EMG-EPN612/testingJSON/user129/user129.json,idx_85
fist,trainingSamples,raw_data/EMG-EPN612/testingJSON/user129/user129.json,idx_86
fist,trainingSamples,raw_data/EMG-EPN612/testingJSON/user129/user129.json,idx_87
fist,trainingSamples,raw_data/EMG-EPN612/testingJSON/user129/user129.json,idx_88
fist,trainingSamples,raw_data/EMG-EPN612/testingJSON/user129/user129.json,idx_89
fist,trainingSamples,raw_data/EMG-EPN612/testingJSON/user129/user129.json,idx_90
fist,trainingSamples,raw_data/EMG-EPN612/testingJSON/user129/user129.json,idx_91
fist,trainingSamples,raw_data/EMG-EPN612/testingJSON/user129/user129.json,idx_92
fist,trainingSamples,raw_data/EMG-EPN612/testingJSON/user129/user129.json,idx_93
fist,trainingSamples,raw_data/EMG-EPN612/testingJSON/user129/user129.json,idx_94
fist,trainingSamples,raw_data/EMG-EPN612/testingJSON/user129/user129.json,idx_95
fist,trainingSamples,raw_data/EMG-EPN612/testingJSON/user129/user129.json,idx_96
fist,trainingSamples,raw_data/EMG-EPN612/testingJSON/user129/user129.json,idx_97
fist,trainingSamples,raw_data/EMG-EPN612/testingJSON/user129/user129.json,idx_98
fist,trainingSamples,raw_data/EMG-EPN612/testingJSON/user129/user129.json,idx_99
fist,trainingSamples,raw_data/EMG-EPN612/testingJSON/user129/user129.json,idx_100
waveIn,trainingSamples,raw_data/EMG-EPN612/testingJSON/user129/user129.json,idx_101
waveIn,trainingSamples,raw_data/EMG-EPN612/testingJSON/user129/user129.json,idx_102
waveIn,trainingSamples,raw_data/EMG-EPN612/testingJSON/user129/user129.json,idx_103
waveIn,trainingSamples,raw_data/EMG-EPN612/testingJSON/user129/user129.json,idx_104
waveIn,trainingSamples,raw_data/EMG-EPN612/testingJSON/user129/user129.json,idx_105
waveIn,trainingSamples,raw_data/EMG-EPN612/testingJSON/user129/user129.json,idx_106
waveIn,trainingSamples,raw_data/EMG-EPN612/testingJSON/user129/user129.json,idx_107
waveIn,trainingSamples,raw_data/EMG-EPN612/testingJSON/user129/user129.json,idx_108
waveIn,trainingSamples,raw_data/EMG-EPN612/testingJSON/user129/user129.json,idx_109
waveIn,trainingSamples,raw_data/EMG-EPN612/testingJSON/user129/user129.json,idx_110
waveIn,trainingSamples,raw_data/EMG-EPN612/testingJSON/user129/user129.json,idx_111
waveIn,trainingSamples,raw_data/EMG-EPN612/testingJSON/user129/user129.json,idx_112
waveIn,trainingSamples,raw_data/EMG-EPN612/testingJSON/user129/user129.json,idx_113
waveIn,trainingSamples,raw_data/EMG-EPN612/testingJSON/user129/user129.json,idx_114
waveIn,trainingSamples,raw_data/EMG-EPN612/testingJSON/user129/user129.json,idx_115
waveIn,trainingSamples,raw_data/EMG-EPN612/testingJSON/user129/user129.json,idx_116
waveIn,trainingSamples,raw_data/EMG-EPN612/testingJSON/user129/user129.json,idx_117
waveIn,trainingSamples,raw_data/EMG-EPN612/testingJSON/user129/user129.json,idx_118
waveIn,trainingSamples,raw_data/EMG-EPN612/testingJSON/user129/user129.json,idx_119
waveIn,trainingSamples,raw_data/EMG-EPN612/testingJSON/user129/user129.json,idx_120
waveIn,trainingSamples,raw_data/EMG-EPN612/testingJSON/user129/user129.json,idx_121
waveIn,trainingSamples,raw_data/EMG-EPN612/testingJSON/user129/user129.json,idx_122
waveIn,trainingSamples,raw_data/EMG-EPN612/testingJSON/user129/user129.json,idx_123
waveIn,trainingSamples,raw_data/EMG-EPN612/testingJSON/user129/user129.json,idx_124
waveIn,trainingSamples,raw_data/EMG-EPN612/testingJSON/user129/user129.json,idx_125
open,trainingSamples,raw_data/EMG-EPN612/testingJSON/user129/user129.json,idx_126
open,trainingSamples,raw_data/EMG-EPN612/testingJSON/user129/user129.json,idx_127
open,trainingSamples,raw_data/EMG-EPN612/testingJSON/user129/user129.json,idx_128
open,trainingSamples,raw_data/EMG-EPN612/testingJSON/user129/user129.json,idx_129
open,trainingSamples,raw_data/EMG-EPN612/testingJSON/user129/user129.json,idx_130
open,trainingSamples,raw_data/EMG-EPN612/testingJSON/user129/user129.json,idx_131
open,trainingSamples,raw_data/EMG-EPN612/testingJSON/user129/user129.json,idx_132
open,trainingSamples,raw_data/EMG-EPN612/testingJSON/user129/user129.json,idx_133
open,trainingSamples,raw_data/EMG-EPN612/testingJSON/user129/user129.json,idx_134
open,trainingSamples,raw_data/EMG-EPN612/testingJSON/user129/user129.json,idx_135
open,trainingSamples,raw_data/EMG-EPN612/testingJSON/user129/user129.json,idx_136
open,trainingSamples,raw_data/EMG-EPN612/testingJSON/user129/user129.json,idx_137
open,trainingSamples,raw_data/EMG-EPN612/testingJSON/user129/user129.json,idx_138
open,trainingSamples,raw_data/EMG-EPN612/testingJSON/user129/user129.json,idx_139
open,trainingSamples,raw_data/EMG-EPN612/testingJSON/user129/user129.json,idx_140
open,trainingSamples,raw_data/EMG-EPN612/testingJSON/user129/user129.json,idx_141
open,trainingSamples,raw_data/EMG-EPN612/testingJSON/user129/user129.json,idx_142
open,trainingSamples,raw_data/EMG-EPN612/testingJSON/user129/user129.json,idx_143
open,trainingSamples,raw_data/EMG-EPN612/testingJSON/user129/user129.json,idx_144
open,trainingSamples,raw_data/EMG-EPN612/testingJSON/user129/user129.json,idx_145
open,trainingSamples,raw_data/EMG-EPN612/testingJSON/user129/user129.json,idx_146
open,trainingSamples,raw_data/EMG-EPN612/testingJSON/user129/user129.json,idx_147
open,trainingSamples,raw_data/EMG-EPN612/testingJSON/user129/user129.json,idx_148
open,trainingSamples,raw_data/EMG-EPN612/testingJSON/user129/user129.json,idx_149
open,trainingSamples,raw_data/EMG-EPN612/testingJSON/user129/user129.json,idx_150
noGesture,trainingSamples,raw_data/EMG-EPN612/testingJSON/user13/user13.json,idx_1
noGesture,trainingSamples,raw_data/EMG-EPN612/testingJSON/user13/user13.json,idx_2
noGesture,trainingSamples,raw_data/EMG-EPN612/testingJSON/user13/user13.json,idx_3
noGesture,trainingSamples,raw_data/EMG-EPN612/testingJSON/user13/user13.json,idx_4
noGesture,trainingSamples,raw_data/EMG-EPN612/testingJSON/user13/user13.json,idx_5
noGesture,trainingSamples,raw_data/EMG-EPN612/testingJSON/user13/user13.json,idx_6
noGesture,trainingSamples,raw_data/EMG-EPN612/testingJSON/user13/user13.json,idx_7
noGesture,trainingSamples,raw_data/EMG-EPN612/testingJSON/user13/user13.json,idx_8
noGesture,trainingSamples,raw_data/EMG-EPN612/testingJSON/user13/user13.json,idx_9
noGesture,trainingSamples,raw_data/EMG-EPN612/testingJSON/user13/user13.json,idx_10
noGesture,trainingSamples,raw_data/EMG-EPN612/testingJSON/user13/user13.json,idx_11
noGesture,trainingSamples,raw_data/EMG-EPN612/testingJSON/user13/user13.json,idx_12
noGesture,trainingSamples,raw_data/EMG-EPN612/testingJSON/user13/user13.json,idx_13
noGesture,trainingSamples,raw_data/EMG-EPN612/testingJSON/user13/user13.json,idx_14
noGesture,trainingSamples,raw_data/EMG-EPN612/testingJSON/user13/user13.json,idx_15
noGesture,trainingSamples,raw_data/EMG-EPN612/testingJSON/user13/user13.json,idx_16
noGesture,trainingSamples,raw_data/EMG-EPN612/testingJSON/user13/user13.json,idx_17
noGesture,trainingSamples,raw_data/EMG-EPN612/testingJSON/user13/user13.json,idx_18
noGesture,trainingSamples,raw_data/EMG-EPN612/testingJSON/user13/user13.json,idx_19
noGesture,trainingSamples,raw_data/EMG-EPN612/testingJSON/user13/user13.json,idx_20
noGesture,trainingSamples,raw_data/EMG-EPN612/testingJSON/user13/user13.json,idx_21
noGesture,trainingSamples,raw_data/EMG-EPN612/testingJSON/user13/user13.json,idx_22
noGesture,trainingSamples,raw_data/EMG-EPN612/testingJSON/user13/user13.json,idx_23
noGesture,trainingSamples,raw_data/EMG-EPN612/testingJSON/user13/user13.json,idx_24
noGesture,trainingSamples,raw_data/EMG-EPN612/testingJSON/user13/user13.json,idx_25
waveOut,trainingSamples,raw_data/EMG-EPN612/testingJSON/user13/user13.json,idx_26
waveOut,trainingSamples,raw_data/EMG-EPN612/testingJSON/user13/user13.json,idx_27
waveOut,trainingSamples,raw_data/EMG-EPN612/testingJSON/user13/user13.json,idx_28
waveOut,trainingSamples,raw_data/EMG-EPN612/testingJSON/user13/user13.json,idx_29
waveOut,trainingSamples,raw_data/EMG-EPN612/testingJSON/user13/user13.json,idx_30
waveOut,trainingSamples,raw_data/EMG-EPN612/testingJSON/user13/user13.json,idx_31
waveOut,trainingSamples,raw_data/EMG-EPN612/testingJSON/user13/user13.json,idx_32
waveOut,trainingSamples,raw_data/EMG-EPN612/testingJSON/user13/user13.json,idx_33
waveOut,trainingSamples,raw_data/EMG-EPN612/testingJSON/user13/user13.json,idx_34
waveOut,trainingSamples,raw_data/EMG-EPN612/testingJSON/user13/user13.json,idx_35
waveOut,trainingSamples,raw_data/EMG-EPN612/testingJSON/user13/user13.json,idx_36
waveOut,trainingSamples,raw_data/EMG-EPN612/testingJSON/user13/user13.json,idx_37
waveOut,trainingSamples,raw_data/EMG-EPN612/testingJSON/user13/user13.json,idx_38
waveOut,trainingSamples,raw_data/EMG-EPN612/testingJSON/user13/user13.json,idx_39
waveOut,trainingSamples,raw_data/EMG-EPN612/testingJSON/user13/user13.json,idx_40
waveOut,trainingSamples,raw_data/EMG-EPN612/testingJSON/user13/user13.json,idx_41
waveOut,trainingSamples,raw_data/EMG-EPN612/testingJSON/user13/user13.json,idx_42
waveOut,trainingSamples,raw_data/EMG-EPN612/testingJSON/user13/user13.json,idx_43
waveOut,trainingSamples,raw_data/EMG-EPN612/testingJSON/user13/user13.json,idx_44
waveOut,trainingSamples,raw_data/EMG-EPN612/testingJSON/user13/user13.json,idx_45
waveOut,trainingSamples,raw_data/EMG-EPN612/testingJSON/user13/user13.json,idx_46
waveOut,trainingSamples,raw_data/EMG-EPN612/testingJSON/user13/user13.json,idx_47
waveOut,trainingSamples,raw_data/EMG-EPN612/testingJSON/user13/user13.json,idx_48
waveOut,trainingSamples,raw_data/EMG-EPN612/testingJSON/user13/user13.json,idx_49
waveOut,trainingSamples,raw_data/EMG-EPN612/testingJSON/user13/user13.json,idx_50
pinch,trainingSamples,raw_data/EMG-EPN612/testingJSON/user13/user13.json,idx_51
pinch,trainingSamples,raw_data/EMG-EPN612/testingJSON/user13/user13.json,idx_52
pinch,trainingSamples,raw_data/EMG-EPN612/testingJSON/user13/user13.json,idx_53
pinch,trainingSamples,raw_data/EMG-EPN612/testingJSON/user13/user13.json,idx_54
pinch,trainingSamples,raw_data/EMG-EPN612/testingJSON/user13/user13.json,idx_55
pinch,trainingSamples,raw_data/EMG-EPN612/testingJSON/user13/user13.json,idx_56
pinch,trainingSamples,raw_data/EMG-EPN612/testingJSON/user13/user13.json,idx_57
pinch,trainingSamples,raw_data/EMG-EPN612/testingJSON/user13/user13.json,idx_58
pinch,trainingSamples,raw_data/EMG-EPN612/testingJSON/user13/user13.json,idx_59
pinch,trainingSamples,raw_data/EMG-EPN612/testingJSON/user13/user13.json,idx_60
pinch,trainingSamples,raw_data/EMG-EPN612/testingJSON/user13/user13.json,idx_61
pinch,trainingSamples,raw_data/EMG-EPN612/testingJSON/user13/user13.json,idx_62
pinch,trainingSamples,raw_data/EMG-EPN612/testingJSON/user13/user13.json,idx_63
pinch,trainingSamples,raw_data/EMG-EPN612/testingJSON/user13/user13.json,idx_64
pinch,trainingSamples,raw_data/EMG-EPN612/testingJSON/user13/user13.json,idx_65
pinch,trainingSamples,raw_data/EMG-EPN612/testingJSON/user13/user13.json,idx_66
pinch,trainingSamples,raw_data/EMG-EPN612/testingJSON/user13/user13.json,idx_67
pinch,trainingSamples,raw_data/EMG-EPN612/testingJSON/user13/user13.json,idx_68
pinch,trainingSamples,raw_data/EMG-EPN612/testingJSON/user13/user13.json,idx_69
pinch,trainingSamples,raw_data/EMG-EPN612/testingJSON/user13/user13.json,idx_70
pinch,trainingSamples,raw_data/EMG-EPN612/testingJSON/user13/user13.json,idx_71
pinch,trainingSamples,raw_data/EMG-EPN612/testingJSON/user13/user13.json,idx_72
pinch,trainingSamples,raw_data/EMG-EPN612/testingJSON/user13/user13.json,idx_73
pinch,trainingSamples,raw_data/EMG-EPN612/testingJSON/user13/user13.json,idx_74
pinch,trainingSamples,raw_data/EMG-EPN612/testingJSON/user13/user13.json,idx_75
fist,trainingSamples,raw_data/EMG-EPN612/testingJSON/user13/user13.json,idx_76
fist,trainingSamples,raw_data/EMG-EPN612/testingJSON/user13/user13.json,idx_77
fist,trainingSamples,raw_data/EMG-EPN612/testingJSON/user13/user13.json,idx_78
fist,trainingSamples,raw_data/EMG-EPN612/testingJSON/user13/user13.json,idx_79
fist,trainingSamples,raw_data/EMG-EPN612/testingJSON/user13/user13.json,idx_80
fist,trainingSamples,raw_data/EMG-EPN612/testingJSON/user13/user13.json,idx_81
fist,trainingSamples,raw_data/EMG-EPN612/testingJSON/user13/user13.json,idx_82
fist,trainingSamples,raw_data/EMG-EPN612/testingJSON/user13/user13.json,idx_83
fist,trainingSamples,raw_data/EMG-EPN612/testingJSON/user13/user13.json,idx_84
fist,trainingSamples,raw_data/EMG-EPN612/testingJSON/user13/user13.json,idx_85
fist,trainingSamples,raw_data/EMG-EPN612/testingJSON/user13/user13.json,idx_86
fist,trainingSamples,raw_data/EMG-EPN612/testingJSON/user13/user13.json,idx_87
fist,trainingSamples,raw_data/EMG-EPN612/testingJSON/user13/user13.json,idx_88
fist,trainingSamples,raw_data/EMG-EPN612/testingJSON/user13/user13.json,idx_89
fist,trainingSamples,raw_data/EMG-EPN612/testingJSON/user13/user13.json,idx_90
fist,trainingSamples,raw_data/EMG-EPN612/testingJSON/user13/user13.json,idx_91
fist,trainingSamples,raw_data/EMG-EPN612/testingJSON/user13/user13.json,idx_92
fist,trainingSamples,raw_data/EMG-EPN612/testingJSON/user13/user13.json,idx_93
fist,trainingSamples,raw_data/EMG-EPN612/testingJSON/user13/user13.json,idx_94
fist,trainingSamples,raw_data/EMG-EPN612/testingJSON/user13/user13.json,idx_95
fist,trainingSamples,raw_data/EMG-EPN612/testingJSON/user13/user13.json,idx_96
fist,trainingSamples,raw_data/EMG-EPN612/testingJSON/user13/user13.json,idx_97
fist,trainingSamples,raw_data/EMG-EPN612/testingJSON/user13/user13.json,idx_98
fist,trainingSamples,raw_data/EMG-EPN612/testingJSON/user13/user13.json,idx_99
fist,trainingSamples,raw_data/EMG-EPN612/testingJSON/user13/user13.json,idx_100
waveIn,trainingSamples,raw_data/EMG-EPN612/testingJSON/user13/user13.json,idx_101
waveIn,trainingSamples,raw_data/EMG-EPN612/testingJSON/user13/user13.json,idx_102
waveIn,trainingSamples,raw_data/EMG-EPN612/testingJSON/user13/user13.json,idx_103
waveIn,trainingSamples,raw_data/EMG-EPN612/testingJSON/user13/user13.json,idx_104
waveIn,trainingSamples,raw_data/EMG-EPN612/testingJSON/user13/user13.json,idx_105
waveIn,trainingSamples,raw_data/EMG-EPN612/testingJSON/user13/user13.json,idx_106
waveIn,trainingSamples,raw_data/EMG-EPN612/testingJSON/user13/user13.json,idx_107
waveIn,trainingSamples,raw_data/EMG-EPN612/testingJSON/user13/user13.json,idx_108
waveIn,trainingSamples,raw_data/EMG-EPN612/testingJSON/user13/user13.json,idx_109
waveIn,trainingSamples,raw_data/EMG-EPN612/testingJSON/user13/user13.json,idx_110
waveIn,trainingSamples,raw_data/EMG-EPN612/testingJSON/user13/user13.json,idx_111
waveIn,trainingSamples,raw_data/EMG-EPN612/testingJSON/user13/user13.json,idx_112
waveIn,trainingSamples,raw_data/EMG-EPN612/testingJSON/user13/user13.json,idx_113
waveIn,trainingSamples,raw_data/EMG-EPN612/testingJSON/user13/user13.json,idx_114
waveIn,trainingSamples,raw_data/EMG-EPN612/testingJSON/user13/user13.json,idx_115
waveIn,trainingSamples,raw_data/EMG-EPN612/testingJSON/user13/user13.json,idx_116
waveIn,trainingSamples,raw_data/EMG-EPN612/testingJSON/user13/user13.json,idx_117
waveIn,trainingSamples,raw_data/EMG-EPN612/testingJSON/user13/user13.json,idx_118
waveIn,trainingSamples,raw_data/EMG-EPN612/testingJSON/user13/user13.json,idx_119
waveIn,trainingSamples,raw_data/EMG-EPN612/testingJSON/user13/user13.json,idx_120
waveIn,trainingSamples,raw_data/EMG-EPN612/testingJSON/user13/user13.json,idx_121
waveIn,trainingSamples,raw_data/EMG-EPN612/testingJSON/user13/user13.json,idx_122
waveIn,trainingSamples,raw_data/EMG-EPN612/testingJSON/user13/user13.json,idx_123
waveIn,trainingSamples,raw_data/EMG-EPN612/testingJSON/user13/user13.json,idx_124
waveIn,trainingSamples,raw_data/EMG-EPN612/testingJSON/user13/user13.json,idx_125
open,trainingSamples,raw_data/EMG-EPN612/testingJSON/user13/user13.json,idx_126
open,trainingSamples,raw_data/EMG-EPN612/testingJSON/user13/user13.json,idx_127
open,trainingSamples,raw_data/EMG-EPN612/testingJSON/user13/user13.json,idx_128
open,trainingSamples,raw_data/EMG-EPN612/testingJSON/user13/user13.json,idx_129
open,trainingSamples,raw_data/EMG-EPN612/testingJSON/user13/user13.json,idx_130
open,trainingSamples,raw_data/EMG-EPN612/testingJSON/user13/user13.json,idx_131
open,trainingSamples,raw_data/EMG-EPN612/testingJSON/user13/user13.json,idx_132
open,trainingSamples,raw_data/EMG-EPN612/testingJSON/user13/user13.json,idx_133
open,trainingSamples,raw_data/EMG-EPN612/testingJSON/user13/user13.json,idx_134
open,trainingSamples,raw_data/EMG-EPN612/testingJSON/user13/user13.json,idx_135
open,trainingSamples,raw_data/EMG-EPN612/testingJSON/user13/user13.json,idx_136
open,trainingSamples,raw_data/EMG-EPN612/testingJSON/user13/user13.json,idx_137
open,trainingSamples,raw_data/EMG-EPN612/testingJSON/user13/user13.json,idx_138
open,trainingSamples,raw_data/EMG-EPN612/testingJSON/user13/user13.json,idx_139
open,trainingSamples,raw_data/EMG-EPN612/testingJSON/user13/user13.json,idx_140
open,trainingSamples,raw_data/EMG-EPN612/testingJSON/user13/user13.json,idx_141
open,trainingSamples,raw_data/EMG-EPN612/testingJSON/user13/user13.json,idx_142
open,trainingSamples,raw_data/EMG-EPN612/testingJSON/user13/user13.json,idx_143
open,trainingSamples,raw_data/EMG-EPN612/testingJSON/user13/user13.json,idx_144
open,trainingSamples,raw_data/EMG-EPN612/testingJSON/user13/user13.json,idx_145
open,trainingSamples,raw_data/EMG-EPN612/testingJSON/user13/user13.json,idx_146
open,trainingSamples,raw_data/EMG-EPN612/testingJSON/user13/user13.json,idx_147
open,trainingSamples,raw_data/EMG-EPN612/testingJSON/user13/user13.json,idx_148
open,trainingSamples,raw_data/EMG-EPN612/testingJSON/user13/user13.json,idx_149
open,trainingSamples,raw_data/EMG-EPN612/testingJSON/user13/user13.json,idx_150
noGesture,trainingSamples,raw_data/EMG-EPN612/testingJSON/user130/user130.json,idx_1
noGesture,trainingSamples,raw_data/EMG-EPN612/testingJSON/user130/user130.json,idx_2
noGesture,trainingSamples,raw_data/EMG-EPN612/testingJSON/user130/user130.json,idx_3
noGesture,trainingSamples,raw_data/EMG-EPN612/testingJSON/user130/user130.json,idx_4
noGesture,trainingSamples,raw_data/EMG-EPN612/testingJSON/user130/user130.json,idx_5
noGesture,trainingSamples,raw_data/EMG-EPN612/testingJSON/user130/user130.json,idx_6
noGesture,trainingSamples,raw_data/EMG-EPN612/testingJSON/user130/user130.json,idx_7
noGesture,trainingSamples,raw_data/EMG-EPN612/testingJSON/user130/user130.json,idx_8
noGesture,trainingSamples,raw_data/EMG-EPN612/testingJSON/user130/user130.json,idx_9
noGesture,trainingSamples,raw_data/EMG-EPN612/testingJSON/user130/user130.json,idx_10
noGesture,trainingSamples,raw_data/EMG-EPN612/testingJSON/user130/user130.json,idx_11
noGesture,trainingSamples,raw_data/EMG-EPN612/testingJSON/user130/user130.json,idx_12
noGesture,trainingSamples,raw_data/EMG-EPN612/testingJSON/user130/user130.json,idx_13
noGesture,trainingSamples,raw_data/EMG-EPN612/testingJSON/user130/user130.json,idx_14
noGesture,trainingSamples,raw_data/EMG-EPN612/testingJSON/user130/user130.json,idx_15
noGesture,trainingSamples,raw_data/EMG-EPN612/testingJSON/user130/user130.json,idx_16
noGesture,trainingSamples,raw_data/EMG-EPN612/testingJSON/user130/user130.json,idx_17
noGesture,trainingSamples,raw_data/EMG-EPN612/testingJSON/user130/user130.json,idx_18
noGesture,trainingSamples,raw_data/EMG-EPN612/testingJSON/user130/user130.json,idx_19
noGesture,trainingSamples,raw_data/EMG-EPN612/testingJSON/user130/user130.json,idx_20
noGesture,trainingSamples,raw_data/EMG-EPN612/testingJSON/user130/user130.json,idx_21
noGesture,trainingSamples,raw_data/EMG-EPN612/testingJSON/user130/user130.json,idx_22
noGesture,trainingSamples,raw_data/EMG-EPN612/testingJSON/user130/user130.json,idx_23
noGesture,trainingSamples,raw_data/EMG-EPN612/testingJSON/user130/user130.json,idx_24
noGesture,trainingSamples,raw_data/EMG-EPN612/testingJSON/user130/user130.json,idx_25
waveIn,trainingSamples,raw_data/EMG-EPN612/testingJSON/user130/user130.json,idx_26
waveIn,trainingSamples,raw_data/EMG-EPN612/testingJSON/user130/user130.json,idx_27
waveIn,trainingSamples,raw_data/EMG-EPN612/testingJSON/user130/user130.json,idx_28
waveIn,trainingSamples,raw_data/EMG-EPN612/testingJSON/user130/user130.json,idx_29
waveIn,trainingSamples,raw_data/EMG-EPN612/testingJSON/user130/user130.json,idx_30
waveIn,trainingSamples,raw_data/EMG-EPN612/testingJSON/user130/user130.json,idx_31
waveIn,trainingSamples,raw_data/EMG-EPN612/testingJSON/user130/user130.json,idx_32
waveIn,trainingSamples,raw_data/EMG-EPN612/testingJSON/user130/user130.json,idx_33
waveIn,trainingSamples,raw_data/EMG-EPN612/testingJSON/user130/user130.json,idx_34
waveIn,trainingSamples,raw_data/EMG-EPN612/testingJSON/user130/user130.json,idx_35
waveIn,trainingSamples,raw_data/EMG-EPN612/testingJSON/user130/user130.json,idx_36
waveIn,trainingSamples,raw_data/EMG-EPN612/testingJSON/user130/user130.json,idx_37
waveIn,trainingSamples,raw_data/EMG-EPN612/testingJSON/user130/user130.json,idx_38
waveIn,trainingSamples,raw_data/EMG-EPN612/testingJSON/user130/user130.json,idx_39
waveIn,trainingSamples,raw_data/EMG-EPN612/testingJSON/user130/user130.json,idx_40
waveIn,trainingSamples,raw_data/EMG-EPN612/testingJSON/user130/user130.json,idx_41
waveIn,trainingSamples,raw_data/EMG-EPN612/testingJSON/user130/user130.json,idx_42
waveIn,trainingSamples,raw_data/EMG-EPN612/testingJSON/user130/user130.json,idx_43
waveIn,trainingSamples,raw_data/EMG-EPN612/testingJSON/user130/user130.json,idx_44
waveIn,trainingSamples,raw_data/EMG-EPN612/testingJSON/user130/user130.json,idx_45
waveIn,trainingSamples,raw_data/EMG-EPN612/testingJSON/user130/user130.json,idx_46
waveIn,trainingSamples,raw_data/EMG-EPN612/testingJSON/user130/user130.json,idx_47
waveIn,trainingSamples,raw_data/EMG-EPN612/testingJSON/user130/user130.json,idx_48
waveIn,trainingSamples,raw_data/EMG-EPN612/testingJSON/user130/user130.json,idx_49
waveIn,trainingSamples,raw_data/EMG-EPN612/testingJSON/user130/user130.json,idx_50
fist,trainingSamples,raw_data/EMG-EPN612/testingJSON/user130/user130.json,idx_51
fist,trainingSamples,raw_data/EMG-EPN612/testingJSON/user130/user130.json,idx_52
fist,trainingSamples,raw_data/EMG-EPN612/testingJSON/user130/user130.json,idx_53
fist,trainingSamples,raw_data/EMG-EPN612/testingJSON/user130/user130.json,idx_54
fist,trainingSamples,raw_data/EMG-EPN612/testingJSON/user130/user130.json,idx_55
fist,trainingSamples,raw_data/EMG-EPN612/testingJSON/user130/user130.json,idx_56
fist,trainingSamples,raw_data/EMG-EPN612/testingJSON/user130/user130.json,idx_57
fist,trainingSamples,raw_data/EMG-EPN612/testingJSON/user130/user130.json,idx_58
fist,trainingSamples,raw_data/EMG-EPN612/testingJSON/user130/user130.json,idx_59
fist,trainingSamples,raw_data/EMG-EPN612/testingJSON/user130/user130.json,idx_60
fist,trainingSamples,raw_data/EMG-EPN612/testingJSON/user130/user130.json,idx_61
fist,trainingSamples,raw_data/EMG-EPN612/testingJSON/user130/user130.json,idx_62
fist,trainingSamples,raw_data/EMG-EPN612/testingJSON/user130/user130.json,idx_63
fist,trainingSamples,raw_data/EMG-EPN612/testingJSON/user130/user130.json,idx_64
fist,trainingSamples,raw_data/EMG-EPN612/testingJSON/user130/user130.json,idx_65
fist,trainingSamples,raw_data/EMG-EPN612/testingJSON/user130/user130.json,idx_66
fist,trainingSamples,raw_data/EMG-EPN612/testingJSON/user130/user130.json,idx_67
fist,trainingSamples,raw_data/EMG-EPN612/testingJSON/user130/user130.json,idx_68
fist,trainingSamples,raw_data/EMG-EPN612/testingJSON/user130/user130.json,idx_69
fist,trainingSamples,raw_data/EMG-EPN612/testingJSON/user130/user130.json,idx_70
fist,trainingSamples,raw_data/EMG-EPN612/testingJSON/user130/user130.json,idx_71
fist,trainingSamples,raw_data/EMG-EPN612/testingJSON/user130/user130.json,idx_72
fist,trainingSamples,raw_data/EMG-EPN612/testingJSON/user130/user130.json,idx_73
fist,trainingSamples,raw_data/EMG-EPN612/testingJSON/user130/user130.json,idx_74
fist,trainingSamples,raw_data/EMG-EPN612/testingJSON/user130/user130.json,idx_75
pinch,trainingSamples,raw_data/EMG-EPN612/testingJSON/user130/user130.json,idx_76
pinch,trainingSamples,raw_data/EMG-EPN612/testingJSON/user130/user130.json,idx_77
pinch,trainingSamples,raw_data/EMG-EPN612/testingJSON/user130/user130.json,idx_78
pinch,trainingSamples,raw_data/EMG-EPN612/testingJSON/user130/user130.json,idx_79
pinch,trainingSamples,raw_data/EMG-EPN612/testingJSON/user130/user130.json,idx_80
pinch,trainingSamples,raw_data/EMG-EPN612/testingJSON/user130/user130.json,idx_81
pinch,trainingSamples,raw_data/EMG-EPN612/testingJSON/user130/user130.json,idx_82
pinch,trainingSamples,raw_data/EMG-EPN612/testingJSON/user130/user130.json,idx_83
pinch,trainingSamples,raw_data/EMG-EPN612/testingJSON/user130/user130.json,idx_84
pinch,trainingSamples,raw_data/EMG-EPN612/testingJSON/user130/user130.json,idx_85
pinch,trainingSamples,raw_data/EMG-EPN612/testingJSON/user130/user130.json,idx_86
pinch,trainingSamples,raw_data/EMG-EPN612/testingJSON/user130/user130.json,idx_87
pinch,trainingSamples,raw_data/EMG-EPN612/testingJSON/user130/user130.json,idx_88
pinch,trainingSamples,raw_data/EMG-EPN612/testingJSON/user130/user130.json,idx_89
pinch,trainingSamples,raw_data/EMG-EPN612/testingJSON/user130/user130.json,idx_90
pinch,trainingSamples,raw_data/EMG-EPN612/testingJSON/user130/user130.json,idx_91
pinch,trainingSamples,raw_data/EMG-EPN612/testingJSON/user130/user130.json,idx_92
pinch,trainingSamples,raw_data/EMG-EPN612/testingJSON/user130/user130.json,idx_93
pinch,trainingSamples,raw_data/EMG-EPN612/testingJSON/user130/user130.json,idx_94
pinch,trainingSamples,raw_data/EMG-EPN612/testingJSON/user130/user130.json,idx_95
pinch,trainingSamples,raw_data/EMG-EPN612/testingJSON/user130/user130.json,idx_96
pinch,trainingSamples,raw_data/EMG-EPN612/testingJSON/user130/user130.json,idx_97
pinch,trainingSamples,raw_data/EMG-EPN612/testingJSON/user130/user130.json,idx_98
pinch,trainingSamples,raw_data/EMG-EPN612/testingJSON/user130/user130.json,idx_99
pinch,trainingSamples,raw_data/EMG-EPN612/testingJSON/user130/user130.json,idx_100
waveOut,trainingSamples,raw_data/EMG-EPN612/testingJSON/user130/user130.json,idx_101
waveOut,trainingSamples,raw_data/EMG-EPN612/testingJSON/user130/user130.json,idx_102
waveOut,trainingSamples,raw_data/EMG-EPN612/testingJSON/user130/user130.json,idx_103
waveOut,trainingSamples,raw_data/EMG-EPN612/testingJSON/user130/user130.json,idx_104
waveOut,trainingSamples,raw_data/EMG-EPN612/testingJSON/user130/user130.json,idx_105
waveOut,trainingSamples,raw_data/EMG-EPN612/testingJSON/user130/user130.json,idx_106
waveOut,trainingSamples,raw_data/EMG-EPN612/testingJSON/user130/user130.json,idx_107
waveOut,trainingSamples,raw_data/EMG-EPN612/testingJSON/user130/user130.json,idx_108
waveOut,trainingSamples,raw_data/EMG-EPN612/testingJSON/user130/user130.json,idx_109
waveOut,trainingSamples,raw_data/EMG-EPN612/testingJSON/user130/user130.json,idx_110
waveOut,trainingSamples,raw_data/EMG-EPN612/testingJSON/user130/user130.json,idx_111
waveOut,trainingSamples,raw_data/EMG-EPN612/testingJSON/user130/user130.json,idx_112
waveOut,trainingSamples,raw_data/EMG-EPN612/testingJSON/user130/user130.json,idx_113
waveOut,trainingSamples,raw_data/EMG-EPN612/testingJSON/user130/user130.json,idx_114
waveOut,trainingSamples,raw_data/EMG-EPN612/testingJSON/user130/user130.json,idx_115
waveOut,trainingSamples,raw_data/EMG-EPN612/testingJSON/user130/user130.json,idx_116
waveOut,trainingSamples,raw_data/EMG-EPN612/testingJSON/user130/user130.json,idx_117
waveOut,trainingSamples,raw_data/EMG-EPN612/testingJSON/user130/user130.json,idx_118
waveOut,trainingSamples,raw_data/EMG-EPN612/testingJSON/user130/user130.json,idx_119
waveOut,trainingSamples,raw_data/EMG-EPN612/testingJSON/user130/user130.json,idx_120
waveOut,trainingSamples,raw_data/EMG-EPN612/testingJSON/user130/user130.json,idx_121
waveOut,trainingSamples,raw_data/EMG-EPN612/testingJSON/user130/user130.json,idx_122
waveOut,trainingSamples,raw_data/EMG-EPN612/testingJSON/user130/user130.json,idx_123
waveOut,trainingSamples,raw_data/EMG-EPN612/testingJSON/user130/user130.json,idx_124
waveOut,trainingSamples,raw_data/EMG-EPN612/testingJSON/user130/user130.json,idx_125
open,trainingSamples,raw_data/EMG-EPN612/testingJSON/user130/user130.json,idx_126
open,trainingSamples,raw_data/EMG-EPN612/testingJSON/user130/user130.json,idx_127
open,trainingSamples,raw_data/EMG-EPN612/testingJSON/user130/user130.json,idx_128
open,trainingSamples,raw_data/EMG-EPN612/testingJSON/user130/user130.json,idx_129
open,trainingSamples,raw_data/EMG-EPN612/testingJSON/user130/user130.json,idx_130
open,trainingSamples,raw_data/EMG-EPN612/testingJSON/user130/user130.json,idx_131
open,trainingSamples,raw_data/EMG-EPN612/testingJSON/user130/user130.json,idx_132
open,trainingSamples,raw_data/EMG-EPN612/testingJSON/user130/user130.json,idx_133
open,trainingSamples,raw_data/EMG-EPN612/testingJSON/user130/user130.json,idx_134
open,trainingSamples,raw_data/EMG-EPN612/testingJSON/user130/user130.json,idx_135
open,trainingSamples,raw_data/EMG-EPN612/testingJSON/user130/user130.json,idx_136
open,trainingSamples,raw_data/EMG-EPN612/testingJSON/user130/user130.json,idx_137
open,trainingSamples,raw_data/EMG-EPN612/testingJSON/user130/user130.json,idx_138
open,trainingSamples,raw_data/EMG-EPN612/testingJSON/user130/user130.json,idx_139
open,trainingSamples,raw_data/EMG-EPN612/testingJSON/user130/user130.json,idx_140
open,trainingSamples,raw_data/EMG-EPN612/testingJSON/user130/user130.json,idx_141
open,trainingSamples,raw_data/EMG-EPN612/testingJSON/user130/user130.json,idx_142
open,trainingSamples,raw_data/EMG-EPN612/testingJSON/user130/user130.json,idx_143
open,trainingSamples,raw_data/EMG-EPN612/testingJSON/user130/user130.json,idx_144
open,trainingSamples,raw_data/EMG-EPN612/testingJSON/user130/user130.json,idx_145
open,trainingSamples,raw_data/EMG-EPN612/testingJSON/user130/user130.json,idx_146
open,trainingSamples,raw_data/EMG-EPN612/testingJSON/user130/user130.json,idx_147
open,trainingSamples,raw_data/EMG-EPN612/testingJSON/user130/user130.json,idx_148
open,trainingSamples,raw_data/EMG-EPN612/testingJSON/user130/user130.json,idx_149
open,trainingSamples,raw_data/EMG-EPN612/testingJSON/user130/user130.json,idx_150
noGesture,trainingSamples,raw_data/EMG-EPN612/testingJSON/user131/user131.json,idx_1
noGesture,trainingSamples,raw_data/EMG-EPN612/testingJSON/user131/user131.json,idx_2
noGesture,trainingSamples,raw_data/EMG-EPN612/testingJSON/user131/user131.json,idx_3
noGesture,trainingSamples,raw_data/EMG-EPN612/testingJSON/user131/user131.json,idx_4
noGesture,trainingSamples,raw_data/EMG-EPN612/testingJSON/user131/user131.json,idx_5
noGesture,trainingSamples,raw_data/EMG-EPN612/testingJSON/user131/user131.json,idx_6
noGesture,trainingSamples,raw_data/EMG-EPN612/testingJSON/user131/user131.json,idx_7
noGesture,trainingSamples,raw_data/EMG-EPN612/testingJSON/user131/user131.json,idx_8
noGesture,trainingSamples,raw_data/EMG-EPN612/testingJSON/user131/user131.json,idx_9
noGesture,trainingSamples,raw_data/EMG-EPN612/testingJSON/user131/user131.json,idx_10
noGesture,trainingSamples,raw_data/EMG-EPN612/testingJSON/user131/user131.json,idx_11
noGesture,trainingSamples,raw_data/EMG-EPN612/testingJSON/user131/user131.json,idx_12
noGesture,trainingSamples,raw_data/EMG-EPN612/testingJSON/user131/user131.json,idx_13
noGesture,trainingSamples,raw_data/EMG-EPN612/testingJSON/user131/user131.json,idx_14
noGesture,trainingSamples,raw_data/EMG-EPN612/testingJSON/user131/user131.json,idx_15
noGesture,trainingSamples,raw_data/EMG-EPN612/testingJSON/user131/user131.json,idx_16
noGesture,trainingSamples,raw_data/EMG-EPN612/testingJSON/user131/user131.json,idx_17
noGesture,trainingSamples,raw_data/EMG-EPN612/testingJSON/user131/user131.json,idx_18
noGesture,trainingSamples,raw_data/EMG-EPN612/testingJSON/user131/user131.json,idx_19
noGesture,trainingSamples,raw_data/EMG-EPN612/testingJSON/user131/user131.json,idx_20
noGesture,trainingSamples,raw_data/EMG-EPN612/testingJSON/user131/user131.json,idx_21
noGesture,trainingSamples,raw_data/EMG-EPN612/testingJSON/user131/user131.json,idx_22
noGesture,trainingSamples,raw_data/EMG-EPN612/testingJSON/user131/user131.json,idx_23
noGesture,trainingSamples,raw_data/EMG-EPN612/testingJSON/user131/user131.json,idx_24
noGesture,trainingSamples,raw_data/EMG-EPN612/testingJSON/user131/user131.json,idx_25
waveOut,trainingSamples,raw_data/EMG-EPN612/testingJSON/user131/user131.json,idx_26
waveOut,trainingSamples,raw_data/EMG-EPN612/testingJSON/user131/user131.json,idx_27
waveOut,trainingSamples,raw_data/EMG-EPN612/testingJSON/user131/user131.json,idx_28
waveOut,trainingSamples,raw_data/EMG-EPN612/testingJSON/user131/user131.json,idx_29
waveOut,trainingSamples,raw_data/EMG-EPN612/testingJSON/user131/user131.json,idx_30
waveOut,trainingSamples,raw_data/EMG-EPN612/testingJSON/user131/user131.json,idx_31
waveOut,trainingSamples,raw_data/EMG-EPN612/testingJSON/user131/user131.json,idx_32
waveOut,trainingSamples,raw_data/EMG-EPN612/testingJSON/user131/user131.json,idx_33
waveOut,trainingSamples,raw_data/EMG-EPN612/testingJSON/user131/user131.json,idx_34
waveOut,trainingSamples,raw_data/EMG-EPN612/testingJSON/user131/user131.json,idx_35
waveOut,trainingSamples,raw_data/EMG-EPN612/testingJSON/user131/user131.json,idx_36
waveOut,trainingSamples,raw_data/EMG-EPN612/testingJSON/user131/user131.json,idx_37
waveOut,trainingSamples,raw_data/EMG-EPN612/testingJSON/user131/user131.json,idx_38
waveOut,trainingSamples,raw_data/EMG-EPN612/testingJSON/user131/user131.json,idx_39
waveOut,trainingSamples,raw_data/EMG-EPN612/testingJSON/user131/user131.json,idx_40
waveOut,trainingSamples,raw_data/EMG-EPN612/testingJSON/user131/user131.json,idx_41
waveOut,trainingSamples,raw_data/EMG-EPN612/testingJSON/user131/user131.json,idx_42
waveOut,trainingSamples,raw_data/EMG-EPN612/testingJSON/user131/user131.json,idx_43
waveOut,trainingSamples,raw_data/EMG-EPN612/testingJSON/user131/user131.json,idx_44
waveOut,trainingSamples,raw_data/EMG-EPN612/testingJSON/user131/user131.json,idx_45
waveOut,trainingSamples,raw_data/EMG-EPN612/testingJSON/user131/user131.json,idx_46
waveOut,trainingSamples,raw_data/EMG-EPN612/testingJSON/user131/user131.json,idx_47
waveOut,trainingSamples,raw_data/EMG-EPN612/testingJSON/user131/user131.json,idx_48
waveOut,trainingSamples,raw_data/EMG-EPN612/testingJSON/user131/user131.json,idx_49
waveOut,trainingSamples,raw_data/EMG-EPN612/testingJSON/user131/user131.json,idx_50
pinch,trainingSamples,raw_data/EMG-EPN612/testingJSON/user131/user131.json,idx_51
pinch,trainingSamples,raw_data/EMG-EPN612/testingJSON/user131/user131.json,idx_52
pinch,trainingSamples,raw_data/EMG-EPN612/testingJSON/user131/user131.json,idx_53
pinch,trainingSamples,raw_data/EMG-EPN612/testingJSON/user131/user131.json,idx_54
pinch,trainingSamples,raw_data/EMG-EPN612/testingJSON/user131/user131.json,idx_55
pinch,trainingSamples,raw_data/EMG-EPN612/testingJSON/user131/user131.json,idx_56
pinch,trainingSamples,raw_data/EMG-EPN612/testingJSON/user131/user131.json,idx_57
pinch,trainingSamples,raw_data/EMG-EPN612/testingJSON/user131/user131.json,idx_58
pinch,trainingSamples,raw_data/EMG-EPN612/testingJSON/user131/user131.json,idx_59
pinch,trainingSamples,raw_data/EMG-EPN612/testingJSON/user131/user131.json,idx_60
pinch,trainingSamples,raw_data/EMG-EPN612/testingJSON/user131/user131.json,idx_61
pinch,trainingSamples,raw_data/EMG-EPN612/testingJSON/user131/user131.json,idx_62
pinch,trainingSamples,raw_data/EMG-EPN612/testingJSON/user131/user131.json,idx_63
pinch,trainingSamples,raw_data/EMG-EPN612/testingJSON/user131/user131.json,idx_64
pinch,trainingSamples,raw_data/EMG-EPN612/testingJSON/user131/user131.json,idx_65
pinch,trainingSamples,raw_data/EMG-EPN612/testingJSON/user131/user131.json,idx_66
pinch,trainingSamples,raw_data/EMG-EPN612/testingJSON/user131/user131.json,idx_67
pinch,trainingSamples,raw_data/EMG-EPN612/testingJSON/user131/user131.json,idx_68
pinch,trainingSamples,raw_data/EMG-EPN612/testingJSON/user131/user131.json,idx_69
pinch,trainingSamples,raw_data/EMG-EPN612/testingJSON/user131/user131.json,idx_70
pinch,trainingSamples,raw_data/EMG-EPN612/testingJSON/user131/user131.json,idx_71
pinch,trainingSamples,raw_data/EMG-EPN612/testingJSON/user131/user131.json,idx_72
pinch,trainingSamples,raw_data/EMG-EPN612/testingJSON/user131/user131.json,idx_73
pinch,trainingSamples,raw_data/EMG-EPN612/testingJSON/user131/user131.json,idx_74
pinch,trainingSamples,raw_data/EMG-EPN612/testingJSON/user131/user131.json,idx_75
fist,trainingSamples,raw_data/EMG-EPN612/testingJSON/user131/user131.json,idx_76
fist,trainingSamples,raw_data/EMG-EPN612/testingJSON/user131/user131.json,idx_77
fist,trainingSamples,raw_data/EMG-EPN612/testingJSON/user131/user131.json,idx_78
fist,trainingSamples,raw_data/EMG-EPN612/testingJSON/user131/user131.json,idx_79
fist,trainingSamples,raw_data/EMG-EPN612/testingJSON/user131/user131.json,idx_80
fist,trainingSamples,raw_data/EMG-EPN612/testingJSON/user131/user131.json,idx_81
fist,trainingSamples,raw_data/EMG-EPN612/testingJSON/user131/user131.json,idx_82
fist,trainingSamples,raw_data/EMG-EPN612/testingJSON/user131/user131.json,idx_83
fist,trainingSamples,raw_data/EMG-EPN612/testingJSON/user131/user131.json,idx_84
fist,trainingSamples,raw_data/EMG-EPN612/testingJSON/user131/user131.json,idx_85
fist,trainingSamples,raw_data/EMG-EPN612/testingJSON/user131/user131.json,idx_86
fist,trainingSamples,raw_data/EMG-EPN612/testingJSON/user131/user131.json,idx_87
fist,trainingSamples,raw_data/EMG-EPN612/testingJSON/user131/user131.json,idx_88
fist,trainingSamples,raw_data/EMG-EPN612/testingJSON/user131/user131.json,idx_89
fist,trainingSamples,raw_data/EMG-EPN612/testingJSON/user131/user131.json,idx_90
fist,trainingSamples,raw_data/EMG-EPN612/testingJSON/user131/user131.json,idx_91
fist,trainingSamples,raw_data/EMG-EPN612/testingJSON/user131/user131.json,idx_92
fist,trainingSamples,raw_data/EMG-EPN612/testingJSON/user131/user131.json,idx_93
fist,trainingSamples,raw_data/EMG-EPN612/testingJSON/user131/user131.json,idx_94
fist,trainingSamples,raw_data/EMG-EPN612/testingJSON/user131/user131.json,idx_95
fist,trainingSamples,raw_data/EMG-EPN612/testingJSON/user131/user131.json,idx_96
fist,trainingSamples,raw_data/EMG-EPN612/testingJSON/user131/user131.json,idx_97
fist,trainingSamples,raw_data/EMG-EPN612/testingJSON/user131/user131.json,idx_98
fist,trainingSamples,raw_data/EMG-EPN612/testingJSON/user131/user131.json,idx_99
fist,trainingSamples,raw_data/EMG-EPN612/testingJSON/user131/user131.json,idx_100
waveIn,trainingSamples,raw_data/EMG-EPN612/testingJSON/user131/user131.json,idx_101
waveIn,trainingSamples,raw_data/EMG-EPN612/testingJSON/user131/user131.json,idx_102
waveIn,trainingSamples,raw_data/EMG-EPN612/testingJSON/user131/user131.json,idx_103
waveIn,trainingSamples,raw_data/EMG-EPN612/testingJSON/user131/user131.json,idx_104
waveIn,trainingSamples,raw_data/EMG-EPN612/testingJSON/user131/user131.json,idx_105
waveIn,trainingSamples,raw_data/EMG-EPN612/testingJSON/user131/user131.json,idx_106
waveIn,trainingSamples,raw_data/EMG-EPN612/testingJSON/user131/user131.json,idx_107
waveIn,trainingSamples,raw_data/EMG-EPN612/testingJSON/user131/user131.json,idx_108
waveIn,trainingSamples,raw_data/EMG-EPN612/testingJSON/user131/user131.json,idx_109
waveIn,trainingSamples,raw_data/EMG-EPN612/testingJSON/user131/user131.json,idx_110
waveIn,trainingSamples,raw_data/EMG-EPN612/testingJSON/user131/user131.json,idx_111
waveIn,trainingSamples,raw_data/EMG-EPN612/testingJSON/user131/user131.json,idx_112
waveIn,trainingSamples,raw_data/EMG-EPN612/testingJSON/user131/user131.json,idx_113
waveIn,trainingSamples,raw_data/EMG-EPN612/testingJSON/user131/user131.json,idx_114
waveIn,trainingSamples,raw_data/EMG-EPN612/testingJSON/user131/user131.json,idx_115
waveIn,trainingSamples,raw_data/EMG-EPN612/testingJSON/user131/user131.json,idx_116
waveIn,trainingSamples,raw_data/EMG-EPN612/testingJSON/user131/user131.json,idx_117
waveIn,trainingSamples,raw_data/EMG-EPN612/testingJSON/user131/user131.json,idx_118
waveIn,trainingSamples,raw_data/EMG-EPN612/testingJSON/user131/user131.json,idx_119
waveIn,trainingSamples,raw_data/EMG-EPN612/testingJSON/user131/user131.json,idx_120
waveIn,trainingSamples,raw_data/EMG-EPN612/testingJSON/user131/user131.json,idx_121
waveIn,trainingSamples,raw_data/EMG-EPN612/testingJSON/user131/user131.json,idx_122
waveIn,trainingSamples,raw_data/EMG-EPN612/testingJSON/user131/user131.json,idx_123
waveIn,trainingSamples,raw_data/EMG-EPN612/testingJSON/user131/user131.json,idx_124
waveIn,trainingSamples,raw_data/EMG-EPN612/testingJSON/user131/user131.json,idx_125
open,trainingSamples,raw_data/EMG-EPN612/testingJSON/user131/user131.json,idx_126
open,trainingSamples,raw_data/EMG-EPN612/testingJSON/user131/user131.json,idx_127
open,trainingSamples,raw_data/EMG-EPN612/testingJSON/user131/user131.json,idx_128
open,trainingSamples,raw_data/EMG-EPN612/testingJSON/user131/user131.json,idx_129
open,trainingSamples,raw_data/EMG-EPN612/testingJSON/user131/user131.json,idx_130
open,trainingSamples,raw_data/EMG-EPN612/testingJSON/user131/user131.json,idx_131
open,trainingSamples,raw_data/EMG-EPN612/testingJSON/user131/user131.json,idx_132
open,trainingSamples,raw_data/EMG-EPN612/testingJSON/user131/user131.json,idx_133
open,trainingSamples,raw_data/EMG-EPN612/testingJSON/user131/user131.json,idx_134
open,trainingSamples,raw_data/EMG-EPN612/testingJSON/user131/user131.json,idx_135
open,trainingSamples,raw_data/EMG-EPN612/testingJSON/user131/user131.json,idx_136
open,trainingSamples,raw_data/EMG-EPN612/testingJSON/user131/user131.json,idx_137
open,trainingSamples,raw_data/EMG-EPN612/testingJSON/user131/user131.json,idx_138
open,trainingSamples,raw_data/EMG-EPN612/testingJSON/user131/user131.json,idx_139
open,trainingSamples,raw_data/EMG-EPN612/testingJSON/user131/user131.json,idx_140
open,trainingSamples,raw_data/EMG-EPN612/testingJSON/user131/user131.json,idx_141
open,trainingSamples,raw_data/EMG-EPN612/testingJSON/user131/user131.json,idx_142
open,trainingSamples,raw_data/EMG-EPN612/testingJSON/user131/user131.json,idx_143
open,trainingSamples,raw_data/EMG-EPN612/testingJSON/user131/user131.json,idx_144
open,trainingSamples,raw_data/EMG-EPN612/testingJSON/user131/user131.json,idx_145
open,trainingSamples,raw_data/EMG-EPN612/testingJSON/user131/user131.json,idx_146
open,trainingSamples,raw_data/EMG-EPN612/testingJSON/user131/user131.json,idx_147
open,trainingSamples,raw_data/EMG-EPN612/testingJSON/user131/user131.json,idx_148
open,trainingSamples,raw_data/EMG-EPN612/testingJSON/user131/user131.json,idx_149
open,trainingSamples,raw_data/EMG-EPN612/testingJSON/user131/user131.json,idx_150
noGesture,trainingSamples,raw_data/EMG-EPN612/testingJSON/user132/user132.json,idx_1
noGesture,trainingSamples,raw_data/EMG-EPN612/testingJSON/user132/user132.json,idx_2
noGesture,trainingSamples,raw_data/EMG-EPN612/testingJSON/user132/user132.json,idx_3
noGesture,trainingSamples,raw_data/EMG-EPN612/testingJSON/user132/user132.json,idx_4
noGesture,trainingSamples,raw_data/EMG-EPN612/testingJSON/user132/user132.json,idx_5
noGesture,trainingSamples,raw_data/EMG-EPN612/testingJSON/user132/user132.json,idx_6
noGesture,trainingSamples,raw_data/EMG-EPN612/testingJSON/user132/user132.json,idx_7
noGesture,trainingSamples,raw_data/EMG-EPN612/testingJSON/user132/user132.json,idx_8
noGesture,trainingSamples,raw_data/EMG-EPN612/testingJSON/user132/user132.json,idx_9
noGesture,trainingSamples,raw_data/EMG-EPN612/testingJSON/user132/user132.json,idx_10
noGesture,trainingSamples,raw_data/EMG-EPN612/testingJSON/user132/user132.json,idx_11
noGesture,trainingSamples,raw_data/EMG-EPN612/testingJSON/user132/user132.json,idx_12
noGesture,trainingSamples,raw_data/EMG-EPN612/testingJSON/user132/user132.json,idx_13
noGesture,trainingSamples,raw_data/EMG-EPN612/testingJSON/user132/user132.json,idx_14
noGesture,trainingSamples,raw_data/EMG-EPN612/testingJSON/user132/user132.json,idx_15
noGesture,trainingSamples,raw_data/EMG-EPN612/testingJSON/user132/user132.json,idx_16
noGesture,trainingSamples,raw_data/EMG-EPN612/testingJSON/user132/user132.json,idx_17
noGesture,trainingSamples,raw_data/EMG-EPN612/testingJSON/user132/user132.json,idx_18
noGesture,trainingSamples,raw_data/EMG-EPN612/testingJSON/user132/user132.json,idx_19
noGesture,trainingSamples,raw_data/EMG-EPN612/testingJSON/user132/user132.json,idx_20
noGesture,trainingSamples,raw_data/EMG-EPN612/testingJSON/user132/user132.json,idx_21
noGesture,trainingSamples,raw_data/EMG-EPN612/testingJSON/user132/user132.json,idx_22
noGesture,trainingSamples,raw_data/EMG-EPN612/testingJSON/user132/user132.json,idx_23
noGesture,trainingSamples,raw_data/EMG-EPN612/testingJSON/user132/user132.json,idx_24
noGesture,trainingSamples,raw_data/EMG-EPN612/testingJSON/user132/user132.json,idx_25
fist,trainingSamples,raw_data/EMG-EPN612/testingJSON/user132/user132.json,idx_26
fist,trainingSamples,raw_data/EMG-EPN612/testingJSON/user132/user132.json,idx_27
fist,trainingSamples,raw_data/EMG-EPN612/testingJSON/user132/user132.json,idx_28
fist,trainingSamples,raw_data/EMG-EPN612/testingJSON/user132/user132.json,idx_29
fist,trainingSamples,raw_data/EMG-EPN612/testingJSON/user132/user132.json,idx_30
fist,trainingSamples,raw_data/EMG-EPN612/testingJSON/user132/user132.json,idx_31
fist,trainingSamples,raw_data/EMG-EPN612/testingJSON/user132/user132.json,idx_32
fist,trainingSamples,raw_data/EMG-EPN612/testingJSON/user132/user132.json,idx_33
fist,trainingSamples,raw_data/EMG-EPN612/testingJSON/user132/user132.json,idx_34
fist,trainingSamples,raw_data/EMG-EPN612/testingJSON/user132/user132.json,idx_35
fist,trainingSamples,raw_data/EMG-EPN612/testingJSON/user132/user132.json,idx_36
fist,trainingSamples,raw_data/EMG-EPN612/testingJSON/user132/user132.json,idx_37
fist,trainingSamples,raw_data/EMG-EPN612/testingJSON/user132/user132.json,idx_38
fist,trainingSamples,raw_data/EMG-EPN612/testingJSON/user132/user132.json,idx_39
fist,trainingSamples,raw_data/EMG-EPN612/testingJSON/user132/user132.json,idx_40
fist,trainingSamples,raw_data/EMG-EPN612/testingJSON/user132/user132.json,idx_41
fist,trainingSamples,raw_data/EMG-EPN612/testingJSON/user132/user132.json,idx_42
fist,trainingSamples,raw_data/EMG-EPN612/testingJSON/user132/user132.json,idx_43
fist,trainingSamples,raw_data/EMG-EPN612/testingJSON/user132/user132.json,idx_44
fist,trainingSamples,raw_data/EMG-EPN612/testingJSON/user132/user132.json,idx_45
fist,trainingSamples,raw_data/EMG-EPN612/testingJSON/user132/user132.json,idx_46
fist,trainingSamples,raw_data/EMG-EPN612/testingJSON/user132/user132.json,idx_47
fist,trainingSamples,raw_data/EMG-EPN612/testingJSON/user132/user132.json,idx_48
fist,trainingSamples,raw_data/EMG-EPN612/testingJSON/user132/user132.json,idx_49
fist,trainingSamples,raw_data/EMG-EPN612/testingJSON/user132/user132.json,idx_50
open,trainingSamples,raw_data/EMG-EPN612/testingJSON/user132/user132.json,idx_51
open,trainingSamples,raw_data/EMG-EPN612/testingJSON/user132/user132.json,idx_52
open,trainingSamples,raw_data/EMG-EPN612/testingJSON/user132/user132.json,idx_53
open,trainingSamples,raw_data/EMG-EPN612/testingJSON/user132/user132.json,idx_54
open,trainingSamples,raw_data/EMG-EPN612/testingJSON/user132/user132.json,idx_55
open,trainingSamples,raw_data/EMG-EPN612/testingJSON/user132/user132.json,idx_56
open,trainingSamples,raw_data/EMG-EPN612/testingJSON/user132/user132.json,idx_57
open,trainingSamples,raw_data/EMG-EPN612/testingJSON/user132/user132.json,idx_58
open,trainingSamples,raw_data/EMG-EPN612/testingJSON/user132/user132.json,idx_59
open,trainingSamples,raw_data/EMG-EPN612/testingJSON/user132/user132.json,idx_60
open,trainingSamples,raw_data/EMG-EPN612/testingJSON/user132/user132.json,idx_61
open,trainingSamples,raw_data/EMG-EPN612/testingJSON/user132/user132.json,idx_62
open,trainingSamples,raw_data/EMG-EPN612/testingJSON/user132/user132.json,idx_63
open,trainingSamples,raw_data/EMG-EPN612/testingJSON/user132/user132.json,idx_64
open,trainingSamples,raw_data/EMG-EPN612/testingJSON/user132/user132.json,idx_65
open,trainingSamples,raw_data/EMG-EPN612/testingJSON/user132/user132.json,idx_66
open,trainingSamples,raw_data/EMG-EPN612/testingJSON/user132/user132.json,idx_67
open,trainingSamples,raw_data/EMG-EPN612/testingJSON/user132/user132.json,idx_68
open,trainingSamples,raw_data/EMG-EPN612/testingJSON/user132/user132.json,idx_69
open,trainingSamples,raw_data/EMG-EPN612/testingJSON/user132/user132.json,idx_70
open,trainingSamples,raw_data/EMG-EPN612/testingJSON/user132/user132.json,idx_71
open,trainingSamples,raw_data/EMG-EPN612/testingJSON/user132/user132.json,idx_72
open,trainingSamples,raw_data/EMG-EPN612/testingJSON/user132/user132.json,idx_73
open,trainingSamples,raw_data/EMG-EPN612/testingJSON/user132/user132.json,idx_74
open,trainingSamples,raw_data/EMG-EPN612/testingJSON/user132/user132.json,idx_75
pinch,trainingSamples,raw_data/EMG-EPN612/testingJSON/user132/user132.json,idx_76
pinch,trainingSamples,raw_data/EMG-EPN612/testingJSON/user132/user132.json,idx_77
pinch,trainingSamples,raw_data/EMG-EPN612/testingJSON/user132/user132.json,idx_78
pinch,trainingSamples,raw_data/EMG-EPN612/testingJSON/user132/user132.json,idx_79
pinch,trainingSamples,raw_data/EMG-EPN612/testingJSON/user132/user132.json,idx_80
pinch,trainingSamples,raw_data/EMG-EPN612/testingJSON/user132/user132.json,idx_81
pinch,trainingSamples,raw_data/EMG-EPN612/testingJSON/user132/user132.json,idx_82
pinch,trainingSamples,raw_data/EMG-EPN612/testingJSON/user132/user132.json,idx_83
pinch,trainingSamples,raw_data/EMG-EPN612/testingJSON/user132/user132.json,idx_84
pinch,trainingSamples,raw_data/EMG-EPN612/testingJSON/user132/user132.json,idx_85
pinch,trainingSamples,raw_data/EMG-EPN612/testingJSON/user132/user132.json,idx_86
pinch,trainingSamples,raw_data/EMG-EPN612/testingJSON/user132/user132.json,idx_87
pinch,trainingSamples,raw_data/EMG-EPN612/testingJSON/user132/user132.json,idx_88
pinch,trainingSamples,raw_data/EMG-EPN612/testingJSON/user132/user132.json,idx_89
pinch,trainingSamples,raw_data/EMG-EPN612/testingJSON/user132/user132.json,idx_90
pinch,trainingSamples,raw_data/EMG-EPN612/testingJSON/user132/user132.json,idx_91
pinch,trainingSamples,raw_data/EMG-EPN612/testingJSON/user132/user132.json,idx_92
pinch,trainingSamples,raw_data/EMG-EPN612/testingJSON/user132/user132.json,idx_93
pinch,trainingSamples,raw_data/EMG-EPN612/testingJSON/user132/user132.json,idx_94
pinch,trainingSamples,raw_data/EMG-EPN612/testingJSON/user132/user132.json,idx_95
pinch,trainingSamples,raw_data/EMG-EPN612/testingJSON/user132/user132.json,idx_96
pinch,trainingSamples,raw_data/EMG-EPN612/testingJSON/user132/user132.json,idx_97
pinch,trainingSamples,raw_data/EMG-EPN612/testingJSON/user132/user132.json,idx_98
pinch,trainingSamples,raw_data/EMG-EPN612/testingJSON/user132/user132.json,idx_99
pinch,trainingSamples,raw_data/EMG-EPN612/testingJSON/user132/user132.json,idx_100
waveOut,trainingSamples,raw_data/EMG-EPN612/testingJSON/user132/user132.json,idx_101
waveOut,trainingSamples,raw_data/EMG-EPN612/testingJSON/user132/user132.json,idx_102
waveOut,trainingSamples,raw_data/EMG-EPN612/testingJSON/user132/user132.json,idx_103
waveOut,trainingSamples,raw_data/EMG-EPN612/testingJSON/user132/user132.json,idx_104
waveOut,trainingSamples,raw_data/EMG-EPN612/testingJSON/user132/user132.json,idx_105
waveOut,trainingSamples,raw_data/EMG-EPN612/testingJSON/user132/user132.json,idx_106
waveOut,trainingSamples,raw_data/EMG-EPN612/testingJSON/user132/user132.json,idx_107
waveOut,trainingSamples,raw_data/EMG-EPN612/testingJSON/user132/user132.json,idx_108
waveOut,trainingSamples,raw_data/EMG-EPN612/testingJSON/user132/user132.json,idx_109
waveOut,trainingSamples,raw_data/EMG-EPN612/testingJSON/user132/user132.json,idx_110
waveOut,trainingSamples,raw_data/EMG-EPN612/testingJSON/user132/user132.json,idx_111
waveOut,trainingSamples,raw_data/EMG-EPN612/testingJSON/user132/user132.json,idx_112
waveOut,trainingSamples,raw_data/EMG-EPN612/testingJSON/user132/user132.json,idx_113
waveOut,trainingSamples,raw_data/EMG-EPN612/testingJSON/user132/user132.json,idx_114
waveOut,trainingSamples,raw_data/EMG-EPN612/testingJSON/user132/user132.json,idx_115
waveOut,trainingSamples,raw_data/EMG-EPN612/testingJSON/user132/user132.json,idx_116
waveOut,trainingSamples,raw_data/EMG-EPN612/testingJSON/user132/user132.json,idx_117
waveOut,trainingSamples,raw_data/EMG-EPN612/testingJSON/user132/user132.json,idx_118
waveOut,trainingSamples,raw_data/EMG-EPN612/testingJSON/user132/user132.json,idx_119
waveOut,trainingSamples,raw_data/EMG-EPN612/testingJSON/user132/user132.json,idx_120
waveOut,trainingSamples,raw_data/EMG-EPN612/testingJSON/user132/user132.json,idx_121
waveOut,trainingSamples,raw_data/EMG-EPN612/testingJSON/user132/user132.json,idx_122
waveOut,trainingSamples,raw_data/EMG-EPN612/testingJSON/user132/user132.json,idx_123
waveOut,trainingSamples,raw_data/EMG-EPN612/testingJSON/user132/user132.json,idx_124
waveOut,trainingSamples,raw_data/EMG-EPN612/testingJSON/user132/user132.json,idx_125
waveIn,trainingSamples,raw_data/EMG-EPN612/testingJSON/user132/user132.json,idx_126
waveIn,trainingSamples,raw_data/EMG-EPN612/testingJSON/user132/user132.json,idx_127
waveIn,trainingSamples,raw_data/EMG-EPN612/testingJSON/user132/user132.json,idx_128
waveIn,trainingSamples,raw_data/EMG-EPN612/testingJSON/user132/user132.json,idx_129
waveIn,trainingSamples,raw_data/EMG-EPN612/testingJSON/user132/user132.json,idx_130
waveIn,trainingSamples,raw_data/EMG-EPN612/testingJSON/user132/user132.json,idx_131
waveIn,trainingSamples,raw_data/EMG-EPN612/testingJSON/user132/user132.json,idx_132
waveIn,trainingSamples,raw_data/EMG-EPN612/testingJSON/user132/user132.json,idx_133
waveIn,trainingSamples,raw_data/EMG-EPN612/testingJSON/user132/user132.json,idx_134
waveIn,trainingSamples,raw_data/EMG-EPN612/testingJSON/user132/user132.json,idx_135
waveIn,trainingSamples,raw_data/EMG-EPN612/testingJSON/user132/user132.json,idx_136
waveIn,trainingSamples,raw_data/EMG-EPN612/testingJSON/user132/user132.json,idx_137
waveIn,trainingSamples,raw_data/EMG-EPN612/testingJSON/user132/user132.json,idx_138
waveIn,trainingSamples,raw_data/EMG-EPN612/testingJSON/user132/user132.json,idx_139
waveIn,trainingSamples,raw_data/EMG-EPN612/testingJSON/user132/user132.json,idx_140
waveIn,trainingSamples,raw_data/EMG-EPN612/testingJSON/user132/user132.json,idx_141
waveIn,trainingSamples,raw_data/EMG-EPN612/testingJSON/user132/user132.json,idx_142
waveIn,trainingSamples,raw_data/EMG-EPN612/testingJSON/user132/user132.json,idx_143
waveIn,trainingSamples,raw_data/EMG-EPN612/testingJSON/user132/user132.json,idx_144
waveIn,trainingSamples,raw_data/EMG-EPN612/testingJSON/user132/user132.json,idx_145
waveIn,trainingSamples,raw_data/EMG-EPN612/testingJSON/user132/user132.json,idx_146
waveIn,trainingSamples,raw_data/EMG-EPN612/testingJSON/user132/user132.json,idx_147
waveIn,trainingSamples,raw_data/EMG-EPN612/testingJSON/user132/user132.json,idx_148
waveIn,trainingSamples,raw_data/EMG-EPN612/testingJSON/user132/user132.json,idx_149
waveIn,trainingSamples,raw_data/EMG-EPN612/testingJSON/user132/user132.json,idx_150
noGesture,trainingSamples,raw_data/EMG-EPN612/testingJSON/user133/user133.json,idx_1
noGesture,trainingSamples,raw_data/EMG-EPN612/testingJSON/user133/user133.json,idx_2
noGesture,trainingSamples,raw_data/EMG-EPN612/testingJSON/user133/user133.json,idx_3
noGesture,trainingSamples,raw_data/EMG-EPN612/testingJSON/user133/user133.json,idx_4
noGesture,trainingSamples,raw_data/EMG-EPN612/testingJSON/user133/user133.json,idx_5
noGesture,trainingSamples,raw_data/EMG-EPN612/testingJSON/user133/user133.json,idx_6
noGesture,trainingSamples,raw_data/EMG-EPN612/testingJSON/user133/user133.json,idx_7
noGesture,trainingSamples,raw_data/EMG-EPN612/testingJSON/user133/user133.json,idx_8
noGesture,trainingSamples,raw_data/EMG-EPN612/testingJSON/user133/user133.json,idx_9
noGesture,trainingSamples,raw_data/EMG-EPN612/testingJSON/user133/user133.json,idx_10
noGesture,trainingSamples,raw_data/EMG-EPN612/testingJSON/user133/user133.json,idx_11
noGesture,trainingSamples,raw_data/EMG-EPN612/testingJSON/user133/user133.json,idx_12
noGesture,trainingSamples,raw_data/EMG-EPN612/testingJSON/user133/user133.json,idx_13
noGesture,trainingSamples,raw_data/EMG-EPN612/testingJSON/user133/user133.json,idx_14
noGesture,trainingSamples,raw_data/EMG-EPN612/testingJSON/user133/user133.json,idx_15
noGesture,trainingSamples,raw_data/EMG-EPN612/testingJSON/user133/user133.json,idx_16
noGesture,trainingSamples,raw_data/EMG-EPN612/testingJSON/user133/user133.json,idx_17
noGesture,trainingSamples,raw_data/EMG-EPN612/testingJSON/user133/user133.json,idx_18
noGesture,trainingSamples,raw_data/EMG-EPN612/testingJSON/user133/user133.json,idx_19
noGesture,trainingSamples,raw_data/EMG-EPN612/testingJSON/user133/user133.json,idx_20
noGesture,trainingSamples,raw_data/EMG-EPN612/testingJSON/user133/user133.json,idx_21
noGesture,trainingSamples,raw_data/EMG-EPN612/testingJSON/user133/user133.json,idx_22
noGesture,trainingSamples,raw_data/EMG-EPN612/testingJSON/user133/user133.json,idx_23
noGesture,trainingSamples,raw_data/EMG-EPN612/testingJSON/user133/user133.json,idx_24
noGesture,trainingSamples,raw_data/EMG-EPN612/testingJSON/user133/user133.json,idx_25
fist,trainingSamples,raw_data/EMG-EPN612/testingJSON/user133/user133.json,idx_26
fist,trainingSamples,raw_data/EMG-EPN612/testingJSON/user133/user133.json,idx_27
fist,trainingSamples,raw_data/EMG-EPN612/testingJSON/user133/user133.json,idx_28
fist,trainingSamples,raw_data/EMG-EPN612/testingJSON/user133/user133.json,idx_29
fist,trainingSamples,raw_data/EMG-EPN612/testingJSON/user133/user133.json,idx_30
fist,trainingSamples,raw_data/EMG-EPN612/testingJSON/user133/user133.json,idx_31
fist,trainingSamples,raw_data/EMG-EPN612/testingJSON/user133/user133.json,idx_32
fist,trainingSamples,raw_data/EMG-EPN612/testingJSON/user133/user133.json,idx_33
fist,trainingSamples,raw_data/EMG-EPN612/testingJSON/user133/user133.json,idx_34
fist,trainingSamples,raw_data/EMG-EPN612/testingJSON/user133/user133.json,idx_35
fist,trainingSamples,raw_data/EMG-EPN612/testingJSON/user133/user133.json,idx_36
fist,trainingSamples,raw_data/EMG-EPN612/testingJSON/user133/user133.json,idx_37
fist,trainingSamples,raw_data/EMG-EPN612/testingJSON/user133/user133.json,idx_38
fist,trainingSamples,raw_data/EMG-EPN612/testingJSON/user133/user133.json,idx_39
fist,trainingSamples,raw_data/EMG-EPN612/testingJSON/user133/user133.json,idx_40
fist,trainingSamples,raw_data/EMG-EPN612/testingJSON/user133/user133.json,idx_41
fist,trainingSamples,raw_data/EMG-EPN612/testingJSON/user133/user133.json,idx_42
fist,trainingSamples,raw_data/EMG-EPN612/testingJSON/user133/user133.json,idx_43
fist,trainingSamples,raw_data/EMG-EPN612/testingJSON/user133/user133.json,idx_44
fist,trainingSamples,raw_data/EMG-EPN612/testingJSON/user133/user133.json,idx_45
fist,trainingSamples,raw_data/EMG-EPN612/testingJSON/user133/user133.json,idx_46
fist,trainingSamples,raw_data/EMG-EPN612/testingJSON/user133/user133.json,idx_47
fist,trainingSamples,raw_data/EMG-EPN612/testingJSON/user133/user133.json,idx_48
fist,trainingSamples,raw_data/EMG-EPN612/testingJSON/user133/user133.json,idx_49
fist,trainingSamples,raw_data/EMG-EPN612/testingJSON/user133/user133.json,idx_50
open,trainingSamples,raw_data/EMG-EPN612/testingJSON/user133/user133.json,idx_51
open,trainingSamples,raw_data/EMG-EPN612/testingJSON/user133/user133.json,idx_52
open,trainingSamples,raw_data/EMG-EPN612/testingJSON/user133/user133.json,idx_53
open,trainingSamples,raw_data/EMG-EPN612/testingJSON/user133/user133.json,idx_54
open,trainingSamples,raw_data/EMG-EPN612/testingJSON/user133/user133.json,idx_55
open,trainingSamples,raw_data/EMG-EPN612/testingJSON/user133/user133.json,idx_56
open,trainingSamples,raw_data/EMG-EPN612/testingJSON/user133/user133.json,idx_57
open,trainingSamples,raw_data/EMG-EPN612/testingJSON/user133/user133.json,idx_58
open,trainingSamples,raw_data/EMG-EPN612/testingJSON/user133/user133.json,idx_59
open,trainingSamples,raw_data/EMG-EPN612/testingJSON/user133/user133.json,idx_60
open,trainingSamples,raw_data/EMG-EPN612/testingJSON/user133/user133.json,idx_61
open,trainingSamples,raw_data/EMG-EPN612/testingJSON/user133/user133.json,idx_62
open,trainingSamples,raw_data/EMG-EPN612/testingJSON/user133/user133.json,idx_63
open,trainingSamples,raw_data/EMG-EPN612/testingJSON/user133/user133.json,idx_64
open,trainingSamples,raw_data/EMG-EPN612/testingJSON/user133/user133.json,idx_65
open,trainingSamples,raw_data/EMG-EPN612/testingJSON/user133/user133.json,idx_66
open,trainingSamples,raw_data/EMG-EPN612/testingJSON/user133/user133.json,idx_67
open,trainingSamples,raw_data/EMG-EPN612/testingJSON/user133/user133.json,idx_68
open,trainingSamples,raw_data/EMG-EPN612/testingJSON/user133/user133.json,idx_69
open,trainingSamples,raw_data/EMG-EPN612/testingJSON/user133/user133.json,idx_70
open,trainingSamples,raw_data/EMG-EPN612/testingJSON/user133/user133.json,idx_71
open,trainingSamples,raw_data/EMG-EPN612/testingJSON/user133/user133.json,idx_72
open,trainingSamples,raw_data/EMG-EPN612/testingJSON/user133/user133.json,idx_73
open,trainingSamples,raw_data/EMG-EPN612/testingJSON/user133/user133.json,idx_74
open,trainingSamples,raw_data/EMG-EPN612/testingJSON/user133/user133.json,idx_75
pinch,trainingSamples,raw_data/EMG-EPN612/testingJSON/user133/user133.json,idx_76
pinch,trainingSamples,raw_data/EMG-EPN612/testingJSON/user133/user133.json,idx_77
pinch,trainingSamples,raw_data/EMG-EPN612/testingJSON/user133/user133.json,idx_78
pinch,trainingSamples,raw_data/EMG-EPN612/testingJSON/user133/user133.json,idx_79
pinch,trainingSamples,raw_data/EMG-EPN612/testingJSON/user133/user133.json,idx_80
pinch,trainingSamples,raw_data/EMG-EPN612/testingJSON/user133/user133.json,idx_81
pinch,trainingSamples,raw_data/EMG-EPN612/testingJSON/user133/user133.json,idx_82
pinch,trainingSamples,raw_data/EMG-EPN612/testingJSON/user133/user133.json,idx_83
pinch,trainingSamples,raw_data/EMG-EPN612/testingJSON/user133/user133.json,idx_84
pinch,trainingSamples,raw_data/EMG-EPN612/testingJSON/user133/user133.json,idx_85
pinch,trainingSamples,raw_data/EMG-EPN612/testingJSON/user133/user133.json,idx_86
pinch,trainingSamples,raw_data/EMG-EPN612/testingJSON/user133/user133.json,idx_87
pinch,trainingSamples,raw_data/EMG-EPN612/testingJSON/user133/user133.json,idx_88
pinch,trainingSamples,raw_data/EMG-EPN612/testingJSON/user133/user133.json,idx_89
pinch,trainingSamples,raw_data/EMG-EPN612/testingJSON/user133/user133.json,idx_90
pinch,trainingSamples,raw_data/EMG-EPN612/testingJSON/user133/user133.json,idx_91
pinch,trainingSamples,raw_data/EMG-EPN612/testingJSON/user133/user133.json,idx_92
pinch,trainingSamples,raw_data/EMG-EPN612/testingJSON/user133/user133.json,idx_93
pinch,trainingSamples,raw_data/EMG-EPN612/testingJSON/user133/user133.json,idx_94
pinch,trainingSamples,raw_data/EMG-EPN612/testingJSON/user133/user133.json,idx_95
pinch,trainingSamples,raw_data/EMG-EPN612/testingJSON/user133/user133.json,idx_96
pinch,trainingSamples,raw_data/EMG-EPN612/testingJSON/user133/user133.json,idx_97
pinch,trainingSamples,raw_data/EMG-EPN612/testingJSON/user133/user133.json,idx_98
pinch,trainingSamples,raw_data/EMG-EPN612/testingJSON/user133/user133.json,idx_99
pinch,trainingSamples,raw_data/EMG-EPN612/testingJSON/user133/user133.json,idx_100
waveIn,trainingSamples,raw_data/EMG-EPN612/testingJSON/user133/user133.json,idx_101
waveIn,trainingSamples,raw_data/EMG-EPN612/testingJSON/user133/user133.json,idx_102
waveIn,trainingSamples,raw_data/EMG-EPN612/testingJSON/user133/user133.json,idx_103
waveIn,trainingSamples,raw_data/EMG-EPN612/testingJSON/user133/user133.json,idx_104
waveIn,trainingSamples,raw_data/EMG-EPN612/testingJSON/user133/user133.json,idx_105
waveIn,trainingSamples,raw_data/EMG-EPN612/testingJSON/user133/user133.json,idx_106
waveIn,trainingSamples,raw_data/EMG-EPN612/testingJSON/user133/user133.json,idx_107
waveIn,trainingSamples,raw_data/EMG-EPN612/testingJSON/user133/user133.json,idx_108
waveIn,trainingSamples,raw_data/EMG-EPN612/testingJSON/user133/user133.json,idx_109
waveIn,trainingSamples,raw_data/EMG-EPN612/testingJSON/user133/user133.json,idx_110
waveIn,trainingSamples,raw_data/EMG-EPN612/testingJSON/user133/user133.json,idx_111
waveIn,trainingSamples,raw_data/EMG-EPN612/testingJSON/user133/user133.json,idx_112
waveIn,trainingSamples,raw_data/EMG-EPN612/testingJSON/user133/user133.json,idx_113
waveIn,trainingSamples,raw_data/EMG-EPN612/testingJSON/user133/user133.json,idx_114
waveIn,trainingSamples,raw_data/EMG-EPN612/testingJSON/user133/user133.json,idx_115
waveIn,trainingSamples,raw_data/EMG-EPN612/testingJSON/user133/user133.json,idx_116
waveIn,trainingSamples,raw_data/EMG-EPN612/testingJSON/user133/user133.json,idx_117
waveIn,trainingSamples,raw_data/EMG-EPN612/testingJSON/user133/user133.json,idx_118
waveIn,trainingSamples,raw_data/EMG-EPN612/testingJSON/user133/user133.json,idx_119
waveIn,trainingSamples,raw_data/EMG-EPN612/testingJSON/user133/user133.json,idx_120
waveIn,trainingSamples,raw_data/EMG-EPN612/testingJSON/user133/user133.json,idx_121
waveIn,trainingSamples,raw_data/EMG-EPN612/testingJSON/user133/user133.json,idx_122
waveIn,trainingSamples,raw_data/EMG-EPN612/testingJSON/user133/user133.json,idx_123
waveIn,trainingSamples,raw_data/EMG-EPN612/testingJSON/user133/user133.json,idx_124
waveIn,trainingSamples,raw_data/EMG-EPN612/testingJSON/user133/user133.json,idx_125
waveOut,trainingSamples,raw_data/EMG-EPN612/testingJSON/user133/user133.json,idx_126
waveOut,trainingSamples,raw_data/EMG-EPN612/testingJSON/user133/user133.json,idx_127
waveOut,trainingSamples,raw_data/EMG-EPN612/testingJSON/user133/user133.json,idx_128
waveOut,trainingSamples,raw_data/EMG-EPN612/testingJSON/user133/user133.json,idx_129
waveOut,trainingSamples,raw_data/EMG-EPN612/testingJSON/user133/user133.json,idx_130
waveOut,trainingSamples,raw_data/EMG-EPN612/testingJSON/user133/user133.json,idx_131
waveOut,trainingSamples,raw_data/EMG-EPN612/testingJSON/user133/user133.json,idx_132
waveOut,trainingSamples,raw_data/EMG-EPN612/testingJSON/user133/user133.json,idx_133
waveOut,trainingSamples,raw_data/EMG-EPN612/testingJSON/user133/user133.json,idx_134
waveOut,trainingSamples,raw_data/EMG-EPN612/testingJSON/user133/user133.json,idx_135
waveOut,trainingSamples,raw_data/EMG-EPN612/testingJSON/user133/user133.json,idx_136
waveOut,trainingSamples,raw_data/EMG-EPN612/testingJSON/user133/user133.json,idx_137
waveOut,trainingSamples,raw_data/EMG-EPN612/testingJSON/user133/user133.json,idx_138
waveOut,trainingSamples,raw_data/EMG-EPN612/testingJSON/user133/user133.json,idx_139
waveOut,trainingSamples,raw_data/EMG-EPN612/testingJSON/user133/user133.json,idx_140
waveOut,trainingSamples,raw_data/EMG-EPN612/testingJSON/user133/user133.json,idx_141
waveOut,trainingSamples,raw_data/EMG-EPN612/testingJSON/user133/user133.json,idx_142
waveOut,trainingSamples,raw_data/EMG-EPN612/testingJSON/user133/user133.json,idx_143
waveOut,trainingSamples,raw_data/EMG-EPN612/testingJSON/user133/user133.json,idx_144
waveOut,trainingSamples,raw_data/EMG-EPN612/testingJSON/user133/user133.json,idx_145
waveOut,trainingSamples,raw_data/EMG-EPN612/testingJSON/user133/user133.json,idx_146
waveOut,trainingSamples,raw_data/EMG-EPN612/testingJSON/user133/user133.json,idx_147
waveOut,trainingSamples,raw_data/EMG-EPN612/testingJSON/user133/user133.json,idx_148
waveOut,trainingSamples,raw_data/EMG-EPN612/testingJSON/user133/user133.json,idx_149
waveOut,trainingSamples,raw_data/EMG-EPN612/testingJSON/user133/user133.json,idx_150
noGesture,trainingSamples,raw_data/EMG-EPN612/testingJSON/user134/user134.json,idx_1
noGesture,trainingSamples,raw_data/EMG-EPN612/testingJSON/user134/user134.json,idx_2
noGesture,trainingSamples,raw_data/EMG-EPN612/testingJSON/user134/user134.json,idx_3
noGesture,trainingSamples,raw_data/EMG-EPN612/testingJSON/user134/user134.json,idx_4
noGesture,trainingSamples,raw_data/EMG-EPN612/testingJSON/user134/user134.json,idx_5
noGesture,trainingSamples,raw_data/EMG-EPN612/testingJSON/user134/user134.json,idx_6
noGesture,trainingSamples,raw_data/EMG-EPN612/testingJSON/user134/user134.json,idx_7
noGesture,trainingSamples,raw_data/EMG-EPN612/testingJSON/user134/user134.json,idx_8
noGesture,trainingSamples,raw_data/EMG-EPN612/testingJSON/user134/user134.json,idx_9
noGesture,trainingSamples,raw_data/EMG-EPN612/testingJSON/user134/user134.json,idx_10
noGesture,trainingSamples,raw_data/EMG-EPN612/testingJSON/user134/user134.json,idx_11
noGesture,trainingSamples,raw_data/EMG-EPN612/testingJSON/user134/user134.json,idx_12
noGesture,trainingSamples,raw_data/EMG-EPN612/testingJSON/user134/user134.json,idx_13
noGesture,trainingSamples,raw_data/EMG-EPN612/testingJSON/user134/user134.json,idx_14
noGesture,trainingSamples,raw_data/EMG-EPN612/testingJSON/user134/user134.json,idx_15
noGesture,trainingSamples,raw_data/EMG-EPN612/testingJSON/user134/user134.json,idx_16
noGesture,trainingSamples,raw_data/EMG-EPN612/testingJSON/user134/user134.json,idx_17
noGesture,trainingSamples,raw_data/EMG-EPN612/testingJSON/user134/user134.json,idx_18
noGesture,trainingSamples,raw_data/EMG-EPN612/testingJSON/user134/user134.json,idx_19
noGesture,trainingSamples,raw_data/EMG-EPN612/testingJSON/user134/user134.json,idx_20
noGesture,trainingSamples,raw_data/EMG-EPN612/testingJSON/user134/user134.json,idx_21
noGesture,trainingSamples,raw_data/EMG-EPN612/testingJSON/user134/user134.json,idx_22
noGesture,trainingSamples,raw_data/EMG-EPN612/testingJSON/user134/user134.json,idx_23
noGesture,trainingSamples,raw_data/EMG-EPN612/testingJSON/user134/user134.json,idx_24
noGesture,trainingSamples,raw_data/EMG-EPN612/testingJSON/user134/user134.json,idx_25
waveIn,trainingSamples,raw_data/EMG-EPN612/testingJSON/user134/user134.json,idx_26
waveIn,trainingSamples,raw_data/EMG-EPN612/testingJSON/user134/user134.json,idx_27
waveIn,trainingSamples,raw_data/EMG-EPN612/testingJSON/user134/user134.json,idx_28
waveIn,trainingSamples,raw_data/EMG-EPN612/testingJSON/user134/user134.json,idx_29
waveIn,trainingSamples,raw_data/EMG-EPN612/testingJSON/user134/user134.json,idx_30
waveIn,trainingSamples,raw_data/EMG-EPN612/testingJSON/user134/user134.json,idx_31
waveIn,trainingSamples,raw_data/EMG-EPN612/testingJSON/user134/user134.json,idx_32
waveIn,trainingSamples,raw_data/EMG-EPN612/testingJSON/user134/user134.json,idx_33
waveIn,trainingSamples,raw_data/EMG-EPN612/testingJSON/user134/user134.json,idx_34
waveIn,trainingSamples,raw_data/EMG-EPN612/testingJSON/user134/user134.json,idx_35
waveIn,trainingSamples,raw_data/EMG-EPN612/testingJSON/user134/user134.json,idx_36
waveIn,trainingSamples,raw_data/EMG-EPN612/testingJSON/user134/user134.json,idx_37
waveIn,trainingSamples,raw_data/EMG-EPN612/testingJSON/user134/user134.json,idx_38
waveIn,trainingSamples,raw_data/EMG-EPN612/testingJSON/user134/user134.json,idx_39
waveIn,trainingSamples,raw_data/EMG-EPN612/testingJSON/user134/user134.json,idx_40
waveIn,trainingSamples,raw_data/EMG-EPN612/testingJSON/user134/user134.json,idx_41
waveIn,trainingSamples,raw_data/EMG-EPN612/testingJSON/user134/user134.json,idx_42
waveIn,trainingSamples,raw_data/EMG-EPN612/testingJSON/user134/user134.json,idx_43
waveIn,trainingSamples,raw_data/EMG-EPN612/testingJSON/user134/user134.json,idx_44
waveIn,trainingSamples,raw_data/EMG-EPN612/testingJSON/user134/user134.json,idx_45
waveIn,trainingSamples,raw_data/EMG-EPN612/testingJSON/user134/user134.json,idx_46
waveIn,trainingSamples,raw_data/EMG-EPN612/testingJSON/user134/user134.json,idx_47
waveIn,trainingSamples,raw_data/EMG-EPN612/testingJSON/user134/user134.json,idx_48
waveIn,trainingSamples,raw_data/EMG-EPN612/testingJSON/user134/user134.json,idx_49
waveIn,trainingSamples,raw_data/EMG-EPN612/testingJSON/user134/user134.json,idx_50
waveOut,trainingSamples,raw_data/EMG-EPN612/testingJSON/user134/user134.json,idx_51
waveOut,trainingSamples,raw_data/EMG-EPN612/testingJSON/user134/user134.json,idx_52
waveOut,trainingSamples,raw_data/EMG-EPN612/testingJSON/user134/user134.json,idx_53
waveOut,trainingSamples,raw_data/EMG-EPN612/testingJSON/user134/user134.json,idx_54
waveOut,trainingSamples,raw_data/EMG-EPN612/testingJSON/user134/user134.json,idx_55
waveOut,trainingSamples,raw_data/EMG-EPN612/testingJSON/user134/user134.json,idx_56
waveOut,trainingSamples,raw_data/EMG-EPN612/testingJSON/user134/user134.json,idx_57
waveOut,trainingSamples,raw_data/EMG-EPN612/testingJSON/user134/user134.json,idx_58
waveOut,trainingSamples,raw_data/EMG-EPN612/testingJSON/user134/user134.json,idx_59
waveOut,trainingSamples,raw_data/EMG-EPN612/testingJSON/user134/user134.json,idx_60
waveOut,trainingSamples,raw_data/EMG-EPN612/testingJSON/user134/user134.json,idx_61
waveOut,trainingSamples,raw_data/EMG-EPN612/testingJSON/user134/user134.json,idx_62
waveOut,trainingSamples,raw_data/EMG-EPN612/testingJSON/user134/user134.json,idx_63
waveOut,trainingSamples,raw_data/EMG-EPN612/testingJSON/user134/user134.json,idx_64
waveOut,trainingSamples,raw_data/EMG-EPN612/testingJSON/user134/user134.json,idx_65
waveOut,trainingSamples,raw_data/EMG-EPN612/testingJSON/user134/user134.json,idx_66
waveOut,trainingSamples,raw_data/EMG-EPN612/testingJSON/user134/user134.json,idx_67
waveOut,trainingSamples,raw_data/EMG-EPN612/testingJSON/user134/user134.json,idx_68
waveOut,trainingSamples,raw_data/EMG-EPN612/testingJSON/user134/user134.json,idx_69
waveOut,trainingSamples,raw_data/EMG-EPN612/testingJSON/user134/user134.json,idx_70
waveOut,trainingSamples,raw_data/EMG-EPN612/testingJSON/user134/user134.json,idx_71
waveOut,trainingSamples,raw_data/EMG-EPN612/testingJSON/user134/user134.json,idx_72
waveOut,trainingSamples,raw_data/EMG-EPN612/testingJSON/user134/user134.json,idx_73
waveOut,trainingSamples,raw_data/EMG-EPN612/testingJSON/user134/user134.json,idx_74
waveOut,trainingSamples,raw_data/EMG-EPN612/testingJSON/user134/user134.json,idx_75
fist,trainingSamples,raw_data/EMG-EPN612/testingJSON/user134/user134.json,idx_76
fist,trainingSamples,raw_data/EMG-EPN612/testingJSON/user134/user134.json,idx_77
fist,trainingSamples,raw_data/EMG-EPN612/testingJSON/user134/user134.json,idx_78
fist,trainingSamples,raw_data/EMG-EPN612/testingJSON/user134/user134.json,idx_79
fist,trainingSamples,raw_data/EMG-EPN612/testingJSON/user134/user134.json,idx_80
fist,trainingSamples,raw_data/EMG-EPN612/testingJSON/user134/user134.json,idx_81
fist,trainingSamples,raw_data/EMG-EPN612/testingJSON/user134/user134.json,idx_82
fist,trainingSamples,raw_data/EMG-EPN612/testingJSON/user134/user134.json,idx_83
fist,trainingSamples,raw_data/EMG-EPN612/testingJSON/user134/user134.json,idx_84
fist,trainingSamples,raw_data/EMG-EPN612/testingJSON/user134/user134.json,idx_85
fist,trainingSamples,raw_data/EMG-EPN612/testingJSON/user134/user134.json,idx_86
fist,trainingSamples,raw_data/EMG-EPN612/testingJSON/user134/user134.json,idx_87
fist,trainingSamples,raw_data/EMG-EPN612/testingJSON/user134/user134.json,idx_88
fist,trainingSamples,raw_data/EMG-EPN612/testingJSON/user134/user134.json,idx_89
fist,trainingSamples,raw_data/EMG-EPN612/testingJSON/user134/user134.json,idx_90
fist,trainingSamples,raw_data/EMG-EPN612/testingJSON/user134/user134.json,idx_91
fist,trainingSamples,raw_data/EMG-EPN612/testingJSON/user134/user134.json,idx_92
fist,trainingSamples,raw_data/EMG-EPN612/testingJSON/user134/user134.json,idx_93
fist,trainingSamples,raw_data/EMG-EPN612/testingJSON/user134/user134.json,idx_94
fist,trainingSamples,raw_data/EMG-EPN612/testingJSON/user134/user134.json,idx_95
fist,trainingSamples,raw_data/EMG-EPN612/testingJSON/user134/user134.json,idx_96
fist,trainingSamples,raw_data/EMG-EPN612/testingJSON/user134/user134.json,idx_97
fist,trainingSamples,raw_data/EMG-EPN612/testingJSON/user134/user134.json,idx_98
fist,trainingSamples,raw_data/EMG-EPN612/testingJSON/user134/user134.json,idx_99
fist,trainingSamples,raw_data/EMG-EPN612/testingJSON/user134/user134.json,idx_100
pinch,trainingSamples,raw_data/EMG-EPN612/testingJSON/user134/user134.json,idx_101
pinch,trainingSamples,raw_data/EMG-EPN612/testingJSON/user134/user134.json,idx_102
pinch,trainingSamples,raw_data/EMG-EPN612/testingJSON/user134/user134.json,idx_103
pinch,trainingSamples,raw_data/EMG-EPN612/testingJSON/user134/user134.json,idx_104
pinch,trainingSamples,raw_data/EMG-EPN612/testingJSON/user134/user134.json,idx_105
pinch,trainingSamples,raw_data/EMG-EPN612/testingJSON/user134/user134.json,idx_106
pinch,trainingSamples,raw_data/EMG-EPN612/testingJSON/user134/user134.json,idx_107
pinch,trainingSamples,raw_data/EMG-EPN612/testingJSON/user134/user134.json,idx_108
pinch,trainingSamples,raw_data/EMG-EPN612/testingJSON/user134/user134.json,idx_109
pinch,trainingSamples,raw_data/EMG-EPN612/testingJSON/user134/user134.json,idx_110
pinch,trainingSamples,raw_data/EMG-EPN612/testingJSON/user134/user134.json,idx_111
pinch,trainingSamples,raw_data/EMG-EPN612/testingJSON/user134/user134.json,idx_112
pinch,trainingSamples,raw_data/EMG-EPN612/testingJSON/user134/user134.json,idx_113
pinch,trainingSamples,raw_data/EMG-EPN612/testingJSON/user134/user134.json,idx_114
pinch,trainingSamples,raw_data/EMG-EPN612/testingJSON/user134/user134.json,idx_115
pinch,trainingSamples,raw_data/EMG-EPN612/testingJSON/user134/user134.json,idx_116
pinch,trainingSamples,raw_data/EMG-EPN612/testingJSON/user134/user134.json,idx_117
pinch,trainingSamples,raw_data/EMG-EPN612/testingJSON/user134/user134.json,idx_118
pinch,trainingSamples,raw_data/EMG-EPN612/testingJSON/user134/user134.json,idx_119
pinch,trainingSamples,raw_data/EMG-EPN612/testingJSON/user134/user134.json,idx_120
pinch,trainingSamples,raw_data/EMG-EPN612/testingJSON/user134/user134.json,idx_121
pinch,trainingSamples,raw_data/EMG-EPN612/testingJSON/user134/user134.json,idx_122
pinch,trainingSamples,raw_data/EMG-EPN612/testingJSON/user134/user134.json,idx_123
pinch,trainingSamples,raw_data/EMG-EPN612/testingJSON/user134/user134.json,idx_124
pinch,trainingSamples,raw_data/EMG-EPN612/testingJSON/user134/user134.json,idx_125
open,trainingSamples,raw_data/EMG-EPN612/testingJSON/user134/user134.json,idx_126
open,trainingSamples,raw_data/EMG-EPN612/testingJSON/user134/user134.json,idx_127
open,trainingSamples,raw_data/EMG-EPN612/testingJSON/user134/user134.json,idx_128
open,trainingSamples,raw_data/EMG-EPN612/testingJSON/user134/user134.json,idx_129
open,trainingSamples,raw_data/EMG-EPN612/testingJSON/user134/user134.json,idx_130
open,trainingSamples,raw_data/EMG-EPN612/testingJSON/user134/user134.json,idx_131
open,trainingSamples,raw_data/EMG-EPN612/testingJSON/user134/user134.json,idx_132
open,trainingSamples,raw_data/EMG-EPN612/testingJSON/user134/user134.json,idx_133
open,trainingSamples,raw_data/EMG-EPN612/testingJSON/user134/user134.json,idx_134
open,trainingSamples,raw_data/EMG-EPN612/testingJSON/user134/user134.json,idx_135
open,trainingSamples,raw_data/EMG-EPN612/testingJSON/user134/user134.json,idx_136
open,trainingSamples,raw_data/EMG-EPN612/testingJSON/user134/user134.json,idx_137
open,trainingSamples,raw_data/EMG-EPN612/testingJSON/user134/user134.json,idx_138
open,trainingSamples,raw_data/EMG-EPN612/testingJSON/user134/user134.json,idx_139
open,trainingSamples,raw_data/EMG-EPN612/testingJSON/user134/user134.json,idx_140
open,trainingSamples,raw_data/EMG-EPN612/testingJSON/user134/user134.json,idx_141
open,trainingSamples,raw_data/EMG-EPN612/testingJSON/user134/user134.json,idx_142
open,trainingSamples,raw_data/EMG-EPN612/testingJSON/user134/user134.json,idx_143
open,trainingSamples,raw_data/EMG-EPN612/testingJSON/user134/user134.json,idx_144
open,trainingSamples,raw_data/EMG-EPN612/testingJSON/user134/user134.json,idx_145
open,trainingSamples,raw_data/EMG-EPN612/testingJSON/user134/user134.json,idx_146
open,trainingSamples,raw_data/EMG-EPN612/testingJSON/user134/user134.json,idx_147
open,trainingSamples,raw_data/EMG-EPN612/testingJSON/user134/user134.json,idx_148
open,trainingSamples,raw_data/EMG-EPN612/testingJSON/user134/user134.json,idx_149
open,trainingSamples,raw_data/EMG-EPN612/testingJSON/user134/user134.json,idx_150
noGesture,trainingSamples,raw_data/EMG-EPN612/testingJSON/user135/user135.json,idx_1
noGesture,trainingSamples,raw_data/EMG-EPN612/testingJSON/user135/user135.json,idx_2
noGesture,trainingSamples,raw_data/EMG-EPN612/testingJSON/user135/user135.json,idx_3
noGesture,trainingSamples,raw_data/EMG-EPN612/testingJSON/user135/user135.json,idx_4
noGesture,trainingSamples,raw_data/EMG-EPN612/testingJSON/user135/user135.json,idx_5
noGesture,trainingSamples,raw_data/EMG-EPN612/testingJSON/user135/user135.json,idx_6
noGesture,trainingSamples,raw_data/EMG-EPN612/testingJSON/user135/user135.json,idx_7
noGesture,trainingSamples,raw_data/EMG-EPN612/testingJSON/user135/user135.json,idx_8
noGesture,trainingSamples,raw_data/EMG-EPN612/testingJSON/user135/user135.json,idx_9
noGesture,trainingSamples,raw_data/EMG-EPN612/testingJSON/user135/user135.json,idx_10
noGesture,trainingSamples,raw_data/EMG-EPN612/testingJSON/user135/user135.json,idx_11
noGesture,trainingSamples,raw_data/EMG-EPN612/testingJSON/user135/user135.json,idx_12
noGesture,trainingSamples,raw_data/EMG-EPN612/testingJSON/user135/user135.json,idx_13
noGesture,trainingSamples,raw_data/EMG-EPN612/testingJSON/user135/user135.json,idx_14
noGesture,trainingSamples,raw_data/EMG-EPN612/testingJSON/user135/user135.json,idx_15
noGesture,trainingSamples,raw_data/EMG-EPN612/testingJSON/user135/user135.json,idx_16
noGesture,trainingSamples,raw_data/EMG-EPN612/testingJSON/user135/user135.json,idx_17
noGesture,trainingSamples,raw_data/EMG-EPN612/testingJSON/user135/user135.json,idx_18
noGesture,trainingSamples,raw_data/EMG-EPN612/testingJSON/user135/user135.json,idx_19
noGesture,trainingSamples,raw_data/EMG-EPN612/testingJSON/user135/user135.json,idx_20
noGesture,trainingSamples,raw_data/EMG-EPN612/testingJSON/user135/user135.json,idx_21
noGesture,trainingSamples,raw_data/EMG-EPN612/testingJSON/user135/user135.json,idx_22
noGesture,trainingSamples,raw_data/EMG-EPN612/testingJSON/user135/user135.json,idx_23
noGesture,trainingSamples,raw_data/EMG-EPN612/testingJSON/user135/user135.json,idx_24
noGesture,trainingSamples,raw_data/EMG-EPN612/testingJSON/user135/user135.json,idx_25
waveOut,trainingSamples,raw_data/EMG-EPN612/testingJSON/user135/user135.json,idx_26
waveOut,trainingSamples,raw_data/EMG-EPN612/testingJSON/user135/user135.json,idx_27
waveOut,trainingSamples,raw_data/EMG-EPN612/testingJSON/user135/user135.json,idx_28
waveOut,trainingSamples,raw_data/EMG-EPN612/testingJSON/user135/user135.json,idx_29
waveOut,trainingSamples,raw_data/EMG-EPN612/testingJSON/user135/user135.json,idx_30
waveOut,trainingSamples,raw_data/EMG-EPN612/testingJSON/user135/user135.json,idx_31
waveOut,trainingSamples,raw_data/EMG-EPN612/testingJSON/user135/user135.json,idx_32
waveOut,trainingSamples,raw_data/EMG-EPN612/testingJSON/user135/user135.json,idx_33
waveOut,trainingSamples,raw_data/EMG-EPN612/testingJSON/user135/user135.json,idx_34
waveOut,trainingSamples,raw_data/EMG-EPN612/testingJSON/user135/user135.json,idx_35
waveOut,trainingSamples,raw_data/EMG-EPN612/testingJSON/user135/user135.json,idx_36
waveOut,trainingSamples,raw_data/EMG-EPN612/testingJSON/user135/user135.json,idx_37
waveOut,trainingSamples,raw_data/EMG-EPN612/testingJSON/user135/user135.json,idx_38
waveOut,trainingSamples,raw_data/EMG-EPN612/testingJSON/user135/user135.json,idx_39
waveOut,trainingSamples,raw_data/EMG-EPN612/testingJSON/user135/user135.json,idx_40
waveOut,trainingSamples,raw_data/EMG-EPN612/testingJSON/user135/user135.json,idx_41
waveOut,trainingSamples,raw_data/EMG-EPN612/testingJSON/user135/user135.json,idx_42
waveOut,trainingSamples,raw_data/EMG-EPN612/testingJSON/user135/user135.json,idx_43
waveOut,trainingSamples,raw_data/EMG-EPN612/testingJSON/user135/user135.json,idx_44
waveOut,trainingSamples,raw_data/EMG-EPN612/testingJSON/user135/user135.json,idx_45
waveOut,trainingSamples,raw_data/EMG-EPN612/testingJSON/user135/user135.json,idx_46
waveOut,trainingSamples,raw_data/EMG-EPN612/testingJSON/user135/user135.json,idx_47
waveOut,trainingSamples,raw_data/EMG-EPN612/testingJSON/user135/user135.json,idx_48
waveOut,trainingSamples,raw_data/EMG-EPN612/testingJSON/user135/user135.json,idx_49
waveOut,trainingSamples,raw_data/EMG-EPN612/testingJSON/user135/user135.json,idx_50
pinch,trainingSamples,raw_data/EMG-EPN612/testingJSON/user135/user135.json,idx_51
pinch,trainingSamples,raw_data/EMG-EPN612/testingJSON/user135/user135.json,idx_52
pinch,trainingSamples,raw_data/EMG-EPN612/testingJSON/user135/user135.json,idx_53
pinch,trainingSamples,raw_data/EMG-EPN612/testingJSON/user135/user135.json,idx_54
pinch,trainingSamples,raw_data/EMG-EPN612/testingJSON/user135/user135.json,idx_55
pinch,trainingSamples,raw_data/EMG-EPN612/testingJSON/user135/user135.json,idx_56
pinch,trainingSamples,raw_data/EMG-EPN612/testingJSON/user135/user135.json,idx_57
pinch,trainingSamples,raw_data/EMG-EPN612/testingJSON/user135/user135.json,idx_58
pinch,trainingSamples,raw_data/EMG-EPN612/testingJSON/user135/user135.json,idx_59
pinch,trainingSamples,raw_data/EMG-EPN612/testingJSON/user135/user135.json,idx_60
pinch,trainingSamples,raw_data/EMG-EPN612/testingJSON/user135/user135.json,idx_61
pinch,trainingSamples,raw_data/EMG-EPN612/testingJSON/user135/user135.json,idx_62
pinch,trainingSamples,raw_data/EMG-EPN612/testingJSON/user135/user135.json,idx_63
pinch,trainingSamples,raw_data/EMG-EPN612/testingJSON/user135/user135.json,idx_64
pinch,trainingSamples,raw_data/EMG-EPN612/testingJSON/user135/user135.json,idx_65
pinch,trainingSamples,raw_data/EMG-EPN612/testingJSON/user135/user135.json,idx_66
pinch,trainingSamples,raw_data/EMG-EPN612/testingJSON/user135/user135.json,idx_67
pinch,trainingSamples,raw_data/EMG-EPN612/testingJSON/user135/user135.json,idx_68
pinch,trainingSamples,raw_data/EMG-EPN612/testingJSON/user135/user135.json,idx_69
pinch,trainingSamples,raw_data/EMG-EPN612/testingJSON/user135/user135.json,idx_70
pinch,trainingSamples,raw_data/EMG-EPN612/testingJSON/user135/user135.json,idx_71
pinch,trainingSamples,raw_data/EMG-EPN612/testingJSON/user135/user135.json,idx_72
pinch,trainingSamples,raw_data/EMG-EPN612/testingJSON/user135/user135.json,idx_73
pinch,trainingSamples,raw_data/EMG-EPN612/testingJSON/user135/user135.json,idx_74
pinch,trainingSamples,raw_data/EMG-EPN612/testingJSON/user135/user135.json,idx_75
fist,trainingSamples,raw_data/EMG-EPN612/testingJSON/user135/user135.json,idx_76
fist,trainingSamples,raw_data/EMG-EPN612/testingJSON/user135/user135.json,idx_77
fist,trainingSamples,raw_data/EMG-EPN612/testingJSON/user135/user135.json,idx_78
fist,trainingSamples,raw_data/EMG-EPN612/testingJSON/user135/user135.json,idx_79
fist,trainingSamples,raw_data/EMG-EPN612/testingJSON/user135/user135.json,idx_80
fist,trainingSamples,raw_data/EMG-EPN612/testingJSON/user135/user135.json,idx_81
fist,trainingSamples,raw_data/EMG-EPN612/testingJSON/user135/user135.json,idx_82
fist,trainingSamples,raw_data/EMG-EPN612/testingJSON/user135/user135.json,idx_83
fist,trainingSamples,raw_data/EMG-EPN612/testingJSON/user135/user135.json,idx_84
fist,trainingSamples,raw_data/EMG-EPN612/testingJSON/user135/user135.json,idx_85
fist,trainingSamples,raw_data/EMG-EPN612/testingJSON/user135/user135.json,idx_86
fist,trainingSamples,raw_data/EMG-EPN612/testingJSON/user135/user135.json,idx_87
fist,trainingSamples,raw_data/EMG-EPN612/testingJSON/user135/user135.json,idx_88
fist,trainingSamples,raw_data/EMG-EPN612/testingJSON/user135/user135.json,idx_89
fist,trainingSamples,raw_data/EMG-EPN612/testingJSON/user135/user135.json,idx_90
fist,trainingSamples,raw_data/EMG-EPN612/testingJSON/user135/user135.json,idx_91
fist,trainingSamples,raw_data/EMG-EPN612/testingJSON/user135/user135.json,idx_92
fist,trainingSamples,raw_data/EMG-EPN612/testingJSON/user135/user135.json,idx_93
fist,trainingSamples,raw_data/EMG-EPN612/testingJSON/user135/user135.json,idx_94
fist,trainingSamples,raw_data/EMG-EPN612/testingJSON/user135/user135.json,idx_95
fist,trainingSamples,raw_data/EMG-EPN612/testingJSON/user135/user135.json,idx_96
fist,trainingSamples,raw_data/EMG-EPN612/testingJSON/user135/user135.json,idx_97
fist,trainingSamples,raw_data/EMG-EPN612/testingJSON/user135/user135.json,idx_98
fist,trainingSamples,raw_data/EMG-EPN612/testingJSON/user135/user135.json,idx_99
fist,trainingSamples,raw_data/EMG-EPN612/testingJSON/user135/user135.json,idx_100
waveIn,trainingSamples,raw_data/EMG-EPN612/testingJSON/user135/user135.json,idx_101
waveIn,trainingSamples,raw_data/EMG-EPN612/testingJSON/user135/user135.json,idx_102
waveIn,trainingSamples,raw_data/EMG-EPN612/testingJSON/user135/user135.json,idx_103
waveIn,trainingSamples,raw_data/EMG-EPN612/testingJSON/user135/user135.json,idx_104
waveIn,trainingSamples,raw_data/EMG-EPN612/testingJSON/user135/user135.json,idx_105
waveIn,trainingSamples,raw_data/EMG-EPN612/testingJSON/user135/user135.json,idx_106
waveIn,trainingSamples,raw_data/EMG-EPN612/testingJSON/user135/user135.json,idx_107
waveIn,trainingSamples,raw_data/EMG-EPN612/testingJSON/user135/user135.json,idx_108
waveIn,trainingSamples,raw_data/EMG-EPN612/testingJSON/user135/user135.json,idx_109
waveIn,trainingSamples,raw_data/EMG-EPN612/testingJSON/user135/user135.json,idx_110
waveIn,trainingSamples,raw_data/EMG-EPN612/testingJSON/user135/user135.json,idx_111
waveIn,trainingSamples,raw_data/EMG-EPN612/testingJSON/user135/user135.json,idx_112
waveIn,trainingSamples,raw_data/EMG-EPN612/testingJSON/user135/user135.json,idx_113
waveIn,trainingSamples,raw_data/EMG-EPN612/testingJSON/user135/user135.json,idx_114
waveIn,trainingSamples,raw_data/EMG-EPN612/testingJSON/user135/user135.json,idx_115
waveIn,trainingSamples,raw_data/EMG-EPN612/testingJSON/user135/user135.json,idx_116
waveIn,trainingSamples,raw_data/EMG-EPN612/testingJSON/user135/user135.json,idx_117
waveIn,trainingSamples,raw_data/EMG-EPN612/testingJSON/user135/user135.json,idx_118
waveIn,trainingSamples,raw_data/EMG-EPN612/testingJSON/user135/user135.json,idx_119
waveIn,trainingSamples,raw_data/EMG-EPN612/testingJSON/user135/user135.json,idx_120
waveIn,trainingSamples,raw_data/EMG-EPN612/testingJSON/user135/user135.json,idx_121
waveIn,trainingSamples,raw_data/EMG-EPN612/testingJSON/user135/user135.json,idx_122
waveIn,trainingSamples,raw_data/EMG-EPN612/testingJSON/user135/user135.json,idx_123
waveIn,trainingSamples,raw_data/EMG-EPN612/testingJSON/user135/user135.json,idx_124
waveIn,trainingSamples,raw_data/EMG-EPN612/testingJSON/user135/user135.json,idx_125
open,trainingSamples,raw_data/EMG-EPN612/testingJSON/user135/user135.json,idx_126
open,trainingSamples,raw_data/EMG-EPN612/testingJSON/user135/user135.json,idx_127
open,trainingSamples,raw_data/EMG-EPN612/testingJSON/user135/user135.json,idx_128
open,trainingSamples,raw_data/EMG-EPN612/testingJSON/user135/user135.json,idx_129
open,trainingSamples,raw_data/EMG-EPN612/testingJSON/user135/user135.json,idx_130
open,trainingSamples,raw_data/EMG-EPN612/testingJSON/user135/user135.json,idx_131
open,trainingSamples,raw_data/EMG-EPN612/testingJSON/user135/user135.json,idx_132
open,trainingSamples,raw_data/EMG-EPN612/testingJSON/user135/user135.json,idx_133
open,trainingSamples,raw_data/EMG-EPN612/testingJSON/user135/user135.json,idx_134
open,trainingSamples,raw_data/EMG-EPN612/testingJSON/user135/user135.json,idx_135
open,trainingSamples,raw_data/EMG-EPN612/testingJSON/user135/user135.json,idx_136
open,trainingSamples,raw_data/EMG-EPN612/testingJSON/user135/user135.json,idx_137
open,trainingSamples,raw_data/EMG-EPN612/testingJSON/user135/user135.json,idx_138
open,trainingSamples,raw_data/EMG-EPN612/testingJSON/user135/user135.json,idx_139
open,trainingSamples,raw_data/EMG-EPN612/testingJSON/user135/user135.json,idx_140
open,trainingSamples,raw_data/EMG-EPN612/testingJSON/user135/user135.json,idx_141
open,trainingSamples,raw_data/EMG-EPN612/testingJSON/user135/user135.json,idx_142
open,trainingSamples,raw_data/EMG-EPN612/testingJSON/user135/user135.json,idx_143
open,trainingSamples,raw_data/EMG-EPN612/testingJSON/user135/user135.json,idx_144
open,trainingSamples,raw_data/EMG-EPN612/testingJSON/user135/user135.json,idx_145
open,trainingSamples,raw_data/EMG-EPN612/testingJSON/user135/user135.json,idx_146
open,trainingSamples,raw_data/EMG-EPN612/testingJSON/user135/user135.json,idx_147
open,trainingSamples,raw_data/EMG-EPN612/testingJSON/user135/user135.json,idx_148
open,trainingSamples,raw_data/EMG-EPN612/testingJSON/user135/user135.json,idx_149
open,trainingSamples,raw_data/EMG-EPN612/testingJSON/user135/user135.json,idx_150
noGesture,trainingSamples,raw_data/EMG-EPN612/testingJSON/user136/user136.json,idx_1
noGesture,trainingSamples,raw_data/EMG-EPN612/testingJSON/user136/user136.json,idx_2
noGesture,trainingSamples,raw_data/EMG-EPN612/testingJSON/user136/user136.json,idx_3
noGesture,trainingSamples,raw_data/EMG-EPN612/testingJSON/user136/user136.json,idx_4
noGesture,trainingSamples,raw_data/EMG-EPN612/testingJSON/user136/user136.json,idx_5
noGesture,trainingSamples,raw_data/EMG-EPN612/testingJSON/user136/user136.json,idx_6
noGesture,trainingSamples,raw_data/EMG-EPN612/testingJSON/user136/user136.json,idx_7
noGesture,trainingSamples,raw_data/EMG-EPN612/testingJSON/user136/user136.json,idx_8
noGesture,trainingSamples,raw_data/EMG-EPN612/testingJSON/user136/user136.json,idx_9
noGesture,trainingSamples,raw_data/EMG-EPN612/testingJSON/user136/user136.json,idx_10
noGesture,trainingSamples,raw_data/EMG-EPN612/testingJSON/user136/user136.json,idx_11
noGesture,trainingSamples,raw_data/EMG-EPN612/testingJSON/user136/user136.json,idx_12
noGesture,trainingSamples,raw_data/EMG-EPN612/testingJSON/user136/user136.json,idx_13
noGesture,trainingSamples,raw_data/EMG-EPN612/testingJSON/user136/user136.json,idx_14
noGesture,trainingSamples,raw_data/EMG-EPN612/testingJSON/user136/user136.json,idx_15
noGesture,trainingSamples,raw_data/EMG-EPN612/testingJSON/user136/user136.json,idx_16
noGesture,trainingSamples,raw_data/EMG-EPN612/testingJSON/user136/user136.json,idx_17
noGesture,trainingSamples,raw_data/EMG-EPN612/testingJSON/user136/user136.json,idx_18
noGesture,trainingSamples,raw_data/EMG-EPN612/testingJSON/user136/user136.json,idx_19
noGesture,trainingSamples,raw_data/EMG-EPN612/testingJSON/user136/user136.json,idx_20
noGesture,trainingSamples,raw_data/EMG-EPN612/testingJSON/user136/user136.json,idx_21
noGesture,trainingSamples,raw_data/EMG-EPN612/testingJSON/user136/user136.json,idx_22
noGesture,trainingSamples,raw_data/EMG-EPN612/testingJSON/user136/user136.json,idx_23
noGesture,trainingSamples,raw_data/EMG-EPN612/testingJSON/user136/user136.json,idx_24
noGesture,trainingSamples,raw_data/EMG-EPN612/testingJSON/user136/user136.json,idx_25
fist,trainingSamples,raw_data/EMG-EPN612/testingJSON/user136/user136.json,idx_26
fist,trainingSamples,raw_data/EMG-EPN612/testingJSON/user136/user136.json,idx_27
fist,trainingSamples,raw_data/EMG-EPN612/testingJSON/user136/user136.json,idx_28
fist,trainingSamples,raw_data/EMG-EPN612/testingJSON/user136/user136.json,idx_29
fist,trainingSamples,raw_data/EMG-EPN612/testingJSON/user136/user136.json,idx_30
fist,trainingSamples,raw_data/EMG-EPN612/testingJSON/user136/user136.json,idx_31
fist,trainingSamples,raw_data/EMG-EPN612/testingJSON/user136/user136.json,idx_32
fist,trainingSamples,raw_data/EMG-EPN612/testingJSON/user136/user136.json,idx_33
fist,trainingSamples,raw_data/EMG-EPN612/testingJSON/user136/user136.json,idx_34
fist,trainingSamples,raw_data/EMG-EPN612/testingJSON/user136/user136.json,idx_35
fist,trainingSamples,raw_data/EMG-EPN612/testingJSON/user136/user136.json,idx_36
fist,trainingSamples,raw_data/EMG-EPN612/testingJSON/user136/user136.json,idx_37
fist,trainingSamples,raw_data/EMG-EPN612/testingJSON/user136/user136.json,idx_38
fist,trainingSamples,raw_data/EMG-EPN612/testingJSON/user136/user136.json,idx_39
fist,trainingSamples,raw_data/EMG-EPN612/testingJSON/user136/user136.json,idx_40
fist,trainingSamples,raw_data/EMG-EPN612/testingJSON/user136/user136.json,idx_41
fist,trainingSamples,raw_data/EMG-EPN612/testingJSON/user136/user136.json,idx_42
fist,trainingSamples,raw_data/EMG-EPN612/testingJSON/user136/user136.json,idx_43
fist,trainingSamples,raw_data/EMG-EPN612/testingJSON/user136/user136.json,idx_44
fist,trainingSamples,raw_data/EMG-EPN612/testingJSON/user136/user136.json,idx_45
fist,trainingSamples,raw_data/EMG-EPN612/testingJSON/user136/user136.json,idx_46
fist,trainingSamples,raw_data/EMG-EPN612/testingJSON/user136/user136.json,idx_47
fist,trainingSamples,raw_data/EMG-EPN612/testingJSON/user136/user136.json,idx_48
fist,trainingSamples,raw_data/EMG-EPN612/testingJSON/user136/user136.json,idx_49
fist,trainingSamples,raw_data/EMG-EPN612/testingJSON/user136/user136.json,idx_50
open,trainingSamples,raw_data/EMG-EPN612/testingJSON/user136/user136.json,idx_51
open,trainingSamples,raw_data/EMG-EPN612/testingJSON/user136/user136.json,idx_52
open,trainingSamples,raw_data/EMG-EPN612/testingJSON/user136/user136.json,idx_53
open,trainingSamples,raw_data/EMG-EPN612/testingJSON/user136/user136.json,idx_54
open,trainingSamples,raw_data/EMG-EPN612/testingJSON/user136/user136.json,idx_55
open,trainingSamples,raw_data/EMG-EPN612/testingJSON/user136/user136.json,idx_56
open,trainingSamples,raw_data/EMG-EPN612/testingJSON/user136/user136.json,idx_57
open,trainingSamples,raw_data/EMG-EPN612/testingJSON/user136/user136.json,idx_58
open,trainingSamples,raw_data/EMG-EPN612/testingJSON/user136/user136.json,idx_59
open,trainingSamples,raw_data/EMG-EPN612/testingJSON/user136/user136.json,idx_60
open,trainingSamples,raw_data/EMG-EPN612/testingJSON/user136/user136.json,idx_61
open,trainingSamples,raw_data/EMG-EPN612/testingJSON/user136/user136.json,idx_62
open,trainingSamples,raw_data/EMG-EPN612/testingJSON/user136/user136.json,idx_63
open,trainingSamples,raw_data/EMG-EPN612/testingJSON/user136/user136.json,idx_64
open,trainingSamples,raw_data/EMG-EPN612/testingJSON/user136/user136.json,idx_65
open,trainingSamples,raw_data/EMG-EPN612/testingJSON/user136/user136.json,idx_66
open,trainingSamples,raw_data/EMG-EPN612/testingJSON/user136/user136.json,idx_67
open,trainingSamples,raw_data/EMG-EPN612/testingJSON/user136/user136.json,idx_68
open,trainingSamples,raw_data/EMG-EPN612/testingJSON/user136/user136.json,idx_69
open,trainingSamples,raw_data/EMG-EPN612/testingJSON/user136/user136.json,idx_70
open,trainingSamples,raw_data/EMG-EPN612/testingJSON/user136/user136.json,idx_71
open,trainingSamples,raw_data/EMG-EPN612/testingJSON/user136/user136.json,idx_72
open,trainingSamples,raw_data/EMG-EPN612/testingJSON/user136/user136.json,idx_73
open,trainingSamples,raw_data/EMG-EPN612/testingJSON/user136/user136.json,idx_74
open,trainingSamples,raw_data/EMG-EPN612/testingJSON/user136/user136.json,idx_75
pinch,trainingSamples,raw_data/EMG-EPN612/testingJSON/user136/user136.json,idx_76
pinch,trainingSamples,raw_data/EMG-EPN612/testingJSON/user136/user136.json,idx_77
pinch,trainingSamples,raw_data/EMG-EPN612/testingJSON/user136/user136.json,idx_78
pinch,trainingSamples,raw_data/EMG-EPN612/testingJSON/user136/user136.json,idx_79
pinch,trainingSamples,raw_data/EMG-EPN612/testingJSON/user136/user136.json,idx_80
pinch,trainingSamples,raw_data/EMG-EPN612/testingJSON/user136/user136.json,idx_81
pinch,trainingSamples,raw_data/EMG-EPN612/testingJSON/user136/user136.json,idx_82
pinch,trainingSamples,raw_data/EMG-EPN612/testingJSON/user136/user136.json,idx_83
pinch,trainingSamples,raw_data/EMG-EPN612/testingJSON/user136/user136.json,idx_84
pinch,trainingSamples,raw_data/EMG-EPN612/testingJSON/user136/user136.json,idx_85
pinch,trainingSamples,raw_data/EMG-EPN612/testingJSON/user136/user136.json,idx_86
pinch,trainingSamples,raw_data/EMG-EPN612/testingJSON/user136/user136.json,idx_87
pinch,trainingSamples,raw_data/EMG-EPN612/testingJSON/user136/user136.json,idx_88
pinch,trainingSamples,raw_data/EMG-EPN612/testingJSON/user136/user136.json,idx_89
pinch,trainingSamples,raw_data/EMG-EPN612/testingJSON/user136/user136.json,idx_90
pinch,trainingSamples,raw_data/EMG-EPN612/testingJSON/user136/user136.json,idx_91
pinch,trainingSamples,raw_data/EMG-EPN612/testingJSON/user136/user136.json,idx_92
pinch,trainingSamples,raw_data/EMG-EPN612/testingJSON/user136/user136.json,idx_93
pinch,trainingSamples,raw_data/EMG-EPN612/testingJSON/user136/user136.json,idx_94
pinch,trainingSamples,raw_data/EMG-EPN612/testingJSON/user136/user136.json,idx_95
pinch,trainingSamples,raw_data/EMG-EPN612/testingJSON/user136/user136.json,idx_96
pinch,trainingSamples,raw_data/EMG-EPN612/testingJSON/user136/user136.json,idx_97
pinch,trainingSamples,raw_data/EMG-EPN612/testingJSON/user136/user136.json,idx_98
pinch,trainingSamples,raw_data/EMG-EPN612/testingJSON/user136/user136.json,idx_99
pinch,trainingSamples,raw_data/EMG-EPN612/testingJSON/user136/user136.json,idx_100
waveIn,trainingSamples,raw_data/EMG-EPN612/testingJSON/user136/user136.json,idx_101
waveIn,trainingSamples,raw_data/EMG-EPN612/testingJSON/user136/user136.json,idx_102
waveIn,trainingSamples,raw_data/EMG-EPN612/testingJSON/user136/user136.json,idx_103
waveIn,trainingSamples,raw_data/EMG-EPN612/testingJSON/user136/user136.json,idx_104
waveIn,trainingSamples,raw_data/EMG-EPN612/testingJSON/user136/user136.json,idx_105
waveIn,trainingSamples,raw_data/EMG-EPN612/testingJSON/user136/user136.json,idx_106
waveIn,trainingSamples,raw_data/EMG-EPN612/testingJSON/user136/user136.json,idx_107
waveIn,trainingSamples,raw_data/EMG-EPN612/testingJSON/user136/user136.json,idx_108
waveIn,trainingSamples,raw_data/EMG-EPN612/testingJSON/user136/user136.json,idx_109
waveIn,trainingSamples,raw_data/EMG-EPN612/testingJSON/user136/user136.json,idx_110
waveIn,trainingSamples,raw_data/EMG-EPN612/testingJSON/user136/user136.json,idx_111
waveIn,trainingSamples,raw_data/EMG-EPN612/testingJSON/user136/user136.json,idx_112
waveIn,trainingSamples,raw_data/EMG-EPN612/testingJSON/user136/user136.json,idx_113
waveIn,trainingSamples,raw_data/EMG-EPN612/testingJSON/user136/user136.json,idx_114
waveIn,trainingSamples,raw_data/EMG-EPN612/testingJSON/user136/user136.json,idx_115
waveIn,trainingSamples,raw_data/EMG-EPN612/testingJSON/user136/user136.json,idx_116
waveIn,trainingSamples,raw_data/EMG-EPN612/testingJSON/user136/user136.json,idx_117
waveIn,trainingSamples,raw_data/EMG-EPN612/testingJSON/user136/user136.json,idx_118
waveIn,trainingSamples,raw_data/EMG-EPN612/testingJSON/user136/user136.json,idx_119
waveIn,trainingSamples,raw_data/EMG-EPN612/testingJSON/user136/user136.json,idx_120
waveIn,trainingSamples,raw_data/EMG-EPN612/testingJSON/user136/user136.json,idx_121
waveIn,trainingSamples,raw_data/EMG-EPN612/testingJSON/user136/user136.json,idx_122
waveIn,trainingSamples,raw_data/EMG-EPN612/testingJSON/user136/user136.json,idx_123
waveIn,trainingSamples,raw_data/EMG-EPN612/testingJSON/user136/user136.json,idx_124
waveIn,trainingSamples,raw_data/EMG-EPN612/testingJSON/user136/user136.json,idx_125
waveOut,trainingSamples,raw_data/EMG-EPN612/testingJSON/user136/user136.json,idx_126
waveOut,trainingSamples,raw_data/EMG-EPN612/testingJSON/user136/user136.json,idx_127
waveOut,trainingSamples,raw_data/EMG-EPN612/testingJSON/user136/user136.json,idx_128
waveOut,trainingSamples,raw_data/EMG-EPN612/testingJSON/user136/user136.json,idx_129
waveOut,trainingSamples,raw_data/EMG-EPN612/testingJSON/user136/user136.json,idx_130
waveOut,trainingSamples,raw_data/EMG-EPN612/testingJSON/user136/user136.json,idx_131
waveOut,trainingSamples,raw_data/EMG-EPN612/testingJSON/user136/user136.json,idx_132
waveOut,trainingSamples,raw_data/EMG-EPN612/testingJSON/user136/user136.json,idx_133
waveOut,trainingSamples,raw_data/EMG-EPN612/testingJSON/user136/user136.json,idx_134
waveOut,trainingSamples,raw_data/EMG-EPN612/testingJSON/user136/user136.json,idx_135
waveOut,trainingSamples,raw_data/EMG-EPN612/testingJSON/user136/user136.json,idx_136
waveOut,trainingSamples,raw_data/EMG-EPN612/testingJSON/user136/user136.json,idx_137
waveOut,trainingSamples,raw_data/EMG-EPN612/testingJSON/user136/user136.json,idx_138
waveOut,trainingSamples,raw_data/EMG-EPN612/testingJSON/user136/user136.json,idx_139
waveOut,trainingSamples,raw_data/EMG-EPN612/testingJSON/user136/user136.json,idx_140
waveOut,trainingSamples,raw_data/EMG-EPN612/testingJSON/user136/user136.json,idx_141
waveOut,trainingSamples,raw_data/EMG-EPN612/testingJSON/user136/user136.json,idx_142
waveOut,trainingSamples,raw_data/EMG-EPN612/testingJSON/user136/user136.json,idx_143
waveOut,trainingSamples,raw_data/EMG-EPN612/testingJSON/user136/user136.json,idx_144
waveOut,trainingSamples,raw_data/EMG-EPN612/testingJSON/user136/user136.json,idx_145
waveOut,trainingSamples,raw_data/EMG-EPN612/testingJSON/user136/user136.json,idx_146
waveOut,trainingSamples,raw_data/EMG-EPN612/testingJSON/user136/user136.json,idx_147
waveOut,trainingSamples,raw_data/EMG-EPN612/testingJSON/user136/user136.json,idx_148
waveOut,trainingSamples,raw_data/EMG-EPN612/testingJSON/user136/user136.json,idx_149
waveOut,trainingSamples,raw_data/EMG-EPN612/testingJSON/user136/user136.json,idx_150
noGesture,trainingSamples,raw_data/EMG-EPN612/testingJSON/user137/user137.json,idx_1
noGesture,trainingSamples,raw_data/EMG-EPN612/testingJSON/user137/user137.json,idx_2
noGesture,trainingSamples,raw_data/EMG-EPN612/testingJSON/user137/user137.json,idx_3
noGesture,trainingSamples,raw_data/EMG-EPN612/testingJSON/user137/user137.json,idx_4
noGesture,trainingSamples,raw_data/EMG-EPN612/testingJSON/user137/user137.json,idx_5
noGesture,trainingSamples,raw_data/EMG-EPN612/testingJSON/user137/user137.json,idx_6
noGesture,trainingSamples,raw_data/EMG-EPN612/testingJSON/user137/user137.json,idx_7
noGesture,trainingSamples,raw_data/EMG-EPN612/testingJSON/user137/user137.json,idx_8
noGesture,trainingSamples,raw_data/EMG-EPN612/testingJSON/user137/user137.json,idx_9
noGesture,trainingSamples,raw_data/EMG-EPN612/testingJSON/user137/user137.json,idx_10
noGesture,trainingSamples,raw_data/EMG-EPN612/testingJSON/user137/user137.json,idx_11
noGesture,trainingSamples,raw_data/EMG-EPN612/testingJSON/user137/user137.json,idx_12
noGesture,trainingSamples,raw_data/EMG-EPN612/testingJSON/user137/user137.json,idx_13
noGesture,trainingSamples,raw_data/EMG-EPN612/testingJSON/user137/user137.json,idx_14
noGesture,trainingSamples,raw_data/EMG-EPN612/testingJSON/user137/user137.json,idx_15
noGesture,trainingSamples,raw_data/EMG-EPN612/testingJSON/user137/user137.json,idx_16
noGesture,trainingSamples,raw_data/EMG-EPN612/testingJSON/user137/user137.json,idx_17
noGesture,trainingSamples,raw_data/EMG-EPN612/testingJSON/user137/user137.json,idx_18
noGesture,trainingSamples,raw_data/EMG-EPN612/testingJSON/user137/user137.json,idx_19
noGesture,trainingSamples,raw_data/EMG-EPN612/testingJSON/user137/user137.json,idx_20
noGesture,trainingSamples,raw_data/EMG-EPN612/testingJSON/user137/user137.json,idx_21
noGesture,trainingSamples,raw_data/EMG-EPN612/testingJSON/user137/user137.json,idx_22
noGesture,trainingSamples,raw_data/EMG-EPN612/testingJSON/user137/user137.json,idx_23
noGesture,trainingSamples,raw_data/EMG-EPN612/testingJSON/user137/user137.json,idx_24
noGesture,trainingSamples,raw_data/EMG-EPN612/testingJSON/user137/user137.json,idx_25
waveOut,trainingSamples,raw_data/EMG-EPN612/testingJSON/user137/user137.json,idx_26
waveOut,trainingSamples,raw_data/EMG-EPN612/testingJSON/user137/user137.json,idx_27
waveOut,trainingSamples,raw_data/EMG-EPN612/testingJSON/user137/user137.json,idx_28
waveOut,trainingSamples,raw_data/EMG-EPN612/testingJSON/user137/user137.json,idx_29
waveOut,trainingSamples,raw_data/EMG-EPN612/testingJSON/user137/user137.json,idx_30
waveOut,trainingSamples,raw_data/EMG-EPN612/testingJSON/user137/user137.json,idx_31
waveOut,trainingSamples,raw_data/EMG-EPN612/testingJSON/user137/user137.json,idx_32
waveOut,trainingSamples,raw_data/EMG-EPN612/testingJSON/user137/user137.json,idx_33
waveOut,trainingSamples,raw_data/EMG-EPN612/testingJSON/user137/user137.json,idx_34
waveOut,trainingSamples,raw_data/EMG-EPN612/testingJSON/user137/user137.json,idx_35
waveOut,trainingSamples,raw_data/EMG-EPN612/testingJSON/user137/user137.json,idx_36
waveOut,trainingSamples,raw_data/EMG-EPN612/testingJSON/user137/user137.json,idx_37
waveOut,trainingSamples,raw_data/EMG-EPN612/testingJSON/user137/user137.json,idx_38
waveOut,trainingSamples,raw_data/EMG-EPN612/testingJSON/user137/user137.json,idx_39
waveOut,trainingSamples,raw_data/EMG-EPN612/testingJSON/user137/user137.json,idx_40
waveOut,trainingSamples,raw_data/EMG-EPN612/testingJSON/user137/user137.json,idx_41
waveOut,trainingSamples,raw_data/EMG-EPN612/testingJSON/user137/user137.json,idx_42
waveOut,trainingSamples,raw_data/EMG-EPN612/testingJSON/user137/user137.json,idx_43
waveOut,trainingSamples,raw_data/EMG-EPN612/testingJSON/user137/user137.json,idx_44
waveOut,trainingSamples,raw_data/EMG-EPN612/testingJSON/user137/user137.json,idx_45
waveOut,trainingSamples,raw_data/EMG-EPN612/testingJSON/user137/user137.json,idx_46
waveOut,trainingSamples,raw_data/EMG-EPN612/testingJSON/user137/user137.json,idx_47
waveOut,trainingSamples,raw_data/EMG-EPN612/testingJSON/user137/user137.json,idx_48
waveOut,trainingSamples,raw_data/EMG-EPN612/testingJSON/user137/user137.json,idx_49
waveOut,trainingSamples,raw_data/EMG-EPN612/testingJSON/user137/user137.json,idx_50
pinch,trainingSamples,raw_data/EMG-EPN612/testingJSON/user137/user137.json,idx_51
pinch,trainingSamples,raw_data/EMG-EPN612/testingJSON/user137/user137.json,idx_52
pinch,trainingSamples,raw_data/EMG-EPN612/testingJSON/user137/user137.json,idx_53
pinch,trainingSamples,raw_data/EMG-EPN612/testingJSON/user137/user137.json,idx_54
pinch,trainingSamples,raw_data/EMG-EPN612/testingJSON/user137/user137.json,idx_55
pinch,trainingSamples,raw_data/EMG-EPN612/testingJSON/user137/user137.json,idx_56
pinch,trainingSamples,raw_data/EMG-EPN612/testingJSON/user137/user137.json,idx_57
pinch,trainingSamples,raw_data/EMG-EPN612/testingJSON/user137/user137.json,idx_58
pinch,trainingSamples,raw_data/EMG-EPN612/testingJSON/user137/user137.json,idx_59
pinch,trainingSamples,raw_data/EMG-EPN612/testingJSON/user137/user137.json,idx_60
pinch,trainingSamples,raw_data/EMG-EPN612/testingJSON/user137/user137.json,idx_61
pinch,trainingSamples,raw_data/EMG-EPN612/testingJSON/user137/user137.json,idx_62
pinch,trainingSamples,raw_data/EMG-EPN612/testingJSON/user137/user137.json,idx_63
pinch,trainingSamples,raw_data/EMG-EPN612/testingJSON/user137/user137.json,idx_64
pinch,trainingSamples,raw_data/EMG-EPN612/testingJSON/user137/user137.json,idx_65
pinch,trainingSamples,raw_data/EMG-EPN612/testingJSON/user137/user137.json,idx_66
pinch,trainingSamples,raw_data/EMG-EPN612/testingJSON/user137/user137.json,idx_67
pinch,trainingSamples,raw_data/EMG-EPN612/testingJSON/user137/user137.json,idx_68
pinch,trainingSamples,raw_data/EMG-EPN612/testingJSON/user137/user137.json,idx_69
pinch,trainingSamples,raw_data/EMG-EPN612/testingJSON/user137/user137.json,idx_70
pinch,trainingSamples,raw_data/EMG-EPN612/testingJSON/user137/user137.json,idx_71
pinch,trainingSamples,raw_data/EMG-EPN612/testingJSON/user137/user137.json,idx_72
pinch,trainingSamples,raw_data/EMG-EPN612/testingJSON/user137/user137.json,idx_73
pinch,trainingSamples,raw_data/EMG-EPN612/testingJSON/user137/user137.json,idx_74
pinch,trainingSamples,raw_data/EMG-EPN612/testingJSON/user137/user137.json,idx_75
fist,trainingSamples,raw_data/EMG-EPN612/testingJSON/user137/user137.json,idx_76
fist,trainingSamples,raw_data/EMG-EPN612/testingJSON/user137/user137.json,idx_77
fist,trainingSamples,raw_data/EMG-EPN612/testingJSON/user137/user137.json,idx_78
fist,trainingSamples,raw_data/EMG-EPN612/testingJSON/user137/user137.json,idx_79
fist,trainingSamples,raw_data/EMG-EPN612/testingJSON/user137/user137.json,idx_80
fist,trainingSamples,raw_data/EMG-EPN612/testingJSON/user137/user137.json,idx_81
fist,trainingSamples,raw_data/EMG-EPN612/testingJSON/user137/user137.json,idx_82
fist,trainingSamples,raw_data/EMG-EPN612/testingJSON/user137/user137.json,idx_83
fist,trainingSamples,raw_data/EMG-EPN612/testingJSON/user137/user137.json,idx_84
fist,trainingSamples,raw_data/EMG-EPN612/testingJSON/user137/user137.json,idx_85
fist,trainingSamples,raw_data/EMG-EPN612/testingJSON/user137/user137.json,idx_86
fist,trainingSamples,raw_data/EMG-EPN612/testingJSON/user137/user137.json,idx_87
fist,trainingSamples,raw_data/EMG-EPN612/testingJSON/user137/user137.json,idx_88
fist,trainingSamples,raw_data/EMG-EPN612/testingJSON/user137/user137.json,idx_89
fist,trainingSamples,raw_data/EMG-EPN612/testingJSON/user137/user137.json,idx_90
fist,trainingSamples,raw_data/EMG-EPN612/testingJSON/user137/user137.json,idx_91
fist,trainingSamples,raw_data/EMG-EPN612/testingJSON/user137/user137.json,idx_92
fist,trainingSamples,raw_data/EMG-EPN612/testingJSON/user137/user137.json,idx_93
fist,trainingSamples,raw_data/EMG-EPN612/testingJSON/user137/user137.json,idx_94
fist,trainingSamples,raw_data/EMG-EPN612/testingJSON/user137/user137.json,idx_95
fist,trainingSamples,raw_data/EMG-EPN612/testingJSON/user137/user137.json,idx_96
fist,trainingSamples,raw_data/EMG-EPN612/testingJSON/user137/user137.json,idx_97
fist,trainingSamples,raw_data/EMG-EPN612/testingJSON/user137/user137.json,idx_98
fist,trainingSamples,raw_data/EMG-EPN612/testingJSON/user137/user137.json,idx_99
fist,trainingSamples,raw_data/EMG-EPN612/testingJSON/user137/user137.json,idx_100
waveIn,trainingSamples,raw_data/EMG-EPN612/testingJSON/user137/user137.json,idx_101
waveIn,trainingSamples,raw_data/EMG-EPN612/testingJSON/user137/user137.json,idx_102
waveIn,trainingSamples,raw_data/EMG-EPN612/testingJSON/user137/user137.json,idx_103
waveIn,trainingSamples,raw_data/EMG-EPN612/testingJSON/user137/user137.json,idx_104
waveIn,trainingSamples,raw_data/EMG-EPN612/testingJSON/user137/user137.json,idx_105
waveIn,trainingSamples,raw_data/EMG-EPN612/testingJSON/user137/user137.json,idx_106
waveIn,trainingSamples,raw_data/EMG-EPN612/testingJSON/user137/user137.json,idx_107
waveIn,trainingSamples,raw_data/EMG-EPN612/testingJSON/user137/user137.json,idx_108
waveIn,trainingSamples,raw_data/EMG-EPN612/testingJSON/user137/user137.json,idx_109
waveIn,trainingSamples,raw_data/EMG-EPN612/testingJSON/user137/user137.json,idx_110
waveIn,trainingSamples,raw_data/EMG-EPN612/testingJSON/user137/user137.json,idx_111
waveIn,trainingSamples,raw_data/EMG-EPN612/testingJSON/user137/user137.json,idx_112
waveIn,trainingSamples,raw_data/EMG-EPN612/testingJSON/user137/user137.json,idx_113
waveIn,trainingSamples,raw_data/EMG-EPN612/testingJSON/user137/user137.json,idx_114
waveIn,trainingSamples,raw_data/EMG-EPN612/testingJSON/user137/user137.json,idx_115
waveIn,trainingSamples,raw_data/EMG-EPN612/testingJSON/user137/user137.json,idx_116
waveIn,trainingSamples,raw_data/EMG-EPN612/testingJSON/user137/user137.json,idx_117
waveIn,trainingSamples,raw_data/EMG-EPN612/testingJSON/user137/user137.json,idx_118
waveIn,trainingSamples,raw_data/EMG-EPN612/testingJSON/user137/user137.json,idx_119
waveIn,trainingSamples,raw_data/EMG-EPN612/testingJSON/user137/user137.json,idx_120
waveIn,trainingSamples,raw_data/EMG-EPN612/testingJSON/user137/user137.json,idx_121
waveIn,trainingSamples,raw_data/EMG-EPN612/testingJSON/user137/user137.json,idx_122
waveIn,trainingSamples,raw_data/EMG-EPN612/testingJSON/user137/user137.json,idx_123
waveIn,trainingSamples,raw_data/EMG-EPN612/testingJSON/user137/user137.json,idx_124
waveIn,trainingSamples,raw_data/EMG-EPN612/testingJSON/user137/user137.json,idx_125
open,trainingSamples,raw_data/EMG-EPN612/testingJSON/user137/user137.json,idx_126
open,trainingSamples,raw_data/EMG-EPN612/testingJSON/user137/user137.json,idx_127
open,trainingSamples,raw_data/EMG-EPN612/testingJSON/user137/user137.json,idx_128
open,trainingSamples,raw_data/EMG-EPN612/testingJSON/user137/user137.json,idx_129
open,trainingSamples,raw_data/EMG-EPN612/testingJSON/user137/user137.json,idx_130
open,trainingSamples,raw_data/EMG-EPN612/testingJSON/user137/user137.json,idx_131
open,trainingSamples,raw_data/EMG-EPN612/testingJSON/user137/user137.json,idx_132
open,trainingSamples,raw_data/EMG-EPN612/testingJSON/user137/user137.json,idx_133
open,trainingSamples,raw_data/EMG-EPN612/testingJSON/user137/user137.json,idx_134
open,trainingSamples,raw_data/EMG-EPN612/testingJSON/user137/user137.json,idx_135
open,trainingSamples,raw_data/EMG-EPN612/testingJSON/user137/user137.json,idx_136
open,trainingSamples,raw_data/EMG-EPN612/testingJSON/user137/user137.json,idx_137
open,trainingSamples,raw_data/EMG-EPN612/testingJSON/user137/user137.json,idx_138
open,trainingSamples,raw_data/EMG-EPN612/testingJSON/user137/user137.json,idx_139
open,trainingSamples,raw_data/EMG-EPN612/testingJSON/user137/user137.json,idx_140
open,trainingSamples,raw_data/EMG-EPN612/testingJSON/user137/user137.json,idx_141
open,trainingSamples,raw_data/EMG-EPN612/testingJSON/user137/user137.json,idx_142
open,trainingSamples,raw_data/EMG-EPN612/testingJSON/user137/user137.json,idx_143
open,trainingSamples,raw_data/EMG-EPN612/testingJSON/user137/user137.json,idx_144
open,trainingSamples,raw_data/EMG-EPN612/testingJSON/user137/user137.json,idx_145
open,trainingSamples,raw_data/EMG-EPN612/testingJSON/user137/user137.json,idx_146
open,trainingSamples,raw_data/EMG-EPN612/testingJSON/user137/user137.json,idx_147
open,trainingSamples,raw_data/EMG-EPN612/testingJSON/user137/user137.json,idx_148
open,trainingSamples,raw_data/EMG-EPN612/testingJSON/user137/user137.json,idx_149
open,trainingSamples,raw_data/EMG-EPN612/testingJSON/user137/user137.json,idx_150
noGesture,trainingSamples,raw_data/EMG-EPN612/testingJSON/user138/user138.json,idx_1
noGesture,trainingSamples,raw_data/EMG-EPN612/testingJSON/user138/user138.json,idx_2
noGesture,trainingSamples,raw_data/EMG-EPN612/testingJSON/user138/user138.json,idx_3
noGesture,trainingSamples,raw_data/EMG-EPN612/testingJSON/user138/user138.json,idx_4
noGesture,trainingSamples,raw_data/EMG-EPN612/testingJSON/user138/user138.json,idx_5
noGesture,trainingSamples,raw_data/EMG-EPN612/testingJSON/user138/user138.json,idx_6
noGesture,trainingSamples,raw_data/EMG-EPN612/testingJSON/user138/user138.json,idx_7
noGesture,trainingSamples,raw_data/EMG-EPN612/testingJSON/user138/user138.json,idx_8
noGesture,trainingSamples,raw_data/EMG-EPN612/testingJSON/user138/user138.json,idx_9
noGesture,trainingSamples,raw_data/EMG-EPN612/testingJSON/user138/user138.json,idx_10
noGesture,trainingSamples,raw_data/EMG-EPN612/testingJSON/user138/user138.json,idx_11
noGesture,trainingSamples,raw_data/EMG-EPN612/testingJSON/user138/user138.json,idx_12
noGesture,trainingSamples,raw_data/EMG-EPN612/testingJSON/user138/user138.json,idx_13
noGesture,trainingSamples,raw_data/EMG-EPN612/testingJSON/user138/user138.json,idx_14
noGesture,trainingSamples,raw_data/EMG-EPN612/testingJSON/user138/user138.json,idx_15
noGesture,trainingSamples,raw_data/EMG-EPN612/testingJSON/user138/user138.json,idx_16
noGesture,trainingSamples,raw_data/EMG-EPN612/testingJSON/user138/user138.json,idx_17
noGesture,trainingSamples,raw_data/EMG-EPN612/testingJSON/user138/user138.json,idx_18
noGesture,trainingSamples,raw_data/EMG-EPN612/testingJSON/user138/user138.json,idx_19
noGesture,trainingSamples,raw_data/EMG-EPN612/testingJSON/user138/user138.json,idx_20
noGesture,trainingSamples,raw_data/EMG-EPN612/testingJSON/user138/user138.json,idx_21
noGesture,trainingSamples,raw_data/EMG-EPN612/testingJSON/user138/user138.json,idx_22
noGesture,trainingSamples,raw_data/EMG-EPN612/testingJSON/user138/user138.json,idx_23
noGesture,trainingSamples,raw_data/EMG-EPN612/testingJSON/user138/user138.json,idx_24
noGesture,trainingSamples,raw_data/EMG-EPN612/testingJSON/user138/user138.json,idx_25
waveOut,trainingSamples,raw_data/EMG-EPN612/testingJSON/user138/user138.json,idx_26
waveOut,trainingSamples,raw_data/EMG-EPN612/testingJSON/user138/user138.json,idx_27
waveOut,trainingSamples,raw_data/EMG-EPN612/testingJSON/user138/user138.json,idx_28
waveOut,trainingSamples,raw_data/EMG-EPN612/testingJSON/user138/user138.json,idx_29
waveOut,trainingSamples,raw_data/EMG-EPN612/testingJSON/user138/user138.json,idx_30
waveOut,trainingSamples,raw_data/EMG-EPN612/testingJSON/user138/user138.json,idx_31
waveOut,trainingSamples,raw_data/EMG-EPN612/testingJSON/user138/user138.json,idx_32
waveOut,trainingSamples,raw_data/EMG-EPN612/testingJSON/user138/user138.json,idx_33
waveOut,trainingSamples,raw_data/EMG-EPN612/testingJSON/user138/user138.json,idx_34
waveOut,trainingSamples,raw_data/EMG-EPN612/testingJSON/user138/user138.json,idx_35
waveOut,trainingSamples,raw_data/EMG-EPN612/testingJSON/user138/user138.json,idx_36
waveOut,trainingSamples,raw_data/EMG-EPN612/testingJSON/user138/user138.json,idx_37
waveOut,trainingSamples,raw_data/EMG-EPN612/testingJSON/user138/user138.json,idx_38
waveOut,trainingSamples,raw_data/EMG-EPN612/testingJSON/user138/user138.json,idx_39
waveOut,trainingSamples,raw_data/EMG-EPN612/testingJSON/user138/user138.json,idx_40
waveOut,trainingSamples,raw_data/EMG-EPN612/testingJSON/user138/user138.json,idx_41
waveOut,trainingSamples,raw_data/EMG-EPN612/testingJSON/user138/user138.json,idx_42
waveOut,trainingSamples,raw_data/EMG-EPN612/testingJSON/user138/user138.json,idx_43
waveOut,trainingSamples,raw_data/EMG-EPN612/testingJSON/user138/user138.json,idx_44
waveOut,trainingSamples,raw_data/EMG-EPN612/testingJSON/user138/user138.json,idx_45
waveOut,trainingSamples,raw_data/EMG-EPN612/testingJSON/user138/user138.json,idx_46
waveOut,trainingSamples,raw_data/EMG-EPN612/testingJSON/user138/user138.json,idx_47
waveOut,trainingSamples,raw_data/EMG-EPN612/testingJSON/user138/user138.json,idx_48
waveOut,trainingSamples,raw_data/EMG-EPN612/testingJSON/user138/user138.json,idx_49
waveOut,trainingSamples,raw_data/EMG-EPN612/testingJSON/user138/user138.json,idx_50
pinch,trainingSamples,raw_data/EMG-EPN612/testingJSON/user138/user138.json,idx_51
pinch,trainingSamples,raw_data/EMG-EPN612/testingJSON/user138/user138.json,idx_52
pinch,trainingSamples,raw_data/EMG-EPN612/testingJSON/user138/user138.json,idx_53
pinch,trainingSamples,raw_data/EMG-EPN612/testingJSON/user138/user138.json,idx_54
pinch,trainingSamples,raw_data/EMG-EPN612/testingJSON/user138/user138.json,idx_55
pinch,trainingSamples,raw_data/EMG-EPN612/testingJSON/user138/user138.json,idx_56
pinch,trainingSamples,raw_data/EMG-EPN612/testingJSON/user138/user138.json,idx_57
pinch,trainingSamples,raw_data/EMG-EPN612/testingJSON/user138/user138.json,idx_58
pinch,trainingSamples,raw_data/EMG-EPN612/testingJSON/user138/user138.json,idx_59
pinch,trainingSamples,raw_data/EMG-EPN612/testingJSON/user138/user138.json,idx_60
pinch,trainingSamples,raw_data/EMG-EPN612/testingJSON/user138/user138.json,idx_61
pinch,trainingSamples,raw_data/EMG-EPN612/testingJSON/user138/user138.json,idx_62
pinch,trainingSamples,raw_data/EMG-EPN612/testingJSON/user138/user138.json,idx_63
pinch,trainingSamples,raw_data/EMG-EPN612/testingJSON/user138/user138.json,idx_64
pinch,trainingSamples,raw_data/EMG-EPN612/testingJSON/user138/user138.json,idx_65
pinch,trainingSamples,raw_data/EMG-EPN612/testingJSON/user138/user138.json,idx_66
pinch,trainingSamples,raw_data/EMG-EPN612/testingJSON/user138/user138.json,idx_67
pinch,trainingSamples,raw_data/EMG-EPN612/testingJSON/user138/user138.json,idx_68
pinch,trainingSamples,raw_data/EMG-EPN612/testingJSON/user138/user138.json,idx_69
pinch,trainingSamples,raw_data/EMG-EPN612/testingJSON/user138/user138.json,idx_70
pinch,trainingSamples,raw_data/EMG-EPN612/testingJSON/user138/user138.json,idx_71
pinch,trainingSamples,raw_data/EMG-EPN612/testingJSON/user138/user138.json,idx_72
pinch,trainingSamples,raw_data/EMG-EPN612/testingJSON/user138/user138.json,idx_73
pinch,trainingSamples,raw_data/EMG-EPN612/testingJSON/user138/user138.json,idx_74
pinch,trainingSamples,raw_data/EMG-EPN612/testingJSON/user138/user138.json,idx_75
fist,trainingSamples,raw_data/EMG-EPN612/testingJSON/user138/user138.json,idx_76
fist,trainingSamples,raw_data/EMG-EPN612/testingJSON/user138/user138.json,idx_77
fist,trainingSamples,raw_data/EMG-EPN612/testingJSON/user138/user138.json,idx_78
fist,trainingSamples,raw_data/EMG-EPN612/testingJSON/user138/user138.json,idx_79
fist,trainingSamples,raw_data/EMG-EPN612/testingJSON/user138/user138.json,idx_80
fist,trainingSamples,raw_data/EMG-EPN612/testingJSON/user138/user138.json,idx_81
fist,trainingSamples,raw_data/EMG-EPN612/testingJSON/user138/user138.json,idx_82
fist,trainingSamples,raw_data/EMG-EPN612/testingJSON/user138/user138.json,idx_83
fist,trainingSamples,raw_data/EMG-EPN612/testingJSON/user138/user138.json,idx_84
fist,trainingSamples,raw_data/EMG-EPN612/testingJSON/user138/user138.json,idx_85
fist,trainingSamples,raw_data/EMG-EPN612/testingJSON/user138/user138.json,idx_86
fist,trainingSamples,raw_data/EMG-EPN612/testingJSON/user138/user138.json,idx_87
fist,trainingSamples,raw_data/EMG-EPN612/testingJSON/user138/user138.json,idx_88
fist,trainingSamples,raw_data/EMG-EPN612/testingJSON/user138/user138.json,idx_89
fist,trainingSamples,raw_data/EMG-EPN612/testingJSON/user138/user138.json,idx_90
fist,trainingSamples,raw_data/EMG-EPN612/testingJSON/user138/user138.json,idx_91
fist,trainingSamples,raw_data/EMG-EPN612/testingJSON/user138/user138.json,idx_92
fist,trainingSamples,raw_data/EMG-EPN612/testingJSON/user138/user138.json,idx_93
fist,trainingSamples,raw_data/EMG-EPN612/testingJSON/user138/user138.json,idx_94
fist,trainingSamples,raw_data/EMG-EPN612/testingJSON/user138/user138.json,idx_95
fist,trainingSamples,raw_data/EMG-EPN612/testingJSON/user138/user138.json,idx_96
fist,trainingSamples,raw_data/EMG-EPN612/testingJSON/user138/user138.json,idx_97
fist,trainingSamples,raw_data/EMG-EPN612/testingJSON/user138/user138.json,idx_98
fist,trainingSamples,raw_data/EMG-EPN612/testingJSON/user138/user138.json,idx_99
fist,trainingSamples,raw_data/EMG-EPN612/testingJSON/user138/user138.json,idx_100
waveIn,trainingSamples,raw_data/EMG-EPN612/testingJSON/user138/user138.json,idx_101
waveIn,trainingSamples,raw_data/EMG-EPN612/testingJSON/user138/user138.json,idx_102
waveIn,trainingSamples,raw_data/EMG-EPN612/testingJSON/user138/user138.json,idx_103
waveIn,trainingSamples,raw_data/EMG-EPN612/testingJSON/user138/user138.json,idx_104
waveIn,trainingSamples,raw_data/EMG-EPN612/testingJSON/user138/user138.json,idx_105
waveIn,trainingSamples,raw_data/EMG-EPN612/testingJSON/user138/user138.json,idx_106
waveIn,trainingSamples,raw_data/EMG-EPN612/testingJSON/user138/user138.json,idx_107
waveIn,trainingSamples,raw_data/EMG-EPN612/testingJSON/user138/user138.json,idx_108
waveIn,trainingSamples,raw_data/EMG-EPN612/testingJSON/user138/user138.json,idx_109
waveIn,trainingSamples,raw_data/EMG-EPN612/testingJSON/user138/user138.json,idx_110
waveIn,trainingSamples,raw_data/EMG-EPN612/testingJSON/user138/user138.json,idx_111
waveIn,trainingSamples,raw_data/EMG-EPN612/testingJSON/user138/user138.json,idx_112
waveIn,trainingSamples,raw_data/EMG-EPN612/testingJSON/user138/user138.json,idx_113
waveIn,trainingSamples,raw_data/EMG-EPN612/testingJSON/user138/user138.json,idx_114
waveIn,trainingSamples,raw_data/EMG-EPN612/testingJSON/user138/user138.json,idx_115
waveIn,trainingSamples,raw_data/EMG-EPN612/testingJSON/user138/user138.json,idx_116
waveIn,trainingSamples,raw_data/EMG-EPN612/testingJSON/user138/user138.json,idx_117
waveIn,trainingSamples,raw_data/EMG-EPN612/testingJSON/user138/user138.json,idx_118
waveIn,trainingSamples,raw_data/EMG-EPN612/testingJSON/user138/user138.json,idx_119
waveIn,trainingSamples,raw_data/EMG-EPN612/testingJSON/user138/user138.json,idx_120
waveIn,trainingSamples,raw_data/EMG-EPN612/testingJSON/user138/user138.json,idx_121
waveIn,trainingSamples,raw_data/EMG-EPN612/testingJSON/user138/user138.json,idx_122
waveIn,trainingSamples,raw_data/EMG-EPN612/testingJSON/user138/user138.json,idx_123
waveIn,trainingSamples,raw_data/EMG-EPN612/testingJSON/user138/user138.json,idx_124
waveIn,trainingSamples,raw_data/EMG-EPN612/testingJSON/user138/user138.json,idx_125
open,trainingSamples,raw_data/EMG-EPN612/testingJSON/user138/user138.json,idx_126
open,trainingSamples,raw_data/EMG-EPN612/testingJSON/user138/user138.json,idx_127
open,trainingSamples,raw_data/EMG-EPN612/testingJSON/user138/user138.json,idx_128
open,trainingSamples,raw_data/EMG-EPN612/testingJSON/user138/user138.json,idx_129
open,trainingSamples,raw_data/EMG-EPN612/testingJSON/user138/user138.json,idx_130
open,trainingSamples,raw_data/EMG-EPN612/testingJSON/user138/user138.json,idx_131
open,trainingSamples,raw_data/EMG-EPN612/testingJSON/user138/user138.json,idx_132
open,trainingSamples,raw_data/EMG-EPN612/testingJSON/user138/user138.json,idx_133
open,trainingSamples,raw_data/EMG-EPN612/testingJSON/user138/user138.json,idx_134
open,trainingSamples,raw_data/EMG-EPN612/testingJSON/user138/user138.json,idx_135
open,trainingSamples,raw_data/EMG-EPN612/testingJSON/user138/user138.json,idx_136
open,trainingSamples,raw_data/EMG-EPN612/testingJSON/user138/user138.json,idx_137
open,trainingSamples,raw_data/EMG-EPN612/testingJSON/user138/user138.json,idx_138
open,trainingSamples,raw_data/EMG-EPN612/testingJSON/user138/user138.json,idx_139
open,trainingSamples,raw_data/EMG-EPN612/testingJSON/user138/user138.json,idx_140
open,trainingSamples,raw_data/EMG-EPN612/testingJSON/user138/user138.json,idx_141
open,trainingSamples,raw_data/EMG-EPN612/testingJSON/user138/user138.json,idx_142
open,trainingSamples,raw_data/EMG-EPN612/testingJSON/user138/user138.json,idx_143
open,trainingSamples,raw_data/EMG-EPN612/testingJSON/user138/user138.json,idx_144
open,trainingSamples,raw_data/EMG-EPN612/testingJSON/user138/user138.json,idx_145
open,trainingSamples,raw_data/EMG-EPN612/testingJSON/user138/user138.json,idx_146
open,trainingSamples,raw_data/EMG-EPN612/testingJSON/user138/user138.json,idx_147
open,trainingSamples,raw_data/EMG-EPN612/testingJSON/user138/user138.json,idx_148
open,trainingSamples,raw_data/EMG-EPN612/testingJSON/user138/user138.json,idx_149
open,trainingSamples,raw_data/EMG-EPN612/testingJSON/user138/user138.json,idx_150
noGesture,trainingSamples,raw_data/EMG-EPN612/testingJSON/user139/user139.json,idx_1
noGesture,trainingSamples,raw_data/EMG-EPN612/testingJSON/user139/user139.json,idx_2
noGesture,trainingSamples,raw_data/EMG-EPN612/testingJSON/user139/user139.json,idx_3
noGesture,trainingSamples,raw_data/EMG-EPN612/testingJSON/user139/user139.json,idx_4
noGesture,trainingSamples,raw_data/EMG-EPN612/testingJSON/user139/user139.json,idx_5
noGesture,trainingSamples,raw_data/EMG-EPN612/testingJSON/user139/user139.json,idx_6
noGesture,trainingSamples,raw_data/EMG-EPN612/testingJSON/user139/user139.json,idx_7
noGesture,trainingSamples,raw_data/EMG-EPN612/testingJSON/user139/user139.json,idx_8
noGesture,trainingSamples,raw_data/EMG-EPN612/testingJSON/user139/user139.json,idx_9
noGesture,trainingSamples,raw_data/EMG-EPN612/testingJSON/user139/user139.json,idx_10
noGesture,trainingSamples,raw_data/EMG-EPN612/testingJSON/user139/user139.json,idx_11
noGesture,trainingSamples,raw_data/EMG-EPN612/testingJSON/user139/user139.json,idx_12
noGesture,trainingSamples,raw_data/EMG-EPN612/testingJSON/user139/user139.json,idx_13
noGesture,trainingSamples,raw_data/EMG-EPN612/testingJSON/user139/user139.json,idx_14
noGesture,trainingSamples,raw_data/EMG-EPN612/testingJSON/user139/user139.json,idx_15
noGesture,trainingSamples,raw_data/EMG-EPN612/testingJSON/user139/user139.json,idx_16
noGesture,trainingSamples,raw_data/EMG-EPN612/testingJSON/user139/user139.json,idx_17
noGesture,trainingSamples,raw_data/EMG-EPN612/testingJSON/user139/user139.json,idx_18
noGesture,trainingSamples,raw_data/EMG-EPN612/testingJSON/user139/user139.json,idx_19
noGesture,trainingSamples,raw_data/EMG-EPN612/testingJSON/user139/user139.json,idx_20
noGesture,trainingSamples,raw_data/EMG-EPN612/testingJSON/user139/user139.json,idx_21
noGesture,trainingSamples,raw_data/EMG-EPN612/testingJSON/user139/user139.json,idx_22
noGesture,trainingSamples,raw_data/EMG-EPN612/testingJSON/user139/user139.json,idx_23
noGesture,trainingSamples,raw_data/EMG-EPN612/testingJSON/user139/user139.json,idx_24
noGesture,trainingSamples,raw_data/EMG-EPN612/testingJSON/user139/user139.json,idx_25
waveOut,trainingSamples,raw_data/EMG-EPN612/testingJSON/user139/user139.json,idx_26
waveOut,trainingSamples,raw_data/EMG-EPN612/testingJSON/user139/user139.json,idx_27
waveOut,trainingSamples,raw_data/EMG-EPN612/testingJSON/user139/user139.json,idx_28
waveOut,trainingSamples,raw_data/EMG-EPN612/testingJSON/user139/user139.json,idx_29
waveOut,trainingSamples,raw_data/EMG-EPN612/testingJSON/user139/user139.json,idx_30
waveOut,trainingSamples,raw_data/EMG-EPN612/testingJSON/user139/user139.json,idx_31
waveOut,trainingSamples,raw_data/EMG-EPN612/testingJSON/user139/user139.json,idx_32
waveOut,trainingSamples,raw_data/EMG-EPN612/testingJSON/user139/user139.json,idx_33
waveOut,trainingSamples,raw_data/EMG-EPN612/testingJSON/user139/user139.json,idx_34
waveOut,trainingSamples,raw_data/EMG-EPN612/testingJSON/user139/user139.json,idx_35
waveOut,trainingSamples,raw_data/EMG-EPN612/testingJSON/user139/user139.json,idx_36
waveOut,trainingSamples,raw_data/EMG-EPN612/testingJSON/user139/user139.json,idx_37
waveOut,trainingSamples,raw_data/EMG-EPN612/testingJSON/user139/user139.json,idx_38
waveOut,trainingSamples,raw_data/EMG-EPN612/testingJSON/user139/user139.json,idx_39
waveOut,trainingSamples,raw_data/EMG-EPN612/testingJSON/user139/user139.json,idx_40
waveOut,trainingSamples,raw_data/EMG-EPN612/testingJSON/user139/user139.json,idx_41
waveOut,trainingSamples,raw_data/EMG-EPN612/testingJSON/user139/user139.json,idx_42
waveOut,trainingSamples,raw_data/EMG-EPN612/testingJSON/user139/user139.json,idx_43
waveOut,trainingSamples,raw_data/EMG-EPN612/testingJSON/user139/user139.json,idx_44
waveOut,trainingSamples,raw_data/EMG-EPN612/testingJSON/user139/user139.json,idx_45
waveOut,trainingSamples,raw_data/EMG-EPN612/testingJSON/user139/user139.json,idx_46
waveOut,trainingSamples,raw_data/EMG-EPN612/testingJSON/user139/user139.json,idx_47
waveOut,trainingSamples,raw_data/EMG-EPN612/testingJSON/user139/user139.json,idx_48
waveOut,trainingSamples,raw_data/EMG-EPN612/testingJSON/user139/user139.json,idx_49
waveOut,trainingSamples,raw_data/EMG-EPN612/testingJSON/user139/user139.json,idx_50
pinch,trainingSamples,raw_data/EMG-EPN612/testingJSON/user139/user139.json,idx_51
pinch,trainingSamples,raw_data/EMG-EPN612/testingJSON/user139/user139.json,idx_52
pinch,trainingSamples,raw_data/EMG-EPN612/testingJSON/user139/user139.json,idx_53
pinch,trainingSamples,raw_data/EMG-EPN612/testingJSON/user139/user139.json,idx_54
pinch,trainingSamples,raw_data/EMG-EPN612/testingJSON/user139/user139.json,idx_55
pinch,trainingSamples,raw_data/EMG-EPN612/testingJSON/user139/user139.json,idx_56
pinch,trainingSamples,raw_data/EMG-EPN612/testingJSON/user139/user139.json,idx_57
pinch,trainingSamples,raw_data/EMG-EPN612/testingJSON/user139/user139.json,idx_58
pinch,trainingSamples,raw_data/EMG-EPN612/testingJSON/user139/user139.json,idx_59
pinch,trainingSamples,raw_data/EMG-EPN612/testingJSON/user139/user139.json,idx_60
pinch,trainingSamples,raw_data/EMG-EPN612/testingJSON/user139/user139.json,idx_61
pinch,trainingSamples,raw_data/EMG-EPN612/testingJSON/user139/user139.json,idx_62
pinch,trainingSamples,raw_data/EMG-EPN612/testingJSON/user139/user139.json,idx_63
pinch,trainingSamples,raw_data/EMG-EPN612/testingJSON/user139/user139.json,idx_64
pinch,trainingSamples,raw_data/EMG-EPN612/testingJSON/user139/user139.json,idx_65
pinch,trainingSamples,raw_data/EMG-EPN612/testingJSON/user139/user139.json,idx_66
pinch,trainingSamples,raw_data/EMG-EPN612/testingJSON/user139/user139.json,idx_67
pinch,trainingSamples,raw_data/EMG-EPN612/testingJSON/user139/user139.json,idx_68
pinch,trainingSamples,raw_data/EMG-EPN612/testingJSON/user139/user139.json,idx_69
pinch,trainingSamples,raw_data/EMG-EPN612/testingJSON/user139/user139.json,idx_70
pinch,trainingSamples,raw_data/EMG-EPN612/testingJSON/user139/user139.json,idx_71
pinch,trainingSamples,raw_data/EMG-EPN612/testingJSON/user139/user139.json,idx_72
pinch,trainingSamples,raw_data/EMG-EPN612/testingJSON/user139/user139.json,idx_73
pinch,trainingSamples,raw_data/EMG-EPN612/testingJSON/user139/user139.json,idx_74
pinch,trainingSamples,raw_data/EMG-EPN612/testingJSON/user139/user139.json,idx_75
fist,trainingSamples,raw_data/EMG-EPN612/testingJSON/user139/user139.json,idx_76
fist,trainingSamples,raw_data/EMG-EPN612/testingJSON/user139/user139.json,idx_77
fist,trainingSamples,raw_data/EMG-EPN612/testingJSON/user139/user139.json,idx_78
fist,trainingSamples,raw_data/EMG-EPN612/testingJSON/user139/user139.json,idx_79
fist,trainingSamples,raw_data/EMG-EPN612/testingJSON/user139/user139.json,idx_80
fist,trainingSamples,raw_data/EMG-EPN612/testingJSON/user139/user139.json,idx_81
fist,trainingSamples,raw_data/EMG-EPN612/testingJSON/user139/user139.json,idx_82
fist,trainingSamples,raw_data/EMG-EPN612/testingJSON/user139/user139.json,idx_83
fist,trainingSamples,raw_data/EMG-EPN612/testingJSON/user139/user139.json,idx_84
fist,trainingSamples,raw_data/EMG-EPN612/testingJSON/user139/user139.json,idx_85
fist,trainingSamples,raw_data/EMG-EPN612/testingJSON/user139/user139.json,idx_86
fist,trainingSamples,raw_data/EMG-EPN612/testingJSON/user139/user139.json,idx_87
fist,trainingSamples,raw_data/EMG-EPN612/testingJSON/user139/user139.json,idx_88
fist,trainingSamples,raw_data/EMG-EPN612/testingJSON/user139/user139.json,idx_89
fist,trainingSamples,raw_data/EMG-EPN612/testingJSON/user139/user139.json,idx_90
fist,trainingSamples,raw_data/EMG-EPN612/testingJSON/user139/user139.json,idx_91
fist,trainingSamples,raw_data/EMG-EPN612/testingJSON/user139/user139.json,idx_92
fist,trainingSamples,raw_data/EMG-EPN612/testingJSON/user139/user139.json,idx_93
fist,trainingSamples,raw_data/EMG-EPN612/testingJSON/user139/user139.json,idx_94
fist,trainingSamples,raw_data/EMG-EPN612/testingJSON/user139/user139.json,idx_95
fist,trainingSamples,raw_data/EMG-EPN612/testingJSON/user139/user139.json,idx_96
fist,trainingSamples,raw_data/EMG-EPN612/testingJSON/user139/user139.json,idx_97
fist,trainingSamples,raw_data/EMG-EPN612/testingJSON/user139/user139.json,idx_98
fist,trainingSamples,raw_data/EMG-EPN612/testingJSON/user139/user139.json,idx_99
fist,trainingSamples,raw_data/EMG-EPN612/testingJSON/user139/user139.json,idx_100
waveIn,trainingSamples,raw_data/EMG-EPN612/testingJSON/user139/user139.json,idx_101
waveIn,trainingSamples,raw_data/EMG-EPN612/testingJSON/user139/user139.json,idx_102
waveIn,trainingSamples,raw_data/EMG-EPN612/testingJSON/user139/user139.json,idx_103
waveIn,trainingSamples,raw_data/EMG-EPN612/testingJSON/user139/user139.json,idx_104
waveIn,trainingSamples,raw_data/EMG-EPN612/testingJSON/user139/user139.json,idx_105
waveIn,trainingSamples,raw_data/EMG-EPN612/testingJSON/user139/user139.json,idx_106
waveIn,trainingSamples,raw_data/EMG-EPN612/testingJSON/user139/user139.json,idx_107
waveIn,trainingSamples,raw_data/EMG-EPN612/testingJSON/user139/user139.json,idx_108
waveIn,trainingSamples,raw_data/EMG-EPN612/testingJSON/user139/user139.json,idx_109
waveIn,trainingSamples,raw_data/EMG-EPN612/testingJSON/user139/user139.json,idx_110
waveIn,trainingSamples,raw_data/EMG-EPN612/testingJSON/user139/user139.json,idx_111
waveIn,trainingSamples,raw_data/EMG-EPN612/testingJSON/user139/user139.json,idx_112
waveIn,trainingSamples,raw_data/EMG-EPN612/testingJSON/user139/user139.json,idx_113
waveIn,trainingSamples,raw_data/EMG-EPN612/testingJSON/user139/user139.json,idx_114
waveIn,trainingSamples,raw_data/EMG-EPN612/testingJSON/user139/user139.json,idx_115
waveIn,trainingSamples,raw_data/EMG-EPN612/testingJSON/user139/user139.json,idx_116
waveIn,trainingSamples,raw_data/EMG-EPN612/testingJSON/user139/user139.json,idx_117
waveIn,trainingSamples,raw_data/EMG-EPN612/testingJSON/user139/user139.json,idx_118
waveIn,trainingSamples,raw_data/EMG-EPN612/testingJSON/user139/user139.json,idx_119
waveIn,trainingSamples,raw_data/EMG-EPN612/testingJSON/user139/user139.json,idx_120
waveIn,trainingSamples,raw_data/EMG-EPN612/testingJSON/user139/user139.json,idx_121
waveIn,trainingSamples,raw_data/EMG-EPN612/testingJSON/user139/user139.json,idx_122
waveIn,trainingSamples,raw_data/EMG-EPN612/testingJSON/user139/user139.json,idx_123
waveIn,trainingSamples,raw_data/EMG-EPN612/testingJSON/user139/user139.json,idx_124
waveIn,trainingSamples,raw_data/EMG-EPN612/testingJSON/user139/user139.json,idx_125
open,trainingSamples,raw_data/EMG-EPN612/testingJSON/user139/user139.json,idx_126
open,trainingSamples,raw_data/EMG-EPN612/testingJSON/user139/user139.json,idx_127
open,trainingSamples,raw_data/EMG-EPN612/testingJSON/user139/user139.json,idx_128
open,trainingSamples,raw_data/EMG-EPN612/testingJSON/user139/user139.json,idx_129
open,trainingSamples,raw_data/EMG-EPN612/testingJSON/user139/user139.json,idx_130
open,trainingSamples,raw_data/EMG-EPN612/testingJSON/user139/user139.json,idx_131
open,trainingSamples,raw_data/EMG-EPN612/testingJSON/user139/user139.json,idx_132
open,trainingSamples,raw_data/EMG-EPN612/testingJSON/user139/user139.json,idx_133
open,trainingSamples,raw_data/EMG-EPN612/testingJSON/user139/user139.json,idx_134
open,trainingSamples,raw_data/EMG-EPN612/testingJSON/user139/user139.json,idx_135
open,trainingSamples,raw_data/EMG-EPN612/testingJSON/user139/user139.json,idx_136
open,trainingSamples,raw_data/EMG-EPN612/testingJSON/user139/user139.json,idx_137
open,trainingSamples,raw_data/EMG-EPN612/testingJSON/user139/user139.json,idx_138
open,trainingSamples,raw_data/EMG-EPN612/testingJSON/user139/user139.json,idx_139
open,trainingSamples,raw_data/EMG-EPN612/testingJSON/user139/user139.json,idx_140
open,trainingSamples,raw_data/EMG-EPN612/testingJSON/user139/user139.json,idx_141
open,trainingSamples,raw_data/EMG-EPN612/testingJSON/user139/user139.json,idx_142
open,trainingSamples,raw_data/EMG-EPN612/testingJSON/user139/user139.json,idx_143
open,trainingSamples,raw_data/EMG-EPN612/testingJSON/user139/user139.json,idx_144
open,trainingSamples,raw_data/EMG-EPN612/testingJSON/user139/user139.json,idx_145
open,trainingSamples,raw_data/EMG-EPN612/testingJSON/user139/user139.json,idx_146
open,trainingSamples,raw_data/EMG-EPN612/testingJSON/user139/user139.json,idx_147
open,trainingSamples,raw_data/EMG-EPN612/testingJSON/user139/user139.json,idx_148
open,trainingSamples,raw_data/EMG-EPN612/testingJSON/user139/user139.json,idx_149
open,trainingSamples,raw_data/EMG-EPN612/testingJSON/user139/user139.json,idx_150
noGesture,trainingSamples,raw_data/EMG-EPN612/testingJSON/user14/user14.json,idx_1
noGesture,trainingSamples,raw_data/EMG-EPN612/testingJSON/user14/user14.json,idx_2
noGesture,trainingSamples,raw_data/EMG-EPN612/testingJSON/user14/user14.json,idx_3
noGesture,trainingSamples,raw_data/EMG-EPN612/testingJSON/user14/user14.json,idx_4
noGesture,trainingSamples,raw_data/EMG-EPN612/testingJSON/user14/user14.json,idx_5
noGesture,trainingSamples,raw_data/EMG-EPN612/testingJSON/user14/user14.json,idx_6
noGesture,trainingSamples,raw_data/EMG-EPN612/testingJSON/user14/user14.json,idx_7
noGesture,trainingSamples,raw_data/EMG-EPN612/testingJSON/user14/user14.json,idx_8
noGesture,trainingSamples,raw_data/EMG-EPN612/testingJSON/user14/user14.json,idx_9
noGesture,trainingSamples,raw_data/EMG-EPN612/testingJSON/user14/user14.json,idx_10
noGesture,trainingSamples,raw_data/EMG-EPN612/testingJSON/user14/user14.json,idx_11
noGesture,trainingSamples,raw_data/EMG-EPN612/testingJSON/user14/user14.json,idx_12
noGesture,trainingSamples,raw_data/EMG-EPN612/testingJSON/user14/user14.json,idx_13
noGesture,trainingSamples,raw_data/EMG-EPN612/testingJSON/user14/user14.json,idx_14
noGesture,trainingSamples,raw_data/EMG-EPN612/testingJSON/user14/user14.json,idx_15
noGesture,trainingSamples,raw_data/EMG-EPN612/testingJSON/user14/user14.json,idx_16
noGesture,trainingSamples,raw_data/EMG-EPN612/testingJSON/user14/user14.json,idx_17
noGesture,trainingSamples,raw_data/EMG-EPN612/testingJSON/user14/user14.json,idx_18
noGesture,trainingSamples,raw_data/EMG-EPN612/testingJSON/user14/user14.json,idx_19
noGesture,trainingSamples,raw_data/EMG-EPN612/testingJSON/user14/user14.json,idx_20
noGesture,trainingSamples,raw_data/EMG-EPN612/testingJSON/user14/user14.json,idx_21
noGesture,trainingSamples,raw_data/EMG-EPN612/testingJSON/user14/user14.json,idx_22
noGesture,trainingSamples,raw_data/EMG-EPN612/testingJSON/user14/user14.json,idx_23
noGesture,trainingSamples,raw_data/EMG-EPN612/testingJSON/user14/user14.json,idx_24
noGesture,trainingSamples,raw_data/EMG-EPN612/testingJSON/user14/user14.json,idx_25
waveOut,trainingSamples,raw_data/EMG-EPN612/testingJSON/user14/user14.json,idx_26
waveOut,trainingSamples,raw_data/EMG-EPN612/testingJSON/user14/user14.json,idx_27
waveOut,trainingSamples,raw_data/EMG-EPN612/testingJSON/user14/user14.json,idx_28
waveOut,trainingSamples,raw_data/EMG-EPN612/testingJSON/user14/user14.json,idx_29
waveOut,trainingSamples,raw_data/EMG-EPN612/testingJSON/user14/user14.json,idx_30
waveOut,trainingSamples,raw_data/EMG-EPN612/testingJSON/user14/user14.json,idx_31
waveOut,trainingSamples,raw_data/EMG-EPN612/testingJSON/user14/user14.json,idx_32
waveOut,trainingSamples,raw_data/EMG-EPN612/testingJSON/user14/user14.json,idx_33
waveOut,trainingSamples,raw_data/EMG-EPN612/testingJSON/user14/user14.json,idx_34
waveOut,trainingSamples,raw_data/EMG-EPN612/testingJSON/user14/user14.json,idx_35
waveOut,trainingSamples,raw_data/EMG-EPN612/testingJSON/user14/user14.json,idx_36
waveOut,trainingSamples,raw_data/EMG-EPN612/testingJSON/user14/user14.json,idx_37
waveOut,trainingSamples,raw_data/EMG-EPN612/testingJSON/user14/user14.json,idx_38
waveOut,trainingSamples,raw_data/EMG-EPN612/testingJSON/user14/user14.json,idx_39
waveOut,trainingSamples,raw_data/EMG-EPN612/testingJSON/user14/user14.json,idx_40
waveOut,trainingSamples,raw_data/EMG-EPN612/testingJSON/user14/user14.json,idx_41
waveOut,trainingSamples,raw_data/EMG-EPN612/testingJSON/user14/user14.json,idx_42
waveOut,trainingSamples,raw_data/EMG-EPN612/testingJSON/user14/user14.json,idx_43
waveOut,trainingSamples,raw_data/EMG-EPN612/testingJSON/user14/user14.json,idx_44
waveOut,trainingSamples,raw_data/EMG-EPN612/testingJSON/user14/user14.json,idx_45
waveOut,trainingSamples,raw_data/EMG-EPN612/testingJSON/user14/user14.json,idx_46
waveOut,trainingSamples,raw_data/EMG-EPN612/testingJSON/user14/user14.json,idx_47
waveOut,trainingSamples,raw_data/EMG-EPN612/testingJSON/user14/user14.json,idx_48
waveOut,trainingSamples,raw_data/EMG-EPN612/testingJSON/user14/user14.json,idx_49
waveOut,trainingSamples,raw_data/EMG-EPN612/testingJSON/user14/user14.json,idx_50
pinch,trainingSamples,raw_data/EMG-EPN612/testingJSON/user14/user14.json,idx_51
pinch,trainingSamples,raw_data/EMG-EPN612/testingJSON/user14/user14.json,idx_52
pinch,trainingSamples,raw_data/EMG-EPN612/testingJSON/user14/user14.json,idx_53
pinch,trainingSamples,raw_data/EMG-EPN612/testingJSON/user14/user14.json,idx_54
pinch,trainingSamples,raw_data/EMG-EPN612/testingJSON/user14/user14.json,idx_55
pinch,trainingSamples,raw_data/EMG-EPN612/testingJSON/user14/user14.json,idx_56
pinch,trainingSamples,raw_data/EMG-EPN612/testingJSON/user14/user14.json,idx_57
pinch,trainingSamples,raw_data/EMG-EPN612/testingJSON/user14/user14.json,idx_58
pinch,trainingSamples,raw_data/EMG-EPN612/testingJSON/user14/user14.json,idx_59
pinch,trainingSamples,raw_data/EMG-EPN612/testingJSON/user14/user14.json,idx_60
pinch,trainingSamples,raw_data/EMG-EPN612/testingJSON/user14/user14.json,idx_61
pinch,trainingSamples,raw_data/EMG-EPN612/testingJSON/user14/user14.json,idx_62
pinch,trainingSamples,raw_data/EMG-EPN612/testingJSON/user14/user14.json,idx_63
pinch,trainingSamples,raw_data/EMG-EPN612/testingJSON/user14/user14.json,idx_64
pinch,trainingSamples,raw_data/EMG-EPN612/testingJSON/user14/user14.json,idx_65
pinch,trainingSamples,raw_data/EMG-EPN612/testingJSON/user14/user14.json,idx_66
pinch,trainingSamples,raw_data/EMG-EPN612/testingJSON/user14/user14.json,idx_67
pinch,trainingSamples,raw_data/EMG-EPN612/testingJSON/user14/user14.json,idx_68
pinch,trainingSamples,raw_data/EMG-EPN612/testingJSON/user14/user14.json,idx_69
pinch,trainingSamples,raw_data/EMG-EPN612/testingJSON/user14/user14.json,idx_70
pinch,trainingSamples,raw_data/EMG-EPN612/testingJSON/user14/user14.json,idx_71
pinch,trainingSamples,raw_data/EMG-EPN612/testingJSON/user14/user14.json,idx_72
pinch,trainingSamples,raw_data/EMG-EPN612/testingJSON/user14/user14.json,idx_73
pinch,trainingSamples,raw_data/EMG-EPN612/testingJSON/user14/user14.json,idx_74
pinch,trainingSamples,raw_data/EMG-EPN612/testingJSON/user14/user14.json,idx_75
fist,trainingSamples,raw_data/EMG-EPN612/testingJSON/user14/user14.json,idx_76
fist,trainingSamples,raw_data/EMG-EPN612/testingJSON/user14/user14.json,idx_77
fist,trainingSamples,raw_data/EMG-EPN612/testingJSON/user14/user14.json,idx_78
fist,trainingSamples,raw_data/EMG-EPN612/testingJSON/user14/user14.json,idx_79
fist,trainingSamples,raw_data/EMG-EPN612/testingJSON/user14/user14.json,idx_80
fist,trainingSamples,raw_data/EMG-EPN612/testingJSON/user14/user14.json,idx_81
fist,trainingSamples,raw_data/EMG-EPN612/testingJSON/user14/user14.json,idx_82
fist,trainingSamples,raw_data/EMG-EPN612/testingJSON/user14/user14.json,idx_83
fist,trainingSamples,raw_data/EMG-EPN612/testingJSON/user14/user14.json,idx_84
fist,trainingSamples,raw_data/EMG-EPN612/testingJSON/user14/user14.json,idx_85
fist,trainingSamples,raw_data/EMG-EPN612/testingJSON/user14/user14.json,idx_86
fist,trainingSamples,raw_data/EMG-EPN612/testingJSON/user14/user14.json,idx_87
fist,trainingSamples,raw_data/EMG-EPN612/testingJSON/user14/user14.json,idx_88
fist,trainingSamples,raw_data/EMG-EPN612/testingJSON/user14/user14.json,idx_89
fist,trainingSamples,raw_data/EMG-EPN612/testingJSON/user14/user14.json,idx_90
fist,trainingSamples,raw_data/EMG-EPN612/testingJSON/user14/user14.json,idx_91
fist,trainingSamples,raw_data/EMG-EPN612/testingJSON/user14/user14.json,idx_92
fist,trainingSamples,raw_data/EMG-EPN612/testingJSON/user14/user14.json,idx_93
fist,trainingSamples,raw_data/EMG-EPN612/testingJSON/user14/user14.json,idx_94
fist,trainingSamples,raw_data/EMG-EPN612/testingJSON/user14/user14.json,idx_95
fist,trainingSamples,raw_data/EMG-EPN612/testingJSON/user14/user14.json,idx_96
fist,trainingSamples,raw_data/EMG-EPN612/testingJSON/user14/user14.json,idx_97
fist,trainingSamples,raw_data/EMG-EPN612/testingJSON/user14/user14.json,idx_98
fist,trainingSamples,raw_data/EMG-EPN612/testingJSON/user14/user14.json,idx_99
fist,trainingSamples,raw_data/EMG-EPN612/testingJSON/user14/user14.json,idx_100
waveIn,trainingSamples,raw_data/EMG-EPN612/testingJSON/user14/user14.json,idx_101
waveIn,trainingSamples,raw_data/EMG-EPN612/testingJSON/user14/user14.json,idx_102
waveIn,trainingSamples,raw_data/EMG-EPN612/testingJSON/user14/user14.json,idx_103
waveIn,trainingSamples,raw_data/EMG-EPN612/testingJSON/user14/user14.json,idx_104
waveIn,trainingSamples,raw_data/EMG-EPN612/testingJSON/user14/user14.json,idx_105
waveIn,trainingSamples,raw_data/EMG-EPN612/testingJSON/user14/user14.json,idx_106
waveIn,trainingSamples,raw_data/EMG-EPN612/testingJSON/user14/user14.json,idx_107
waveIn,trainingSamples,raw_data/EMG-EPN612/testingJSON/user14/user14.json,idx_108
waveIn,trainingSamples,raw_data/EMG-EPN612/testingJSON/user14/user14.json,idx_109
waveIn,trainingSamples,raw_data/EMG-EPN612/testingJSON/user14/user14.json,idx_110
waveIn,trainingSamples,raw_data/EMG-EPN612/testingJSON/user14/user14.json,idx_111
waveIn,trainingSamples,raw_data/EMG-EPN612/testingJSON/user14/user14.json,idx_112
waveIn,trainingSamples,raw_data/EMG-EPN612/testingJSON/user14/user14.json,idx_113
waveIn,trainingSamples,raw_data/EMG-EPN612/testingJSON/user14/user14.json,idx_114
waveIn,trainingSamples,raw_data/EMG-EPN612/testingJSON/user14/user14.json,idx_115
waveIn,trainingSamples,raw_data/EMG-EPN612/testingJSON/user14/user14.json,idx_116
waveIn,trainingSamples,raw_data/EMG-EPN612/testingJSON/user14/user14.json,idx_117
waveIn,trainingSamples,raw_data/EMG-EPN612/testingJSON/user14/user14.json,idx_118
waveIn,trainingSamples,raw_data/EMG-EPN612/testingJSON/user14/user14.json,idx_119
waveIn,trainingSamples,raw_data/EMG-EPN612/testingJSON/user14/user14.json,idx_120
waveIn,trainingSamples,raw_data/EMG-EPN612/testingJSON/user14/user14.json,idx_121
waveIn,trainingSamples,raw_data/EMG-EPN612/testingJSON/user14/user14.json,idx_122
waveIn,trainingSamples,raw_data/EMG-EPN612/testingJSON/user14/user14.json,idx_123
waveIn,trainingSamples,raw_data/EMG-EPN612/testingJSON/user14/user14.json,idx_124
waveIn,trainingSamples,raw_data/EMG-EPN612/testingJSON/user14/user14.json,idx_125
open,trainingSamples,raw_data/EMG-EPN612/testingJSON/user14/user14.json,idx_126
open,trainingSamples,raw_data/EMG-EPN612/testingJSON/user14/user14.json,idx_127
open,trainingSamples,raw_data/EMG-EPN612/testingJSON/user14/user14.json,idx_128
open,trainingSamples,raw_data/EMG-EPN612/testingJSON/user14/user14.json,idx_129
open,trainingSamples,raw_data/EMG-EPN612/testingJSON/user14/user14.json,idx_130
open,trainingSamples,raw_data/EMG-EPN612/testingJSON/user14/user14.json,idx_131
open,trainingSamples,raw_data/EMG-EPN612/testingJSON/user14/user14.json,idx_132
open,trainingSamples,raw_data/EMG-EPN612/testingJSON/user14/user14.json,idx_133
open,trainingSamples,raw_data/EMG-EPN612/testingJSON/user14/user14.json,idx_134
open,trainingSamples,raw_data/EMG-EPN612/testingJSON/user14/user14.json,idx_135
open,trainingSamples,raw_data/EMG-EPN612/testingJSON/user14/user14.json,idx_136
open,trainingSamples,raw_data/EMG-EPN612/testingJSON/user14/user14.json,idx_137
open,trainingSamples,raw_data/EMG-EPN612/testingJSON/user14/user14.json,idx_138
open,trainingSamples,raw_data/EMG-EPN612/testingJSON/user14/user14.json,idx_139
open,trainingSamples,raw_data/EMG-EPN612/testingJSON/user14/user14.json,idx_140
open,trainingSamples,raw_data/EMG-EPN612/testingJSON/user14/user14.json,idx_141
open,trainingSamples,raw_data/EMG-EPN612/testingJSON/user14/user14.json,idx_142
open,trainingSamples,raw_data/EMG-EPN612/testingJSON/user14/user14.json,idx_143
open,trainingSamples,raw_data/EMG-EPN612/testingJSON/user14/user14.json,idx_144
open,trainingSamples,raw_data/EMG-EPN612/testingJSON/user14/user14.json,idx_145
open,trainingSamples,raw_data/EMG-EPN612/testingJSON/user14/user14.json,idx_146
open,trainingSamples,raw_data/EMG-EPN612/testingJSON/user14/user14.json,idx_147
open,trainingSamples,raw_data/EMG-EPN612/testingJSON/user14/user14.json,idx_148
open,trainingSamples,raw_data/EMG-EPN612/testingJSON/user14/user14.json,idx_149
open,trainingSamples,raw_data/EMG-EPN612/testingJSON/user14/user14.json,idx_150
noGesture,trainingSamples,raw_data/EMG-EPN612/testingJSON/user140/user140.json,idx_1
noGesture,trainingSamples,raw_data/EMG-EPN612/testingJSON/user140/user140.json,idx_2
noGesture,trainingSamples,raw_data/EMG-EPN612/testingJSON/user140/user140.json,idx_3
noGesture,trainingSamples,raw_data/EMG-EPN612/testingJSON/user140/user140.json,idx_4
noGesture,trainingSamples,raw_data/EMG-EPN612/testingJSON/user140/user140.json,idx_5
noGesture,trainingSamples,raw_data/EMG-EPN612/testingJSON/user140/user140.json,idx_6
noGesture,trainingSamples,raw_data/EMG-EPN612/testingJSON/user140/user140.json,idx_7
noGesture,trainingSamples,raw_data/EMG-EPN612/testingJSON/user140/user140.json,idx_8
noGesture,trainingSamples,raw_data/EMG-EPN612/testingJSON/user140/user140.json,idx_9
noGesture,trainingSamples,raw_data/EMG-EPN612/testingJSON/user140/user140.json,idx_10
noGesture,trainingSamples,raw_data/EMG-EPN612/testingJSON/user140/user140.json,idx_11
noGesture,trainingSamples,raw_data/EMG-EPN612/testingJSON/user140/user140.json,idx_12
noGesture,trainingSamples,raw_data/EMG-EPN612/testingJSON/user140/user140.json,idx_13
noGesture,trainingSamples,raw_data/EMG-EPN612/testingJSON/user140/user140.json,idx_14
noGesture,trainingSamples,raw_data/EMG-EPN612/testingJSON/user140/user140.json,idx_15
noGesture,trainingSamples,raw_data/EMG-EPN612/testingJSON/user140/user140.json,idx_16
noGesture,trainingSamples,raw_data/EMG-EPN612/testingJSON/user140/user140.json,idx_17
noGesture,trainingSamples,raw_data/EMG-EPN612/testingJSON/user140/user140.json,idx_18
noGesture,trainingSamples,raw_data/EMG-EPN612/testingJSON/user140/user140.json,idx_19
noGesture,trainingSamples,raw_data/EMG-EPN612/testingJSON/user140/user140.json,idx_20
noGesture,trainingSamples,raw_data/EMG-EPN612/testingJSON/user140/user140.json,idx_21
noGesture,trainingSamples,raw_data/EMG-EPN612/testingJSON/user140/user140.json,idx_22
noGesture,trainingSamples,raw_data/EMG-EPN612/testingJSON/user140/user140.json,idx_23
noGesture,trainingSamples,raw_data/EMG-EPN612/testingJSON/user140/user140.json,idx_24
noGesture,trainingSamples,raw_data/EMG-EPN612/testingJSON/user140/user140.json,idx_25
waveOut,trainingSamples,raw_data/EMG-EPN612/testingJSON/user140/user140.json,idx_26
waveOut,trainingSamples,raw_data/EMG-EPN612/testingJSON/user140/user140.json,idx_27
waveOut,trainingSamples,raw_data/EMG-EPN612/testingJSON/user140/user140.json,idx_28
waveOut,trainingSamples,raw_data/EMG-EPN612/testingJSON/user140/user140.json,idx_29
waveOut,trainingSamples,raw_data/EMG-EPN612/testingJSON/user140/user140.json,idx_30
waveOut,trainingSamples,raw_data/EMG-EPN612/testingJSON/user140/user140.json,idx_31
waveOut,trainingSamples,raw_data/EMG-EPN612/testingJSON/user140/user140.json,idx_32
waveOut,trainingSamples,raw_data/EMG-EPN612/testingJSON/user140/user140.json,idx_33
waveOut,trainingSamples,raw_data/EMG-EPN612/testingJSON/user140/user140.json,idx_34
waveOut,trainingSamples,raw_data/EMG-EPN612/testingJSON/user140/user140.json,idx_35
waveOut,trainingSamples,raw_data/EMG-EPN612/testingJSON/user140/user140.json,idx_36
waveOut,trainingSamples,raw_data/EMG-EPN612/testingJSON/user140/user140.json,idx_37
waveOut,trainingSamples,raw_data/EMG-EPN612/testingJSON/user140/user140.json,idx_38
waveOut,trainingSamples,raw_data/EMG-EPN612/testingJSON/user140/user140.json,idx_39
waveOut,trainingSamples,raw_data/EMG-EPN612/testingJSON/user140/user140.json,idx_40
waveOut,trainingSamples,raw_data/EMG-EPN612/testingJSON/user140/user140.json,idx_41
waveOut,trainingSamples,raw_data/EMG-EPN612/testingJSON/user140/user140.json,idx_42
waveOut,trainingSamples,raw_data/EMG-EPN612/testingJSON/user140/user140.json,idx_43
waveOut,trainingSamples,raw_data/EMG-EPN612/testingJSON/user140/user140.json,idx_44
waveOut,trainingSamples,raw_data/EMG-EPN612/testingJSON/user140/user140.json,idx_45
waveOut,trainingSamples,raw_data/EMG-EPN612/testingJSON/user140/user140.json,idx_46
waveOut,trainingSamples,raw_data/EMG-EPN612/testingJSON/user140/user140.json,idx_47
waveOut,trainingSamples,raw_data/EMG-EPN612/testingJSON/user140/user140.json,idx_48
waveOut,trainingSamples,raw_data/EMG-EPN612/testingJSON/user140/user140.json,idx_49
waveOut,trainingSamples,raw_data/EMG-EPN612/testingJSON/user140/user140.json,idx_50
pinch,trainingSamples,raw_data/EMG-EPN612/testingJSON/user140/user140.json,idx_51
pinch,trainingSamples,raw_data/EMG-EPN612/testingJSON/user140/user140.json,idx_52
pinch,trainingSamples,raw_data/EMG-EPN612/testingJSON/user140/user140.json,idx_53
pinch,trainingSamples,raw_data/EMG-EPN612/testingJSON/user140/user140.json,idx_54
pinch,trainingSamples,raw_data/EMG-EPN612/testingJSON/user140/user140.json,idx_55
pinch,trainingSamples,raw_data/EMG-EPN612/testingJSON/user140/user140.json,idx_56
pinch,trainingSamples,raw_data/EMG-EPN612/testingJSON/user140/user140.json,idx_57
pinch,trainingSamples,raw_data/EMG-EPN612/testingJSON/user140/user140.json,idx_58
pinch,trainingSamples,raw_data/EMG-EPN612/testingJSON/user140/user140.json,idx_59
pinch,trainingSamples,raw_data/EMG-EPN612/testingJSON/user140/user140.json,idx_60
pinch,trainingSamples,raw_data/EMG-EPN612/testingJSON/user140/user140.json,idx_61
pinch,trainingSamples,raw_data/EMG-EPN612/testingJSON/user140/user140.json,idx_62
pinch,trainingSamples,raw_data/EMG-EPN612/testingJSON/user140/user140.json,idx_63
pinch,trainingSamples,raw_data/EMG-EPN612/testingJSON/user140/user140.json,idx_64
pinch,trainingSamples,raw_data/EMG-EPN612/testingJSON/user140/user140.json,idx_65
pinch,trainingSamples,raw_data/EMG-EPN612/testingJSON/user140/user140.json,idx_66
pinch,trainingSamples,raw_data/EMG-EPN612/testingJSON/user140/user140.json,idx_67
pinch,trainingSamples,raw_data/EMG-EPN612/testingJSON/user140/user140.json,idx_68
pinch,trainingSamples,raw_data/EMG-EPN612/testingJSON/user140/user140.json,idx_69
pinch,trainingSamples,raw_data/EMG-EPN612/testingJSON/user140/user140.json,idx_70
pinch,trainingSamples,raw_data/EMG-EPN612/testingJSON/user140/user140.json,idx_71
pinch,trainingSamples,raw_data/EMG-EPN612/testingJSON/user140/user140.json,idx_72
pinch,trainingSamples,raw_data/EMG-EPN612/testingJSON/user140/user140.json,idx_73
pinch,trainingSamples,raw_data/EMG-EPN612/testingJSON/user140/user140.json,idx_74
pinch,trainingSamples,raw_data/EMG-EPN612/testingJSON/user140/user140.json,idx_75
fist,trainingSamples,raw_data/EMG-EPN612/testingJSON/user140/user140.json,idx_76
fist,trainingSamples,raw_data/EMG-EPN612/testingJSON/user140/user140.json,idx_77
fist,trainingSamples,raw_data/EMG-EPN612/testingJSON/user140/user140.json,idx_78
fist,trainingSamples,raw_data/EMG-EPN612/testingJSON/user140/user140.json,idx_79
fist,trainingSamples,raw_data/EMG-EPN612/testingJSON/user140/user140.json,idx_80
fist,trainingSamples,raw_data/EMG-EPN612/testingJSON/user140/user140.json,idx_81
fist,trainingSamples,raw_data/EMG-EPN612/testingJSON/user140/user140.json,idx_82
fist,trainingSamples,raw_data/EMG-EPN612/testingJSON/user140/user140.json,idx_83
fist,trainingSamples,raw_data/EMG-EPN612/testingJSON/user140/user140.json,idx_84
fist,trainingSamples,raw_data/EMG-EPN612/testingJSON/user140/user140.json,idx_85
fist,trainingSamples,raw_data/EMG-EPN612/testingJSON/user140/user140.json,idx_86
fist,trainingSamples,raw_data/EMG-EPN612/testingJSON/user140/user140.json,idx_87
fist,trainingSamples,raw_data/EMG-EPN612/testingJSON/user140/user140.json,idx_88
fist,trainingSamples,raw_data/EMG-EPN612/testingJSON/user140/user140.json,idx_89
fist,trainingSamples,raw_data/EMG-EPN612/testingJSON/user140/user140.json,idx_90
fist,trainingSamples,raw_data/EMG-EPN612/testingJSON/user140/user140.json,idx_91
fist,trainingSamples,raw_data/EMG-EPN612/testingJSON/user140/user140.json,idx_92
fist,trainingSamples,raw_data/EMG-EPN612/testingJSON/user140/user140.json,idx_93
fist,trainingSamples,raw_data/EMG-EPN612/testingJSON/user140/user140.json,idx_94
fist,trainingSamples,raw_data/EMG-EPN612/testingJSON/user140/user140.json,idx_95
fist,trainingSamples,raw_data/EMG-EPN612/testingJSON/user140/user140.json,idx_96
fist,trainingSamples,raw_data/EMG-EPN612/testingJSON/user140/user140.json,idx_97
fist,trainingSamples,raw_data/EMG-EPN612/testingJSON/user140/user140.json,idx_98
fist,trainingSamples,raw_data/EMG-EPN612/testingJSON/user140/user140.json,idx_99
fist,trainingSamples,raw_data/EMG-EPN612/testingJSON/user140/user140.json,idx_100
waveIn,trainingSamples,raw_data/EMG-EPN612/testingJSON/user140/user140.json,idx_101
waveIn,trainingSamples,raw_data/EMG-EPN612/testingJSON/user140/user140.json,idx_102
waveIn,trainingSamples,raw_data/EMG-EPN612/testingJSON/user140/user140.json,idx_103
waveIn,trainingSamples,raw_data/EMG-EPN612/testingJSON/user140/user140.json,idx_104
waveIn,trainingSamples,raw_data/EMG-EPN612/testingJSON/user140/user140.json,idx_105
waveIn,trainingSamples,raw_data/EMG-EPN612/testingJSON/user140/user140.json,idx_106
waveIn,trainingSamples,raw_data/EMG-EPN612/testingJSON/user140/user140.json,idx_107
waveIn,trainingSamples,raw_data/EMG-EPN612/testingJSON/user140/user140.json,idx_108
waveIn,trainingSamples,raw_data/EMG-EPN612/testingJSON/user140/user140.json,idx_109
waveIn,trainingSamples,raw_data/EMG-EPN612/testingJSON/user140/user140.json,idx_110
waveIn,trainingSamples,raw_data/EMG-EPN612/testingJSON/user140/user140.json,idx_111
waveIn,trainingSamples,raw_data/EMG-EPN612/testingJSON/user140/user140.json,idx_112
waveIn,trainingSamples,raw_data/EMG-EPN612/testingJSON/user140/user140.json,idx_113
waveIn,trainingSamples,raw_data/EMG-EPN612/testingJSON/user140/user140.json,idx_114
waveIn,trainingSamples,raw_data/EMG-EPN612/testingJSON/user140/user140.json,idx_115
waveIn,trainingSamples,raw_data/EMG-EPN612/testingJSON/user140/user140.json,idx_116
waveIn,trainingSamples,raw_data/EMG-EPN612/testingJSON/user140/user140.json,idx_117
waveIn,trainingSamples,raw_data/EMG-EPN612/testingJSON/user140/user140.json,idx_118
waveIn,trainingSamples,raw_data/EMG-EPN612/testingJSON/user140/user140.json,idx_119
waveIn,trainingSamples,raw_data/EMG-EPN612/testingJSON/user140/user140.json,idx_120
waveIn,trainingSamples,raw_data/EMG-EPN612/testingJSON/user140/user140.json,idx_121
waveIn,trainingSamples,raw_data/EMG-EPN612/testingJSON/user140/user140.json,idx_122
waveIn,trainingSamples,raw_data/EMG-EPN612/testingJSON/user140/user140.json,idx_123
waveIn,trainingSamples,raw_data/EMG-EPN612/testingJSON/user140/user140.json,idx_124
waveIn,trainingSamples,raw_data/EMG-EPN612/testingJSON/user140/user140.json,idx_125
open,trainingSamples,raw_data/EMG-EPN612/testingJSON/user140/user140.json,idx_126
open,trainingSamples,raw_data/EMG-EPN612/testingJSON/user140/user140.json,idx_127
open,trainingSamples,raw_data/EMG-EPN612/testingJSON/user140/user140.json,idx_128
open,trainingSamples,raw_data/EMG-EPN612/testingJSON/user140/user140.json,idx_129
open,trainingSamples,raw_data/EMG-EPN612/testingJSON/user140/user140.json,idx_130
open,trainingSamples,raw_data/EMG-EPN612/testingJSON/user140/user140.json,idx_131
open,trainingSamples,raw_data/EMG-EPN612/testingJSON/user140/user140.json,idx_132
open,trainingSamples,raw_data/EMG-EPN612/testingJSON/user140/user140.json,idx_133
open,trainingSamples,raw_data/EMG-EPN612/testingJSON/user140/user140.json,idx_134
open,trainingSamples,raw_data/EMG-EPN612/testingJSON/user140/user140.json,idx_135
open,trainingSamples,raw_data/EMG-EPN612/testingJSON/user140/user140.json,idx_136
open,trainingSamples,raw_data/EMG-EPN612/testingJSON/user140/user140.json,idx_137
open,trainingSamples,raw_data/EMG-EPN612/testingJSON/user140/user140.json,idx_138
open,trainingSamples,raw_data/EMG-EPN612/testingJSON/user140/user140.json,idx_139
open,trainingSamples,raw_data/EMG-EPN612/testingJSON/user140/user140.json,idx_140
open,trainingSamples,raw_data/EMG-EPN612/testingJSON/user140/user140.json,idx_141
open,trainingSamples,raw_data/EMG-EPN612/testingJSON/user140/user140.json,idx_142
open,trainingSamples,raw_data/EMG-EPN612/testingJSON/user140/user140.json,idx_143
open,trainingSamples,raw_data/EMG-EPN612/testingJSON/user140/user140.json,idx_144
open,trainingSamples,raw_data/EMG-EPN612/testingJSON/user140/user140.json,idx_145
open,trainingSamples,raw_data/EMG-EPN612/testingJSON/user140/user140.json,idx_146
open,trainingSamples,raw_data/EMG-EPN612/testingJSON/user140/user140.json,idx_147
open,trainingSamples,raw_data/EMG-EPN612/testingJSON/user140/user140.json,idx_148
open,trainingSamples,raw_data/EMG-EPN612/testingJSON/user140/user140.json,idx_149
open,trainingSamples,raw_data/EMG-EPN612/testingJSON/user140/user140.json,idx_150
noGesture,trainingSamples,raw_data/EMG-EPN612/testingJSON/user141/user141.json,idx_1
noGesture,trainingSamples,raw_data/EMG-EPN612/testingJSON/user141/user141.json,idx_2
noGesture,trainingSamples,raw_data/EMG-EPN612/testingJSON/user141/user141.json,idx_3
noGesture,trainingSamples,raw_data/EMG-EPN612/testingJSON/user141/user141.json,idx_4
noGesture,trainingSamples,raw_data/EMG-EPN612/testingJSON/user141/user141.json,idx_5
noGesture,trainingSamples,raw_data/EMG-EPN612/testingJSON/user141/user141.json,idx_6
noGesture,trainingSamples,raw_data/EMG-EPN612/testingJSON/user141/user141.json,idx_7
noGesture,trainingSamples,raw_data/EMG-EPN612/testingJSON/user141/user141.json,idx_8
noGesture,trainingSamples,raw_data/EMG-EPN612/testingJSON/user141/user141.json,idx_9
noGesture,trainingSamples,raw_data/EMG-EPN612/testingJSON/user141/user141.json,idx_10
noGesture,trainingSamples,raw_data/EMG-EPN612/testingJSON/user141/user141.json,idx_11
noGesture,trainingSamples,raw_data/EMG-EPN612/testingJSON/user141/user141.json,idx_12
noGesture,trainingSamples,raw_data/EMG-EPN612/testingJSON/user141/user141.json,idx_13
noGesture,trainingSamples,raw_data/EMG-EPN612/testingJSON/user141/user141.json,idx_14
noGesture,trainingSamples,raw_data/EMG-EPN612/testingJSON/user141/user141.json,idx_15
noGesture,trainingSamples,raw_data/EMG-EPN612/testingJSON/user141/user141.json,idx_16
noGesture,trainingSamples,raw_data/EMG-EPN612/testingJSON/user141/user141.json,idx_17
noGesture,trainingSamples,raw_data/EMG-EPN612/testingJSON/user141/user141.json,idx_18
noGesture,trainingSamples,raw_data/EMG-EPN612/testingJSON/user141/user141.json,idx_19
noGesture,trainingSamples,raw_data/EMG-EPN612/testingJSON/user141/user141.json,idx_20
noGesture,trainingSamples,raw_data/EMG-EPN612/testingJSON/user141/user141.json,idx_21
noGesture,trainingSamples,raw_data/EMG-EPN612/testingJSON/user141/user141.json,idx_22
noGesture,trainingSamples,raw_data/EMG-EPN612/testingJSON/user141/user141.json,idx_23
noGesture,trainingSamples,raw_data/EMG-EPN612/testingJSON/user141/user141.json,idx_24
noGesture,trainingSamples,raw_data/EMG-EPN612/testingJSON/user141/user141.json,idx_25
fist,trainingSamples,raw_data/EMG-EPN612/testingJSON/user141/user141.json,idx_26
fist,trainingSamples,raw_data/EMG-EPN612/testingJSON/user141/user141.json,idx_27
fist,trainingSamples,raw_data/EMG-EPN612/testingJSON/user141/user141.json,idx_28
fist,trainingSamples,raw_data/EMG-EPN612/testingJSON/user141/user141.json,idx_29
fist,trainingSamples,raw_data/EMG-EPN612/testingJSON/user141/user141.json,idx_30
fist,trainingSamples,raw_data/EMG-EPN612/testingJSON/user141/user141.json,idx_31
fist,trainingSamples,raw_data/EMG-EPN612/testingJSON/user141/user141.json,idx_32
fist,trainingSamples,raw_data/EMG-EPN612/testingJSON/user141/user141.json,idx_33
fist,trainingSamples,raw_data/EMG-EPN612/testingJSON/user141/user141.json,idx_34
fist,trainingSamples,raw_data/EMG-EPN612/testingJSON/user141/user141.json,idx_35
fist,trainingSamples,raw_data/EMG-EPN612/testingJSON/user141/user141.json,idx_36
fist,trainingSamples,raw_data/EMG-EPN612/testingJSON/user141/user141.json,idx_37
fist,trainingSamples,raw_data/EMG-EPN612/testingJSON/user141/user141.json,idx_38
fist,trainingSamples,raw_data/EMG-EPN612/testingJSON/user141/user141.json,idx_39
fist,trainingSamples,raw_data/EMG-EPN612/testingJSON/user141/user141.json,idx_40
fist,trainingSamples,raw_data/EMG-EPN612/testingJSON/user141/user141.json,idx_41
fist,trainingSamples,raw_data/EMG-EPN612/testingJSON/user141/user141.json,idx_42
fist,trainingSamples,raw_data/EMG-EPN612/testingJSON/user141/user141.json,idx_43
fist,trainingSamples,raw_data/EMG-EPN612/testingJSON/user141/user141.json,idx_44
fist,trainingSamples,raw_data/EMG-EPN612/testingJSON/user141/user141.json,idx_45
fist,trainingSamples,raw_data/EMG-EPN612/testingJSON/user141/user141.json,idx_46
fist,trainingSamples,raw_data/EMG-EPN612/testingJSON/user141/user141.json,idx_47
fist,trainingSamples,raw_data/EMG-EPN612/testingJSON/user141/user141.json,idx_48
fist,trainingSamples,raw_data/EMG-EPN612/testingJSON/user141/user141.json,idx_49
fist,trainingSamples,raw_data/EMG-EPN612/testingJSON/user141/user141.json,idx_50
open,trainingSamples,raw_data/EMG-EPN612/testingJSON/user141/user141.json,idx_51
open,trainingSamples,raw_data/EMG-EPN612/testingJSON/user141/user141.json,idx_52
open,trainingSamples,raw_data/EMG-EPN612/testingJSON/user141/user141.json,idx_53
open,trainingSamples,raw_data/EMG-EPN612/testingJSON/user141/user141.json,idx_54
open,trainingSamples,raw_data/EMG-EPN612/testingJSON/user141/user141.json,idx_55
open,trainingSamples,raw_data/EMG-EPN612/testingJSON/user141/user141.json,idx_56
open,trainingSamples,raw_data/EMG-EPN612/testingJSON/user141/user141.json,idx_57
open,trainingSamples,raw_data/EMG-EPN612/testingJSON/user141/user141.json,idx_58
open,trainingSamples,raw_data/EMG-EPN612/testingJSON/user141/user141.json,idx_59
open,trainingSamples,raw_data/EMG-EPN612/testingJSON/user141/user141.json,idx_60
open,trainingSamples,raw_data/EMG-EPN612/testingJSON/user141/user141.json,idx_61
open,trainingSamples,raw_data/EMG-EPN612/testingJSON/user141/user141.json,idx_62
open,trainingSamples,raw_data/EMG-EPN612/testingJSON/user141/user141.json,idx_63
open,trainingSamples,raw_data/EMG-EPN612/testingJSON/user141/user141.json,idx_64
open,trainingSamples,raw_data/EMG-EPN612/testingJSON/user141/user141.json,idx_65
open,trainingSamples,raw_data/EMG-EPN612/testingJSON/user141/user141.json,idx_66
open,trainingSamples,raw_data/EMG-EPN612/testingJSON/user141/user141.json,idx_67
open,trainingSamples,raw_data/EMG-EPN612/testingJSON/user141/user141.json,idx_68
open,trainingSamples,raw_data/EMG-EPN612/testingJSON/user141/user141.json,idx_69
open,trainingSamples,raw_data/EMG-EPN612/testingJSON/user141/user141.json,idx_70
open,trainingSamples,raw_data/EMG-EPN612/testingJSON/user141/user141.json,idx_71
open,trainingSamples,raw_data/EMG-EPN612/testingJSON/user141/user141.json,idx_72
open,trainingSamples,raw_data/EMG-EPN612/testingJSON/user141/user141.json,idx_73
open,trainingSamples,raw_data/EMG-EPN612/testingJSON/user141/user141.json,idx_74
open,trainingSamples,raw_data/EMG-EPN612/testingJSON/user141/user141.json,idx_75
pinch,trainingSamples,raw_data/EMG-EPN612/testingJSON/user141/user141.json,idx_76
pinch,trainingSamples,raw_data/EMG-EPN612/testingJSON/user141/user141.json,idx_77
pinch,trainingSamples,raw_data/EMG-EPN612/testingJSON/user141/user141.json,idx_78
pinch,trainingSamples,raw_data/EMG-EPN612/testingJSON/user141/user141.json,idx_79
pinch,trainingSamples,raw_data/EMG-EPN612/testingJSON/user141/user141.json,idx_80
pinch,trainingSamples,raw_data/EMG-EPN612/testingJSON/user141/user141.json,idx_81
pinch,trainingSamples,raw_data/EMG-EPN612/testingJSON/user141/user141.json,idx_82
pinch,trainingSamples,raw_data/EMG-EPN612/testingJSON/user141/user141.json,idx_83
pinch,trainingSamples,raw_data/EMG-EPN612/testingJSON/user141/user141.json,idx_84
pinch,trainingSamples,raw_data/EMG-EPN612/testingJSON/user141/user141.json,idx_85
pinch,trainingSamples,raw_data/EMG-EPN612/testingJSON/user141/user141.json,idx_86
pinch,trainingSamples,raw_data/EMG-EPN612/testingJSON/user141/user141.json,idx_87
pinch,trainingSamples,raw_data/EMG-EPN612/testingJSON/user141/user141.json,idx_88
pinch,trainingSamples,raw_data/EMG-EPN612/testingJSON/user141/user141.json,idx_89
pinch,trainingSamples,raw_data/EMG-EPN612/testingJSON/user141/user141.json,idx_90
pinch,trainingSamples,raw_data/EMG-EPN612/testingJSON/user141/user141.json,idx_91
pinch,trainingSamples,raw_data/EMG-EPN612/testingJSON/user141/user141.json,idx_92
pinch,trainingSamples,raw_data/EMG-EPN612/testingJSON/user141/user141.json,idx_93
pinch,trainingSamples,raw_data/EMG-EPN612/testingJSON/user141/user141.json,idx_94
pinch,trainingSamples,raw_data/EMG-EPN612/testingJSON/user141/user141.json,idx_95
pinch,trainingSamples,raw_data/EMG-EPN612/testingJSON/user141/user141.json,idx_96
pinch,trainingSamples,raw_data/EMG-EPN612/testingJSON/user141/user141.json,idx_97
pinch,trainingSamples,raw_data/EMG-EPN612/testingJSON/user141/user141.json,idx_98
pinch,trainingSamples,raw_data/EMG-EPN612/testingJSON/user141/user141.json,idx_99
pinch,trainingSamples,raw_data/EMG-EPN612/testingJSON/user141/user141.json,idx_100
waveOut,trainingSamples,raw_data/EMG-EPN612/testingJSON/user141/user141.json,idx_101
waveOut,trainingSamples,raw_data/EMG-EPN612/testingJSON/user141/user141.json,idx_102
waveOut,trainingSamples,raw_data/EMG-EPN612/testingJSON/user141/user141.json,idx_103
waveOut,trainingSamples,raw_data/EMG-EPN612/testingJSON/user141/user141.json,idx_104
waveOut,trainingSamples,raw_data/EMG-EPN612/testingJSON/user141/user141.json,idx_105
waveOut,trainingSamples,raw_data/EMG-EPN612/testingJSON/user141/user141.json,idx_106
waveOut,trainingSamples,raw_data/EMG-EPN612/testingJSON/user141/user141.json,idx_107
waveOut,trainingSamples,raw_data/EMG-EPN612/testingJSON/user141/user141.json,idx_108
waveOut,trainingSamples,raw_data/EMG-EPN612/testingJSON/user141/user141.json,idx_109
waveOut,trainingSamples,raw_data/EMG-EPN612/testingJSON/user141/user141.json,idx_110
waveOut,trainingSamples,raw_data/EMG-EPN612/testingJSON/user141/user141.json,idx_111
waveOut,trainingSamples,raw_data/EMG-EPN612/testingJSON/user141/user141.json,idx_112
waveOut,trainingSamples,raw_data/EMG-EPN612/testingJSON/user141/user141.json,idx_113
waveOut,trainingSamples,raw_data/EMG-EPN612/testingJSON/user141/user141.json,idx_114
waveOut,trainingSamples,raw_data/EMG-EPN612/testingJSON/user141/user141.json,idx_115
waveOut,trainingSamples,raw_data/EMG-EPN612/testingJSON/user141/user141.json,idx_116
waveOut,trainingSamples,raw_data/EMG-EPN612/testingJSON/user141/user141.json,idx_117
waveOut,trainingSamples,raw_data/EMG-EPN612/testingJSON/user141/user141.json,idx_118
waveOut,trainingSamples,raw_data/EMG-EPN612/testingJSON/user141/user141.json,idx_119
waveOut,trainingSamples,raw_data/EMG-EPN612/testingJSON/user141/user141.json,idx_120
waveOut,trainingSamples,raw_data/EMG-EPN612/testingJSON/user141/user141.json,idx_121
waveOut,trainingSamples,raw_data/EMG-EPN612/testingJSON/user141/user141.json,idx_122
waveOut,trainingSamples,raw_data/EMG-EPN612/testingJSON/user141/user141.json,idx_123
waveOut,trainingSamples,raw_data/EMG-EPN612/testingJSON/user141/user141.json,idx_124
waveOut,trainingSamples,raw_data/EMG-EPN612/testingJSON/user141/user141.json,idx_125
waveIn,trainingSamples,raw_data/EMG-EPN612/testingJSON/user141/user141.json,idx_126
waveIn,trainingSamples,raw_data/EMG-EPN612/testingJSON/user141/user141.json,idx_127
waveIn,trainingSamples,raw_data/EMG-EPN612/testingJSON/user141/user141.json,idx_128
waveIn,trainingSamples,raw_data/EMG-EPN612/testingJSON/user141/user141.json,idx_129
waveIn,trainingSamples,raw_data/EMG-EPN612/testingJSON/user141/user141.json,idx_130
waveIn,trainingSamples,raw_data/EMG-EPN612/testingJSON/user141/user141.json,idx_131
waveIn,trainingSamples,raw_data/EMG-EPN612/testingJSON/user141/user141.json,idx_132
waveIn,trainingSamples,raw_data/EMG-EPN612/testingJSON/user141/user141.json,idx_133
waveIn,trainingSamples,raw_data/EMG-EPN612/testingJSON/user141/user141.json,idx_134
waveIn,trainingSamples,raw_data/EMG-EPN612/testingJSON/user141/user141.json,idx_135
waveIn,trainingSamples,raw_data/EMG-EPN612/testingJSON/user141/user141.json,idx_136
waveIn,trainingSamples,raw_data/EMG-EPN612/testingJSON/user141/user141.json,idx_137
waveIn,trainingSamples,raw_data/EMG-EPN612/testingJSON/user141/user141.json,idx_138
waveIn,trainingSamples,raw_data/EMG-EPN612/testingJSON/user141/user141.json,idx_139
waveIn,trainingSamples,raw_data/EMG-EPN612/testingJSON/user141/user141.json,idx_140
waveIn,trainingSamples,raw_data/EMG-EPN612/testingJSON/user141/user141.json,idx_141
waveIn,trainingSamples,raw_data/EMG-EPN612/testingJSON/user141/user141.json,idx_142
waveIn,trainingSamples,raw_data/EMG-EPN612/testingJSON/user141/user141.json,idx_143
waveIn,trainingSamples,raw_data/EMG-EPN612/testingJSON/user141/user141.json,idx_144
waveIn,trainingSamples,raw_data/EMG-EPN612/testingJSON/user141/user141.json,idx_145
waveIn,trainingSamples,raw_data/EMG-EPN612/testingJSON/user141/user141.json,idx_146
waveIn,trainingSamples,raw_data/EMG-EPN612/testingJSON/user141/user141.json,idx_147
waveIn,trainingSamples,raw_data/EMG-EPN612/testingJSON/user141/user141.json,idx_148
waveIn,trainingSamples,raw_data/EMG-EPN612/testingJSON/user141/user141.json,idx_149
waveIn,trainingSamples,raw_data/EMG-EPN612/testingJSON/user141/user141.json,idx_150
noGesture,trainingSamples,raw_data/EMG-EPN612/testingJSON/user142/user142.json,idx_1
noGesture,trainingSamples,raw_data/EMG-EPN612/testingJSON/user142/user142.json,idx_2
noGesture,trainingSamples,raw_data/EMG-EPN612/testingJSON/user142/user142.json,idx_3
noGesture,trainingSamples,raw_data/EMG-EPN612/testingJSON/user142/user142.json,idx_4
noGesture,trainingSamples,raw_data/EMG-EPN612/testingJSON/user142/user142.json,idx_5
noGesture,trainingSamples,raw_data/EMG-EPN612/testingJSON/user142/user142.json,idx_6
noGesture,trainingSamples,raw_data/EMG-EPN612/testingJSON/user142/user142.json,idx_7
noGesture,trainingSamples,raw_data/EMG-EPN612/testingJSON/user142/user142.json,idx_8
noGesture,trainingSamples,raw_data/EMG-EPN612/testingJSON/user142/user142.json,idx_9
noGesture,trainingSamples,raw_data/EMG-EPN612/testingJSON/user142/user142.json,idx_10
noGesture,trainingSamples,raw_data/EMG-EPN612/testingJSON/user142/user142.json,idx_11
noGesture,trainingSamples,raw_data/EMG-EPN612/testingJSON/user142/user142.json,idx_12
noGesture,trainingSamples,raw_data/EMG-EPN612/testingJSON/user142/user142.json,idx_13
noGesture,trainingSamples,raw_data/EMG-EPN612/testingJSON/user142/user142.json,idx_14
noGesture,trainingSamples,raw_data/EMG-EPN612/testingJSON/user142/user142.json,idx_15
noGesture,trainingSamples,raw_data/EMG-EPN612/testingJSON/user142/user142.json,idx_16
noGesture,trainingSamples,raw_data/EMG-EPN612/testingJSON/user142/user142.json,idx_17
noGesture,trainingSamples,raw_data/EMG-EPN612/testingJSON/user142/user142.json,idx_18
noGesture,trainingSamples,raw_data/EMG-EPN612/testingJSON/user142/user142.json,idx_19
noGesture,trainingSamples,raw_data/EMG-EPN612/testingJSON/user142/user142.json,idx_20
noGesture,trainingSamples,raw_data/EMG-EPN612/testingJSON/user142/user142.json,idx_21
noGesture,trainingSamples,raw_data/EMG-EPN612/testingJSON/user142/user142.json,idx_22
noGesture,trainingSamples,raw_data/EMG-EPN612/testingJSON/user142/user142.json,idx_23
noGesture,trainingSamples,raw_data/EMG-EPN612/testingJSON/user142/user142.json,idx_24
noGesture,trainingSamples,raw_data/EMG-EPN612/testingJSON/user142/user142.json,idx_25
fist,trainingSamples,raw_data/EMG-EPN612/testingJSON/user142/user142.json,idx_26
fist,trainingSamples,raw_data/EMG-EPN612/testingJSON/user142/user142.json,idx_27
fist,trainingSamples,raw_data/EMG-EPN612/testingJSON/user142/user142.json,idx_28
fist,trainingSamples,raw_data/EMG-EPN612/testingJSON/user142/user142.json,idx_29
fist,trainingSamples,raw_data/EMG-EPN612/testingJSON/user142/user142.json,idx_30
fist,trainingSamples,raw_data/EMG-EPN612/testingJSON/user142/user142.json,idx_31
fist,trainingSamples,raw_data/EMG-EPN612/testingJSON/user142/user142.json,idx_32
fist,trainingSamples,raw_data/EMG-EPN612/testingJSON/user142/user142.json,idx_33
fist,trainingSamples,raw_data/EMG-EPN612/testingJSON/user142/user142.json,idx_34
fist,trainingSamples,raw_data/EMG-EPN612/testingJSON/user142/user142.json,idx_35
fist,trainingSamples,raw_data/EMG-EPN612/testingJSON/user142/user142.json,idx_36
fist,trainingSamples,raw_data/EMG-EPN612/testingJSON/user142/user142.json,idx_37
fist,trainingSamples,raw_data/EMG-EPN612/testingJSON/user142/user142.json,idx_38
fist,trainingSamples,raw_data/EMG-EPN612/testingJSON/user142/user142.json,idx_39
fist,trainingSamples,raw_data/EMG-EPN612/testingJSON/user142/user142.json,idx_40
fist,trainingSamples,raw_data/EMG-EPN612/testingJSON/user142/user142.json,idx_41
fist,trainingSamples,raw_data/EMG-EPN612/testingJSON/user142/user142.json,idx_42
fist,trainingSamples,raw_data/EMG-EPN612/testingJSON/user142/user142.json,idx_43
fist,trainingSamples,raw_data/EMG-EPN612/testingJSON/user142/user142.json,idx_44
fist,trainingSamples,raw_data/EMG-EPN612/testingJSON/user142/user142.json,idx_45
fist,trainingSamples,raw_data/EMG-EPN612/testingJSON/user142/user142.json,idx_46
fist,trainingSamples,raw_data/EMG-EPN612/testingJSON/user142/user142.json,idx_47
fist,trainingSamples,raw_data/EMG-EPN612/testingJSON/user142/user142.json,idx_48
fist,trainingSamples,raw_data/EMG-EPN612/testingJSON/user142/user142.json,idx_49
fist,trainingSamples,raw_data/EMG-EPN612/testingJSON/user142/user142.json,idx_50
open,trainingSamples,raw_data/EMG-EPN612/testingJSON/user142/user142.json,idx_51
open,trainingSamples,raw_data/EMG-EPN612/testingJSON/user142/user142.json,idx_52
open,trainingSamples,raw_data/EMG-EPN612/testingJSON/user142/user142.json,idx_53
open,trainingSamples,raw_data/EMG-EPN612/testingJSON/user142/user142.json,idx_54
open,trainingSamples,raw_data/EMG-EPN612/testingJSON/user142/user142.json,idx_55
open,trainingSamples,raw_data/EMG-EPN612/testingJSON/user142/user142.json,idx_56
open,trainingSamples,raw_data/EMG-EPN612/testingJSON/user142/user142.json,idx_57
open,trainingSamples,raw_data/EMG-EPN612/testingJSON/user142/user142.json,idx_58
open,trainingSamples,raw_data/EMG-EPN612/testingJSON/user142/user142.json,idx_59
open,trainingSamples,raw_data/EMG-EPN612/testingJSON/user142/user142.json,idx_60
open,trainingSamples,raw_data/EMG-EPN612/testingJSON/user142/user142.json,idx_61
open,trainingSamples,raw_data/EMG-EPN612/testingJSON/user142/user142.json,idx_62
open,trainingSamples,raw_data/EMG-EPN612/testingJSON/user142/user142.json,idx_63
open,trainingSamples,raw_data/EMG-EPN612/testingJSON/user142/user142.json,idx_64
open,trainingSamples,raw_data/EMG-EPN612/testingJSON/user142/user142.json,idx_65
open,trainingSamples,raw_data/EMG-EPN612/testingJSON/user142/user142.json,idx_66
open,trainingSamples,raw_data/EMG-EPN612/testingJSON/user142/user142.json,idx_67
open,trainingSamples,raw_data/EMG-EPN612/testingJSON/user142/user142.json,idx_68
open,trainingSamples,raw_data/EMG-EPN612/testingJSON/user142/user142.json,idx_69
open,trainingSamples,raw_data/EMG-EPN612/testingJSON/user142/user142.json,idx_70
open,trainingSamples,raw_data/EMG-EPN612/testingJSON/user142/user142.json,idx_71
open,trainingSamples,raw_data/EMG-EPN612/testingJSON/user142/user142.json,idx_72
open,trainingSamples,raw_data/EMG-EPN612/testingJSON/user142/user142.json,idx_73
open,trainingSamples,raw_data/EMG-EPN612/testingJSON/user142/user142.json,idx_74
open,trainingSamples,raw_data/EMG-EPN612/testingJSON/user142/user142.json,idx_75
pinch,trainingSamples,raw_data/EMG-EPN612/testingJSON/user142/user142.json,idx_76
pinch,trainingSamples,raw_data/EMG-EPN612/testingJSON/user142/user142.json,idx_77
pinch,trainingSamples,raw_data/EMG-EPN612/testingJSON/user142/user142.json,idx_78
pinch,trainingSamples,raw_data/EMG-EPN612/testingJSON/user142/user142.json,idx_79
pinch,trainingSamples,raw_data/EMG-EPN612/testingJSON/user142/user142.json,idx_80
pinch,trainingSamples,raw_data/EMG-EPN612/testingJSON/user142/user142.json,idx_81
pinch,trainingSamples,raw_data/EMG-EPN612/testingJSON/user142/user142.json,idx_82
pinch,trainingSamples,raw_data/EMG-EPN612/testingJSON/user142/user142.json,idx_83
pinch,trainingSamples,raw_data/EMG-EPN612/testingJSON/user142/user142.json,idx_84
pinch,trainingSamples,raw_data/EMG-EPN612/testingJSON/user142/user142.json,idx_85
pinch,trainingSamples,raw_data/EMG-EPN612/testingJSON/user142/user142.json,idx_86
pinch,trainingSamples,raw_data/EMG-EPN612/testingJSON/user142/user142.json,idx_87
pinch,trainingSamples,raw_data/EMG-EPN612/testingJSON/user142/user142.json,idx_88
pinch,trainingSamples,raw_data/EMG-EPN612/testingJSON/user142/user142.json,idx_89
pinch,trainingSamples,raw_data/EMG-EPN612/testingJSON/user142/user142.json,idx_90
pinch,trainingSamples,raw_data/EMG-EPN612/testingJSON/user142/user142.json,idx_91
pinch,trainingSamples,raw_data/EMG-EPN612/testingJSON/user142/user142.json,idx_92
pinch,trainingSamples,raw_data/EMG-EPN612/testingJSON/user142/user142.json,idx_93
pinch,trainingSamples,raw_data/EMG-EPN612/testingJSON/user142/user142.json,idx_94
pinch,trainingSamples,raw_data/EMG-EPN612/testingJSON/user142/user142.json,idx_95
pinch,trainingSamples,raw_data/EMG-EPN612/testingJSON/user142/user142.json,idx_96
pinch,trainingSamples,raw_data/EMG-EPN612/testingJSON/user142/user142.json,idx_97
pinch,trainingSamples,raw_data/EMG-EPN612/testingJSON/user142/user142.json,idx_98
pinch,trainingSamples,raw_data/EMG-EPN612/testingJSON/user142/user142.json,idx_99
pinch,trainingSamples,raw_data/EMG-EPN612/testingJSON/user142/user142.json,idx_100
waveOut,trainingSamples,raw_data/EMG-EPN612/testingJSON/user142/user142.json,idx_101
waveOut,trainingSamples,raw_data/EMG-EPN612/testingJSON/user142/user142.json,idx_102
waveOut,trainingSamples,raw_data/EMG-EPN612/testingJSON/user142/user142.json,idx_103
waveOut,trainingSamples,raw_data/EMG-EPN612/testingJSON/user142/user142.json,idx_104
waveOut,trainingSamples,raw_data/EMG-EPN612/testingJSON/user142/user142.json,idx_105
waveOut,trainingSamples,raw_data/EMG-EPN612/testingJSON/user142/user142.json,idx_106
waveOut,trainingSamples,raw_data/EMG-EPN612/testingJSON/user142/user142.json,idx_107
waveOut,trainingSamples,raw_data/EMG-EPN612/testingJSON/user142/user142.json,idx_108
waveOut,trainingSamples,raw_data/EMG-EPN612/testingJSON/user142/user142.json,idx_109
waveOut,trainingSamples,raw_data/EMG-EPN612/testingJSON/user142/user142.json,idx_110
waveOut,trainingSamples,raw_data/EMG-EPN612/testingJSON/user142/user142.json,idx_111
waveOut,trainingSamples,raw_data/EMG-EPN612/testingJSON/user142/user142.json,idx_112
waveOut,trainingSamples,raw_data/EMG-EPN612/testingJSON/user142/user142.json,idx_113
waveOut,trainingSamples,raw_data/EMG-EPN612/testingJSON/user142/user142.json,idx_114
waveOut,trainingSamples,raw_data/EMG-EPN612/testingJSON/user142/user142.json,idx_115
waveOut,trainingSamples,raw_data/EMG-EPN612/testingJSON/user142/user142.json,idx_116
waveOut,trainingSamples,raw_data/EMG-EPN612/testingJSON/user142/user142.json,idx_117
waveOut,trainingSamples,raw_data/EMG-EPN612/testingJSON/user142/user142.json,idx_118
waveOut,trainingSamples,raw_data/EMG-EPN612/testingJSON/user142/user142.json,idx_119
waveOut,trainingSamples,raw_data/EMG-EPN612/testingJSON/user142/user142.json,idx_120
waveOut,trainingSamples,raw_data/EMG-EPN612/testingJSON/user142/user142.json,idx_121
waveOut,trainingSamples,raw_data/EMG-EPN612/testingJSON/user142/user142.json,idx_122
waveOut,trainingSamples,raw_data/EMG-EPN612/testingJSON/user142/user142.json,idx_123
waveOut,trainingSamples,raw_data/EMG-EPN612/testingJSON/user142/user142.json,idx_124
waveOut,trainingSamples,raw_data/EMG-EPN612/testingJSON/user142/user142.json,idx_125
waveIn,trainingSamples,raw_data/EMG-EPN612/testingJSON/user142/user142.json,idx_126
waveIn,trainingSamples,raw_data/EMG-EPN612/testingJSON/user142/user142.json,idx_127
waveIn,trainingSamples,raw_data/EMG-EPN612/testingJSON/user142/user142.json,idx_128
waveIn,trainingSamples,raw_data/EMG-EPN612/testingJSON/user142/user142.json,idx_129
waveIn,trainingSamples,raw_data/EMG-EPN612/testingJSON/user142/user142.json,idx_130
waveIn,trainingSamples,raw_data/EMG-EPN612/testingJSON/user142/user142.json,idx_131
waveIn,trainingSamples,raw_data/EMG-EPN612/testingJSON/user142/user142.json,idx_132
waveIn,trainingSamples,raw_data/EMG-EPN612/testingJSON/user142/user142.json,idx_133
waveIn,trainingSamples,raw_data/EMG-EPN612/testingJSON/user142/user142.json,idx_134
waveIn,trainingSamples,raw_data/EMG-EPN612/testingJSON/user142/user142.json,idx_135
waveIn,trainingSamples,raw_data/EMG-EPN612/testingJSON/user142/user142.json,idx_136
waveIn,trainingSamples,raw_data/EMG-EPN612/testingJSON/user142/user142.json,idx_137
waveIn,trainingSamples,raw_data/EMG-EPN612/testingJSON/user142/user142.json,idx_138
waveIn,trainingSamples,raw_data/EMG-EPN612/testingJSON/user142/user142.json,idx_139
waveIn,trainingSamples,raw_data/EMG-EPN612/testingJSON/user142/user142.json,idx_140
waveIn,trainingSamples,raw_data/EMG-EPN612/testingJSON/user142/user142.json,idx_141
waveIn,trainingSamples,raw_data/EMG-EPN612/testingJSON/user142/user142.json,idx_142
waveIn,trainingSamples,raw_data/EMG-EPN612/testingJSON/user142/user142.json,idx_143
waveIn,trainingSamples,raw_data/EMG-EPN612/testingJSON/user142/user142.json,idx_144
waveIn,trainingSamples,raw_data/EMG-EPN612/testingJSON/user142/user142.json,idx_145
waveIn,trainingSamples,raw_data/EMG-EPN612/testingJSON/user142/user142.json,idx_146
waveIn,trainingSamples,raw_data/EMG-EPN612/testingJSON/user142/user142.json,idx_147
waveIn,trainingSamples,raw_data/EMG-EPN612/testingJSON/user142/user142.json,idx_148
waveIn,trainingSamples,raw_data/EMG-EPN612/testingJSON/user142/user142.json,idx_149
waveIn,trainingSamples,raw_data/EMG-EPN612/testingJSON/user142/user142.json,idx_150
noGesture,trainingSamples,raw_data/EMG-EPN612/testingJSON/user143/user143.json,idx_1
noGesture,trainingSamples,raw_data/EMG-EPN612/testingJSON/user143/user143.json,idx_2
noGesture,trainingSamples,raw_data/EMG-EPN612/testingJSON/user143/user143.json,idx_3
noGesture,trainingSamples,raw_data/EMG-EPN612/testingJSON/user143/user143.json,idx_4
noGesture,trainingSamples,raw_data/EMG-EPN612/testingJSON/user143/user143.json,idx_5
noGesture,trainingSamples,raw_data/EMG-EPN612/testingJSON/user143/user143.json,idx_6
noGesture,trainingSamples,raw_data/EMG-EPN612/testingJSON/user143/user143.json,idx_7
noGesture,trainingSamples,raw_data/EMG-EPN612/testingJSON/user143/user143.json,idx_8
noGesture,trainingSamples,raw_data/EMG-EPN612/testingJSON/user143/user143.json,idx_9
noGesture,trainingSamples,raw_data/EMG-EPN612/testingJSON/user143/user143.json,idx_10
noGesture,trainingSamples,raw_data/EMG-EPN612/testingJSON/user143/user143.json,idx_11
noGesture,trainingSamples,raw_data/EMG-EPN612/testingJSON/user143/user143.json,idx_12
noGesture,trainingSamples,raw_data/EMG-EPN612/testingJSON/user143/user143.json,idx_13
noGesture,trainingSamples,raw_data/EMG-EPN612/testingJSON/user143/user143.json,idx_14
noGesture,trainingSamples,raw_data/EMG-EPN612/testingJSON/user143/user143.json,idx_15
noGesture,trainingSamples,raw_data/EMG-EPN612/testingJSON/user143/user143.json,idx_16
noGesture,trainingSamples,raw_data/EMG-EPN612/testingJSON/user143/user143.json,idx_17
noGesture,trainingSamples,raw_data/EMG-EPN612/testingJSON/user143/user143.json,idx_18
noGesture,trainingSamples,raw_data/EMG-EPN612/testingJSON/user143/user143.json,idx_19
noGesture,trainingSamples,raw_data/EMG-EPN612/testingJSON/user143/user143.json,idx_20
noGesture,trainingSamples,raw_data/EMG-EPN612/testingJSON/user143/user143.json,idx_21
noGesture,trainingSamples,raw_data/EMG-EPN612/testingJSON/user143/user143.json,idx_22
noGesture,trainingSamples,raw_data/EMG-EPN612/testingJSON/user143/user143.json,idx_23
noGesture,trainingSamples,raw_data/EMG-EPN612/testingJSON/user143/user143.json,idx_24
noGesture,trainingSamples,raw_data/EMG-EPN612/testingJSON/user143/user143.json,idx_25
waveOut,trainingSamples,raw_data/EMG-EPN612/testingJSON/user143/user143.json,idx_26
waveOut,trainingSamples,raw_data/EMG-EPN612/testingJSON/user143/user143.json,idx_27
waveOut,trainingSamples,raw_data/EMG-EPN612/testingJSON/user143/user143.json,idx_28
waveOut,trainingSamples,raw_data/EMG-EPN612/testingJSON/user143/user143.json,idx_29
waveOut,trainingSamples,raw_data/EMG-EPN612/testingJSON/user143/user143.json,idx_30
waveOut,trainingSamples,raw_data/EMG-EPN612/testingJSON/user143/user143.json,idx_31
waveOut,trainingSamples,raw_data/EMG-EPN612/testingJSON/user143/user143.json,idx_32
waveOut,trainingSamples,raw_data/EMG-EPN612/testingJSON/user143/user143.json,idx_33
waveOut,trainingSamples,raw_data/EMG-EPN612/testingJSON/user143/user143.json,idx_34
waveOut,trainingSamples,raw_data/EMG-EPN612/testingJSON/user143/user143.json,idx_35
waveOut,trainingSamples,raw_data/EMG-EPN612/testingJSON/user143/user143.json,idx_36
waveOut,trainingSamples,raw_data/EMG-EPN612/testingJSON/user143/user143.json,idx_37
waveOut,trainingSamples,raw_data/EMG-EPN612/testingJSON/user143/user143.json,idx_38
waveOut,trainingSamples,raw_data/EMG-EPN612/testingJSON/user143/user143.json,idx_39
waveOut,trainingSamples,raw_data/EMG-EPN612/testingJSON/user143/user143.json,idx_40
waveOut,trainingSamples,raw_data/EMG-EPN612/testingJSON/user143/user143.json,idx_41
waveOut,trainingSamples,raw_data/EMG-EPN612/testingJSON/user143/user143.json,idx_42
waveOut,trainingSamples,raw_data/EMG-EPN612/testingJSON/user143/user143.json,idx_43
waveOut,trainingSamples,raw_data/EMG-EPN612/testingJSON/user143/user143.json,idx_44
waveOut,trainingSamples,raw_data/EMG-EPN612/testingJSON/user143/user143.json,idx_45
waveOut,trainingSamples,raw_data/EMG-EPN612/testingJSON/user143/user143.json,idx_46
waveOut,trainingSamples,raw_data/EMG-EPN612/testingJSON/user143/user143.json,idx_47
waveOut,trainingSamples,raw_data/EMG-EPN612/testingJSON/user143/user143.json,idx_48
waveOut,trainingSamples,raw_data/EMG-EPN612/testingJSON/user143/user143.json,idx_49
waveOut,trainingSamples,raw_data/EMG-EPN612/testingJSON/user143/user143.json,idx_50
pinch,trainingSamples,raw_data/EMG-EPN612/testingJSON/user143/user143.json,idx_51
pinch,trainingSamples,raw_data/EMG-EPN612/testingJSON/user143/user143.json,idx_52
pinch,trainingSamples,raw_data/EMG-EPN612/testingJSON/user143/user143.json,idx_53
pinch,trainingSamples,raw_data/EMG-EPN612/testingJSON/user143/user143.json,idx_54
pinch,trainingSamples,raw_data/EMG-EPN612/testingJSON/user143/user143.json,idx_55
pinch,trainingSamples,raw_data/EMG-EPN612/testingJSON/user143/user143.json,idx_56
pinch,trainingSamples,raw_data/EMG-EPN612/testingJSON/user143/user143.json,idx_57
pinch,trainingSamples,raw_data/EMG-EPN612/testingJSON/user143/user143.json,idx_58
pinch,trainingSamples,raw_data/EMG-EPN612/testingJSON/user143/user143.json,idx_59
pinch,trainingSamples,raw_data/EMG-EPN612/testingJSON/user143/user143.json,idx_60
pinch,trainingSamples,raw_data/EMG-EPN612/testingJSON/user143/user143.json,idx_61
pinch,trainingSamples,raw_data/EMG-EPN612/testingJSON/user143/user143.json,idx_62
pinch,trainingSamples,raw_data/EMG-EPN612/testingJSON/user143/user143.json,idx_63
pinch,trainingSamples,raw_data/EMG-EPN612/testingJSON/user143/user143.json,idx_64
pinch,trainingSamples,raw_data/EMG-EPN612/testingJSON/user143/user143.json,idx_65
pinch,trainingSamples,raw_data/EMG-EPN612/testingJSON/user143/user143.json,idx_66
pinch,trainingSamples,raw_data/EMG-EPN612/testingJSON/user143/user143.json,idx_67
pinch,trainingSamples,raw_data/EMG-EPN612/testingJSON/user143/user143.json,idx_68
pinch,trainingSamples,raw_data/EMG-EPN612/testingJSON/user143/user143.json,idx_69
pinch,trainingSamples,raw_data/EMG-EPN612/testingJSON/user143/user143.json,idx_70
pinch,trainingSamples,raw_data/EMG-EPN612/testingJSON/user143/user143.json,idx_71
pinch,trainingSamples,raw_data/EMG-EPN612/testingJSON/user143/user143.json,idx_72
pinch,trainingSamples,raw_data/EMG-EPN612/testingJSON/user143/user143.json,idx_73
pinch,trainingSamples,raw_data/EMG-EPN612/testingJSON/user143/user143.json,idx_74
pinch,trainingSamples,raw_data/EMG-EPN612/testingJSON/user143/user143.json,idx_75
fist,trainingSamples,raw_data/EMG-EPN612/testingJSON/user143/user143.json,idx_76
fist,trainingSamples,raw_data/EMG-EPN612/testingJSON/user143/user143.json,idx_77
fist,trainingSamples,raw_data/EMG-EPN612/testingJSON/user143/user143.json,idx_78
fist,trainingSamples,raw_data/EMG-EPN612/testingJSON/user143/user143.json,idx_79
fist,trainingSamples,raw_data/EMG-EPN612/testingJSON/user143/user143.json,idx_80
fist,trainingSamples,raw_data/EMG-EPN612/testingJSON/user143/user143.json,idx_81
fist,trainingSamples,raw_data/EMG-EPN612/testingJSON/user143/user143.json,idx_82
fist,trainingSamples,raw_data/EMG-EPN612/testingJSON/user143/user143.json,idx_83
fist,trainingSamples,raw_data/EMG-EPN612/testingJSON/user143/user143.json,idx_84
fist,trainingSamples,raw_data/EMG-EPN612/testingJSON/user143/user143.json,idx_85
fist,trainingSamples,raw_data/EMG-EPN612/testingJSON/user143/user143.json,idx_86
fist,trainingSamples,raw_data/EMG-EPN612/testingJSON/user143/user143.json,idx_87
fist,trainingSamples,raw_data/EMG-EPN612/testingJSON/user143/user143.json,idx_88
fist,trainingSamples,raw_data/EMG-EPN612/testingJSON/user143/user143.json,idx_89
fist,trainingSamples,raw_data/EMG-EPN612/testingJSON/user143/user143.json,idx_90
fist,trainingSamples,raw_data/EMG-EPN612/testingJSON/user143/user143.json,idx_91
fist,trainingSamples,raw_data/EMG-EPN612/testingJSON/user143/user143.json,idx_92
fist,trainingSamples,raw_data/EMG-EPN612/testingJSON/user143/user143.json,idx_93
fist,trainingSamples,raw_data/EMG-EPN612/testingJSON/user143/user143.json,idx_94
fist,trainingSamples,raw_data/EMG-EPN612/testingJSON/user143/user143.json,idx_95
fist,trainingSamples,raw_data/EMG-EPN612/testingJSON/user143/user143.json,idx_96
fist,trainingSamples,raw_data/EMG-EPN612/testingJSON/user143/user143.json,idx_97
fist,trainingSamples,raw_data/EMG-EPN612/testingJSON/user143/user143.json,idx_98
fist,trainingSamples,raw_data/EMG-EPN612/testingJSON/user143/user143.json,idx_99
fist,trainingSamples,raw_data/EMG-EPN612/testingJSON/user143/user143.json,idx_100
waveIn,trainingSamples,raw_data/EMG-EPN612/testingJSON/user143/user143.json,idx_101
waveIn,trainingSamples,raw_data/EMG-EPN612/testingJSON/user143/user143.json,idx_102
waveIn,trainingSamples,raw_data/EMG-EPN612/testingJSON/user143/user143.json,idx_103
waveIn,trainingSamples,raw_data/EMG-EPN612/testingJSON/user143/user143.json,idx_104
waveIn,trainingSamples,raw_data/EMG-EPN612/testingJSON/user143/user143.json,idx_105
waveIn,trainingSamples,raw_data/EMG-EPN612/testingJSON/user143/user143.json,idx_106
waveIn,trainingSamples,raw_data/EMG-EPN612/testingJSON/user143/user143.json,idx_107
waveIn,trainingSamples,raw_data/EMG-EPN612/testingJSON/user143/user143.json,idx_108
waveIn,trainingSamples,raw_data/EMG-EPN612/testingJSON/user143/user143.json,idx_109
waveIn,trainingSamples,raw_data/EMG-EPN612/testingJSON/user143/user143.json,idx_110
waveIn,trainingSamples,raw_data/EMG-EPN612/testingJSON/user143/user143.json,idx_111
waveIn,trainingSamples,raw_data/EMG-EPN612/testingJSON/user143/user143.json,idx_112
waveIn,trainingSamples,raw_data/EMG-EPN612/testingJSON/user143/user143.json,idx_113
waveIn,trainingSamples,raw_data/EMG-EPN612/testingJSON/user143/user143.json,idx_114
waveIn,trainingSamples,raw_data/EMG-EPN612/testingJSON/user143/user143.json,idx_115
waveIn,trainingSamples,raw_data/EMG-EPN612/testingJSON/user143/user143.json,idx_116
waveIn,trainingSamples,raw_data/EMG-EPN612/testingJSON/user143/user143.json,idx_117
waveIn,trainingSamples,raw_data/EMG-EPN612/testingJSON/user143/user143.json,idx_118
waveIn,trainingSamples,raw_data/EMG-EPN612/testingJSON/user143/user143.json,idx_119
waveIn,trainingSamples,raw_data/EMG-EPN612/testingJSON/user143/user143.json,idx_120
waveIn,trainingSamples,raw_data/EMG-EPN612/testingJSON/user143/user143.json,idx_121
waveIn,trainingSamples,raw_data/EMG-EPN612/testingJSON/user143/user143.json,idx_122
waveIn,trainingSamples,raw_data/EMG-EPN612/testingJSON/user143/user143.json,idx_123
waveIn,trainingSamples,raw_data/EMG-EPN612/testingJSON/user143/user143.json,idx_124
waveIn,trainingSamples,raw_data/EMG-EPN612/testingJSON/user143/user143.json,idx_125
open,trainingSamples,raw_data/EMG-EPN612/testingJSON/user143/user143.json,idx_126
open,trainingSamples,raw_data/EMG-EPN612/testingJSON/user143/user143.json,idx_127
open,trainingSamples,raw_data/EMG-EPN612/testingJSON/user143/user143.json,idx_128
open,trainingSamples,raw_data/EMG-EPN612/testingJSON/user143/user143.json,idx_129
open,trainingSamples,raw_data/EMG-EPN612/testingJSON/user143/user143.json,idx_130
open,trainingSamples,raw_data/EMG-EPN612/testingJSON/user143/user143.json,idx_131
open,trainingSamples,raw_data/EMG-EPN612/testingJSON/user143/user143.json,idx_132
open,trainingSamples,raw_data/EMG-EPN612/testingJSON/user143/user143.json,idx_133
open,trainingSamples,raw_data/EMG-EPN612/testingJSON/user143/user143.json,idx_134
open,trainingSamples,raw_data/EMG-EPN612/testingJSON/user143/user143.json,idx_135
open,trainingSamples,raw_data/EMG-EPN612/testingJSON/user143/user143.json,idx_136
open,trainingSamples,raw_data/EMG-EPN612/testingJSON/user143/user143.json,idx_137
open,trainingSamples,raw_data/EMG-EPN612/testingJSON/user143/user143.json,idx_138
open,trainingSamples,raw_data/EMG-EPN612/testingJSON/user143/user143.json,idx_139
open,trainingSamples,raw_data/EMG-EPN612/testingJSON/user143/user143.json,idx_140
open,trainingSamples,raw_data/EMG-EPN612/testingJSON/user143/user143.json,idx_141
open,trainingSamples,raw_data/EMG-EPN612/testingJSON/user143/user143.json,idx_142
open,trainingSamples,raw_data/EMG-EPN612/testingJSON/user143/user143.json,idx_143
open,trainingSamples,raw_data/EMG-EPN612/testingJSON/user143/user143.json,idx_144
open,trainingSamples,raw_data/EMG-EPN612/testingJSON/user143/user143.json,idx_145
open,trainingSamples,raw_data/EMG-EPN612/testingJSON/user143/user143.json,idx_146
open,trainingSamples,raw_data/EMG-EPN612/testingJSON/user143/user143.json,idx_147
open,trainingSamples,raw_data/EMG-EPN612/testingJSON/user143/user143.json,idx_148
open,trainingSamples,raw_data/EMG-EPN612/testingJSON/user143/user143.json,idx_149
open,trainingSamples,raw_data/EMG-EPN612/testingJSON/user143/user143.json,idx_150
noGesture,trainingSamples,raw_data/EMG-EPN612/testingJSON/user144/user144.json,idx_1
noGesture,trainingSamples,raw_data/EMG-EPN612/testingJSON/user144/user144.json,idx_2
noGesture,trainingSamples,raw_data/EMG-EPN612/testingJSON/user144/user144.json,idx_3
noGesture,trainingSamples,raw_data/EMG-EPN612/testingJSON/user144/user144.json,idx_4
noGesture,trainingSamples,raw_data/EMG-EPN612/testingJSON/user144/user144.json,idx_5
noGesture,trainingSamples,raw_data/EMG-EPN612/testingJSON/user144/user144.json,idx_6
noGesture,trainingSamples,raw_data/EMG-EPN612/testingJSON/user144/user144.json,idx_7
noGesture,trainingSamples,raw_data/EMG-EPN612/testingJSON/user144/user144.json,idx_8
noGesture,trainingSamples,raw_data/EMG-EPN612/testingJSON/user144/user144.json,idx_9
noGesture,trainingSamples,raw_data/EMG-EPN612/testingJSON/user144/user144.json,idx_10
noGesture,trainingSamples,raw_data/EMG-EPN612/testingJSON/user144/user144.json,idx_11
noGesture,trainingSamples,raw_data/EMG-EPN612/testingJSON/user144/user144.json,idx_12
noGesture,trainingSamples,raw_data/EMG-EPN612/testingJSON/user144/user144.json,idx_13
noGesture,trainingSamples,raw_data/EMG-EPN612/testingJSON/user144/user144.json,idx_14
noGesture,trainingSamples,raw_data/EMG-EPN612/testingJSON/user144/user144.json,idx_15
noGesture,trainingSamples,raw_data/EMG-EPN612/testingJSON/user144/user144.json,idx_16
noGesture,trainingSamples,raw_data/EMG-EPN612/testingJSON/user144/user144.json,idx_17
noGesture,trainingSamples,raw_data/EMG-EPN612/testingJSON/user144/user144.json,idx_18
noGesture,trainingSamples,raw_data/EMG-EPN612/testingJSON/user144/user144.json,idx_19
noGesture,trainingSamples,raw_data/EMG-EPN612/testingJSON/user144/user144.json,idx_20
noGesture,trainingSamples,raw_data/EMG-EPN612/testingJSON/user144/user144.json,idx_21
noGesture,trainingSamples,raw_data/EMG-EPN612/testingJSON/user144/user144.json,idx_22
noGesture,trainingSamples,raw_data/EMG-EPN612/testingJSON/user144/user144.json,idx_23
noGesture,trainingSamples,raw_data/EMG-EPN612/testingJSON/user144/user144.json,idx_24
noGesture,trainingSamples,raw_data/EMG-EPN612/testingJSON/user144/user144.json,idx_25
waveOut,trainingSamples,raw_data/EMG-EPN612/testingJSON/user144/user144.json,idx_26
waveOut,trainingSamples,raw_data/EMG-EPN612/testingJSON/user144/user144.json,idx_27
waveOut,trainingSamples,raw_data/EMG-EPN612/testingJSON/user144/user144.json,idx_28
waveOut,trainingSamples,raw_data/EMG-EPN612/testingJSON/user144/user144.json,idx_29
waveOut,trainingSamples,raw_data/EMG-EPN612/testingJSON/user144/user144.json,idx_30
waveOut,trainingSamples,raw_data/EMG-EPN612/testingJSON/user144/user144.json,idx_31
waveOut,trainingSamples,raw_data/EMG-EPN612/testingJSON/user144/user144.json,idx_32
waveOut,trainingSamples,raw_data/EMG-EPN612/testingJSON/user144/user144.json,idx_33
waveOut,trainingSamples,raw_data/EMG-EPN612/testingJSON/user144/user144.json,idx_34
waveOut,trainingSamples,raw_data/EMG-EPN612/testingJSON/user144/user144.json,idx_35
waveOut,trainingSamples,raw_data/EMG-EPN612/testingJSON/user144/user144.json,idx_36
waveOut,trainingSamples,raw_data/EMG-EPN612/testingJSON/user144/user144.json,idx_37
waveOut,trainingSamples,raw_data/EMG-EPN612/testingJSON/user144/user144.json,idx_38
waveOut,trainingSamples,raw_data/EMG-EPN612/testingJSON/user144/user144.json,idx_39
waveOut,trainingSamples,raw_data/EMG-EPN612/testingJSON/user144/user144.json,idx_40
waveOut,trainingSamples,raw_data/EMG-EPN612/testingJSON/user144/user144.json,idx_41
waveOut,trainingSamples,raw_data/EMG-EPN612/testingJSON/user144/user144.json,idx_42
waveOut,trainingSamples,raw_data/EMG-EPN612/testingJSON/user144/user144.json,idx_43
waveOut,trainingSamples,raw_data/EMG-EPN612/testingJSON/user144/user144.json,idx_44
waveOut,trainingSamples,raw_data/EMG-EPN612/testingJSON/user144/user144.json,idx_45
waveOut,trainingSamples,raw_data/EMG-EPN612/testingJSON/user144/user144.json,idx_46
waveOut,trainingSamples,raw_data/EMG-EPN612/testingJSON/user144/user144.json,idx_47
waveOut,trainingSamples,raw_data/EMG-EPN612/testingJSON/user144/user144.json,idx_48
waveOut,trainingSamples,raw_data/EMG-EPN612/testingJSON/user144/user144.json,idx_49
waveOut,trainingSamples,raw_data/EMG-EPN612/testingJSON/user144/user144.json,idx_50
pinch,trainingSamples,raw_data/EMG-EPN612/testingJSON/user144/user144.json,idx_51
pinch,trainingSamples,raw_data/EMG-EPN612/testingJSON/user144/user144.json,idx_52
pinch,trainingSamples,raw_data/EMG-EPN612/testingJSON/user144/user144.json,idx_53
pinch,trainingSamples,raw_data/EMG-EPN612/testingJSON/user144/user144.json,idx_54
pinch,trainingSamples,raw_data/EMG-EPN612/testingJSON/user144/user144.json,idx_55
pinch,trainingSamples,raw_data/EMG-EPN612/testingJSON/user144/user144.json,idx_56
pinch,trainingSamples,raw_data/EMG-EPN612/testingJSON/user144/user144.json,idx_57
pinch,trainingSamples,raw_data/EMG-EPN612/testingJSON/user144/user144.json,idx_58
pinch,trainingSamples,raw_data/EMG-EPN612/testingJSON/user144/user144.json,idx_59
pinch,trainingSamples,raw_data/EMG-EPN612/testingJSON/user144/user144.json,idx_60
pinch,trainingSamples,raw_data/EMG-EPN612/testingJSON/user144/user144.json,idx_61
pinch,trainingSamples,raw_data/EMG-EPN612/testingJSON/user144/user144.json,idx_62
pinch,trainingSamples,raw_data/EMG-EPN612/testingJSON/user144/user144.json,idx_63
pinch,trainingSamples,raw_data/EMG-EPN612/testingJSON/user144/user144.json,idx_64
pinch,trainingSamples,raw_data/EMG-EPN612/testingJSON/user144/user144.json,idx_65
pinch,trainingSamples,raw_data/EMG-EPN612/testingJSON/user144/user144.json,idx_66
pinch,trainingSamples,raw_data/EMG-EPN612/testingJSON/user144/user144.json,idx_67
pinch,trainingSamples,raw_data/EMG-EPN612/testingJSON/user144/user144.json,idx_68
pinch,trainingSamples,raw_data/EMG-EPN612/testingJSON/user144/user144.json,idx_69
pinch,trainingSamples,raw_data/EMG-EPN612/testingJSON/user144/user144.json,idx_70
pinch,trainingSamples,raw_data/EMG-EPN612/testingJSON/user144/user144.json,idx_71
pinch,trainingSamples,raw_data/EMG-EPN612/testingJSON/user144/user144.json,idx_72
pinch,trainingSamples,raw_data/EMG-EPN612/testingJSON/user144/user144.json,idx_73
pinch,trainingSamples,raw_data/EMG-EPN612/testingJSON/user144/user144.json,idx_74
pinch,trainingSamples,raw_data/EMG-EPN612/testingJSON/user144/user144.json,idx_75
fist,trainingSamples,raw_data/EMG-EPN612/testingJSON/user144/user144.json,idx_76
fist,trainingSamples,raw_data/EMG-EPN612/testingJSON/user144/user144.json,idx_77
fist,trainingSamples,raw_data/EMG-EPN612/testingJSON/user144/user144.json,idx_78
fist,trainingSamples,raw_data/EMG-EPN612/testingJSON/user144/user144.json,idx_79
fist,trainingSamples,raw_data/EMG-EPN612/testingJSON/user144/user144.json,idx_80
fist,trainingSamples,raw_data/EMG-EPN612/testingJSON/user144/user144.json,idx_81
fist,trainingSamples,raw_data/EMG-EPN612/testingJSON/user144/user144.json,idx_82
fist,trainingSamples,raw_data/EMG-EPN612/testingJSON/user144/user144.json,idx_83
fist,trainingSamples,raw_data/EMG-EPN612/testingJSON/user144/user144.json,idx_84
fist,trainingSamples,raw_data/EMG-EPN612/testingJSON/user144/user144.json,idx_85
fist,trainingSamples,raw_data/EMG-EPN612/testingJSON/user144/user144.json,idx_86
fist,trainingSamples,raw_data/EMG-EPN612/testingJSON/user144/user144.json,idx_87
fist,trainingSamples,raw_data/EMG-EPN612/testingJSON/user144/user144.json,idx_88
fist,trainingSamples,raw_data/EMG-EPN612/testingJSON/user144/user144.json,idx_89
fist,trainingSamples,raw_data/EMG-EPN612/testingJSON/user144/user144.json,idx_90
fist,trainingSamples,raw_data/EMG-EPN612/testingJSON/user144/user144.json,idx_91
fist,trainingSamples,raw_data/EMG-EPN612/testingJSON/user144/user144.json,idx_92
fist,trainingSamples,raw_data/EMG-EPN612/testingJSON/user144/user144.json,idx_93
fist,trainingSamples,raw_data/EMG-EPN612/testingJSON/user144/user144.json,idx_94
fist,trainingSamples,raw_data/EMG-EPN612/testingJSON/user144/user144.json,idx_95
fist,trainingSamples,raw_data/EMG-EPN612/testingJSON/user144/user144.json,idx_96
fist,trainingSamples,raw_data/EMG-EPN612/testingJSON/user144/user144.json,idx_97
fist,trainingSamples,raw_data/EMG-EPN612/testingJSON/user144/user144.json,idx_98
fist,trainingSamples,raw_data/EMG-EPN612/testingJSON/user144/user144.json,idx_99
fist,trainingSamples,raw_data/EMG-EPN612/testingJSON/user144/user144.json,idx_100
waveIn,trainingSamples,raw_data/EMG-EPN612/testingJSON/user144/user144.json,idx_101
waveIn,trainingSamples,raw_data/EMG-EPN612/testingJSON/user144/user144.json,idx_102
waveIn,trainingSamples,raw_data/EMG-EPN612/testingJSON/user144/user144.json,idx_103
waveIn,trainingSamples,raw_data/EMG-EPN612/testingJSON/user144/user144.json,idx_104
waveIn,trainingSamples,raw_data/EMG-EPN612/testingJSON/user144/user144.json,idx_105
waveIn,trainingSamples,raw_data/EMG-EPN612/testingJSON/user144/user144.json,idx_106
waveIn,trainingSamples,raw_data/EMG-EPN612/testingJSON/user144/user144.json,idx_107
waveIn,trainingSamples,raw_data/EMG-EPN612/testingJSON/user144/user144.json,idx_108
waveIn,trainingSamples,raw_data/EMG-EPN612/testingJSON/user144/user144.json,idx_109
waveIn,trainingSamples,raw_data/EMG-EPN612/testingJSON/user144/user144.json,idx_110
waveIn,trainingSamples,raw_data/EMG-EPN612/testingJSON/user144/user144.json,idx_111
waveIn,trainingSamples,raw_data/EMG-EPN612/testingJSON/user144/user144.json,idx_112
waveIn,trainingSamples,raw_data/EMG-EPN612/testingJSON/user144/user144.json,idx_113
waveIn,trainingSamples,raw_data/EMG-EPN612/testingJSON/user144/user144.json,idx_114
waveIn,trainingSamples,raw_data/EMG-EPN612/testingJSON/user144/user144.json,idx_115
waveIn,trainingSamples,raw_data/EMG-EPN612/testingJSON/user144/user144.json,idx_116
waveIn,trainingSamples,raw_data/EMG-EPN612/testingJSON/user144/user144.json,idx_117
waveIn,trainingSamples,raw_data/EMG-EPN612/testingJSON/user144/user144.json,idx_118
waveIn,trainingSamples,raw_data/EMG-EPN612/testingJSON/user144/user144.json,idx_119
waveIn,trainingSamples,raw_data/EMG-EPN612/testingJSON/user144/user144.json,idx_120
waveIn,trainingSamples,raw_data/EMG-EPN612/testingJSON/user144/user144.json,idx_121
waveIn,trainingSamples,raw_data/EMG-EPN612/testingJSON/user144/user144.json,idx_122
waveIn,trainingSamples,raw_data/EMG-EPN612/testingJSON/user144/user144.json,idx_123
waveIn,trainingSamples,raw_data/EMG-EPN612/testingJSON/user144/user144.json,idx_124
waveIn,trainingSamples,raw_data/EMG-EPN612/testingJSON/user144/user144.json,idx_125
open,trainingSamples,raw_data/EMG-EPN612/testingJSON/user144/user144.json,idx_126
open,trainingSamples,raw_data/EMG-EPN612/testingJSON/user144/user144.json,idx_127
open,trainingSamples,raw_data/EMG-EPN612/testingJSON/user144/user144.json,idx_128
open,trainingSamples,raw_data/EMG-EPN612/testingJSON/user144/user144.json,idx_129
open,trainingSamples,raw_data/EMG-EPN612/testingJSON/user144/user144.json,idx_130
open,trainingSamples,raw_data/EMG-EPN612/testingJSON/user144/user144.json,idx_131
open,trainingSamples,raw_data/EMG-EPN612/testingJSON/user144/user144.json,idx_132
open,trainingSamples,raw_data/EMG-EPN612/testingJSON/user144/user144.json,idx_133
open,trainingSamples,raw_data/EMG-EPN612/testingJSON/user144/user144.json,idx_134
open,trainingSamples,raw_data/EMG-EPN612/testingJSON/user144/user144.json,idx_135
open,trainingSamples,raw_data/EMG-EPN612/testingJSON/user144/user144.json,idx_136
open,trainingSamples,raw_data/EMG-EPN612/testingJSON/user144/user144.json,idx_137
open,trainingSamples,raw_data/EMG-EPN612/testingJSON/user144/user144.json,idx_138
open,trainingSamples,raw_data/EMG-EPN612/testingJSON/user144/user144.json,idx_139
open,trainingSamples,raw_data/EMG-EPN612/testingJSON/user144/user144.json,idx_140
open,trainingSamples,raw_data/EMG-EPN612/testingJSON/user144/user144.json,idx_141
open,trainingSamples,raw_data/EMG-EPN612/testingJSON/user144/user144.json,idx_142
open,trainingSamples,raw_data/EMG-EPN612/testingJSON/user144/user144.json,idx_143
open,trainingSamples,raw_data/EMG-EPN612/testingJSON/user144/user144.json,idx_144
open,trainingSamples,raw_data/EMG-EPN612/testingJSON/user144/user144.json,idx_145
open,trainingSamples,raw_data/EMG-EPN612/testingJSON/user144/user144.json,idx_146
open,trainingSamples,raw_data/EMG-EPN612/testingJSON/user144/user144.json,idx_147
open,trainingSamples,raw_data/EMG-EPN612/testingJSON/user144/user144.json,idx_148
open,trainingSamples,raw_data/EMG-EPN612/testingJSON/user144/user144.json,idx_149
open,trainingSamples,raw_data/EMG-EPN612/testingJSON/user144/user144.json,idx_150
noGesture,trainingSamples,raw_data/EMG-EPN612/testingJSON/user145/user145.json,idx_1
noGesture,trainingSamples,raw_data/EMG-EPN612/testingJSON/user145/user145.json,idx_2
noGesture,trainingSamples,raw_data/EMG-EPN612/testingJSON/user145/user145.json,idx_3
noGesture,trainingSamples,raw_data/EMG-EPN612/testingJSON/user145/user145.json,idx_4
noGesture,trainingSamples,raw_data/EMG-EPN612/testingJSON/user145/user145.json,idx_5
noGesture,trainingSamples,raw_data/EMG-EPN612/testingJSON/user145/user145.json,idx_6
noGesture,trainingSamples,raw_data/EMG-EPN612/testingJSON/user145/user145.json,idx_7
noGesture,trainingSamples,raw_data/EMG-EPN612/testingJSON/user145/user145.json,idx_8
noGesture,trainingSamples,raw_data/EMG-EPN612/testingJSON/user145/user145.json,idx_9
noGesture,trainingSamples,raw_data/EMG-EPN612/testingJSON/user145/user145.json,idx_10
noGesture,trainingSamples,raw_data/EMG-EPN612/testingJSON/user145/user145.json,idx_11
noGesture,trainingSamples,raw_data/EMG-EPN612/testingJSON/user145/user145.json,idx_12
noGesture,trainingSamples,raw_data/EMG-EPN612/testingJSON/user145/user145.json,idx_13
noGesture,trainingSamples,raw_data/EMG-EPN612/testingJSON/user145/user145.json,idx_14
noGesture,trainingSamples,raw_data/EMG-EPN612/testingJSON/user145/user145.json,idx_15
noGesture,trainingSamples,raw_data/EMG-EPN612/testingJSON/user145/user145.json,idx_16
noGesture,trainingSamples,raw_data/EMG-EPN612/testingJSON/user145/user145.json,idx_17
noGesture,trainingSamples,raw_data/EMG-EPN612/testingJSON/user145/user145.json,idx_18
noGesture,trainingSamples,raw_data/EMG-EPN612/testingJSON/user145/user145.json,idx_19
noGesture,trainingSamples,raw_data/EMG-EPN612/testingJSON/user145/user145.json,idx_20
noGesture,trainingSamples,raw_data/EMG-EPN612/testingJSON/user145/user145.json,idx_21
noGesture,trainingSamples,raw_data/EMG-EPN612/testingJSON/user145/user145.json,idx_22
noGesture,trainingSamples,raw_data/EMG-EPN612/testingJSON/user145/user145.json,idx_23
noGesture,trainingSamples,raw_data/EMG-EPN612/testingJSON/user145/user145.json,idx_24
noGesture,trainingSamples,raw_data/EMG-EPN612/testingJSON/user145/user145.json,idx_25
open,trainingSamples,raw_data/EMG-EPN612/testingJSON/user145/user145.json,idx_26
open,trainingSamples,raw_data/EMG-EPN612/testingJSON/user145/user145.json,idx_27
open,trainingSamples,raw_data/EMG-EPN612/testingJSON/user145/user145.json,idx_28
open,trainingSamples,raw_data/EMG-EPN612/testingJSON/user145/user145.json,idx_29
open,trainingSamples,raw_data/EMG-EPN612/testingJSON/user145/user145.json,idx_30
open,trainingSamples,raw_data/EMG-EPN612/testingJSON/user145/user145.json,idx_31
open,trainingSamples,raw_data/EMG-EPN612/testingJSON/user145/user145.json,idx_32
open,trainingSamples,raw_data/EMG-EPN612/testingJSON/user145/user145.json,idx_33
open,trainingSamples,raw_data/EMG-EPN612/testingJSON/user145/user145.json,idx_34
open,trainingSamples,raw_data/EMG-EPN612/testingJSON/user145/user145.json,idx_35
open,trainingSamples,raw_data/EMG-EPN612/testingJSON/user145/user145.json,idx_36
open,trainingSamples,raw_data/EMG-EPN612/testingJSON/user145/user145.json,idx_37
open,trainingSamples,raw_data/EMG-EPN612/testingJSON/user145/user145.json,idx_38
open,trainingSamples,raw_data/EMG-EPN612/testingJSON/user145/user145.json,idx_39
open,trainingSamples,raw_data/EMG-EPN612/testingJSON/user145/user145.json,idx_40
open,trainingSamples,raw_data/EMG-EPN612/testingJSON/user145/user145.json,idx_41
open,trainingSamples,raw_data/EMG-EPN612/testingJSON/user145/user145.json,idx_42
open,trainingSamples,raw_data/EMG-EPN612/testingJSON/user145/user145.json,idx_43
open,trainingSamples,raw_data/EMG-EPN612/testingJSON/user145/user145.json,idx_44
open,trainingSamples,raw_data/EMG-EPN612/testingJSON/user145/user145.json,idx_45
open,trainingSamples,raw_data/EMG-EPN612/testingJSON/user145/user145.json,idx_46
open,trainingSamples,raw_data/EMG-EPN612/testingJSON/user145/user145.json,idx_47
open,trainingSamples,raw_data/EMG-EPN612/testingJSON/user145/user145.json,idx_48
open,trainingSamples,raw_data/EMG-EPN612/testingJSON/user145/user145.json,idx_49
open,trainingSamples,raw_data/EMG-EPN612/testingJSON/user145/user145.json,idx_50
pinch,trainingSamples,raw_data/EMG-EPN612/testingJSON/user145/user145.json,idx_51
pinch,trainingSamples,raw_data/EMG-EPN612/testingJSON/user145/user145.json,idx_52
pinch,trainingSamples,raw_data/EMG-EPN612/testingJSON/user145/user145.json,idx_53
pinch,trainingSamples,raw_data/EMG-EPN612/testingJSON/user145/user145.json,idx_54
pinch,trainingSamples,raw_data/EMG-EPN612/testingJSON/user145/user145.json,idx_55
pinch,trainingSamples,raw_data/EMG-EPN612/testingJSON/user145/user145.json,idx_56
pinch,trainingSamples,raw_data/EMG-EPN612/testingJSON/user145/user145.json,idx_57
pinch,trainingSamples,raw_data/EMG-EPN612/testingJSON/user145/user145.json,idx_58
pinch,trainingSamples,raw_data/EMG-EPN612/testingJSON/user145/user145.json,idx_59
pinch,trainingSamples,raw_data/EMG-EPN612/testingJSON/user145/user145.json,idx_60
pinch,trainingSamples,raw_data/EMG-EPN612/testingJSON/user145/user145.json,idx_61
pinch,trainingSamples,raw_data/EMG-EPN612/testingJSON/user145/user145.json,idx_62
pinch,trainingSamples,raw_data/EMG-EPN612/testingJSON/user145/user145.json,idx_63
pinch,trainingSamples,raw_data/EMG-EPN612/testingJSON/user145/user145.json,idx_64
pinch,trainingSamples,raw_data/EMG-EPN612/testingJSON/user145/user145.json,idx_65
pinch,trainingSamples,raw_data/EMG-EPN612/testingJSON/user145/user145.json,idx_66
pinch,trainingSamples,raw_data/EMG-EPN612/testingJSON/user145/user145.json,idx_67
pinch,trainingSamples,raw_data/EMG-EPN612/testingJSON/user145/user145.json,idx_68
pinch,trainingSamples,raw_data/EMG-EPN612/testingJSON/user145/user145.json,idx_69
pinch,trainingSamples,raw_data/EMG-EPN612/testingJSON/user145/user145.json,idx_70
pinch,trainingSamples,raw_data/EMG-EPN612/testingJSON/user145/user145.json,idx_71
pinch,trainingSamples,raw_data/EMG-EPN612/testingJSON/user145/user145.json,idx_72
pinch,trainingSamples,raw_data/EMG-EPN612/testingJSON/user145/user145.json,idx_73
pinch,trainingSamples,raw_data/EMG-EPN612/testingJSON/user145/user145.json,idx_74
pinch,trainingSamples,raw_data/EMG-EPN612/testingJSON/user145/user145.json,idx_75
fist,trainingSamples,raw_data/EMG-EPN612/testingJSON/user145/user145.json,idx_76
fist,trainingSamples,raw_data/EMG-EPN612/testingJSON/user145/user145.json,idx_77
fist,trainingSamples,raw_data/EMG-EPN612/testingJSON/user145/user145.json,idx_78
fist,trainingSamples,raw_data/EMG-EPN612/testingJSON/user145/user145.json,idx_79
fist,trainingSamples,raw_data/EMG-EPN612/testingJSON/user145/user145.json,idx_80
fist,trainingSamples,raw_data/EMG-EPN612/testingJSON/user145/user145.json,idx_81
fist,trainingSamples,raw_data/EMG-EPN612/testingJSON/user145/user145.json,idx_82
fist,trainingSamples,raw_data/EMG-EPN612/testingJSON/user145/user145.json,idx_83
fist,trainingSamples,raw_data/EMG-EPN612/testingJSON/user145/user145.json,idx_84
fist,trainingSamples,raw_data/EMG-EPN612/testingJSON/user145/user145.json,idx_85
fist,trainingSamples,raw_data/EMG-EPN612/testingJSON/user145/user145.json,idx_86
fist,trainingSamples,raw_data/EMG-EPN612/testingJSON/user145/user145.json,idx_87
fist,trainingSamples,raw_data/EMG-EPN612/testingJSON/user145/user145.json,idx_88
fist,trainingSamples,raw_data/EMG-EPN612/testingJSON/user145/user145.json,idx_89
fist,trainingSamples,raw_data/EMG-EPN612/testingJSON/user145/user145.json,idx_90
fist,trainingSamples,raw_data/EMG-EPN612/testingJSON/user145/user145.json,idx_91
fist,trainingSamples,raw_data/EMG-EPN612/testingJSON/user145/user145.json,idx_92
fist,trainingSamples,raw_data/EMG-EPN612/testingJSON/user145/user145.json,idx_93
fist,trainingSamples,raw_data/EMG-EPN612/testingJSON/user145/user145.json,idx_94
fist,trainingSamples,raw_data/EMG-EPN612/testingJSON/user145/user145.json,idx_95
fist,trainingSamples,raw_data/EMG-EPN612/testingJSON/user145/user145.json,idx_96
fist,trainingSamples,raw_data/EMG-EPN612/testingJSON/user145/user145.json,idx_97
fist,trainingSamples,raw_data/EMG-EPN612/testingJSON/user145/user145.json,idx_98
fist,trainingSamples,raw_data/EMG-EPN612/testingJSON/user145/user145.json,idx_99
fist,trainingSamples,raw_data/EMG-EPN612/testingJSON/user145/user145.json,idx_100
waveOut,trainingSamples,raw_data/EMG-EPN612/testingJSON/user145/user145.json,idx_101
waveOut,trainingSamples,raw_data/EMG-EPN612/testingJSON/user145/user145.json,idx_102
waveOut,trainingSamples,raw_data/EMG-EPN612/testingJSON/user145/user145.json,idx_103
waveOut,trainingSamples,raw_data/EMG-EPN612/testingJSON/user145/user145.json,idx_104
waveOut,trainingSamples,raw_data/EMG-EPN612/testingJSON/user145/user145.json,idx_105
waveOut,trainingSamples,raw_data/EMG-EPN612/testingJSON/user145/user145.json,idx_106
waveOut,trainingSamples,raw_data/EMG-EPN612/testingJSON/user145/user145.json,idx_107
waveOut,trainingSamples,raw_data/EMG-EPN612/testingJSON/user145/user145.json,idx_108
waveOut,trainingSamples,raw_data/EMG-EPN612/testingJSON/user145/user145.json,idx_109
waveOut,trainingSamples,raw_data/EMG-EPN612/testingJSON/user145/user145.json,idx_110
waveOut,trainingSamples,raw_data/EMG-EPN612/testingJSON/user145/user145.json,idx_111
waveOut,trainingSamples,raw_data/EMG-EPN612/testingJSON/user145/user145.json,idx_112
waveOut,trainingSamples,raw_data/EMG-EPN612/testingJSON/user145/user145.json,idx_113
waveOut,trainingSamples,raw_data/EMG-EPN612/testingJSON/user145/user145.json,idx_114
waveOut,trainingSamples,raw_data/EMG-EPN612/testingJSON/user145/user145.json,idx_115
waveOut,trainingSamples,raw_data/EMG-EPN612/testingJSON/user145/user145.json,idx_116
waveOut,trainingSamples,raw_data/EMG-EPN612/testingJSON/user145/user145.json,idx_117
waveOut,trainingSamples,raw_data/EMG-EPN612/testingJSON/user145/user145.json,idx_118
waveOut,trainingSamples,raw_data/EMG-EPN612/testingJSON/user145/user145.json,idx_119
waveOut,trainingSamples,raw_data/EMG-EPN612/testingJSON/user145/user145.json,idx_120
waveOut,trainingSamples,raw_data/EMG-EPN612/testingJSON/user145/user145.json,idx_121
waveOut,trainingSamples,raw_data/EMG-EPN612/testingJSON/user145/user145.json,idx_122
waveOut,trainingSamples,raw_data/EMG-EPN612/testingJSON/user145/user145.json,idx_123
waveOut,trainingSamples,raw_data/EMG-EPN612/testingJSON/user145/user145.json,idx_124
waveOut,trainingSamples,raw_data/EMG-EPN612/testingJSON/user145/user145.json,idx_125
waveIn,trainingSamples,raw_data/EMG-EPN612/testingJSON/user145/user145.json,idx_126
waveIn,trainingSamples,raw_data/EMG-EPN612/testingJSON/user145/user145.json,idx_127
waveIn,trainingSamples,raw_data/EMG-EPN612/testingJSON/user145/user145.json,idx_128
waveIn,trainingSamples,raw_data/EMG-EPN612/testingJSON/user145/user145.json,idx_129
waveIn,trainingSamples,raw_data/EMG-EPN612/testingJSON/user145/user145.json,idx_130
waveIn,trainingSamples,raw_data/EMG-EPN612/testingJSON/user145/user145.json,idx_131
waveIn,trainingSamples,raw_data/EMG-EPN612/testingJSON/user145/user145.json,idx_132
waveIn,trainingSamples,raw_data/EMG-EPN612/testingJSON/user145/user145.json,idx_133
waveIn,trainingSamples,raw_data/EMG-EPN612/testingJSON/user145/user145.json,idx_134
waveIn,trainingSamples,raw_data/EMG-EPN612/testingJSON/user145/user145.json,idx_135
waveIn,trainingSamples,raw_data/EMG-EPN612/testingJSON/user145/user145.json,idx_136
waveIn,trainingSamples,raw_data/EMG-EPN612/testingJSON/user145/user145.json,idx_137
waveIn,trainingSamples,raw_data/EMG-EPN612/testingJSON/user145/user145.json,idx_138
waveIn,trainingSamples,raw_data/EMG-EPN612/testingJSON/user145/user145.json,idx_139
waveIn,trainingSamples,raw_data/EMG-EPN612/testingJSON/user145/user145.json,idx_140
waveIn,trainingSamples,raw_data/EMG-EPN612/testingJSON/user145/user145.json,idx_141
waveIn,trainingSamples,raw_data/EMG-EPN612/testingJSON/user145/user145.json,idx_142
waveIn,trainingSamples,raw_data/EMG-EPN612/testingJSON/user145/user145.json,idx_143
waveIn,trainingSamples,raw_data/EMG-EPN612/testingJSON/user145/user145.json,idx_144
waveIn,trainingSamples,raw_data/EMG-EPN612/testingJSON/user145/user145.json,idx_145
waveIn,trainingSamples,raw_data/EMG-EPN612/testingJSON/user145/user145.json,idx_146
waveIn,trainingSamples,raw_data/EMG-EPN612/testingJSON/user145/user145.json,idx_147
waveIn,trainingSamples,raw_data/EMG-EPN612/testingJSON/user145/user145.json,idx_148
waveIn,trainingSamples,raw_data/EMG-EPN612/testingJSON/user145/user145.json,idx_149
waveIn,trainingSamples,raw_data/EMG-EPN612/testingJSON/user145/user145.json,idx_150
noGesture,trainingSamples,raw_data/EMG-EPN612/testingJSON/user146/user146.json,idx_1
noGesture,trainingSamples,raw_data/EMG-EPN612/testingJSON/user146/user146.json,idx_2
noGesture,trainingSamples,raw_data/EMG-EPN612/testingJSON/user146/user146.json,idx_3
noGesture,trainingSamples,raw_data/EMG-EPN612/testingJSON/user146/user146.json,idx_4
noGesture,trainingSamples,raw_data/EMG-EPN612/testingJSON/user146/user146.json,idx_5
noGesture,trainingSamples,raw_data/EMG-EPN612/testingJSON/user146/user146.json,idx_6
noGesture,trainingSamples,raw_data/EMG-EPN612/testingJSON/user146/user146.json,idx_7
noGesture,trainingSamples,raw_data/EMG-EPN612/testingJSON/user146/user146.json,idx_8
noGesture,trainingSamples,raw_data/EMG-EPN612/testingJSON/user146/user146.json,idx_9
noGesture,trainingSamples,raw_data/EMG-EPN612/testingJSON/user146/user146.json,idx_10
noGesture,trainingSamples,raw_data/EMG-EPN612/testingJSON/user146/user146.json,idx_11
noGesture,trainingSamples,raw_data/EMG-EPN612/testingJSON/user146/user146.json,idx_12
noGesture,trainingSamples,raw_data/EMG-EPN612/testingJSON/user146/user146.json,idx_13
noGesture,trainingSamples,raw_data/EMG-EPN612/testingJSON/user146/user146.json,idx_14
noGesture,trainingSamples,raw_data/EMG-EPN612/testingJSON/user146/user146.json,idx_15
noGesture,trainingSamples,raw_data/EMG-EPN612/testingJSON/user146/user146.json,idx_16
noGesture,trainingSamples,raw_data/EMG-EPN612/testingJSON/user146/user146.json,idx_17
noGesture,trainingSamples,raw_data/EMG-EPN612/testingJSON/user146/user146.json,idx_18
noGesture,trainingSamples,raw_data/EMG-EPN612/testingJSON/user146/user146.json,idx_19
noGesture,trainingSamples,raw_data/EMG-EPN612/testingJSON/user146/user146.json,idx_20
noGesture,trainingSamples,raw_data/EMG-EPN612/testingJSON/user146/user146.json,idx_21
noGesture,trainingSamples,raw_data/EMG-EPN612/testingJSON/user146/user146.json,idx_22
noGesture,trainingSamples,raw_data/EMG-EPN612/testingJSON/user146/user146.json,idx_23
noGesture,trainingSamples,raw_data/EMG-EPN612/testingJSON/user146/user146.json,idx_24
noGesture,trainingSamples,raw_data/EMG-EPN612/testingJSON/user146/user146.json,idx_25
waveOut,trainingSamples,raw_data/EMG-EPN612/testingJSON/user146/user146.json,idx_26
waveOut,trainingSamples,raw_data/EMG-EPN612/testingJSON/user146/user146.json,idx_27
waveOut,trainingSamples,raw_data/EMG-EPN612/testingJSON/user146/user146.json,idx_28
waveOut,trainingSamples,raw_data/EMG-EPN612/testingJSON/user146/user146.json,idx_29
waveOut,trainingSamples,raw_data/EMG-EPN612/testingJSON/user146/user146.json,idx_30
waveOut,trainingSamples,raw_data/EMG-EPN612/testingJSON/user146/user146.json,idx_31
waveOut,trainingSamples,raw_data/EMG-EPN612/testingJSON/user146/user146.json,idx_32
waveOut,trainingSamples,raw_data/EMG-EPN612/testingJSON/user146/user146.json,idx_33
waveOut,trainingSamples,raw_data/EMG-EPN612/testingJSON/user146/user146.json,idx_34
waveOut,trainingSamples,raw_data/EMG-EPN612/testingJSON/user146/user146.json,idx_35
waveOut,trainingSamples,raw_data/EMG-EPN612/testingJSON/user146/user146.json,idx_36
waveOut,trainingSamples,raw_data/EMG-EPN612/testingJSON/user146/user146.json,idx_37
waveOut,trainingSamples,raw_data/EMG-EPN612/testingJSON/user146/user146.json,idx_38
waveOut,trainingSamples,raw_data/EMG-EPN612/testingJSON/user146/user146.json,idx_39
waveOut,trainingSamples,raw_data/EMG-EPN612/testingJSON/user146/user146.json,idx_40
waveOut,trainingSamples,raw_data/EMG-EPN612/testingJSON/user146/user146.json,idx_41
waveOut,trainingSamples,raw_data/EMG-EPN612/testingJSON/user146/user146.json,idx_42
waveOut,trainingSamples,raw_data/EMG-EPN612/testingJSON/user146/user146.json,idx_43
waveOut,trainingSamples,raw_data/EMG-EPN612/testingJSON/user146/user146.json,idx_44
waveOut,trainingSamples,raw_data/EMG-EPN612/testingJSON/user146/user146.json,idx_45
waveOut,trainingSamples,raw_data/EMG-EPN612/testingJSON/user146/user146.json,idx_46
waveOut,trainingSamples,raw_data/EMG-EPN612/testingJSON/user146/user146.json,idx_47
waveOut,trainingSamples,raw_data/EMG-EPN612/testingJSON/user146/user146.json,idx_48
waveOut,trainingSamples,raw_data/EMG-EPN612/testingJSON/user146/user146.json,idx_49
waveOut,trainingSamples,raw_data/EMG-EPN612/testingJSON/user146/user146.json,idx_50
pinch,trainingSamples,raw_data/EMG-EPN612/testingJSON/user146/user146.json,idx_51
pinch,trainingSamples,raw_data/EMG-EPN612/testingJSON/user146/user146.json,idx_52
pinch,trainingSamples,raw_data/EMG-EPN612/testingJSON/user146/user146.json,idx_53
pinch,trainingSamples,raw_data/EMG-EPN612/testingJSON/user146/user146.json,idx_54
pinch,trainingSamples,raw_data/EMG-EPN612/testingJSON/user146/user146.json,idx_55
pinch,trainingSamples,raw_data/EMG-EPN612/testingJSON/user146/user146.json,idx_56
pinch,trainingSamples,raw_data/EMG-EPN612/testingJSON/user146/user146.json,idx_57
pinch,trainingSamples,raw_data/EMG-EPN612/testingJSON/user146/user146.json,idx_58
pinch,trainingSamples,raw_data/EMG-EPN612/testingJSON/user146/user146.json,idx_59
pinch,trainingSamples,raw_data/EMG-EPN612/testingJSON/user146/user146.json,idx_60
pinch,trainingSamples,raw_data/EMG-EPN612/testingJSON/user146/user146.json,idx_61
pinch,trainingSamples,raw_data/EMG-EPN612/testingJSON/user146/user146.json,idx_62
pinch,trainingSamples,raw_data/EMG-EPN612/testingJSON/user146/user146.json,idx_63
pinch,trainingSamples,raw_data/EMG-EPN612/testingJSON/user146/user146.json,idx_64
pinch,trainingSamples,raw_data/EMG-EPN612/testingJSON/user146/user146.json,idx_65
pinch,trainingSamples,raw_data/EMG-EPN612/testingJSON/user146/user146.json,idx_66
pinch,trainingSamples,raw_data/EMG-EPN612/testingJSON/user146/user146.json,idx_67
pinch,trainingSamples,raw_data/EMG-EPN612/testingJSON/user146/user146.json,idx_68
pinch,trainingSamples,raw_data/EMG-EPN612/testingJSON/user146/user146.json,idx_69
pinch,trainingSamples,raw_data/EMG-EPN612/testingJSON/user146/user146.json,idx_70
pinch,trainingSamples,raw_data/EMG-EPN612/testingJSON/user146/user146.json,idx_71
pinch,trainingSamples,raw_data/EMG-EPN612/testingJSON/user146/user146.json,idx_72
pinch,trainingSamples,raw_data/EMG-EPN612/testingJSON/user146/user146.json,idx_73
pinch,trainingSamples,raw_data/EMG-EPN612/testingJSON/user146/user146.json,idx_74
pinch,trainingSamples,raw_data/EMG-EPN612/testingJSON/user146/user146.json,idx_75
fist,trainingSamples,raw_data/EMG-EPN612/testingJSON/user146/user146.json,idx_76
fist,trainingSamples,raw_data/EMG-EPN612/testingJSON/user146/user146.json,idx_77
fist,trainingSamples,raw_data/EMG-EPN612/testingJSON/user146/user146.json,idx_78
fist,trainingSamples,raw_data/EMG-EPN612/testingJSON/user146/user146.json,idx_79
fist,trainingSamples,raw_data/EMG-EPN612/testingJSON/user146/user146.json,idx_80
fist,trainingSamples,raw_data/EMG-EPN612/testingJSON/user146/user146.json,idx_81
fist,trainingSamples,raw_data/EMG-EPN612/testingJSON/user146/user146.json,idx_82
fist,trainingSamples,raw_data/EMG-EPN612/testingJSON/user146/user146.json,idx_83
fist,trainingSamples,raw_data/EMG-EPN612/testingJSON/user146/user146.json,idx_84
fist,trainingSamples,raw_data/EMG-EPN612/testingJSON/user146/user146.json,idx_85
fist,trainingSamples,raw_data/EMG-EPN612/testingJSON/user146/user146.json,idx_86
fist,trainingSamples,raw_data/EMG-EPN612/testingJSON/user146/user146.json,idx_87
fist,trainingSamples,raw_data/EMG-EPN612/testingJSON/user146/user146.json,idx_88
fist,trainingSamples,raw_data/EMG-EPN612/testingJSON/user146/user146.json,idx_89
fist,trainingSamples,raw_data/EMG-EPN612/testingJSON/user146/user146.json,idx_90
fist,trainingSamples,raw_data/EMG-EPN612/testingJSON/user146/user146.json,idx_91
fist,trainingSamples,raw_data/EMG-EPN612/testingJSON/user146/user146.json,idx_92
fist,trainingSamples,raw_data/EMG-EPN612/testingJSON/user146/user146.json,idx_93
fist,trainingSamples,raw_data/EMG-EPN612/testingJSON/user146/user146.json,idx_94
fist,trainingSamples,raw_data/EMG-EPN612/testingJSON/user146/user146.json,idx_95
fist,trainingSamples,raw_data/EMG-EPN612/testingJSON/user146/user146.json,idx_96
fist,trainingSamples,raw_data/EMG-EPN612/testingJSON/user146/user146.json,idx_97
fist,trainingSamples,raw_data/EMG-EPN612/testingJSON/user146/user146.json,idx_98
fist,trainingSamples,raw_data/EMG-EPN612/testingJSON/user146/user146.json,idx_99
fist,trainingSamples,raw_data/EMG-EPN612/testingJSON/user146/user146.json,idx_100
waveIn,trainingSamples,raw_data/EMG-EPN612/testingJSON/user146/user146.json,idx_101
waveIn,trainingSamples,raw_data/EMG-EPN612/testingJSON/user146/user146.json,idx_102
waveIn,trainingSamples,raw_data/EMG-EPN612/testingJSON/user146/user146.json,idx_103
waveIn,trainingSamples,raw_data/EMG-EPN612/testingJSON/user146/user146.json,idx_104
waveIn,trainingSamples,raw_data/EMG-EPN612/testingJSON/user146/user146.json,idx_105
waveIn,trainingSamples,raw_data/EMG-EPN612/testingJSON/user146/user146.json,idx_106
waveIn,trainingSamples,raw_data/EMG-EPN612/testingJSON/user146/user146.json,idx_107
waveIn,trainingSamples,raw_data/EMG-EPN612/testingJSON/user146/user146.json,idx_108
waveIn,trainingSamples,raw_data/EMG-EPN612/testingJSON/user146/user146.json,idx_109
waveIn,trainingSamples,raw_data/EMG-EPN612/testingJSON/user146/user146.json,idx_110
waveIn,trainingSamples,raw_data/EMG-EPN612/testingJSON/user146/user146.json,idx_111
waveIn,trainingSamples,raw_data/EMG-EPN612/testingJSON/user146/user146.json,idx_112
waveIn,trainingSamples,raw_data/EMG-EPN612/testingJSON/user146/user146.json,idx_113
waveIn,trainingSamples,raw_data/EMG-EPN612/testingJSON/user146/user146.json,idx_114
waveIn,trainingSamples,raw_data/EMG-EPN612/testingJSON/user146/user146.json,idx_115
waveIn,trainingSamples,raw_data/EMG-EPN612/testingJSON/user146/user146.json,idx_116
waveIn,trainingSamples,raw_data/EMG-EPN612/testingJSON/user146/user146.json,idx_117
waveIn,trainingSamples,raw_data/EMG-EPN612/testingJSON/user146/user146.json,idx_118
waveIn,trainingSamples,raw_data/EMG-EPN612/testingJSON/user146/user146.json,idx_119
waveIn,trainingSamples,raw_data/EMG-EPN612/testingJSON/user146/user146.json,idx_120
waveIn,trainingSamples,raw_data/EMG-EPN612/testingJSON/user146/user146.json,idx_121
waveIn,trainingSamples,raw_data/EMG-EPN612/testingJSON/user146/user146.json,idx_122
waveIn,trainingSamples,raw_data/EMG-EPN612/testingJSON/user146/user146.json,idx_123
waveIn,trainingSamples,raw_data/EMG-EPN612/testingJSON/user146/user146.json,idx_124
waveIn,trainingSamples,raw_data/EMG-EPN612/testingJSON/user146/user146.json,idx_125
open,trainingSamples,raw_data/EMG-EPN612/testingJSON/user146/user146.json,idx_126
open,trainingSamples,raw_data/EMG-EPN612/testingJSON/user146/user146.json,idx_127
open,trainingSamples,raw_data/EMG-EPN612/testingJSON/user146/user146.json,idx_128
open,trainingSamples,raw_data/EMG-EPN612/testingJSON/user146/user146.json,idx_129
open,trainingSamples,raw_data/EMG-EPN612/testingJSON/user146/user146.json,idx_130
open,trainingSamples,raw_data/EMG-EPN612/testingJSON/user146/user146.json,idx_131
open,trainingSamples,raw_data/EMG-EPN612/testingJSON/user146/user146.json,idx_132
open,trainingSamples,raw_data/EMG-EPN612/testingJSON/user146/user146.json,idx_133
open,trainingSamples,raw_data/EMG-EPN612/testingJSON/user146/user146.json,idx_134
open,trainingSamples,raw_data/EMG-EPN612/testingJSON/user146/user146.json,idx_135
open,trainingSamples,raw_data/EMG-EPN612/testingJSON/user146/user146.json,idx_136
open,trainingSamples,raw_data/EMG-EPN612/testingJSON/user146/user146.json,idx_137
open,trainingSamples,raw_data/EMG-EPN612/testingJSON/user146/user146.json,idx_138
open,trainingSamples,raw_data/EMG-EPN612/testingJSON/user146/user146.json,idx_139
open,trainingSamples,raw_data/EMG-EPN612/testingJSON/user146/user146.json,idx_140
open,trainingSamples,raw_data/EMG-EPN612/testingJSON/user146/user146.json,idx_141
open,trainingSamples,raw_data/EMG-EPN612/testingJSON/user146/user146.json,idx_142
open,trainingSamples,raw_data/EMG-EPN612/testingJSON/user146/user146.json,idx_143
open,trainingSamples,raw_data/EMG-EPN612/testingJSON/user146/user146.json,idx_144
open,trainingSamples,raw_data/EMG-EPN612/testingJSON/user146/user146.json,idx_145
open,trainingSamples,raw_data/EMG-EPN612/testingJSON/user146/user146.json,idx_146
open,trainingSamples,raw_data/EMG-EPN612/testingJSON/user146/user146.json,idx_147
open,trainingSamples,raw_data/EMG-EPN612/testingJSON/user146/user146.json,idx_148
open,trainingSamples,raw_data/EMG-EPN612/testingJSON/user146/user146.json,idx_149
open,trainingSamples,raw_data/EMG-EPN612/testingJSON/user146/user146.json,idx_150
noGesture,trainingSamples,raw_data/EMG-EPN612/testingJSON/user147/user147.json,idx_1
noGesture,trainingSamples,raw_data/EMG-EPN612/testingJSON/user147/user147.json,idx_2
noGesture,trainingSamples,raw_data/EMG-EPN612/testingJSON/user147/user147.json,idx_3
noGesture,trainingSamples,raw_data/EMG-EPN612/testingJSON/user147/user147.json,idx_4
noGesture,trainingSamples,raw_data/EMG-EPN612/testingJSON/user147/user147.json,idx_5
noGesture,trainingSamples,raw_data/EMG-EPN612/testingJSON/user147/user147.json,idx_6
noGesture,trainingSamples,raw_data/EMG-EPN612/testingJSON/user147/user147.json,idx_7
noGesture,trainingSamples,raw_data/EMG-EPN612/testingJSON/user147/user147.json,idx_8
noGesture,trainingSamples,raw_data/EMG-EPN612/testingJSON/user147/user147.json,idx_9
noGesture,trainingSamples,raw_data/EMG-EPN612/testingJSON/user147/user147.json,idx_10
noGesture,trainingSamples,raw_data/EMG-EPN612/testingJSON/user147/user147.json,idx_11
noGesture,trainingSamples,raw_data/EMG-EPN612/testingJSON/user147/user147.json,idx_12
noGesture,trainingSamples,raw_data/EMG-EPN612/testingJSON/user147/user147.json,idx_13
noGesture,trainingSamples,raw_data/EMG-EPN612/testingJSON/user147/user147.json,idx_14
noGesture,trainingSamples,raw_data/EMG-EPN612/testingJSON/user147/user147.json,idx_15
noGesture,trainingSamples,raw_data/EMG-EPN612/testingJSON/user147/user147.json,idx_16
noGesture,trainingSamples,raw_data/EMG-EPN612/testingJSON/user147/user147.json,idx_17
noGesture,trainingSamples,raw_data/EMG-EPN612/testingJSON/user147/user147.json,idx_18
noGesture,trainingSamples,raw_data/EMG-EPN612/testingJSON/user147/user147.json,idx_19
noGesture,trainingSamples,raw_data/EMG-EPN612/testingJSON/user147/user147.json,idx_20
noGesture,trainingSamples,raw_data/EMG-EPN612/testingJSON/user147/user147.json,idx_21
noGesture,trainingSamples,raw_data/EMG-EPN612/testingJSON/user147/user147.json,idx_22
noGesture,trainingSamples,raw_data/EMG-EPN612/testingJSON/user147/user147.json,idx_23
noGesture,trainingSamples,raw_data/EMG-EPN612/testingJSON/user147/user147.json,idx_24
noGesture,trainingSamples,raw_data/EMG-EPN612/testingJSON/user147/user147.json,idx_25
waveOut,trainingSamples,raw_data/EMG-EPN612/testingJSON/user147/user147.json,idx_26
waveOut,trainingSamples,raw_data/EMG-EPN612/testingJSON/user147/user147.json,idx_27
waveOut,trainingSamples,raw_data/EMG-EPN612/testingJSON/user147/user147.json,idx_28
waveOut,trainingSamples,raw_data/EMG-EPN612/testingJSON/user147/user147.json,idx_29
waveOut,trainingSamples,raw_data/EMG-EPN612/testingJSON/user147/user147.json,idx_30
waveOut,trainingSamples,raw_data/EMG-EPN612/testingJSON/user147/user147.json,idx_31
waveOut,trainingSamples,raw_data/EMG-EPN612/testingJSON/user147/user147.json,idx_32
waveOut,trainingSamples,raw_data/EMG-EPN612/testingJSON/user147/user147.json,idx_33
waveOut,trainingSamples,raw_data/EMG-EPN612/testingJSON/user147/user147.json,idx_34
waveOut,trainingSamples,raw_data/EMG-EPN612/testingJSON/user147/user147.json,idx_35
waveOut,trainingSamples,raw_data/EMG-EPN612/testingJSON/user147/user147.json,idx_36
waveOut,trainingSamples,raw_data/EMG-EPN612/testingJSON/user147/user147.json,idx_37
waveOut,trainingSamples,raw_data/EMG-EPN612/testingJSON/user147/user147.json,idx_38
waveOut,trainingSamples,raw_data/EMG-EPN612/testingJSON/user147/user147.json,idx_39
waveOut,trainingSamples,raw_data/EMG-EPN612/testingJSON/user147/user147.json,idx_40
waveOut,trainingSamples,raw_data/EMG-EPN612/testingJSON/user147/user147.json,idx_41
waveOut,trainingSamples,raw_data/EMG-EPN612/testingJSON/user147/user147.json,idx_42
waveOut,trainingSamples,raw_data/EMG-EPN612/testingJSON/user147/user147.json,idx_43
waveOut,trainingSamples,raw_data/EMG-EPN612/testingJSON/user147/user147.json,idx_44
waveOut,trainingSamples,raw_data/EMG-EPN612/testingJSON/user147/user147.json,idx_45
waveOut,trainingSamples,raw_data/EMG-EPN612/testingJSON/user147/user147.json,idx_46
waveOut,trainingSamples,raw_data/EMG-EPN612/testingJSON/user147/user147.json,idx_47
waveOut,trainingSamples,raw_data/EMG-EPN612/testingJSON/user147/user147.json,idx_48
waveOut,trainingSamples,raw_data/EMG-EPN612/testingJSON/user147/user147.json,idx_49
waveOut,trainingSamples,raw_data/EMG-EPN612/testingJSON/user147/user147.json,idx_50
open,trainingSamples,raw_data/EMG-EPN612/testingJSON/user147/user147.json,idx_51
open,trainingSamples,raw_data/EMG-EPN612/testingJSON/user147/user147.json,idx_52
open,trainingSamples,raw_data/EMG-EPN612/testingJSON/user147/user147.json,idx_53
open,trainingSamples,raw_data/EMG-EPN612/testingJSON/user147/user147.json,idx_54
open,trainingSamples,raw_data/EMG-EPN612/testingJSON/user147/user147.json,idx_55
open,trainingSamples,raw_data/EMG-EPN612/testingJSON/user147/user147.json,idx_56
open,trainingSamples,raw_data/EMG-EPN612/testingJSON/user147/user147.json,idx_57
open,trainingSamples,raw_data/EMG-EPN612/testingJSON/user147/user147.json,idx_58
open,trainingSamples,raw_data/EMG-EPN612/testingJSON/user147/user147.json,idx_59
open,trainingSamples,raw_data/EMG-EPN612/testingJSON/user147/user147.json,idx_60
open,trainingSamples,raw_data/EMG-EPN612/testingJSON/user147/user147.json,idx_61
open,trainingSamples,raw_data/EMG-EPN612/testingJSON/user147/user147.json,idx_62
open,trainingSamples,raw_data/EMG-EPN612/testingJSON/user147/user147.json,idx_63
open,trainingSamples,raw_data/EMG-EPN612/testingJSON/user147/user147.json,idx_64
open,trainingSamples,raw_data/EMG-EPN612/testingJSON/user147/user147.json,idx_65
open,trainingSamples,raw_data/EMG-EPN612/testingJSON/user147/user147.json,idx_66
open,trainingSamples,raw_data/EMG-EPN612/testingJSON/user147/user147.json,idx_67
open,trainingSamples,raw_data/EMG-EPN612/testingJSON/user147/user147.json,idx_68
open,trainingSamples,raw_data/EMG-EPN612/testingJSON/user147/user147.json,idx_69
open,trainingSamples,raw_data/EMG-EPN612/testingJSON/user147/user147.json,idx_70
open,trainingSamples,raw_data/EMG-EPN612/testingJSON/user147/user147.json,idx_71
open,trainingSamples,raw_data/EMG-EPN612/testingJSON/user147/user147.json,idx_72
open,trainingSamples,raw_data/EMG-EPN612/testingJSON/user147/user147.json,idx_73
open,trainingSamples,raw_data/EMG-EPN612/testingJSON/user147/user147.json,idx_74
open,trainingSamples,raw_data/EMG-EPN612/testingJSON/user147/user147.json,idx_75
fist,trainingSamples,raw_data/EMG-EPN612/testingJSON/user147/user147.json,idx_76
fist,trainingSamples,raw_data/EMG-EPN612/testingJSON/user147/user147.json,idx_77
fist,trainingSamples,raw_data/EMG-EPN612/testingJSON/user147/user147.json,idx_78
fist,trainingSamples,raw_data/EMG-EPN612/testingJSON/user147/user147.json,idx_79
fist,trainingSamples,raw_data/EMG-EPN612/testingJSON/user147/user147.json,idx_80
fist,trainingSamples,raw_data/EMG-EPN612/testingJSON/user147/user147.json,idx_81
fist,trainingSamples,raw_data/EMG-EPN612/testingJSON/user147/user147.json,idx_82
fist,trainingSamples,raw_data/EMG-EPN612/testingJSON/user147/user147.json,idx_83
fist,trainingSamples,raw_data/EMG-EPN612/testingJSON/user147/user147.json,idx_84
fist,trainingSamples,raw_data/EMG-EPN612/testingJSON/user147/user147.json,idx_85
fist,trainingSamples,raw_data/EMG-EPN612/testingJSON/user147/user147.json,idx_86
fist,trainingSamples,raw_data/EMG-EPN612/testingJSON/user147/user147.json,idx_87
fist,trainingSamples,raw_data/EMG-EPN612/testingJSON/user147/user147.json,idx_88
fist,trainingSamples,raw_data/EMG-EPN612/testingJSON/user147/user147.json,idx_89
fist,trainingSamples,raw_data/EMG-EPN612/testingJSON/user147/user147.json,idx_90
fist,trainingSamples,raw_data/EMG-EPN612/testingJSON/user147/user147.json,idx_91
fist,trainingSamples,raw_data/EMG-EPN612/testingJSON/user147/user147.json,idx_92
fist,trainingSamples,raw_data/EMG-EPN612/testingJSON/user147/user147.json,idx_93
fist,trainingSamples,raw_data/EMG-EPN612/testingJSON/user147/user147.json,idx_94
fist,trainingSamples,raw_data/EMG-EPN612/testingJSON/user147/user147.json,idx_95
fist,trainingSamples,raw_data/EMG-EPN612/testingJSON/user147/user147.json,idx_96
fist,trainingSamples,raw_data/EMG-EPN612/testingJSON/user147/user147.json,idx_97
fist,trainingSamples,raw_data/EMG-EPN612/testingJSON/user147/user147.json,idx_98
fist,trainingSamples,raw_data/EMG-EPN612/testingJSON/user147/user147.json,idx_99
fist,trainingSamples,raw_data/EMG-EPN612/testingJSON/user147/user147.json,idx_100
waveIn,trainingSamples,raw_data/EMG-EPN612/testingJSON/user147/user147.json,idx_101
waveIn,trainingSamples,raw_data/EMG-EPN612/testingJSON/user147/user147.json,idx_102
waveIn,trainingSamples,raw_data/EMG-EPN612/testingJSON/user147/user147.json,idx_103
waveIn,trainingSamples,raw_data/EMG-EPN612/testingJSON/user147/user147.json,idx_104
waveIn,trainingSamples,raw_data/EMG-EPN612/testingJSON/user147/user147.json,idx_105
waveIn,trainingSamples,raw_data/EMG-EPN612/testingJSON/user147/user147.json,idx_106
waveIn,trainingSamples,raw_data/EMG-EPN612/testingJSON/user147/user147.json,idx_107
waveIn,trainingSamples,raw_data/EMG-EPN612/testingJSON/user147/user147.json,idx_108
waveIn,trainingSamples,raw_data/EMG-EPN612/testingJSON/user147/user147.json,idx_109
waveIn,trainingSamples,raw_data/EMG-EPN612/testingJSON/user147/user147.json,idx_110
waveIn,trainingSamples,raw_data/EMG-EPN612/testingJSON/user147/user147.json,idx_111
waveIn,trainingSamples,raw_data/EMG-EPN612/testingJSON/user147/user147.json,idx_112
waveIn,trainingSamples,raw_data/EMG-EPN612/testingJSON/user147/user147.json,idx_113
waveIn,trainingSamples,raw_data/EMG-EPN612/testingJSON/user147/user147.json,idx_114
waveIn,trainingSamples,raw_data/EMG-EPN612/testingJSON/user147/user147.json,idx_115
waveIn,trainingSamples,raw_data/EMG-EPN612/testingJSON/user147/user147.json,idx_116
waveIn,trainingSamples,raw_data/EMG-EPN612/testingJSON/user147/user147.json,idx_117
waveIn,trainingSamples,raw_data/EMG-EPN612/testingJSON/user147/user147.json,idx_118
waveIn,trainingSamples,raw_data/EMG-EPN612/testingJSON/user147/user147.json,idx_119
waveIn,trainingSamples,raw_data/EMG-EPN612/testingJSON/user147/user147.json,idx_120
waveIn,trainingSamples,raw_data/EMG-EPN612/testingJSON/user147/user147.json,idx_121
waveIn,trainingSamples,raw_data/EMG-EPN612/testingJSON/user147/user147.json,idx_122
waveIn,trainingSamples,raw_data/EMG-EPN612/testingJSON/user147/user147.json,idx_123
waveIn,trainingSamples,raw_data/EMG-EPN612/testingJSON/user147/user147.json,idx_124
waveIn,trainingSamples,raw_data/EMG-EPN612/testingJSON/user147/user147.json,idx_125
pinch,trainingSamples,raw_data/EMG-EPN612/testingJSON/user147/user147.json,idx_126
pinch,trainingSamples,raw_data/EMG-EPN612/testingJSON/user147/user147.json,idx_127
pinch,trainingSamples,raw_data/EMG-EPN612/testingJSON/user147/user147.json,idx_128
pinch,trainingSamples,raw_data/EMG-EPN612/testingJSON/user147/user147.json,idx_129
pinch,trainingSamples,raw_data/EMG-EPN612/testingJSON/user147/user147.json,idx_130
pinch,trainingSamples,raw_data/EMG-EPN612/testingJSON/user147/user147.json,idx_131
pinch,trainingSamples,raw_data/EMG-EPN612/testingJSON/user147/user147.json,idx_132
pinch,trainingSamples,raw_data/EMG-EPN612/testingJSON/user147/user147.json,idx_133
pinch,trainingSamples,raw_data/EMG-EPN612/testingJSON/user147/user147.json,idx_134
pinch,trainingSamples,raw_data/EMG-EPN612/testingJSON/user147/user147.json,idx_135
pinch,trainingSamples,raw_data/EMG-EPN612/testingJSON/user147/user147.json,idx_136
pinch,trainingSamples,raw_data/EMG-EPN612/testingJSON/user147/user147.json,idx_137
pinch,trainingSamples,raw_data/EMG-EPN612/testingJSON/user147/user147.json,idx_138
pinch,trainingSamples,raw_data/EMG-EPN612/testingJSON/user147/user147.json,idx_139
pinch,trainingSamples,raw_data/EMG-EPN612/testingJSON/user147/user147.json,idx_140
pinch,trainingSamples,raw_data/EMG-EPN612/testingJSON/user147/user147.json,idx_141
pinch,trainingSamples,raw_data/EMG-EPN612/testingJSON/user147/user147.json,idx_142
pinch,trainingSamples,raw_data/EMG-EPN612/testingJSON/user147/user147.json,idx_143
pinch,trainingSamples,raw_data/EMG-EPN612/testingJSON/user147/user147.json,idx_144
pinch,trainingSamples,raw_data/EMG-EPN612/testingJSON/user147/user147.json,idx_145
pinch,trainingSamples,raw_data/EMG-EPN612/testingJSON/user147/user147.json,idx_146
pinch,trainingSamples,raw_data/EMG-EPN612/testingJSON/user147/user147.json,idx_147
pinch,trainingSamples,raw_data/EMG-EPN612/testingJSON/user147/user147.json,idx_148
pinch,trainingSamples,raw_data/EMG-EPN612/testingJSON/user147/user147.json,idx_149
pinch,trainingSamples,raw_data/EMG-EPN612/testingJSON/user147/user147.json,idx_150
noGesture,trainingSamples,raw_data/EMG-EPN612/testingJSON/user148/user148.json,idx_1
noGesture,trainingSamples,raw_data/EMG-EPN612/testingJSON/user148/user148.json,idx_2
noGesture,trainingSamples,raw_data/EMG-EPN612/testingJSON/user148/user148.json,idx_3
noGesture,trainingSamples,raw_data/EMG-EPN612/testingJSON/user148/user148.json,idx_4
noGesture,trainingSamples,raw_data/EMG-EPN612/testingJSON/user148/user148.json,idx_5
noGesture,trainingSamples,raw_data/EMG-EPN612/testingJSON/user148/user148.json,idx_6
noGesture,trainingSamples,raw_data/EMG-EPN612/testingJSON/user148/user148.json,idx_7
noGesture,trainingSamples,raw_data/EMG-EPN612/testingJSON/user148/user148.json,idx_8
noGesture,trainingSamples,raw_data/EMG-EPN612/testingJSON/user148/user148.json,idx_9
noGesture,trainingSamples,raw_data/EMG-EPN612/testingJSON/user148/user148.json,idx_10
noGesture,trainingSamples,raw_data/EMG-EPN612/testingJSON/user148/user148.json,idx_11
noGesture,trainingSamples,raw_data/EMG-EPN612/testingJSON/user148/user148.json,idx_12
noGesture,trainingSamples,raw_data/EMG-EPN612/testingJSON/user148/user148.json,idx_13
noGesture,trainingSamples,raw_data/EMG-EPN612/testingJSON/user148/user148.json,idx_14
noGesture,trainingSamples,raw_data/EMG-EPN612/testingJSON/user148/user148.json,idx_15
noGesture,trainingSamples,raw_data/EMG-EPN612/testingJSON/user148/user148.json,idx_16
noGesture,trainingSamples,raw_data/EMG-EPN612/testingJSON/user148/user148.json,idx_17
noGesture,trainingSamples,raw_data/EMG-EPN612/testingJSON/user148/user148.json,idx_18
noGesture,trainingSamples,raw_data/EMG-EPN612/testingJSON/user148/user148.json,idx_19
noGesture,trainingSamples,raw_data/EMG-EPN612/testingJSON/user148/user148.json,idx_20
noGesture,trainingSamples,raw_data/EMG-EPN612/testingJSON/user148/user148.json,idx_21
noGesture,trainingSamples,raw_data/EMG-EPN612/testingJSON/user148/user148.json,idx_22
noGesture,trainingSamples,raw_data/EMG-EPN612/testingJSON/user148/user148.json,idx_23
noGesture,trainingSamples,raw_data/EMG-EPN612/testingJSON/user148/user148.json,idx_24
noGesture,trainingSamples,raw_data/EMG-EPN612/testingJSON/user148/user148.json,idx_25
waveOut,trainingSamples,raw_data/EMG-EPN612/testingJSON/user148/user148.json,idx_26
waveOut,trainingSamples,raw_data/EMG-EPN612/testingJSON/user148/user148.json,idx_27
waveOut,trainingSamples,raw_data/EMG-EPN612/testingJSON/user148/user148.json,idx_28
waveOut,trainingSamples,raw_data/EMG-EPN612/testingJSON/user148/user148.json,idx_29
waveOut,trainingSamples,raw_data/EMG-EPN612/testingJSON/user148/user148.json,idx_30
waveOut,trainingSamples,raw_data/EMG-EPN612/testingJSON/user148/user148.json,idx_31
waveOut,trainingSamples,raw_data/EMG-EPN612/testingJSON/user148/user148.json,idx_32
waveOut,trainingSamples,raw_data/EMG-EPN612/testingJSON/user148/user148.json,idx_33
waveOut,trainingSamples,raw_data/EMG-EPN612/testingJSON/user148/user148.json,idx_34
waveOut,trainingSamples,raw_data/EMG-EPN612/testingJSON/user148/user148.json,idx_35
waveOut,trainingSamples,raw_data/EMG-EPN612/testingJSON/user148/user148.json,idx_36
waveOut,trainingSamples,raw_data/EMG-EPN612/testingJSON/user148/user148.json,idx_37
waveOut,trainingSamples,raw_data/EMG-EPN612/testingJSON/user148/user148.json,idx_38
waveOut,trainingSamples,raw_data/EMG-EPN612/testingJSON/user148/user148.json,idx_39
waveOut,trainingSamples,raw_data/EMG-EPN612/testingJSON/user148/user148.json,idx_40
waveOut,trainingSamples,raw_data/EMG-EPN612/testingJSON/user148/user148.json,idx_41
waveOut,trainingSamples,raw_data/EMG-EPN612/testingJSON/user148/user148.json,idx_42
waveOut,trainingSamples,raw_data/EMG-EPN612/testingJSON/user148/user148.json,idx_43
waveOut,trainingSamples,raw_data/EMG-EPN612/testingJSON/user148/user148.json,idx_44
waveOut,trainingSamples,raw_data/EMG-EPN612/testingJSON/user148/user148.json,idx_45
waveOut,trainingSamples,raw_data/EMG-EPN612/testingJSON/user148/user148.json,idx_46
waveOut,trainingSamples,raw_data/EMG-EPN612/testingJSON/user148/user148.json,idx_47
waveOut,trainingSamples,raw_data/EMG-EPN612/testingJSON/user148/user148.json,idx_48
waveOut,trainingSamples,raw_data/EMG-EPN612/testingJSON/user148/user148.json,idx_49
waveOut,trainingSamples,raw_data/EMG-EPN612/testingJSON/user148/user148.json,idx_50
pinch,trainingSamples,raw_data/EMG-EPN612/testingJSON/user148/user148.json,idx_51
pinch,trainingSamples,raw_data/EMG-EPN612/testingJSON/user148/user148.json,idx_52
pinch,trainingSamples,raw_data/EMG-EPN612/testingJSON/user148/user148.json,idx_53
pinch,trainingSamples,raw_data/EMG-EPN612/testingJSON/user148/user148.json,idx_54
pinch,trainingSamples,raw_data/EMG-EPN612/testingJSON/user148/user148.json,idx_55
pinch,trainingSamples,raw_data/EMG-EPN612/testingJSON/user148/user148.json,idx_56
pinch,trainingSamples,raw_data/EMG-EPN612/testingJSON/user148/user148.json,idx_57
pinch,trainingSamples,raw_data/EMG-EPN612/testingJSON/user148/user148.json,idx_58
pinch,trainingSamples,raw_data/EMG-EPN612/testingJSON/user148/user148.json,idx_59
pinch,trainingSamples,raw_data/EMG-EPN612/testingJSON/user148/user148.json,idx_60
pinch,trainingSamples,raw_data/EMG-EPN612/testingJSON/user148/user148.json,idx_61
pinch,trainingSamples,raw_data/EMG-EPN612/testingJSON/user148/user148.json,idx_62
pinch,trainingSamples,raw_data/EMG-EPN612/testingJSON/user148/user148.json,idx_63
pinch,trainingSamples,raw_data/EMG-EPN612/testingJSON/user148/user148.json,idx_64
pinch,trainingSamples,raw_data/EMG-EPN612/testingJSON/user148/user148.json,idx_65
pinch,trainingSamples,raw_data/EMG-EPN612/testingJSON/user148/user148.json,idx_66
pinch,trainingSamples,raw_data/EMG-EPN612/testingJSON/user148/user148.json,idx_67
pinch,trainingSamples,raw_data/EMG-EPN612/testingJSON/user148/user148.json,idx_68
pinch,trainingSamples,raw_data/EMG-EPN612/testingJSON/user148/user148.json,idx_69
pinch,trainingSamples,raw_data/EMG-EPN612/testingJSON/user148/user148.json,idx_70
pinch,trainingSamples,raw_data/EMG-EPN612/testingJSON/user148/user148.json,idx_71
pinch,trainingSamples,raw_data/EMG-EPN612/testingJSON/user148/user148.json,idx_72
pinch,trainingSamples,raw_data/EMG-EPN612/testingJSON/user148/user148.json,idx_73
pinch,trainingSamples,raw_data/EMG-EPN612/testingJSON/user148/user148.json,idx_74
pinch,trainingSamples,raw_data/EMG-EPN612/testingJSON/user148/user148.json,idx_75
fist,trainingSamples,raw_data/EMG-EPN612/testingJSON/user148/user148.json,idx_76
fist,trainingSamples,raw_data/EMG-EPN612/testingJSON/user148/user148.json,idx_77
fist,trainingSamples,raw_data/EMG-EPN612/testingJSON/user148/user148.json,idx_78
fist,trainingSamples,raw_data/EMG-EPN612/testingJSON/user148/user148.json,idx_79
fist,trainingSamples,raw_data/EMG-EPN612/testingJSON/user148/user148.json,idx_80
fist,trainingSamples,raw_data/EMG-EPN612/testingJSON/user148/user148.json,idx_81
fist,trainingSamples,raw_data/EMG-EPN612/testingJSON/user148/user148.json,idx_82
fist,trainingSamples,raw_data/EMG-EPN612/testingJSON/user148/user148.json,idx_83
fist,trainingSamples,raw_data/EMG-EPN612/testingJSON/user148/user148.json,idx_84
fist,trainingSamples,raw_data/EMG-EPN612/testingJSON/user148/user148.json,idx_85
fist,trainingSamples,raw_data/EMG-EPN612/testingJSON/user148/user148.json,idx_86
fist,trainingSamples,raw_data/EMG-EPN612/testingJSON/user148/user148.json,idx_87
fist,trainingSamples,raw_data/EMG-EPN612/testingJSON/user148/user148.json,idx_88
fist,trainingSamples,raw_data/EMG-EPN612/testingJSON/user148/user148.json,idx_89
fist,trainingSamples,raw_data/EMG-EPN612/testingJSON/user148/user148.json,idx_90
fist,trainingSamples,raw_data/EMG-EPN612/testingJSON/user148/user148.json,idx_91
fist,trainingSamples,raw_data/EMG-EPN612/testingJSON/user148/user148.json,idx_92
fist,trainingSamples,raw_data/EMG-EPN612/testingJSON/user148/user148.json,idx_93
fist,trainingSamples,raw_data/EMG-EPN612/testingJSON/user148/user148.json,idx_94
fist,trainingSamples,raw_data/EMG-EPN612/testingJSON/user148/user148.json,idx_95
fist,trainingSamples,raw_data/EMG-EPN612/testingJSON/user148/user148.json,idx_96
fist,trainingSamples,raw_data/EMG-EPN612/testingJSON/user148/user148.json,idx_97
fist,trainingSamples,raw_data/EMG-EPN612/testingJSON/user148/user148.json,idx_98
fist,trainingSamples,raw_data/EMG-EPN612/testingJSON/user148/user148.json,idx_99
fist,trainingSamples,raw_data/EMG-EPN612/testingJSON/user148/user148.json,idx_100
waveIn,trainingSamples,raw_data/EMG-EPN612/testingJSON/user148/user148.json,idx_101
waveIn,trainingSamples,raw_data/EMG-EPN612/testingJSON/user148/user148.json,idx_102
waveIn,trainingSamples,raw_data/EMG-EPN612/testingJSON/user148/user148.json,idx_103
waveIn,trainingSamples,raw_data/EMG-EPN612/testingJSON/user148/user148.json,idx_104
waveIn,trainingSamples,raw_data/EMG-EPN612/testingJSON/user148/user148.json,idx_105
waveIn,trainingSamples,raw_data/EMG-EPN612/testingJSON/user148/user148.json,idx_106
waveIn,trainingSamples,raw_data/EMG-EPN612/testingJSON/user148/user148.json,idx_107
waveIn,trainingSamples,raw_data/EMG-EPN612/testingJSON/user148/user148.json,idx_108
waveIn,trainingSamples,raw_data/EMG-EPN612/testingJSON/user148/user148.json,idx_109
waveIn,trainingSamples,raw_data/EMG-EPN612/testingJSON/user148/user148.json,idx_110
waveIn,trainingSamples,raw_data/EMG-EPN612/testingJSON/user148/user148.json,idx_111
waveIn,trainingSamples,raw_data/EMG-EPN612/testingJSON/user148/user148.json,idx_112
waveIn,trainingSamples,raw_data/EMG-EPN612/testingJSON/user148/user148.json,idx_113
waveIn,trainingSamples,raw_data/EMG-EPN612/testingJSON/user148/user148.json,idx_114
waveIn,trainingSamples,raw_data/EMG-EPN612/testingJSON/user148/user148.json,idx_115
waveIn,trainingSamples,raw_data/EMG-EPN612/testingJSON/user148/user148.json,idx_116
waveIn,trainingSamples,raw_data/EMG-EPN612/testingJSON/user148/user148.json,idx_117
waveIn,trainingSamples,raw_data/EMG-EPN612/testingJSON/user148/user148.json,idx_118
waveIn,trainingSamples,raw_data/EMG-EPN612/testingJSON/user148/user148.json,idx_119
waveIn,trainingSamples,raw_data/EMG-EPN612/testingJSON/user148/user148.json,idx_120
waveIn,trainingSamples,raw_data/EMG-EPN612/testingJSON/user148/user148.json,idx_121
waveIn,trainingSamples,raw_data/EMG-EPN612/testingJSON/user148/user148.json,idx_122
waveIn,trainingSamples,raw_data/EMG-EPN612/testingJSON/user148/user148.json,idx_123
waveIn,trainingSamples,raw_data/EMG-EPN612/testingJSON/user148/user148.json,idx_124
waveIn,trainingSamples,raw_data/EMG-EPN612/testingJSON/user148/user148.json,idx_125
open,trainingSamples,raw_data/EMG-EPN612/testingJSON/user148/user148.json,idx_126
open,trainingSamples,raw_data/EMG-EPN612/testingJSON/user148/user148.json,idx_127
open,trainingSamples,raw_data/EMG-EPN612/testingJSON/user148/user148.json,idx_128
open,trainingSamples,raw_data/EMG-EPN612/testingJSON/user148/user148.json,idx_129
open,trainingSamples,raw_data/EMG-EPN612/testingJSON/user148/user148.json,idx_130
open,trainingSamples,raw_data/EMG-EPN612/testingJSON/user148/user148.json,idx_131
open,trainingSamples,raw_data/EMG-EPN612/testingJSON/user148/user148.json,idx_132
open,trainingSamples,raw_data/EMG-EPN612/testingJSON/user148/user148.json,idx_133
open,trainingSamples,raw_data/EMG-EPN612/testingJSON/user148/user148.json,idx_134
open,trainingSamples,raw_data/EMG-EPN612/testingJSON/user148/user148.json,idx_135
open,trainingSamples,raw_data/EMG-EPN612/testingJSON/user148/user148.json,idx_136
open,trainingSamples,raw_data/EMG-EPN612/testingJSON/user148/user148.json,idx_137
open,trainingSamples,raw_data/EMG-EPN612/testingJSON/user148/user148.json,idx_138
open,trainingSamples,raw_data/EMG-EPN612/testingJSON/user148/user148.json,idx_139
open,trainingSamples,raw_data/EMG-EPN612/testingJSON/user148/user148.json,idx_140
open,trainingSamples,raw_data/EMG-EPN612/testingJSON/user148/user148.json,idx_141
open,trainingSamples,raw_data/EMG-EPN612/testingJSON/user148/user148.json,idx_142
open,trainingSamples,raw_data/EMG-EPN612/testingJSON/user148/user148.json,idx_143
open,trainingSamples,raw_data/EMG-EPN612/testingJSON/user148/user148.json,idx_144
open,trainingSamples,raw_data/EMG-EPN612/testingJSON/user148/user148.json,idx_145
open,trainingSamples,raw_data/EMG-EPN612/testingJSON/user148/user148.json,idx_146
open,trainingSamples,raw_data/EMG-EPN612/testingJSON/user148/user148.json,idx_147
open,trainingSamples,raw_data/EMG-EPN612/testingJSON/user148/user148.json,idx_148
open,trainingSamples,raw_data/EMG-EPN612/testingJSON/user148/user148.json,idx_149
open,trainingSamples,raw_data/EMG-EPN612/testingJSON/user148/user148.json,idx_150
noGesture,trainingSamples,raw_data/EMG-EPN612/testingJSON/user149/user149.json,idx_1
noGesture,trainingSamples,raw_data/EMG-EPN612/testingJSON/user149/user149.json,idx_2
noGesture,trainingSamples,raw_data/EMG-EPN612/testingJSON/user149/user149.json,idx_3
noGesture,trainingSamples,raw_data/EMG-EPN612/testingJSON/user149/user149.json,idx_4
noGesture,trainingSamples,raw_data/EMG-EPN612/testingJSON/user149/user149.json,idx_5
noGesture,trainingSamples,raw_data/EMG-EPN612/testingJSON/user149/user149.json,idx_6
noGesture,trainingSamples,raw_data/EMG-EPN612/testingJSON/user149/user149.json,idx_7
noGesture,trainingSamples,raw_data/EMG-EPN612/testingJSON/user149/user149.json,idx_8
noGesture,trainingSamples,raw_data/EMG-EPN612/testingJSON/user149/user149.json,idx_9
noGesture,trainingSamples,raw_data/EMG-EPN612/testingJSON/user149/user149.json,idx_10
noGesture,trainingSamples,raw_data/EMG-EPN612/testingJSON/user149/user149.json,idx_11
noGesture,trainingSamples,raw_data/EMG-EPN612/testingJSON/user149/user149.json,idx_12
noGesture,trainingSamples,raw_data/EMG-EPN612/testingJSON/user149/user149.json,idx_13
noGesture,trainingSamples,raw_data/EMG-EPN612/testingJSON/user149/user149.json,idx_14
noGesture,trainingSamples,raw_data/EMG-EPN612/testingJSON/user149/user149.json,idx_15
noGesture,trainingSamples,raw_data/EMG-EPN612/testingJSON/user149/user149.json,idx_16
noGesture,trainingSamples,raw_data/EMG-EPN612/testingJSON/user149/user149.json,idx_17
noGesture,trainingSamples,raw_data/EMG-EPN612/testingJSON/user149/user149.json,idx_18
noGesture,trainingSamples,raw_data/EMG-EPN612/testingJSON/user149/user149.json,idx_19
noGesture,trainingSamples,raw_data/EMG-EPN612/testingJSON/user149/user149.json,idx_20
noGesture,trainingSamples,raw_data/EMG-EPN612/testingJSON/user149/user149.json,idx_21
noGesture,trainingSamples,raw_data/EMG-EPN612/testingJSON/user149/user149.json,idx_22
noGesture,trainingSamples,raw_data/EMG-EPN612/testingJSON/user149/user149.json,idx_23
noGesture,trainingSamples,raw_data/EMG-EPN612/testingJSON/user149/user149.json,idx_24
noGesture,trainingSamples,raw_data/EMG-EPN612/testingJSON/user149/user149.json,idx_25
pinch,trainingSamples,raw_data/EMG-EPN612/testingJSON/user149/user149.json,idx_26
pinch,trainingSamples,raw_data/EMG-EPN612/testingJSON/user149/user149.json,idx_27
pinch,trainingSamples,raw_data/EMG-EPN612/testingJSON/user149/user149.json,idx_28
pinch,trainingSamples,raw_data/EMG-EPN612/testingJSON/user149/user149.json,idx_29
pinch,trainingSamples,raw_data/EMG-EPN612/testingJSON/user149/user149.json,idx_30
pinch,trainingSamples,raw_data/EMG-EPN612/testingJSON/user149/user149.json,idx_31
pinch,trainingSamples,raw_data/EMG-EPN612/testingJSON/user149/user149.json,idx_32
pinch,trainingSamples,raw_data/EMG-EPN612/testingJSON/user149/user149.json,idx_33
pinch,trainingSamples,raw_data/EMG-EPN612/testingJSON/user149/user149.json,idx_34
pinch,trainingSamples,raw_data/EMG-EPN612/testingJSON/user149/user149.json,idx_35
pinch,trainingSamples,raw_data/EMG-EPN612/testingJSON/user149/user149.json,idx_36
pinch,trainingSamples,raw_data/EMG-EPN612/testingJSON/user149/user149.json,idx_37
pinch,trainingSamples,raw_data/EMG-EPN612/testingJSON/user149/user149.json,idx_38
pinch,trainingSamples,raw_data/EMG-EPN612/testingJSON/user149/user149.json,idx_39
pinch,trainingSamples,raw_data/EMG-EPN612/testingJSON/user149/user149.json,idx_40
pinch,trainingSamples,raw_data/EMG-EPN612/testingJSON/user149/user149.json,idx_41
pinch,trainingSamples,raw_data/EMG-EPN612/testingJSON/user149/user149.json,idx_42
pinch,trainingSamples,raw_data/EMG-EPN612/testingJSON/user149/user149.json,idx_43
pinch,trainingSamples,raw_data/EMG-EPN612/testingJSON/user149/user149.json,idx_44
pinch,trainingSamples,raw_data/EMG-EPN612/testingJSON/user149/user149.json,idx_45
pinch,trainingSamples,raw_data/EMG-EPN612/testingJSON/user149/user149.json,idx_46
pinch,trainingSamples,raw_data/EMG-EPN612/testingJSON/user149/user149.json,idx_47
pinch,trainingSamples,raw_data/EMG-EPN612/testingJSON/user149/user149.json,idx_48
pinch,trainingSamples,raw_data/EMG-EPN612/testingJSON/user149/user149.json,idx_49
pinch,trainingSamples,raw_data/EMG-EPN612/testingJSON/user149/user149.json,idx_50
waveOut,trainingSamples,raw_data/EMG-EPN612/testingJSON/user149/user149.json,idx_51
waveOut,trainingSamples,raw_data/EMG-EPN612/testingJSON/user149/user149.json,idx_52
waveOut,trainingSamples,raw_data/EMG-EPN612/testingJSON/user149/user149.json,idx_53
waveOut,trainingSamples,raw_data/EMG-EPN612/testingJSON/user149/user149.json,idx_54
waveOut,trainingSamples,raw_data/EMG-EPN612/testingJSON/user149/user149.json,idx_55
waveOut,trainingSamples,raw_data/EMG-EPN612/testingJSON/user149/user149.json,idx_56
waveOut,trainingSamples,raw_data/EMG-EPN612/testingJSON/user149/user149.json,idx_57
waveOut,trainingSamples,raw_data/EMG-EPN612/testingJSON/user149/user149.json,idx_58
waveOut,trainingSamples,raw_data/EMG-EPN612/testingJSON/user149/user149.json,idx_59
waveOut,trainingSamples,raw_data/EMG-EPN612/testingJSON/user149/user149.json,idx_60
waveOut,trainingSamples,raw_data/EMG-EPN612/testingJSON/user149/user149.json,idx_61
waveOut,trainingSamples,raw_data/EMG-EPN612/testingJSON/user149/user149.json,idx_62
waveOut,trainingSamples,raw_data/EMG-EPN612/testingJSON/user149/user149.json,idx_63
waveOut,trainingSamples,raw_data/EMG-EPN612/testingJSON/user149/user149.json,idx_64
waveOut,trainingSamples,raw_data/EMG-EPN612/testingJSON/user149/user149.json,idx_65
waveOut,trainingSamples,raw_data/EMG-EPN612/testingJSON/user149/user149.json,idx_66
waveOut,trainingSamples,raw_data/EMG-EPN612/testingJSON/user149/user149.json,idx_67
waveOut,trainingSamples,raw_data/EMG-EPN612/testingJSON/user149/user149.json,idx_68
waveOut,trainingSamples,raw_data/EMG-EPN612/testingJSON/user149/user149.json,idx_69
waveOut,trainingSamples,raw_data/EMG-EPN612/testingJSON/user149/user149.json,idx_70
waveOut,trainingSamples,raw_data/EMG-EPN612/testingJSON/user149/user149.json,idx_71
waveOut,trainingSamples,raw_data/EMG-EPN612/testingJSON/user149/user149.json,idx_72
waveOut,trainingSamples,raw_data/EMG-EPN612/testingJSON/user149/user149.json,idx_73
waveOut,trainingSamples,raw_data/EMG-EPN612/testingJSON/user149/user149.json,idx_74
waveOut,trainingSamples,raw_data/EMG-EPN612/testingJSON/user149/user149.json,idx_75
waveIn,trainingSamples,raw_data/EMG-EPN612/testingJSON/user149/user149.json,idx_76
waveIn,trainingSamples,raw_data/EMG-EPN612/testingJSON/user149/user149.json,idx_77
waveIn,trainingSamples,raw_data/EMG-EPN612/testingJSON/user149/user149.json,idx_78
waveIn,trainingSamples,raw_data/EMG-EPN612/testingJSON/user149/user149.json,idx_79
waveIn,trainingSamples,raw_data/EMG-EPN612/testingJSON/user149/user149.json,idx_80
waveIn,trainingSamples,raw_data/EMG-EPN612/testingJSON/user149/user149.json,idx_81
waveIn,trainingSamples,raw_data/EMG-EPN612/testingJSON/user149/user149.json,idx_82
waveIn,trainingSamples,raw_data/EMG-EPN612/testingJSON/user149/user149.json,idx_83
waveIn,trainingSamples,raw_data/EMG-EPN612/testingJSON/user149/user149.json,idx_84
waveIn,trainingSamples,raw_data/EMG-EPN612/testingJSON/user149/user149.json,idx_85
waveIn,trainingSamples,raw_data/EMG-EPN612/testingJSON/user149/user149.json,idx_86
waveIn,trainingSamples,raw_data/EMG-EPN612/testingJSON/user149/user149.json,idx_87
waveIn,trainingSamples,raw_data/EMG-EPN612/testingJSON/user149/user149.json,idx_88
waveIn,trainingSamples,raw_data/EMG-EPN612/testingJSON/user149/user149.json,idx_89
waveIn,trainingSamples,raw_data/EMG-EPN612/testingJSON/user149/user149.json,idx_90
waveIn,trainingSamples,raw_data/EMG-EPN612/testingJSON/user149/user149.json,idx_91
waveIn,trainingSamples,raw_data/EMG-EPN612/testingJSON/user149/user149.json,idx_92
waveIn,trainingSamples,raw_data/EMG-EPN612/testingJSON/user149/user149.json,idx_93
waveIn,trainingSamples,raw_data/EMG-EPN612/testingJSON/user149/user149.json,idx_94
waveIn,trainingSamples,raw_data/EMG-EPN612/testingJSON/user149/user149.json,idx_95
waveIn,trainingSamples,raw_data/EMG-EPN612/testingJSON/user149/user149.json,idx_96
waveIn,trainingSamples,raw_data/EMG-EPN612/testingJSON/user149/user149.json,idx_97
waveIn,trainingSamples,raw_data/EMG-EPN612/testingJSON/user149/user149.json,idx_98
waveIn,trainingSamples,raw_data/EMG-EPN612/testingJSON/user149/user149.json,idx_99
waveIn,trainingSamples,raw_data/EMG-EPN612/testingJSON/user149/user149.json,idx_100
fist,trainingSamples,raw_data/EMG-EPN612/testingJSON/user149/user149.json,idx_101
fist,trainingSamples,raw_data/EMG-EPN612/testingJSON/user149/user149.json,idx_102
fist,trainingSamples,raw_data/EMG-EPN612/testingJSON/user149/user149.json,idx_103
fist,trainingSamples,raw_data/EMG-EPN612/testingJSON/user149/user149.json,idx_104
fist,trainingSamples,raw_data/EMG-EPN612/testingJSON/user149/user149.json,idx_105
fist,trainingSamples,raw_data/EMG-EPN612/testingJSON/user149/user149.json,idx_106
fist,trainingSamples,raw_data/EMG-EPN612/testingJSON/user149/user149.json,idx_107
fist,trainingSamples,raw_data/EMG-EPN612/testingJSON/user149/user149.json,idx_108
fist,trainingSamples,raw_data/EMG-EPN612/testingJSON/user149/user149.json,idx_109
fist,trainingSamples,raw_data/EMG-EPN612/testingJSON/user149/user149.json,idx_110
fist,trainingSamples,raw_data/EMG-EPN612/testingJSON/user149/user149.json,idx_111
fist,trainingSamples,raw_data/EMG-EPN612/testingJSON/user149/user149.json,idx_112
fist,trainingSamples,raw_data/EMG-EPN612/testingJSON/user149/user149.json,idx_113
fist,trainingSamples,raw_data/EMG-EPN612/testingJSON/user149/user149.json,idx_114
fist,trainingSamples,raw_data/EMG-EPN612/testingJSON/user149/user149.json,idx_115
fist,trainingSamples,raw_data/EMG-EPN612/testingJSON/user149/user149.json,idx_116
fist,trainingSamples,raw_data/EMG-EPN612/testingJSON/user149/user149.json,idx_117
fist,trainingSamples,raw_data/EMG-EPN612/testingJSON/user149/user149.json,idx_118
fist,trainingSamples,raw_data/EMG-EPN612/testingJSON/user149/user149.json,idx_119
fist,trainingSamples,raw_data/EMG-EPN612/testingJSON/user149/user149.json,idx_120
fist,trainingSamples,raw_data/EMG-EPN612/testingJSON/user149/user149.json,idx_121
fist,trainingSamples,raw_data/EMG-EPN612/testingJSON/user149/user149.json,idx_122
fist,trainingSamples,raw_data/EMG-EPN612/testingJSON/user149/user149.json,idx_123
fist,trainingSamples,raw_data/EMG-EPN612/testingJSON/user149/user149.json,idx_124
fist,trainingSamples,raw_data/EMG-EPN612/testingJSON/user149/user149.json,idx_125
open,trainingSamples,raw_data/EMG-EPN612/testingJSON/user149/user149.json,idx_126
open,trainingSamples,raw_data/EMG-EPN612/testingJSON/user149/user149.json,idx_127
open,trainingSamples,raw_data/EMG-EPN612/testingJSON/user149/user149.json,idx_128
open,trainingSamples,raw_data/EMG-EPN612/testingJSON/user149/user149.json,idx_129
open,trainingSamples,raw_data/EMG-EPN612/testingJSON/user149/user149.json,idx_130
open,trainingSamples,raw_data/EMG-EPN612/testingJSON/user149/user149.json,idx_131
open,trainingSamples,raw_data/EMG-EPN612/testingJSON/user149/user149.json,idx_132
open,trainingSamples,raw_data/EMG-EPN612/testingJSON/user149/user149.json,idx_133
open,trainingSamples,raw_data/EMG-EPN612/testingJSON/user149/user149.json,idx_134
open,trainingSamples,raw_data/EMG-EPN612/testingJSON/user149/user149.json,idx_135
open,trainingSamples,raw_data/EMG-EPN612/testingJSON/user149/user149.json,idx_136
open,trainingSamples,raw_data/EMG-EPN612/testingJSON/user149/user149.json,idx_137
open,trainingSamples,raw_data/EMG-EPN612/testingJSON/user149/user149.json,idx_138
open,trainingSamples,raw_data/EMG-EPN612/testingJSON/user149/user149.json,idx_139
open,trainingSamples,raw_data/EMG-EPN612/testingJSON/user149/user149.json,idx_140
open,trainingSamples,raw_data/EMG-EPN612/testingJSON/user149/user149.json,idx_141
open,trainingSamples,raw_data/EMG-EPN612/testingJSON/user149/user149.json,idx_142
open,trainingSamples,raw_data/EMG-EPN612/testingJSON/user149/user149.json,idx_143
open,trainingSamples,raw_data/EMG-EPN612/testingJSON/user149/user149.json,idx_144
open,trainingSamples,raw_data/EMG-EPN612/testingJSON/user149/user149.json,idx_145
open,trainingSamples,raw_data/EMG-EPN612/testingJSON/user149/user149.json,idx_146
open,trainingSamples,raw_data/EMG-EPN612/testingJSON/user149/user149.json,idx_147
open,trainingSamples,raw_data/EMG-EPN612/testingJSON/user149/user149.json,idx_148
open,trainingSamples,raw_data/EMG-EPN612/testingJSON/user149/user149.json,idx_149
open,trainingSamples,raw_data/EMG-EPN612/testingJSON/user149/user149.json,idx_150
noGesture,trainingSamples,raw_data/EMG-EPN612/testingJSON/user15/user15.json,idx_1
noGesture,trainingSamples,raw_data/EMG-EPN612/testingJSON/user15/user15.json,idx_2
noGesture,trainingSamples,raw_data/EMG-EPN612/testingJSON/user15/user15.json,idx_3
noGesture,trainingSamples,raw_data/EMG-EPN612/testingJSON/user15/user15.json,idx_4
noGesture,trainingSamples,raw_data/EMG-EPN612/testingJSON/user15/user15.json,idx_5
noGesture,trainingSamples,raw_data/EMG-EPN612/testingJSON/user15/user15.json,idx_6
noGesture,trainingSamples,raw_data/EMG-EPN612/testingJSON/user15/user15.json,idx_7
noGesture,trainingSamples,raw_data/EMG-EPN612/testingJSON/user15/user15.json,idx_8
noGesture,trainingSamples,raw_data/EMG-EPN612/testingJSON/user15/user15.json,idx_9
noGesture,trainingSamples,raw_data/EMG-EPN612/testingJSON/user15/user15.json,idx_10
noGesture,trainingSamples,raw_data/EMG-EPN612/testingJSON/user15/user15.json,idx_11
noGesture,trainingSamples,raw_data/EMG-EPN612/testingJSON/user15/user15.json,idx_12
noGesture,trainingSamples,raw_data/EMG-EPN612/testingJSON/user15/user15.json,idx_13
noGesture,trainingSamples,raw_data/EMG-EPN612/testingJSON/user15/user15.json,idx_14
noGesture,trainingSamples,raw_data/EMG-EPN612/testingJSON/user15/user15.json,idx_15
noGesture,trainingSamples,raw_data/EMG-EPN612/testingJSON/user15/user15.json,idx_16
noGesture,trainingSamples,raw_data/EMG-EPN612/testingJSON/user15/user15.json,idx_17
noGesture,trainingSamples,raw_data/EMG-EPN612/testingJSON/user15/user15.json,idx_18
noGesture,trainingSamples,raw_data/EMG-EPN612/testingJSON/user15/user15.json,idx_19
noGesture,trainingSamples,raw_data/EMG-EPN612/testingJSON/user15/user15.json,idx_20
noGesture,trainingSamples,raw_data/EMG-EPN612/testingJSON/user15/user15.json,idx_21
noGesture,trainingSamples,raw_data/EMG-EPN612/testingJSON/user15/user15.json,idx_22
noGesture,trainingSamples,raw_data/EMG-EPN612/testingJSON/user15/user15.json,idx_23
noGesture,trainingSamples,raw_data/EMG-EPN612/testingJSON/user15/user15.json,idx_24
noGesture,trainingSamples,raw_data/EMG-EPN612/testingJSON/user15/user15.json,idx_25
waveOut,trainingSamples,raw_data/EMG-EPN612/testingJSON/user15/user15.json,idx_26
waveOut,trainingSamples,raw_data/EMG-EPN612/testingJSON/user15/user15.json,idx_27
waveOut,trainingSamples,raw_data/EMG-EPN612/testingJSON/user15/user15.json,idx_28
waveOut,trainingSamples,raw_data/EMG-EPN612/testingJSON/user15/user15.json,idx_29
waveOut,trainingSamples,raw_data/EMG-EPN612/testingJSON/user15/user15.json,idx_30
waveOut,trainingSamples,raw_data/EMG-EPN612/testingJSON/user15/user15.json,idx_31
waveOut,trainingSamples,raw_data/EMG-EPN612/testingJSON/user15/user15.json,idx_32
waveOut,trainingSamples,raw_data/EMG-EPN612/testingJSON/user15/user15.json,idx_33
waveOut,trainingSamples,raw_data/EMG-EPN612/testingJSON/user15/user15.json,idx_34
waveOut,trainingSamples,raw_data/EMG-EPN612/testingJSON/user15/user15.json,idx_35
waveOut,trainingSamples,raw_data/EMG-EPN612/testingJSON/user15/user15.json,idx_36
waveOut,trainingSamples,raw_data/EMG-EPN612/testingJSON/user15/user15.json,idx_37
waveOut,trainingSamples,raw_data/EMG-EPN612/testingJSON/user15/user15.json,idx_38
waveOut,trainingSamples,raw_data/EMG-EPN612/testingJSON/user15/user15.json,idx_39
waveOut,trainingSamples,raw_data/EMG-EPN612/testingJSON/user15/user15.json,idx_40
waveOut,trainingSamples,raw_data/EMG-EPN612/testingJSON/user15/user15.json,idx_41
waveOut,trainingSamples,raw_data/EMG-EPN612/testingJSON/user15/user15.json,idx_42
waveOut,trainingSamples,raw_data/EMG-EPN612/testingJSON/user15/user15.json,idx_43
waveOut,trainingSamples,raw_data/EMG-EPN612/testingJSON/user15/user15.json,idx_44
waveOut,trainingSamples,raw_data/EMG-EPN612/testingJSON/user15/user15.json,idx_45
waveOut,trainingSamples,raw_data/EMG-EPN612/testingJSON/user15/user15.json,idx_46
waveOut,trainingSamples,raw_data/EMG-EPN612/testingJSON/user15/user15.json,idx_47
waveOut,trainingSamples,raw_data/EMG-EPN612/testingJSON/user15/user15.json,idx_48
waveOut,trainingSamples,raw_data/EMG-EPN612/testingJSON/user15/user15.json,idx_49
waveOut,trainingSamples,raw_data/EMG-EPN612/testingJSON/user15/user15.json,idx_50
pinch,trainingSamples,raw_data/EMG-EPN612/testingJSON/user15/user15.json,idx_51
pinch,trainingSamples,raw_data/EMG-EPN612/testingJSON/user15/user15.json,idx_52
pinch,trainingSamples,raw_data/EMG-EPN612/testingJSON/user15/user15.json,idx_53
pinch,trainingSamples,raw_data/EMG-EPN612/testingJSON/user15/user15.json,idx_54
pinch,trainingSamples,raw_data/EMG-EPN612/testingJSON/user15/user15.json,idx_55
pinch,trainingSamples,raw_data/EMG-EPN612/testingJSON/user15/user15.json,idx_56
pinch,trainingSamples,raw_data/EMG-EPN612/testingJSON/user15/user15.json,idx_57
pinch,trainingSamples,raw_data/EMG-EPN612/testingJSON/user15/user15.json,idx_58
pinch,trainingSamples,raw_data/EMG-EPN612/testingJSON/user15/user15.json,idx_59
pinch,trainingSamples,raw_data/EMG-EPN612/testingJSON/user15/user15.json,idx_60
pinch,trainingSamples,raw_data/EMG-EPN612/testingJSON/user15/user15.json,idx_61
pinch,trainingSamples,raw_data/EMG-EPN612/testingJSON/user15/user15.json,idx_62
pinch,trainingSamples,raw_data/EMG-EPN612/testingJSON/user15/user15.json,idx_63
pinch,trainingSamples,raw_data/EMG-EPN612/testingJSON/user15/user15.json,idx_64
pinch,trainingSamples,raw_data/EMG-EPN612/testingJSON/user15/user15.json,idx_65
pinch,trainingSamples,raw_data/EMG-EPN612/testingJSON/user15/user15.json,idx_66
pinch,trainingSamples,raw_data/EMG-EPN612/testingJSON/user15/user15.json,idx_67
pinch,trainingSamples,raw_data/EMG-EPN612/testingJSON/user15/user15.json,idx_68
pinch,trainingSamples,raw_data/EMG-EPN612/testingJSON/user15/user15.json,idx_69
pinch,trainingSamples,raw_data/EMG-EPN612/testingJSON/user15/user15.json,idx_70
pinch,trainingSamples,raw_data/EMG-EPN612/testingJSON/user15/user15.json,idx_71
pinch,trainingSamples,raw_data/EMG-EPN612/testingJSON/user15/user15.json,idx_72
pinch,trainingSamples,raw_data/EMG-EPN612/testingJSON/user15/user15.json,idx_73
pinch,trainingSamples,raw_data/EMG-EPN612/testingJSON/user15/user15.json,idx_74
pinch,trainingSamples,raw_data/EMG-EPN612/testingJSON/user15/user15.json,idx_75
fist,trainingSamples,raw_data/EMG-EPN612/testingJSON/user15/user15.json,idx_76
fist,trainingSamples,raw_data/EMG-EPN612/testingJSON/user15/user15.json,idx_77
fist,trainingSamples,raw_data/EMG-EPN612/testingJSON/user15/user15.json,idx_78
fist,trainingSamples,raw_data/EMG-EPN612/testingJSON/user15/user15.json,idx_79
fist,trainingSamples,raw_data/EMG-EPN612/testingJSON/user15/user15.json,idx_80
fist,trainingSamples,raw_data/EMG-EPN612/testingJSON/user15/user15.json,idx_81
fist,trainingSamples,raw_data/EMG-EPN612/testingJSON/user15/user15.json,idx_82
fist,trainingSamples,raw_data/EMG-EPN612/testingJSON/user15/user15.json,idx_83
fist,trainingSamples,raw_data/EMG-EPN612/testingJSON/user15/user15.json,idx_84
fist,trainingSamples,raw_data/EMG-EPN612/testingJSON/user15/user15.json,idx_85
fist,trainingSamples,raw_data/EMG-EPN612/testingJSON/user15/user15.json,idx_86
fist,trainingSamples,raw_data/EMG-EPN612/testingJSON/user15/user15.json,idx_87
fist,trainingSamples,raw_data/EMG-EPN612/testingJSON/user15/user15.json,idx_88
fist,trainingSamples,raw_data/EMG-EPN612/testingJSON/user15/user15.json,idx_89
fist,trainingSamples,raw_data/EMG-EPN612/testingJSON/user15/user15.json,idx_90
fist,trainingSamples,raw_data/EMG-EPN612/testingJSON/user15/user15.json,idx_91
fist,trainingSamples,raw_data/EMG-EPN612/testingJSON/user15/user15.json,idx_92
fist,trainingSamples,raw_data/EMG-EPN612/testingJSON/user15/user15.json,idx_93
fist,trainingSamples,raw_data/EMG-EPN612/testingJSON/user15/user15.json,idx_94
fist,trainingSamples,raw_data/EMG-EPN612/testingJSON/user15/user15.json,idx_95
fist,trainingSamples,raw_data/EMG-EPN612/testingJSON/user15/user15.json,idx_96
fist,trainingSamples,raw_data/EMG-EPN612/testingJSON/user15/user15.json,idx_97
fist,trainingSamples,raw_data/EMG-EPN612/testingJSON/user15/user15.json,idx_98
fist,trainingSamples,raw_data/EMG-EPN612/testingJSON/user15/user15.json,idx_99
fist,trainingSamples,raw_data/EMG-EPN612/testingJSON/user15/user15.json,idx_100
waveIn,trainingSamples,raw_data/EMG-EPN612/testingJSON/user15/user15.json,idx_101
waveIn,trainingSamples,raw_data/EMG-EPN612/testingJSON/user15/user15.json,idx_102
waveIn,trainingSamples,raw_data/EMG-EPN612/testingJSON/user15/user15.json,idx_103
waveIn,trainingSamples,raw_data/EMG-EPN612/testingJSON/user15/user15.json,idx_104
waveIn,trainingSamples,raw_data/EMG-EPN612/testingJSON/user15/user15.json,idx_105
waveIn,trainingSamples,raw_data/EMG-EPN612/testingJSON/user15/user15.json,idx_106
waveIn,trainingSamples,raw_data/EMG-EPN612/testingJSON/user15/user15.json,idx_107
waveIn,trainingSamples,raw_data/EMG-EPN612/testingJSON/user15/user15.json,idx_108
waveIn,trainingSamples,raw_data/EMG-EPN612/testingJSON/user15/user15.json,idx_109
waveIn,trainingSamples,raw_data/EMG-EPN612/testingJSON/user15/user15.json,idx_110
waveIn,trainingSamples,raw_data/EMG-EPN612/testingJSON/user15/user15.json,idx_111
waveIn,trainingSamples,raw_data/EMG-EPN612/testingJSON/user15/user15.json,idx_112
waveIn,trainingSamples,raw_data/EMG-EPN612/testingJSON/user15/user15.json,idx_113
waveIn,trainingSamples,raw_data/EMG-EPN612/testingJSON/user15/user15.json,idx_114
waveIn,trainingSamples,raw_data/EMG-EPN612/testingJSON/user15/user15.json,idx_115
waveIn,trainingSamples,raw_data/EMG-EPN612/testingJSON/user15/user15.json,idx_116
waveIn,trainingSamples,raw_data/EMG-EPN612/testingJSON/user15/user15.json,idx_117
waveIn,trainingSamples,raw_data/EMG-EPN612/testingJSON/user15/user15.json,idx_118
waveIn,trainingSamples,raw_data/EMG-EPN612/testingJSON/user15/user15.json,idx_119
waveIn,trainingSamples,raw_data/EMG-EPN612/testingJSON/user15/user15.json,idx_120
waveIn,trainingSamples,raw_data/EMG-EPN612/testingJSON/user15/user15.json,idx_121
waveIn,trainingSamples,raw_data/EMG-EPN612/testingJSON/user15/user15.json,idx_122
waveIn,trainingSamples,raw_data/EMG-EPN612/testingJSON/user15/user15.json,idx_123
waveIn,trainingSamples,raw_data/EMG-EPN612/testingJSON/user15/user15.json,idx_124
waveIn,trainingSamples,raw_data/EMG-EPN612/testingJSON/user15/user15.json,idx_125
open,trainingSamples,raw_data/EMG-EPN612/testingJSON/user15/user15.json,idx_126
open,trainingSamples,raw_data/EMG-EPN612/testingJSON/user15/user15.json,idx_127
open,trainingSamples,raw_data/EMG-EPN612/testingJSON/user15/user15.json,idx_128
open,trainingSamples,raw_data/EMG-EPN612/testingJSON/user15/user15.json,idx_129
open,trainingSamples,raw_data/EMG-EPN612/testingJSON/user15/user15.json,idx_130
open,trainingSamples,raw_data/EMG-EPN612/testingJSON/user15/user15.json,idx_131
open,trainingSamples,raw_data/EMG-EPN612/testingJSON/user15/user15.json,idx_132
open,trainingSamples,raw_data/EMG-EPN612/testingJSON/user15/user15.json,idx_133
open,trainingSamples,raw_data/EMG-EPN612/testingJSON/user15/user15.json,idx_134
open,trainingSamples,raw_data/EMG-EPN612/testingJSON/user15/user15.json,idx_135
open,trainingSamples,raw_data/EMG-EPN612/testingJSON/user15/user15.json,idx_136
open,trainingSamples,raw_data/EMG-EPN612/testingJSON/user15/user15.json,idx_137
open,trainingSamples,raw_data/EMG-EPN612/testingJSON/user15/user15.json,idx_138
open,trainingSamples,raw_data/EMG-EPN612/testingJSON/user15/user15.json,idx_139
open,trainingSamples,raw_data/EMG-EPN612/testingJSON/user15/user15.json,idx_140
open,trainingSamples,raw_data/EMG-EPN612/testingJSON/user15/user15.json,idx_141
open,trainingSamples,raw_data/EMG-EPN612/testingJSON/user15/user15.json,idx_142
open,trainingSamples,raw_data/EMG-EPN612/testingJSON/user15/user15.json,idx_143
open,trainingSamples,raw_data/EMG-EPN612/testingJSON/user15/user15.json,idx_144
open,trainingSamples,raw_data/EMG-EPN612/testingJSON/user15/user15.json,idx_145
open,trainingSamples,raw_data/EMG-EPN612/testingJSON/user15/user15.json,idx_146
open,trainingSamples,raw_data/EMG-EPN612/testingJSON/user15/user15.json,idx_147
open,trainingSamples,raw_data/EMG-EPN612/testingJSON/user15/user15.json,idx_148
open,trainingSamples,raw_data/EMG-EPN612/testingJSON/user15/user15.json,idx_149
open,trainingSamples,raw_data/EMG-EPN612/testingJSON/user15/user15.json,idx_150
noGesture,trainingSamples,raw_data/EMG-EPN612/testingJSON/user150/user150.json,idx_1
noGesture,trainingSamples,raw_data/EMG-EPN612/testingJSON/user150/user150.json,idx_2
noGesture,trainingSamples,raw_data/EMG-EPN612/testingJSON/user150/user150.json,idx_3
noGesture,trainingSamples,raw_data/EMG-EPN612/testingJSON/user150/user150.json,idx_4
noGesture,trainingSamples,raw_data/EMG-EPN612/testingJSON/user150/user150.json,idx_5
noGesture,trainingSamples,raw_data/EMG-EPN612/testingJSON/user150/user150.json,idx_6
noGesture,trainingSamples,raw_data/EMG-EPN612/testingJSON/user150/user150.json,idx_7
noGesture,trainingSamples,raw_data/EMG-EPN612/testingJSON/user150/user150.json,idx_8
noGesture,trainingSamples,raw_data/EMG-EPN612/testingJSON/user150/user150.json,idx_9
noGesture,trainingSamples,raw_data/EMG-EPN612/testingJSON/user150/user150.json,idx_10
noGesture,trainingSamples,raw_data/EMG-EPN612/testingJSON/user150/user150.json,idx_11
noGesture,trainingSamples,raw_data/EMG-EPN612/testingJSON/user150/user150.json,idx_12
noGesture,trainingSamples,raw_data/EMG-EPN612/testingJSON/user150/user150.json,idx_13
noGesture,trainingSamples,raw_data/EMG-EPN612/testingJSON/user150/user150.json,idx_14
noGesture,trainingSamples,raw_data/EMG-EPN612/testingJSON/user150/user150.json,idx_15
noGesture,trainingSamples,raw_data/EMG-EPN612/testingJSON/user150/user150.json,idx_16
noGesture,trainingSamples,raw_data/EMG-EPN612/testingJSON/user150/user150.json,idx_17
noGesture,trainingSamples,raw_data/EMG-EPN612/testingJSON/user150/user150.json,idx_18
noGesture,trainingSamples,raw_data/EMG-EPN612/testingJSON/user150/user150.json,idx_19
noGesture,trainingSamples,raw_data/EMG-EPN612/testingJSON/user150/user150.json,idx_20
noGesture,trainingSamples,raw_data/EMG-EPN612/testingJSON/user150/user150.json,idx_21
noGesture,trainingSamples,raw_data/EMG-EPN612/testingJSON/user150/user150.json,idx_22
noGesture,trainingSamples,raw_data/EMG-EPN612/testingJSON/user150/user150.json,idx_23
noGesture,trainingSamples,raw_data/EMG-EPN612/testingJSON/user150/user150.json,idx_24
noGesture,trainingSamples,raw_data/EMG-EPN612/testingJSON/user150/user150.json,idx_25
waveOut,trainingSamples,raw_data/EMG-EPN612/testingJSON/user150/user150.json,idx_26
waveOut,trainingSamples,raw_data/EMG-EPN612/testingJSON/user150/user150.json,idx_27
waveOut,trainingSamples,raw_data/EMG-EPN612/testingJSON/user150/user150.json,idx_28
waveOut,trainingSamples,raw_data/EMG-EPN612/testingJSON/user150/user150.json,idx_29
waveOut,trainingSamples,raw_data/EMG-EPN612/testingJSON/user150/user150.json,idx_30
waveOut,trainingSamples,raw_data/EMG-EPN612/testingJSON/user150/user150.json,idx_31
waveOut,trainingSamples,raw_data/EMG-EPN612/testingJSON/user150/user150.json,idx_32
waveOut,trainingSamples,raw_data/EMG-EPN612/testingJSON/user150/user150.json,idx_33
waveOut,trainingSamples,raw_data/EMG-EPN612/testingJSON/user150/user150.json,idx_34
waveOut,trainingSamples,raw_data/EMG-EPN612/testingJSON/user150/user150.json,idx_35
waveOut,trainingSamples,raw_data/EMG-EPN612/testingJSON/user150/user150.json,idx_36
waveOut,trainingSamples,raw_data/EMG-EPN612/testingJSON/user150/user150.json,idx_37
waveOut,trainingSamples,raw_data/EMG-EPN612/testingJSON/user150/user150.json,idx_38
waveOut,trainingSamples,raw_data/EMG-EPN612/testingJSON/user150/user150.json,idx_39
waveOut,trainingSamples,raw_data/EMG-EPN612/testingJSON/user150/user150.json,idx_40
waveOut,trainingSamples,raw_data/EMG-EPN612/testingJSON/user150/user150.json,idx_41
waveOut,trainingSamples,raw_data/EMG-EPN612/testingJSON/user150/user150.json,idx_42
waveOut,trainingSamples,raw_data/EMG-EPN612/testingJSON/user150/user150.json,idx_43
waveOut,trainingSamples,raw_data/EMG-EPN612/testingJSON/user150/user150.json,idx_44
waveOut,trainingSamples,raw_data/EMG-EPN612/testingJSON/user150/user150.json,idx_45
waveOut,trainingSamples,raw_data/EMG-EPN612/testingJSON/user150/user150.json,idx_46
waveOut,trainingSamples,raw_data/EMG-EPN612/testingJSON/user150/user150.json,idx_47
waveOut,trainingSamples,raw_data/EMG-EPN612/testingJSON/user150/user150.json,idx_48
waveOut,trainingSamples,raw_data/EMG-EPN612/testingJSON/user150/user150.json,idx_49
waveOut,trainingSamples,raw_data/EMG-EPN612/testingJSON/user150/user150.json,idx_50
pinch,trainingSamples,raw_data/EMG-EPN612/testingJSON/user150/user150.json,idx_51
pinch,trainingSamples,raw_data/EMG-EPN612/testingJSON/user150/user150.json,idx_52
pinch,trainingSamples,raw_data/EMG-EPN612/testingJSON/user150/user150.json,idx_53
pinch,trainingSamples,raw_data/EMG-EPN612/testingJSON/user150/user150.json,idx_54
pinch,trainingSamples,raw_data/EMG-EPN612/testingJSON/user150/user150.json,idx_55
pinch,trainingSamples,raw_data/EMG-EPN612/testingJSON/user150/user150.json,idx_56
pinch,trainingSamples,raw_data/EMG-EPN612/testingJSON/user150/user150.json,idx_57
pinch,trainingSamples,raw_data/EMG-EPN612/testingJSON/user150/user150.json,idx_58
pinch,trainingSamples,raw_data/EMG-EPN612/testingJSON/user150/user150.json,idx_59
pinch,trainingSamples,raw_data/EMG-EPN612/testingJSON/user150/user150.json,idx_60
pinch,trainingSamples,raw_data/EMG-EPN612/testingJSON/user150/user150.json,idx_61
pinch,trainingSamples,raw_data/EMG-EPN612/testingJSON/user150/user150.json,idx_62
pinch,trainingSamples,raw_data/EMG-EPN612/testingJSON/user150/user150.json,idx_63
pinch,trainingSamples,raw_data/EMG-EPN612/testingJSON/user150/user150.json,idx_64
pinch,trainingSamples,raw_data/EMG-EPN612/testingJSON/user150/user150.json,idx_65
pinch,trainingSamples,raw_data/EMG-EPN612/testingJSON/user150/user150.json,idx_66
pinch,trainingSamples,raw_data/EMG-EPN612/testingJSON/user150/user150.json,idx_67
pinch,trainingSamples,raw_data/EMG-EPN612/testingJSON/user150/user150.json,idx_68
pinch,trainingSamples,raw_data/EMG-EPN612/testingJSON/user150/user150.json,idx_69
pinch,trainingSamples,raw_data/EMG-EPN612/testingJSON/user150/user150.json,idx_70
pinch,trainingSamples,raw_data/EMG-EPN612/testingJSON/user150/user150.json,idx_71
pinch,trainingSamples,raw_data/EMG-EPN612/testingJSON/user150/user150.json,idx_72
pinch,trainingSamples,raw_data/EMG-EPN612/testingJSON/user150/user150.json,idx_73
pinch,trainingSamples,raw_data/EMG-EPN612/testingJSON/user150/user150.json,idx_74
pinch,trainingSamples,raw_data/EMG-EPN612/testingJSON/user150/user150.json,idx_75
open,trainingSamples,raw_data/EMG-EPN612/testingJSON/user150/user150.json,idx_76
open,trainingSamples,raw_data/EMG-EPN612/testingJSON/user150/user150.json,idx_77
open,trainingSamples,raw_data/EMG-EPN612/testingJSON/user150/user150.json,idx_78
open,trainingSamples,raw_data/EMG-EPN612/testingJSON/user150/user150.json,idx_79
open,trainingSamples,raw_data/EMG-EPN612/testingJSON/user150/user150.json,idx_80
open,trainingSamples,raw_data/EMG-EPN612/testingJSON/user150/user150.json,idx_81
open,trainingSamples,raw_data/EMG-EPN612/testingJSON/user150/user150.json,idx_82
open,trainingSamples,raw_data/EMG-EPN612/testingJSON/user150/user150.json,idx_83
open,trainingSamples,raw_data/EMG-EPN612/testingJSON/user150/user150.json,idx_84
open,trainingSamples,raw_data/EMG-EPN612/testingJSON/user150/user150.json,idx_85
open,trainingSamples,raw_data/EMG-EPN612/testingJSON/user150/user150.json,idx_86
open,trainingSamples,raw_data/EMG-EPN612/testingJSON/user150/user150.json,idx_87
open,trainingSamples,raw_data/EMG-EPN612/testingJSON/user150/user150.json,idx_88
open,trainingSamples,raw_data/EMG-EPN612/testingJSON/user150/user150.json,idx_89
open,trainingSamples,raw_data/EMG-EPN612/testingJSON/user150/user150.json,idx_90
open,trainingSamples,raw_data/EMG-EPN612/testingJSON/user150/user150.json,idx_91
open,trainingSamples,raw_data/EMG-EPN612/testingJSON/user150/user150.json,idx_92
open,trainingSamples,raw_data/EMG-EPN612/testingJSON/user150/user150.json,idx_93
open,trainingSamples,raw_data/EMG-EPN612/testingJSON/user150/user150.json,idx_94
open,trainingSamples,raw_data/EMG-EPN612/testingJSON/user150/user150.json,idx_95
open,trainingSamples,raw_data/EMG-EPN612/testingJSON/user150/user150.json,idx_96
open,trainingSamples,raw_data/EMG-EPN612/testingJSON/user150/user150.json,idx_97
open,trainingSamples,raw_data/EMG-EPN612/testingJSON/user150/user150.json,idx_98
open,trainingSamples,raw_data/EMG-EPN612/testingJSON/user150/user150.json,idx_99
open,trainingSamples,raw_data/EMG-EPN612/testingJSON/user150/user150.json,idx_100
fist,trainingSamples,raw_data/EMG-EPN612/testingJSON/user150/user150.json,idx_101
fist,trainingSamples,raw_data/EMG-EPN612/testingJSON/user150/user150.json,idx_102
fist,trainingSamples,raw_data/EMG-EPN612/testingJSON/user150/user150.json,idx_103
fist,trainingSamples,raw_data/EMG-EPN612/testingJSON/user150/user150.json,idx_104
fist,trainingSamples,raw_data/EMG-EPN612/testingJSON/user150/user150.json,idx_105
fist,trainingSamples,raw_data/EMG-EPN612/testingJSON/user150/user150.json,idx_106
fist,trainingSamples,raw_data/EMG-EPN612/testingJSON/user150/user150.json,idx_107
fist,trainingSamples,raw_data/EMG-EPN612/testingJSON/user150/user150.json,idx_108
fist,trainingSamples,raw_data/EMG-EPN612/testingJSON/user150/user150.json,idx_109
fist,trainingSamples,raw_data/EMG-EPN612/testingJSON/user150/user150.json,idx_110
fist,trainingSamples,raw_data/EMG-EPN612/testingJSON/user150/user150.json,idx_111
fist,trainingSamples,raw_data/EMG-EPN612/testingJSON/user150/user150.json,idx_112
fist,trainingSamples,raw_data/EMG-EPN612/testingJSON/user150/user150.json,idx_113
fist,trainingSamples,raw_data/EMG-EPN612/testingJSON/user150/user150.json,idx_114
fist,trainingSamples,raw_data/EMG-EPN612/testingJSON/user150/user150.json,idx_115
fist,trainingSamples,raw_data/EMG-EPN612/testingJSON/user150/user150.json,idx_116
fist,trainingSamples,raw_data/EMG-EPN612/testingJSON/user150/user150.json,idx_117
fist,trainingSamples,raw_data/EMG-EPN612/testingJSON/user150/user150.json,idx_118
fist,trainingSamples,raw_data/EMG-EPN612/testingJSON/user150/user150.json,idx_119
fist,trainingSamples,raw_data/EMG-EPN612/testingJSON/user150/user150.json,idx_120
fist,trainingSamples,raw_data/EMG-EPN612/testingJSON/user150/user150.json,idx_121
fist,trainingSamples,raw_data/EMG-EPN612/testingJSON/user150/user150.json,idx_122
fist,trainingSamples,raw_data/EMG-EPN612/testingJSON/user150/user150.json,idx_123
fist,trainingSamples,raw_data/EMG-EPN612/testingJSON/user150/user150.json,idx_124
fist,trainingSamples,raw_data/EMG-EPN612/testingJSON/user150/user150.json,idx_125
waveIn,trainingSamples,raw_data/EMG-EPN612/testingJSON/user150/user150.json,idx_126
waveIn,trainingSamples,raw_data/EMG-EPN612/testingJSON/user150/user150.json,idx_127
waveIn,trainingSamples,raw_data/EMG-EPN612/testingJSON/user150/user150.json,idx_128
waveIn,trainingSamples,raw_data/EMG-EPN612/testingJSON/user150/user150.json,idx_129
waveIn,trainingSamples,raw_data/EMG-EPN612/testingJSON/user150/user150.json,idx_130
waveIn,trainingSamples,raw_data/EMG-EPN612/testingJSON/user150/user150.json,idx_131
waveIn,trainingSamples,raw_data/EMG-EPN612/testingJSON/user150/user150.json,idx_132
waveIn,trainingSamples,raw_data/EMG-EPN612/testingJSON/user150/user150.json,idx_133
waveIn,trainingSamples,raw_data/EMG-EPN612/testingJSON/user150/user150.json,idx_134
waveIn,trainingSamples,raw_data/EMG-EPN612/testingJSON/user150/user150.json,idx_135
waveIn,trainingSamples,raw_data/EMG-EPN612/testingJSON/user150/user150.json,idx_136
waveIn,trainingSamples,raw_data/EMG-EPN612/testingJSON/user150/user150.json,idx_137
waveIn,trainingSamples,raw_data/EMG-EPN612/testingJSON/user150/user150.json,idx_138
waveIn,trainingSamples,raw_data/EMG-EPN612/testingJSON/user150/user150.json,idx_139
waveIn,trainingSamples,raw_data/EMG-EPN612/testingJSON/user150/user150.json,idx_140
waveIn,trainingSamples,raw_data/EMG-EPN612/testingJSON/user150/user150.json,idx_141
waveIn,trainingSamples,raw_data/EMG-EPN612/testingJSON/user150/user150.json,idx_142
waveIn,trainingSamples,raw_data/EMG-EPN612/testingJSON/user150/user150.json,idx_143
waveIn,trainingSamples,raw_data/EMG-EPN612/testingJSON/user150/user150.json,idx_144
waveIn,trainingSamples,raw_data/EMG-EPN612/testingJSON/user150/user150.json,idx_145
waveIn,trainingSamples,raw_data/EMG-EPN612/testingJSON/user150/user150.json,idx_146
waveIn,trainingSamples,raw_data/EMG-EPN612/testingJSON/user150/user150.json,idx_147
waveIn,trainingSamples,raw_data/EMG-EPN612/testingJSON/user150/user150.json,idx_148
waveIn,trainingSamples,raw_data/EMG-EPN612/testingJSON/user150/user150.json,idx_149
waveIn,trainingSamples,raw_data/EMG-EPN612/testingJSON/user150/user150.json,idx_150
noGesture,trainingSamples,raw_data/EMG-EPN612/testingJSON/user151/user151.json,idx_1
noGesture,trainingSamples,raw_data/EMG-EPN612/testingJSON/user151/user151.json,idx_2
noGesture,trainingSamples,raw_data/EMG-EPN612/testingJSON/user151/user151.json,idx_3
noGesture,trainingSamples,raw_data/EMG-EPN612/testingJSON/user151/user151.json,idx_4
noGesture,trainingSamples,raw_data/EMG-EPN612/testingJSON/user151/user151.json,idx_5
noGesture,trainingSamples,raw_data/EMG-EPN612/testingJSON/user151/user151.json,idx_6
noGesture,trainingSamples,raw_data/EMG-EPN612/testingJSON/user151/user151.json,idx_7
noGesture,trainingSamples,raw_data/EMG-EPN612/testingJSON/user151/user151.json,idx_8
noGesture,trainingSamples,raw_data/EMG-EPN612/testingJSON/user151/user151.json,idx_9
noGesture,trainingSamples,raw_data/EMG-EPN612/testingJSON/user151/user151.json,idx_10
noGesture,trainingSamples,raw_data/EMG-EPN612/testingJSON/user151/user151.json,idx_11
noGesture,trainingSamples,raw_data/EMG-EPN612/testingJSON/user151/user151.json,idx_12
noGesture,trainingSamples,raw_data/EMG-EPN612/testingJSON/user151/user151.json,idx_13
noGesture,trainingSamples,raw_data/EMG-EPN612/testingJSON/user151/user151.json,idx_14
noGesture,trainingSamples,raw_data/EMG-EPN612/testingJSON/user151/user151.json,idx_15
noGesture,trainingSamples,raw_data/EMG-EPN612/testingJSON/user151/user151.json,idx_16
noGesture,trainingSamples,raw_data/EMG-EPN612/testingJSON/user151/user151.json,idx_17
noGesture,trainingSamples,raw_data/EMG-EPN612/testingJSON/user151/user151.json,idx_18
noGesture,trainingSamples,raw_data/EMG-EPN612/testingJSON/user151/user151.json,idx_19
noGesture,trainingSamples,raw_data/EMG-EPN612/testingJSON/user151/user151.json,idx_20
noGesture,trainingSamples,raw_data/EMG-EPN612/testingJSON/user151/user151.json,idx_21
noGesture,trainingSamples,raw_data/EMG-EPN612/testingJSON/user151/user151.json,idx_22
noGesture,trainingSamples,raw_data/EMG-EPN612/testingJSON/user151/user151.json,idx_23
noGesture,trainingSamples,raw_data/EMG-EPN612/testingJSON/user151/user151.json,idx_24
noGesture,trainingSamples,raw_data/EMG-EPN612/testingJSON/user151/user151.json,idx_25
open,trainingSamples,raw_data/EMG-EPN612/testingJSON/user151/user151.json,idx_26
open,trainingSamples,raw_data/EMG-EPN612/testingJSON/user151/user151.json,idx_27
open,trainingSamples,raw_data/EMG-EPN612/testingJSON/user151/user151.json,idx_28
open,trainingSamples,raw_data/EMG-EPN612/testingJSON/user151/user151.json,idx_29
open,trainingSamples,raw_data/EMG-EPN612/testingJSON/user151/user151.json,idx_30
open,trainingSamples,raw_data/EMG-EPN612/testingJSON/user151/user151.json,idx_31
open,trainingSamples,raw_data/EMG-EPN612/testingJSON/user151/user151.json,idx_32
open,trainingSamples,raw_data/EMG-EPN612/testingJSON/user151/user151.json,idx_33
open,trainingSamples,raw_data/EMG-EPN612/testingJSON/user151/user151.json,idx_34
open,trainingSamples,raw_data/EMG-EPN612/testingJSON/user151/user151.json,idx_35
open,trainingSamples,raw_data/EMG-EPN612/testingJSON/user151/user151.json,idx_36
open,trainingSamples,raw_data/EMG-EPN612/testingJSON/user151/user151.json,idx_37
open,trainingSamples,raw_data/EMG-EPN612/testingJSON/user151/user151.json,idx_38
open,trainingSamples,raw_data/EMG-EPN612/testingJSON/user151/user151.json,idx_39
open,trainingSamples,raw_data/EMG-EPN612/testingJSON/user151/user151.json,idx_40
open,trainingSamples,raw_data/EMG-EPN612/testingJSON/user151/user151.json,idx_41
open,trainingSamples,raw_data/EMG-EPN612/testingJSON/user151/user151.json,idx_42
open,trainingSamples,raw_data/EMG-EPN612/testingJSON/user151/user151.json,idx_43
open,trainingSamples,raw_data/EMG-EPN612/testingJSON/user151/user151.json,idx_44
open,trainingSamples,raw_data/EMG-EPN612/testingJSON/user151/user151.json,idx_45
open,trainingSamples,raw_data/EMG-EPN612/testingJSON/user151/user151.json,idx_46
open,trainingSamples,raw_data/EMG-EPN612/testingJSON/user151/user151.json,idx_47
open,trainingSamples,raw_data/EMG-EPN612/testingJSON/user151/user151.json,idx_48
open,trainingSamples,raw_data/EMG-EPN612/testingJSON/user151/user151.json,idx_49
open,trainingSamples,raw_data/EMG-EPN612/testingJSON/user151/user151.json,idx_50
pinch,trainingSamples,raw_data/EMG-EPN612/testingJSON/user151/user151.json,idx_51
pinch,trainingSamples,raw_data/EMG-EPN612/testingJSON/user151/user151.json,idx_52
pinch,trainingSamples,raw_data/EMG-EPN612/testingJSON/user151/user151.json,idx_53
pinch,trainingSamples,raw_data/EMG-EPN612/testingJSON/user151/user151.json,idx_54
pinch,trainingSamples,raw_data/EMG-EPN612/testingJSON/user151/user151.json,idx_55
pinch,trainingSamples,raw_data/EMG-EPN612/testingJSON/user151/user151.json,idx_56
pinch,trainingSamples,raw_data/EMG-EPN612/testingJSON/user151/user151.json,idx_57
pinch,trainingSamples,raw_data/EMG-EPN612/testingJSON/user151/user151.json,idx_58
pinch,trainingSamples,raw_data/EMG-EPN612/testingJSON/user151/user151.json,idx_59
pinch,trainingSamples,raw_data/EMG-EPN612/testingJSON/user151/user151.json,idx_60
pinch,trainingSamples,raw_data/EMG-EPN612/testingJSON/user151/user151.json,idx_61
pinch,trainingSamples,raw_data/EMG-EPN612/testingJSON/user151/user151.json,idx_62
pinch,trainingSamples,raw_data/EMG-EPN612/testingJSON/user151/user151.json,idx_63
pinch,trainingSamples,raw_data/EMG-EPN612/testingJSON/user151/user151.json,idx_64
pinch,trainingSamples,raw_data/EMG-EPN612/testingJSON/user151/user151.json,idx_65
pinch,trainingSamples,raw_data/EMG-EPN612/testingJSON/user151/user151.json,idx_66
pinch,trainingSamples,raw_data/EMG-EPN612/testingJSON/user151/user151.json,idx_67
pinch,trainingSamples,raw_data/EMG-EPN612/testingJSON/user151/user151.json,idx_68
pinch,trainingSamples,raw_data/EMG-EPN612/testingJSON/user151/user151.json,idx_69
pinch,trainingSamples,raw_data/EMG-EPN612/testingJSON/user151/user151.json,idx_70
pinch,trainingSamples,raw_data/EMG-EPN612/testingJSON/user151/user151.json,idx_71
pinch,trainingSamples,raw_data/EMG-EPN612/testingJSON/user151/user151.json,idx_72
pinch,trainingSamples,raw_data/EMG-EPN612/testingJSON/user151/user151.json,idx_73
pinch,trainingSamples,raw_data/EMG-EPN612/testingJSON/user151/user151.json,idx_74
pinch,trainingSamples,raw_data/EMG-EPN612/testingJSON/user151/user151.json,idx_75
waveIn,trainingSamples,raw_data/EMG-EPN612/testingJSON/user151/user151.json,idx_76
waveIn,trainingSamples,raw_data/EMG-EPN612/testingJSON/user151/user151.json,idx_77
waveIn,trainingSamples,raw_data/EMG-EPN612/testingJSON/user151/user151.json,idx_78
waveIn,trainingSamples,raw_data/EMG-EPN612/testingJSON/user151/user151.json,idx_79
waveIn,trainingSamples,raw_data/EMG-EPN612/testingJSON/user151/user151.json,idx_80
waveIn,trainingSamples,raw_data/EMG-EPN612/testingJSON/user151/user151.json,idx_81
waveIn,trainingSamples,raw_data/EMG-EPN612/testingJSON/user151/user151.json,idx_82
waveIn,trainingSamples,raw_data/EMG-EPN612/testingJSON/user151/user151.json,idx_83
waveIn,trainingSamples,raw_data/EMG-EPN612/testingJSON/user151/user151.json,idx_84
waveIn,trainingSamples,raw_data/EMG-EPN612/testingJSON/user151/user151.json,idx_85
waveIn,trainingSamples,raw_data/EMG-EPN612/testingJSON/user151/user151.json,idx_86
waveIn,trainingSamples,raw_data/EMG-EPN612/testingJSON/user151/user151.json,idx_87
waveIn,trainingSamples,raw_data/EMG-EPN612/testingJSON/user151/user151.json,idx_88
waveIn,trainingSamples,raw_data/EMG-EPN612/testingJSON/user151/user151.json,idx_89
waveIn,trainingSamples,raw_data/EMG-EPN612/testingJSON/user151/user151.json,idx_90
waveIn,trainingSamples,raw_data/EMG-EPN612/testingJSON/user151/user151.json,idx_91
waveIn,trainingSamples,raw_data/EMG-EPN612/testingJSON/user151/user151.json,idx_92
waveIn,trainingSamples,raw_data/EMG-EPN612/testingJSON/user151/user151.json,idx_93
waveIn,trainingSamples,raw_data/EMG-EPN612/testingJSON/user151/user151.json,idx_94
waveIn,trainingSamples,raw_data/EMG-EPN612/testingJSON/user151/user151.json,idx_95
waveIn,trainingSamples,raw_data/EMG-EPN612/testingJSON/user151/user151.json,idx_96
waveIn,trainingSamples,raw_data/EMG-EPN612/testingJSON/user151/user151.json,idx_97
waveIn,trainingSamples,raw_data/EMG-EPN612/testingJSON/user151/user151.json,idx_98
waveIn,trainingSamples,raw_data/EMG-EPN612/testingJSON/user151/user151.json,idx_99
waveIn,trainingSamples,raw_data/EMG-EPN612/testingJSON/user151/user151.json,idx_100
waveOut,trainingSamples,raw_data/EMG-EPN612/testingJSON/user151/user151.json,idx_101
waveOut,trainingSamples,raw_data/EMG-EPN612/testingJSON/user151/user151.json,idx_102
waveOut,trainingSamples,raw_data/EMG-EPN612/testingJSON/user151/user151.json,idx_103
waveOut,trainingSamples,raw_data/EMG-EPN612/testingJSON/user151/user151.json,idx_104
waveOut,trainingSamples,raw_data/EMG-EPN612/testingJSON/user151/user151.json,idx_105
waveOut,trainingSamples,raw_data/EMG-EPN612/testingJSON/user151/user151.json,idx_106
waveOut,trainingSamples,raw_data/EMG-EPN612/testingJSON/user151/user151.json,idx_107
waveOut,trainingSamples,raw_data/EMG-EPN612/testingJSON/user151/user151.json,idx_108
waveOut,trainingSamples,raw_data/EMG-EPN612/testingJSON/user151/user151.json,idx_109
waveOut,trainingSamples,raw_data/EMG-EPN612/testingJSON/user151/user151.json,idx_110
waveOut,trainingSamples,raw_data/EMG-EPN612/testingJSON/user151/user151.json,idx_111
waveOut,trainingSamples,raw_data/EMG-EPN612/testingJSON/user151/user151.json,idx_112
waveOut,trainingSamples,raw_data/EMG-EPN612/testingJSON/user151/user151.json,idx_113
waveOut,trainingSamples,raw_data/EMG-EPN612/testingJSON/user151/user151.json,idx_114
waveOut,trainingSamples,raw_data/EMG-EPN612/testingJSON/user151/user151.json,idx_115
waveOut,trainingSamples,raw_data/EMG-EPN612/testingJSON/user151/user151.json,idx_116
waveOut,trainingSamples,raw_data/EMG-EPN612/testingJSON/user151/user151.json,idx_117
waveOut,trainingSamples,raw_data/EMG-EPN612/testingJSON/user151/user151.json,idx_118
waveOut,trainingSamples,raw_data/EMG-EPN612/testingJSON/user151/user151.json,idx_119
waveOut,trainingSamples,raw_data/EMG-EPN612/testingJSON/user151/user151.json,idx_120
waveOut,trainingSamples,raw_data/EMG-EPN612/testingJSON/user151/user151.json,idx_121
waveOut,trainingSamples,raw_data/EMG-EPN612/testingJSON/user151/user151.json,idx_122
waveOut,trainingSamples,raw_data/EMG-EPN612/testingJSON/user151/user151.json,idx_123
waveOut,trainingSamples,raw_data/EMG-EPN612/testingJSON/user151/user151.json,idx_124
waveOut,trainingSamples,raw_data/EMG-EPN612/testingJSON/user151/user151.json,idx_125
fist,trainingSamples,raw_data/EMG-EPN612/testingJSON/user151/user151.json,idx_126
fist,trainingSamples,raw_data/EMG-EPN612/testingJSON/user151/user151.json,idx_127
fist,trainingSamples,raw_data/EMG-EPN612/testingJSON/user151/user151.json,idx_128
fist,trainingSamples,raw_data/EMG-EPN612/testingJSON/user151/user151.json,idx_129
fist,trainingSamples,raw_data/EMG-EPN612/testingJSON/user151/user151.json,idx_130
fist,trainingSamples,raw_data/EMG-EPN612/testingJSON/user151/user151.json,idx_131
fist,trainingSamples,raw_data/EMG-EPN612/testingJSON/user151/user151.json,idx_132
fist,trainingSamples,raw_data/EMG-EPN612/testingJSON/user151/user151.json,idx_133
fist,trainingSamples,raw_data/EMG-EPN612/testingJSON/user151/user151.json,idx_134
fist,trainingSamples,raw_data/EMG-EPN612/testingJSON/user151/user151.json,idx_135
fist,trainingSamples,raw_data/EMG-EPN612/testingJSON/user151/user151.json,idx_136
fist,trainingSamples,raw_data/EMG-EPN612/testingJSON/user151/user151.json,idx_137
fist,trainingSamples,raw_data/EMG-EPN612/testingJSON/user151/user151.json,idx_138
fist,trainingSamples,raw_data/EMG-EPN612/testingJSON/user151/user151.json,idx_139
fist,trainingSamples,raw_data/EMG-EPN612/testingJSON/user151/user151.json,idx_140
fist,trainingSamples,raw_data/EMG-EPN612/testingJSON/user151/user151.json,idx_141
fist,trainingSamples,raw_data/EMG-EPN612/testingJSON/user151/user151.json,idx_142
fist,trainingSamples,raw_data/EMG-EPN612/testingJSON/user151/user151.json,idx_143
fist,trainingSamples,raw_data/EMG-EPN612/testingJSON/user151/user151.json,idx_144
fist,trainingSamples,raw_data/EMG-EPN612/testingJSON/user151/user151.json,idx_145
fist,trainingSamples,raw_data/EMG-EPN612/testingJSON/user151/user151.json,idx_146
fist,trainingSamples,raw_data/EMG-EPN612/testingJSON/user151/user151.json,idx_147
fist,trainingSamples,raw_data/EMG-EPN612/testingJSON/user151/user151.json,idx_148
fist,trainingSamples,raw_data/EMG-EPN612/testingJSON/user151/user151.json,idx_149
fist,trainingSamples,raw_data/EMG-EPN612/testingJSON/user151/user151.json,idx_150
noGesture,trainingSamples,raw_data/EMG-EPN612/testingJSON/user152/user152.json,idx_1
noGesture,trainingSamples,raw_data/EMG-EPN612/testingJSON/user152/user152.json,idx_2
noGesture,trainingSamples,raw_data/EMG-EPN612/testingJSON/user152/user152.json,idx_3
noGesture,trainingSamples,raw_data/EMG-EPN612/testingJSON/user152/user152.json,idx_4
noGesture,trainingSamples,raw_data/EMG-EPN612/testingJSON/user152/user152.json,idx_5
noGesture,trainingSamples,raw_data/EMG-EPN612/testingJSON/user152/user152.json,idx_6
noGesture,trainingSamples,raw_data/EMG-EPN612/testingJSON/user152/user152.json,idx_7
noGesture,trainingSamples,raw_data/EMG-EPN612/testingJSON/user152/user152.json,idx_8
noGesture,trainingSamples,raw_data/EMG-EPN612/testingJSON/user152/user152.json,idx_9
noGesture,trainingSamples,raw_data/EMG-EPN612/testingJSON/user152/user152.json,idx_10
noGesture,trainingSamples,raw_data/EMG-EPN612/testingJSON/user152/user152.json,idx_11
noGesture,trainingSamples,raw_data/EMG-EPN612/testingJSON/user152/user152.json,idx_12
noGesture,trainingSamples,raw_data/EMG-EPN612/testingJSON/user152/user152.json,idx_13
noGesture,trainingSamples,raw_data/EMG-EPN612/testingJSON/user152/user152.json,idx_14
noGesture,trainingSamples,raw_data/EMG-EPN612/testingJSON/user152/user152.json,idx_15
noGesture,trainingSamples,raw_data/EMG-EPN612/testingJSON/user152/user152.json,idx_16
noGesture,trainingSamples,raw_data/EMG-EPN612/testingJSON/user152/user152.json,idx_17
noGesture,trainingSamples,raw_data/EMG-EPN612/testingJSON/user152/user152.json,idx_18
noGesture,trainingSamples,raw_data/EMG-EPN612/testingJSON/user152/user152.json,idx_19
noGesture,trainingSamples,raw_data/EMG-EPN612/testingJSON/user152/user152.json,idx_20
noGesture,trainingSamples,raw_data/EMG-EPN612/testingJSON/user152/user152.json,idx_21
noGesture,trainingSamples,raw_data/EMG-EPN612/testingJSON/user152/user152.json,idx_22
noGesture,trainingSamples,raw_data/EMG-EPN612/testingJSON/user152/user152.json,idx_23
noGesture,trainingSamples,raw_data/EMG-EPN612/testingJSON/user152/user152.json,idx_24
noGesture,trainingSamples,raw_data/EMG-EPN612/testingJSON/user152/user152.json,idx_25
waveOut,trainingSamples,raw_data/EMG-EPN612/testingJSON/user152/user152.json,idx_26
waveOut,trainingSamples,raw_data/EMG-EPN612/testingJSON/user152/user152.json,idx_27
waveOut,trainingSamples,raw_data/EMG-EPN612/testingJSON/user152/user152.json,idx_28
waveOut,trainingSamples,raw_data/EMG-EPN612/testingJSON/user152/user152.json,idx_29
waveOut,trainingSamples,raw_data/EMG-EPN612/testingJSON/user152/user152.json,idx_30
waveOut,trainingSamples,raw_data/EMG-EPN612/testingJSON/user152/user152.json,idx_31
waveOut,trainingSamples,raw_data/EMG-EPN612/testingJSON/user152/user152.json,idx_32
waveOut,trainingSamples,raw_data/EMG-EPN612/testingJSON/user152/user152.json,idx_33
waveOut,trainingSamples,raw_data/EMG-EPN612/testingJSON/user152/user152.json,idx_34
waveOut,trainingSamples,raw_data/EMG-EPN612/testingJSON/user152/user152.json,idx_35
waveOut,trainingSamples,raw_data/EMG-EPN612/testingJSON/user152/user152.json,idx_36
waveOut,trainingSamples,raw_data/EMG-EPN612/testingJSON/user152/user152.json,idx_37
waveOut,trainingSamples,raw_data/EMG-EPN612/testingJSON/user152/user152.json,idx_38
waveOut,trainingSamples,raw_data/EMG-EPN612/testingJSON/user152/user152.json,idx_39
waveOut,trainingSamples,raw_data/EMG-EPN612/testingJSON/user152/user152.json,idx_40
waveOut,trainingSamples,raw_data/EMG-EPN612/testingJSON/user152/user152.json,idx_41
waveOut,trainingSamples,raw_data/EMG-EPN612/testingJSON/user152/user152.json,idx_42
waveOut,trainingSamples,raw_data/EMG-EPN612/testingJSON/user152/user152.json,idx_43
waveOut,trainingSamples,raw_data/EMG-EPN612/testingJSON/user152/user152.json,idx_44
waveOut,trainingSamples,raw_data/EMG-EPN612/testingJSON/user152/user152.json,idx_45
waveOut,trainingSamples,raw_data/EMG-EPN612/testingJSON/user152/user152.json,idx_46
waveOut,trainingSamples,raw_data/EMG-EPN612/testingJSON/user152/user152.json,idx_47
waveOut,trainingSamples,raw_data/EMG-EPN612/testingJSON/user152/user152.json,idx_48
waveOut,trainingSamples,raw_data/EMG-EPN612/testingJSON/user152/user152.json,idx_49
waveOut,trainingSamples,raw_data/EMG-EPN612/testingJSON/user152/user152.json,idx_50
pinch,trainingSamples,raw_data/EMG-EPN612/testingJSON/user152/user152.json,idx_51
pinch,trainingSamples,raw_data/EMG-EPN612/testingJSON/user152/user152.json,idx_52
pinch,trainingSamples,raw_data/EMG-EPN612/testingJSON/user152/user152.json,idx_53
pinch,trainingSamples,raw_data/EMG-EPN612/testingJSON/user152/user152.json,idx_54
pinch,trainingSamples,raw_data/EMG-EPN612/testingJSON/user152/user152.json,idx_55
pinch,trainingSamples,raw_data/EMG-EPN612/testingJSON/user152/user152.json,idx_56
pinch,trainingSamples,raw_data/EMG-EPN612/testingJSON/user152/user152.json,idx_57
pinch,trainingSamples,raw_data/EMG-EPN612/testingJSON/user152/user152.json,idx_58
pinch,trainingSamples,raw_data/EMG-EPN612/testingJSON/user152/user152.json,idx_59
pinch,trainingSamples,raw_data/EMG-EPN612/testingJSON/user152/user152.json,idx_60
pinch,trainingSamples,raw_data/EMG-EPN612/testingJSON/user152/user152.json,idx_61
pinch,trainingSamples,raw_data/EMG-EPN612/testingJSON/user152/user152.json,idx_62
pinch,trainingSamples,raw_data/EMG-EPN612/testingJSON/user152/user152.json,idx_63
pinch,trainingSamples,raw_data/EMG-EPN612/testingJSON/user152/user152.json,idx_64
pinch,trainingSamples,raw_data/EMG-EPN612/testingJSON/user152/user152.json,idx_65
pinch,trainingSamples,raw_data/EMG-EPN612/testingJSON/user152/user152.json,idx_66
pinch,trainingSamples,raw_data/EMG-EPN612/testingJSON/user152/user152.json,idx_67
pinch,trainingSamples,raw_data/EMG-EPN612/testingJSON/user152/user152.json,idx_68
pinch,trainingSamples,raw_data/EMG-EPN612/testingJSON/user152/user152.json,idx_69
pinch,trainingSamples,raw_data/EMG-EPN612/testingJSON/user152/user152.json,idx_70
pinch,trainingSamples,raw_data/EMG-EPN612/testingJSON/user152/user152.json,idx_71
pinch,trainingSamples,raw_data/EMG-EPN612/testingJSON/user152/user152.json,idx_72
pinch,trainingSamples,raw_data/EMG-EPN612/testingJSON/user152/user152.json,idx_73
pinch,trainingSamples,raw_data/EMG-EPN612/testingJSON/user152/user152.json,idx_74
pinch,trainingSamples,raw_data/EMG-EPN612/testingJSON/user152/user152.json,idx_75
fist,trainingSamples,raw_data/EMG-EPN612/testingJSON/user152/user152.json,idx_76
fist,trainingSamples,raw_data/EMG-EPN612/testingJSON/user152/user152.json,idx_77
fist,trainingSamples,raw_data/EMG-EPN612/testingJSON/user152/user152.json,idx_78
fist,trainingSamples,raw_data/EMG-EPN612/testingJSON/user152/user152.json,idx_79
fist,trainingSamples,raw_data/EMG-EPN612/testingJSON/user152/user152.json,idx_80
fist,trainingSamples,raw_data/EMG-EPN612/testingJSON/user152/user152.json,idx_81
fist,trainingSamples,raw_data/EMG-EPN612/testingJSON/user152/user152.json,idx_82
fist,trainingSamples,raw_data/EMG-EPN612/testingJSON/user152/user152.json,idx_83
fist,trainingSamples,raw_data/EMG-EPN612/testingJSON/user152/user152.json,idx_84
fist,trainingSamples,raw_data/EMG-EPN612/testingJSON/user152/user152.json,idx_85
fist,trainingSamples,raw_data/EMG-EPN612/testingJSON/user152/user152.json,idx_86
fist,trainingSamples,raw_data/EMG-EPN612/testingJSON/user152/user152.json,idx_87
fist,trainingSamples,raw_data/EMG-EPN612/testingJSON/user152/user152.json,idx_88
fist,trainingSamples,raw_data/EMG-EPN612/testingJSON/user152/user152.json,idx_89
fist,trainingSamples,raw_data/EMG-EPN612/testingJSON/user152/user152.json,idx_90
fist,trainingSamples,raw_data/EMG-EPN612/testingJSON/user152/user152.json,idx_91
fist,trainingSamples,raw_data/EMG-EPN612/testingJSON/user152/user152.json,idx_92
fist,trainingSamples,raw_data/EMG-EPN612/testingJSON/user152/user152.json,idx_93
fist,trainingSamples,raw_data/EMG-EPN612/testingJSON/user152/user152.json,idx_94
fist,trainingSamples,raw_data/EMG-EPN612/testingJSON/user152/user152.json,idx_95
fist,trainingSamples,raw_data/EMG-EPN612/testingJSON/user152/user152.json,idx_96
fist,trainingSamples,raw_data/EMG-EPN612/testingJSON/user152/user152.json,idx_97
fist,trainingSamples,raw_data/EMG-EPN612/testingJSON/user152/user152.json,idx_98
fist,trainingSamples,raw_data/EMG-EPN612/testingJSON/user152/user152.json,idx_99
fist,trainingSamples,raw_data/EMG-EPN612/testingJSON/user152/user152.json,idx_100
waveIn,trainingSamples,raw_data/EMG-EPN612/testingJSON/user152/user152.json,idx_101
waveIn,trainingSamples,raw_data/EMG-EPN612/testingJSON/user152/user152.json,idx_102
waveIn,trainingSamples,raw_data/EMG-EPN612/testingJSON/user152/user152.json,idx_103
waveIn,trainingSamples,raw_data/EMG-EPN612/testingJSON/user152/user152.json,idx_104
waveIn,trainingSamples,raw_data/EMG-EPN612/testingJSON/user152/user152.json,idx_105
waveIn,trainingSamples,raw_data/EMG-EPN612/testingJSON/user152/user152.json,idx_106
waveIn,trainingSamples,raw_data/EMG-EPN612/testingJSON/user152/user152.json,idx_107
waveIn,trainingSamples,raw_data/EMG-EPN612/testingJSON/user152/user152.json,idx_108
waveIn,trainingSamples,raw_data/EMG-EPN612/testingJSON/user152/user152.json,idx_109
waveIn,trainingSamples,raw_data/EMG-EPN612/testingJSON/user152/user152.json,idx_110
waveIn,trainingSamples,raw_data/EMG-EPN612/testingJSON/user152/user152.json,idx_111
waveIn,trainingSamples,raw_data/EMG-EPN612/testingJSON/user152/user152.json,idx_112
waveIn,trainingSamples,raw_data/EMG-EPN612/testingJSON/user152/user152.json,idx_113
waveIn,trainingSamples,raw_data/EMG-EPN612/testingJSON/user152/user152.json,idx_114
waveIn,trainingSamples,raw_data/EMG-EPN612/testingJSON/user152/user152.json,idx_115
waveIn,trainingSamples,raw_data/EMG-EPN612/testingJSON/user152/user152.json,idx_116
waveIn,trainingSamples,raw_data/EMG-EPN612/testingJSON/user152/user152.json,idx_117
waveIn,trainingSamples,raw_data/EMG-EPN612/testingJSON/user152/user152.json,idx_118
waveIn,trainingSamples,raw_data/EMG-EPN612/testingJSON/user152/user152.json,idx_119
waveIn,trainingSamples,raw_data/EMG-EPN612/testingJSON/user152/user152.json,idx_120
waveIn,trainingSamples,raw_data/EMG-EPN612/testingJSON/user152/user152.json,idx_121
waveIn,trainingSamples,raw_data/EMG-EPN612/testingJSON/user152/user152.json,idx_122
waveIn,trainingSamples,raw_data/EMG-EPN612/testingJSON/user152/user152.json,idx_123
waveIn,trainingSamples,raw_data/EMG-EPN612/testingJSON/user152/user152.json,idx_124
waveIn,trainingSamples,raw_data/EMG-EPN612/testingJSON/user152/user152.json,idx_125
open,trainingSamples,raw_data/EMG-EPN612/testingJSON/user152/user152.json,idx_126
open,trainingSamples,raw_data/EMG-EPN612/testingJSON/user152/user152.json,idx_127
open,trainingSamples,raw_data/EMG-EPN612/testingJSON/user152/user152.json,idx_128
open,trainingSamples,raw_data/EMG-EPN612/testingJSON/user152/user152.json,idx_129
open,trainingSamples,raw_data/EMG-EPN612/testingJSON/user152/user152.json,idx_130
open,trainingSamples,raw_data/EMG-EPN612/testingJSON/user152/user152.json,idx_131
open,trainingSamples,raw_data/EMG-EPN612/testingJSON/user152/user152.json,idx_132
open,trainingSamples,raw_data/EMG-EPN612/testingJSON/user152/user152.json,idx_133
open,trainingSamples,raw_data/EMG-EPN612/testingJSON/user152/user152.json,idx_134
open,trainingSamples,raw_data/EMG-EPN612/testingJSON/user152/user152.json,idx_135
open,trainingSamples,raw_data/EMG-EPN612/testingJSON/user152/user152.json,idx_136
open,trainingSamples,raw_data/EMG-EPN612/testingJSON/user152/user152.json,idx_137
open,trainingSamples,raw_data/EMG-EPN612/testingJSON/user152/user152.json,idx_138
open,trainingSamples,raw_data/EMG-EPN612/testingJSON/user152/user152.json,idx_139
open,trainingSamples,raw_data/EMG-EPN612/testingJSON/user152/user152.json,idx_140
open,trainingSamples,raw_data/EMG-EPN612/testingJSON/user152/user152.json,idx_141
open,trainingSamples,raw_data/EMG-EPN612/testingJSON/user152/user152.json,idx_142
open,trainingSamples,raw_data/EMG-EPN612/testingJSON/user152/user152.json,idx_143
open,trainingSamples,raw_data/EMG-EPN612/testingJSON/user152/user152.json,idx_144
open,trainingSamples,raw_data/EMG-EPN612/testingJSON/user152/user152.json,idx_145
open,trainingSamples,raw_data/EMG-EPN612/testingJSON/user152/user152.json,idx_146
open,trainingSamples,raw_data/EMG-EPN612/testingJSON/user152/user152.json,idx_147
open,trainingSamples,raw_data/EMG-EPN612/testingJSON/user152/user152.json,idx_148
open,trainingSamples,raw_data/EMG-EPN612/testingJSON/user152/user152.json,idx_149
open,trainingSamples,raw_data/EMG-EPN612/testingJSON/user152/user152.json,idx_150
noGesture,trainingSamples,raw_data/EMG-EPN612/testingJSON/user153/user153.json,idx_1
noGesture,trainingSamples,raw_data/EMG-EPN612/testingJSON/user153/user153.json,idx_2
noGesture,trainingSamples,raw_data/EMG-EPN612/testingJSON/user153/user153.json,idx_3
noGesture,trainingSamples,raw_data/EMG-EPN612/testingJSON/user153/user153.json,idx_4
noGesture,trainingSamples,raw_data/EMG-EPN612/testingJSON/user153/user153.json,idx_5
noGesture,trainingSamples,raw_data/EMG-EPN612/testingJSON/user153/user153.json,idx_6
noGesture,trainingSamples,raw_data/EMG-EPN612/testingJSON/user153/user153.json,idx_7
noGesture,trainingSamples,raw_data/EMG-EPN612/testingJSON/user153/user153.json,idx_8
noGesture,trainingSamples,raw_data/EMG-EPN612/testingJSON/user153/user153.json,idx_9
noGesture,trainingSamples,raw_data/EMG-EPN612/testingJSON/user153/user153.json,idx_10
noGesture,trainingSamples,raw_data/EMG-EPN612/testingJSON/user153/user153.json,idx_11
noGesture,trainingSamples,raw_data/EMG-EPN612/testingJSON/user153/user153.json,idx_12
noGesture,trainingSamples,raw_data/EMG-EPN612/testingJSON/user153/user153.json,idx_13
noGesture,trainingSamples,raw_data/EMG-EPN612/testingJSON/user153/user153.json,idx_14
noGesture,trainingSamples,raw_data/EMG-EPN612/testingJSON/user153/user153.json,idx_15
noGesture,trainingSamples,raw_data/EMG-EPN612/testingJSON/user153/user153.json,idx_16
noGesture,trainingSamples,raw_data/EMG-EPN612/testingJSON/user153/user153.json,idx_17
noGesture,trainingSamples,raw_data/EMG-EPN612/testingJSON/user153/user153.json,idx_18
noGesture,trainingSamples,raw_data/EMG-EPN612/testingJSON/user153/user153.json,idx_19
noGesture,trainingSamples,raw_data/EMG-EPN612/testingJSON/user153/user153.json,idx_20
noGesture,trainingSamples,raw_data/EMG-EPN612/testingJSON/user153/user153.json,idx_21
noGesture,trainingSamples,raw_data/EMG-EPN612/testingJSON/user153/user153.json,idx_22
noGesture,trainingSamples,raw_data/EMG-EPN612/testingJSON/user153/user153.json,idx_23
noGesture,trainingSamples,raw_data/EMG-EPN612/testingJSON/user153/user153.json,idx_24
noGesture,trainingSamples,raw_data/EMG-EPN612/testingJSON/user153/user153.json,idx_25
waveOut,trainingSamples,raw_data/EMG-EPN612/testingJSON/user153/user153.json,idx_26
waveOut,trainingSamples,raw_data/EMG-EPN612/testingJSON/user153/user153.json,idx_27
waveOut,trainingSamples,raw_data/EMG-EPN612/testingJSON/user153/user153.json,idx_28
waveOut,trainingSamples,raw_data/EMG-EPN612/testingJSON/user153/user153.json,idx_29
waveOut,trainingSamples,raw_data/EMG-EPN612/testingJSON/user153/user153.json,idx_30
waveOut,trainingSamples,raw_data/EMG-EPN612/testingJSON/user153/user153.json,idx_31
waveOut,trainingSamples,raw_data/EMG-EPN612/testingJSON/user153/user153.json,idx_32
waveOut,trainingSamples,raw_data/EMG-EPN612/testingJSON/user153/user153.json,idx_33
waveOut,trainingSamples,raw_data/EMG-EPN612/testingJSON/user153/user153.json,idx_34
waveOut,trainingSamples,raw_data/EMG-EPN612/testingJSON/user153/user153.json,idx_35
waveOut,trainingSamples,raw_data/EMG-EPN612/testingJSON/user153/user153.json,idx_36
waveOut,trainingSamples,raw_data/EMG-EPN612/testingJSON/user153/user153.json,idx_37
waveOut,trainingSamples,raw_data/EMG-EPN612/testingJSON/user153/user153.json,idx_38
waveOut,trainingSamples,raw_data/EMG-EPN612/testingJSON/user153/user153.json,idx_39
waveOut,trainingSamples,raw_data/EMG-EPN612/testingJSON/user153/user153.json,idx_40
waveOut,trainingSamples,raw_data/EMG-EPN612/testingJSON/user153/user153.json,idx_41
waveOut,trainingSamples,raw_data/EMG-EPN612/testingJSON/user153/user153.json,idx_42
waveOut,trainingSamples,raw_data/EMG-EPN612/testingJSON/user153/user153.json,idx_43
waveOut,trainingSamples,raw_data/EMG-EPN612/testingJSON/user153/user153.json,idx_44
waveOut,trainingSamples,raw_data/EMG-EPN612/testingJSON/user153/user153.json,idx_45
waveOut,trainingSamples,raw_data/EMG-EPN612/testingJSON/user153/user153.json,idx_46
waveOut,trainingSamples,raw_data/EMG-EPN612/testingJSON/user153/user153.json,idx_47
waveOut,trainingSamples,raw_data/EMG-EPN612/testingJSON/user153/user153.json,idx_48
waveOut,trainingSamples,raw_data/EMG-EPN612/testingJSON/user153/user153.json,idx_49
waveOut,trainingSamples,raw_data/EMG-EPN612/testingJSON/user153/user153.json,idx_50
pinch,trainingSamples,raw_data/EMG-EPN612/testingJSON/user153/user153.json,idx_51
pinch,trainingSamples,raw_data/EMG-EPN612/testingJSON/user153/user153.json,idx_52
pinch,trainingSamples,raw_data/EMG-EPN612/testingJSON/user153/user153.json,idx_53
pinch,trainingSamples,raw_data/EMG-EPN612/testingJSON/user153/user153.json,idx_54
pinch,trainingSamples,raw_data/EMG-EPN612/testingJSON/user153/user153.json,idx_55
pinch,trainingSamples,raw_data/EMG-EPN612/testingJSON/user153/user153.json,idx_56
pinch,trainingSamples,raw_data/EMG-EPN612/testingJSON/user153/user153.json,idx_57
pinch,trainingSamples,raw_data/EMG-EPN612/testingJSON/user153/user153.json,idx_58
pinch,trainingSamples,raw_data/EMG-EPN612/testingJSON/user153/user153.json,idx_59
pinch,trainingSamples,raw_data/EMG-EPN612/testingJSON/user153/user153.json,idx_60
pinch,trainingSamples,raw_data/EMG-EPN612/testingJSON/user153/user153.json,idx_61
pinch,trainingSamples,raw_data/EMG-EPN612/testingJSON/user153/user153.json,idx_62
pinch,trainingSamples,raw_data/EMG-EPN612/testingJSON/user153/user153.json,idx_63
pinch,trainingSamples,raw_data/EMG-EPN612/testingJSON/user153/user153.json,idx_64
pinch,trainingSamples,raw_data/EMG-EPN612/testingJSON/user153/user153.json,idx_65
pinch,trainingSamples,raw_data/EMG-EPN612/testingJSON/user153/user153.json,idx_66
pinch,trainingSamples,raw_data/EMG-EPN612/testingJSON/user153/user153.json,idx_67
pinch,trainingSamples,raw_data/EMG-EPN612/testingJSON/user153/user153.json,idx_68
pinch,trainingSamples,raw_data/EMG-EPN612/testingJSON/user153/user153.json,idx_69
pinch,trainingSamples,raw_data/EMG-EPN612/testingJSON/user153/user153.json,idx_70
pinch,trainingSamples,raw_data/EMG-EPN612/testingJSON/user153/user153.json,idx_71
pinch,trainingSamples,raw_data/EMG-EPN612/testingJSON/user153/user153.json,idx_72
pinch,trainingSamples,raw_data/EMG-EPN612/testingJSON/user153/user153.json,idx_73
pinch,trainingSamples,raw_data/EMG-EPN612/testingJSON/user153/user153.json,idx_74
pinch,trainingSamples,raw_data/EMG-EPN612/testingJSON/user153/user153.json,idx_75
fist,trainingSamples,raw_data/EMG-EPN612/testingJSON/user153/user153.json,idx_76
fist,trainingSamples,raw_data/EMG-EPN612/testingJSON/user153/user153.json,idx_77
fist,trainingSamples,raw_data/EMG-EPN612/testingJSON/user153/user153.json,idx_78
fist,trainingSamples,raw_data/EMG-EPN612/testingJSON/user153/user153.json,idx_79
fist,trainingSamples,raw_data/EMG-EPN612/testingJSON/user153/user153.json,idx_80
fist,trainingSamples,raw_data/EMG-EPN612/testingJSON/user153/user153.json,idx_81
fist,trainingSamples,raw_data/EMG-EPN612/testingJSON/user153/user153.json,idx_82
fist,trainingSamples,raw_data/EMG-EPN612/testingJSON/user153/user153.json,idx_83
fist,trainingSamples,raw_data/EMG-EPN612/testingJSON/user153/user153.json,idx_84
fist,trainingSamples,raw_data/EMG-EPN612/testingJSON/user153/user153.json,idx_85
fist,trainingSamples,raw_data/EMG-EPN612/testingJSON/user153/user153.json,idx_86
fist,trainingSamples,raw_data/EMG-EPN612/testingJSON/user153/user153.json,idx_87
fist,trainingSamples,raw_data/EMG-EPN612/testingJSON/user153/user153.json,idx_88
fist,trainingSamples,raw_data/EMG-EPN612/testingJSON/user153/user153.json,idx_89
fist,trainingSamples,raw_data/EMG-EPN612/testingJSON/user153/user153.json,idx_90
fist,trainingSamples,raw_data/EMG-EPN612/testingJSON/user153/user153.json,idx_91
fist,trainingSamples,raw_data/EMG-EPN612/testingJSON/user153/user153.json,idx_92
fist,trainingSamples,raw_data/EMG-EPN612/testingJSON/user153/user153.json,idx_93
fist,trainingSamples,raw_data/EMG-EPN612/testingJSON/user153/user153.json,idx_94
fist,trainingSamples,raw_data/EMG-EPN612/testingJSON/user153/user153.json,idx_95
fist,trainingSamples,raw_data/EMG-EPN612/testingJSON/user153/user153.json,idx_96
fist,trainingSamples,raw_data/EMG-EPN612/testingJSON/user153/user153.json,idx_97
fist,trainingSamples,raw_data/EMG-EPN612/testingJSON/user153/user153.json,idx_98
fist,trainingSamples,raw_data/EMG-EPN612/testingJSON/user153/user153.json,idx_99
fist,trainingSamples,raw_data/EMG-EPN612/testingJSON/user153/user153.json,idx_100
waveIn,trainingSamples,raw_data/EMG-EPN612/testingJSON/user153/user153.json,idx_101
waveIn,trainingSamples,raw_data/EMG-EPN612/testingJSON/user153/user153.json,idx_102
waveIn,trainingSamples,raw_data/EMG-EPN612/testingJSON/user153/user153.json,idx_103
waveIn,trainingSamples,raw_data/EMG-EPN612/testingJSON/user153/user153.json,idx_104
waveIn,trainingSamples,raw_data/EMG-EPN612/testingJSON/user153/user153.json,idx_105
waveIn,trainingSamples,raw_data/EMG-EPN612/testingJSON/user153/user153.json,idx_106
waveIn,trainingSamples,raw_data/EMG-EPN612/testingJSON/user153/user153.json,idx_107
waveIn,trainingSamples,raw_data/EMG-EPN612/testingJSON/user153/user153.json,idx_108
waveIn,trainingSamples,raw_data/EMG-EPN612/testingJSON/user153/user153.json,idx_109
waveIn,trainingSamples,raw_data/EMG-EPN612/testingJSON/user153/user153.json,idx_110
waveIn,trainingSamples,raw_data/EMG-EPN612/testingJSON/user153/user153.json,idx_111
waveIn,trainingSamples,raw_data/EMG-EPN612/testingJSON/user153/user153.json,idx_112
waveIn,trainingSamples,raw_data/EMG-EPN612/testingJSON/user153/user153.json,idx_113
waveIn,trainingSamples,raw_data/EMG-EPN612/testingJSON/user153/user153.json,idx_114
waveIn,trainingSamples,raw_data/EMG-EPN612/testingJSON/user153/user153.json,idx_115
waveIn,trainingSamples,raw_data/EMG-EPN612/testingJSON/user153/user153.json,idx_116
waveIn,trainingSamples,raw_data/EMG-EPN612/testingJSON/user153/user153.json,idx_117
waveIn,trainingSamples,raw_data/EMG-EPN612/testingJSON/user153/user153.json,idx_118
waveIn,trainingSamples,raw_data/EMG-EPN612/testingJSON/user153/user153.json,idx_119
waveIn,trainingSamples,raw_data/EMG-EPN612/testingJSON/user153/user153.json,idx_120
waveIn,trainingSamples,raw_data/EMG-EPN612/testingJSON/user153/user153.json,idx_121
waveIn,trainingSamples,raw_data/EMG-EPN612/testingJSON/user153/user153.json,idx_122
waveIn,trainingSamples,raw_data/EMG-EPN612/testingJSON/user153/user153.json,idx_123
waveIn,trainingSamples,raw_data/EMG-EPN612/testingJSON/user153/user153.json,idx_124
waveIn,trainingSamples,raw_data/EMG-EPN612/testingJSON/user153/user153.json,idx_125
open,trainingSamples,raw_data/EMG-EPN612/testingJSON/user153/user153.json,idx_126
open,trainingSamples,raw_data/EMG-EPN612/testingJSON/user153/user153.json,idx_127
open,trainingSamples,raw_data/EMG-EPN612/testingJSON/user153/user153.json,idx_128
open,trainingSamples,raw_data/EMG-EPN612/testingJSON/user153/user153.json,idx_129
open,trainingSamples,raw_data/EMG-EPN612/testingJSON/user153/user153.json,idx_130
open,trainingSamples,raw_data/EMG-EPN612/testingJSON/user153/user153.json,idx_131
open,trainingSamples,raw_data/EMG-EPN612/testingJSON/user153/user153.json,idx_132
open,trainingSamples,raw_data/EMG-EPN612/testingJSON/user153/user153.json,idx_133
open,trainingSamples,raw_data/EMG-EPN612/testingJSON/user153/user153.json,idx_134
open,trainingSamples,raw_data/EMG-EPN612/testingJSON/user153/user153.json,idx_135
open,trainingSamples,raw_data/EMG-EPN612/testingJSON/user153/user153.json,idx_136
open,trainingSamples,raw_data/EMG-EPN612/testingJSON/user153/user153.json,idx_137
open,trainingSamples,raw_data/EMG-EPN612/testingJSON/user153/user153.json,idx_138
open,trainingSamples,raw_data/EMG-EPN612/testingJSON/user153/user153.json,idx_139
open,trainingSamples,raw_data/EMG-EPN612/testingJSON/user153/user153.json,idx_140
open,trainingSamples,raw_data/EMG-EPN612/testingJSON/user153/user153.json,idx_141
open,trainingSamples,raw_data/EMG-EPN612/testingJSON/user153/user153.json,idx_142
open,trainingSamples,raw_data/EMG-EPN612/testingJSON/user153/user153.json,idx_143
open,trainingSamples,raw_data/EMG-EPN612/testingJSON/user153/user153.json,idx_144
open,trainingSamples,raw_data/EMG-EPN612/testingJSON/user153/user153.json,idx_145
open,trainingSamples,raw_data/EMG-EPN612/testingJSON/user153/user153.json,idx_146
open,trainingSamples,raw_data/EMG-EPN612/testingJSON/user153/user153.json,idx_147
open,trainingSamples,raw_data/EMG-EPN612/testingJSON/user153/user153.json,idx_148
open,trainingSamples,raw_data/EMG-EPN612/testingJSON/user153/user153.json,idx_149
open,trainingSamples,raw_data/EMG-EPN612/testingJSON/user153/user153.json,idx_150
noGesture,trainingSamples,raw_data/EMG-EPN612/testingJSON/user154/user154.json,idx_1
noGesture,trainingSamples,raw_data/EMG-EPN612/testingJSON/user154/user154.json,idx_2
noGesture,trainingSamples,raw_data/EMG-EPN612/testingJSON/user154/user154.json,idx_3
noGesture,trainingSamples,raw_data/EMG-EPN612/testingJSON/user154/user154.json,idx_4
noGesture,trainingSamples,raw_data/EMG-EPN612/testingJSON/user154/user154.json,idx_5
noGesture,trainingSamples,raw_data/EMG-EPN612/testingJSON/user154/user154.json,idx_6
noGesture,trainingSamples,raw_data/EMG-EPN612/testingJSON/user154/user154.json,idx_7
noGesture,trainingSamples,raw_data/EMG-EPN612/testingJSON/user154/user154.json,idx_8
noGesture,trainingSamples,raw_data/EMG-EPN612/testingJSON/user154/user154.json,idx_9
noGesture,trainingSamples,raw_data/EMG-EPN612/testingJSON/user154/user154.json,idx_10
noGesture,trainingSamples,raw_data/EMG-EPN612/testingJSON/user154/user154.json,idx_11
noGesture,trainingSamples,raw_data/EMG-EPN612/testingJSON/user154/user154.json,idx_12
noGesture,trainingSamples,raw_data/EMG-EPN612/testingJSON/user154/user154.json,idx_13
noGesture,trainingSamples,raw_data/EMG-EPN612/testingJSON/user154/user154.json,idx_14
noGesture,trainingSamples,raw_data/EMG-EPN612/testingJSON/user154/user154.json,idx_15
noGesture,trainingSamples,raw_data/EMG-EPN612/testingJSON/user154/user154.json,idx_16
noGesture,trainingSamples,raw_data/EMG-EPN612/testingJSON/user154/user154.json,idx_17
noGesture,trainingSamples,raw_data/EMG-EPN612/testingJSON/user154/user154.json,idx_18
noGesture,trainingSamples,raw_data/EMG-EPN612/testingJSON/user154/user154.json,idx_19
noGesture,trainingSamples,raw_data/EMG-EPN612/testingJSON/user154/user154.json,idx_20
noGesture,trainingSamples,raw_data/EMG-EPN612/testingJSON/user154/user154.json,idx_21
noGesture,trainingSamples,raw_data/EMG-EPN612/testingJSON/user154/user154.json,idx_22
noGesture,trainingSamples,raw_data/EMG-EPN612/testingJSON/user154/user154.json,idx_23
noGesture,trainingSamples,raw_data/EMG-EPN612/testingJSON/user154/user154.json,idx_24
noGesture,trainingSamples,raw_data/EMG-EPN612/testingJSON/user154/user154.json,idx_25
waveOut,trainingSamples,raw_data/EMG-EPN612/testingJSON/user154/user154.json,idx_26
waveOut,trainingSamples,raw_data/EMG-EPN612/testingJSON/user154/user154.json,idx_27
waveOut,trainingSamples,raw_data/EMG-EPN612/testingJSON/user154/user154.json,idx_28
waveOut,trainingSamples,raw_data/EMG-EPN612/testingJSON/user154/user154.json,idx_29
waveOut,trainingSamples,raw_data/EMG-EPN612/testingJSON/user154/user154.json,idx_30
waveOut,trainingSamples,raw_data/EMG-EPN612/testingJSON/user154/user154.json,idx_31
waveOut,trainingSamples,raw_data/EMG-EPN612/testingJSON/user154/user154.json,idx_32
waveOut,trainingSamples,raw_data/EMG-EPN612/testingJSON/user154/user154.json,idx_33
waveOut,trainingSamples,raw_data/EMG-EPN612/testingJSON/user154/user154.json,idx_34
waveOut,trainingSamples,raw_data/EMG-EPN612/testingJSON/user154/user154.json,idx_35
waveOut,trainingSamples,raw_data/EMG-EPN612/testingJSON/user154/user154.json,idx_36
waveOut,trainingSamples,raw_data/EMG-EPN612/testingJSON/user154/user154.json,idx_37
waveOut,trainingSamples,raw_data/EMG-EPN612/testingJSON/user154/user154.json,idx_38
waveOut,trainingSamples,raw_data/EMG-EPN612/testingJSON/user154/user154.json,idx_39
waveOut,trainingSamples,raw_data/EMG-EPN612/testingJSON/user154/user154.json,idx_40
waveOut,trainingSamples,raw_data/EMG-EPN612/testingJSON/user154/user154.json,idx_41
waveOut,trainingSamples,raw_data/EMG-EPN612/testingJSON/user154/user154.json,idx_42
waveOut,trainingSamples,raw_data/EMG-EPN612/testingJSON/user154/user154.json,idx_43
waveOut,trainingSamples,raw_data/EMG-EPN612/testingJSON/user154/user154.json,idx_44
waveOut,trainingSamples,raw_data/EMG-EPN612/testingJSON/user154/user154.json,idx_45
waveOut,trainingSamples,raw_data/EMG-EPN612/testingJSON/user154/user154.json,idx_46
waveOut,trainingSamples,raw_data/EMG-EPN612/testingJSON/user154/user154.json,idx_47
waveOut,trainingSamples,raw_data/EMG-EPN612/testingJSON/user154/user154.json,idx_48
waveOut,trainingSamples,raw_data/EMG-EPN612/testingJSON/user154/user154.json,idx_49
waveOut,trainingSamples,raw_data/EMG-EPN612/testingJSON/user154/user154.json,idx_50
pinch,trainingSamples,raw_data/EMG-EPN612/testingJSON/user154/user154.json,idx_51
pinch,trainingSamples,raw_data/EMG-EPN612/testingJSON/user154/user154.json,idx_52
pinch,trainingSamples,raw_data/EMG-EPN612/testingJSON/user154/user154.json,idx_53
pinch,trainingSamples,raw_data/EMG-EPN612/testingJSON/user154/user154.json,idx_54
pinch,trainingSamples,raw_data/EMG-EPN612/testingJSON/user154/user154.json,idx_55
pinch,trainingSamples,raw_data/EMG-EPN612/testingJSON/user154/user154.json,idx_56
pinch,trainingSamples,raw_data/EMG-EPN612/testingJSON/user154/user154.json,idx_57
pinch,trainingSamples,raw_data/EMG-EPN612/testingJSON/user154/user154.json,idx_58
pinch,trainingSamples,raw_data/EMG-EPN612/testingJSON/user154/user154.json,idx_59
pinch,trainingSamples,raw_data/EMG-EPN612/testingJSON/user154/user154.json,idx_60
pinch,trainingSamples,raw_data/EMG-EPN612/testingJSON/user154/user154.json,idx_61
pinch,trainingSamples,raw_data/EMG-EPN612/testingJSON/user154/user154.json,idx_62
pinch,trainingSamples,raw_data/EMG-EPN612/testingJSON/user154/user154.json,idx_63
pinch,trainingSamples,raw_data/EMG-EPN612/testingJSON/user154/user154.json,idx_64
pinch,trainingSamples,raw_data/EMG-EPN612/testingJSON/user154/user154.json,idx_65
pinch,trainingSamples,raw_data/EMG-EPN612/testingJSON/user154/user154.json,idx_66
pinch,trainingSamples,raw_data/EMG-EPN612/testingJSON/user154/user154.json,idx_67
pinch,trainingSamples,raw_data/EMG-EPN612/testingJSON/user154/user154.json,idx_68
pinch,trainingSamples,raw_data/EMG-EPN612/testingJSON/user154/user154.json,idx_69
pinch,trainingSamples,raw_data/EMG-EPN612/testingJSON/user154/user154.json,idx_70
pinch,trainingSamples,raw_data/EMG-EPN612/testingJSON/user154/user154.json,idx_71
pinch,trainingSamples,raw_data/EMG-EPN612/testingJSON/user154/user154.json,idx_72
pinch,trainingSamples,raw_data/EMG-EPN612/testingJSON/user154/user154.json,idx_73
pinch,trainingSamples,raw_data/EMG-EPN612/testingJSON/user154/user154.json,idx_74
pinch,trainingSamples,raw_data/EMG-EPN612/testingJSON/user154/user154.json,idx_75
fist,trainingSamples,raw_data/EMG-EPN612/testingJSON/user154/user154.json,idx_76
fist,trainingSamples,raw_data/EMG-EPN612/testingJSON/user154/user154.json,idx_77
fist,trainingSamples,raw_data/EMG-EPN612/testingJSON/user154/user154.json,idx_78
fist,trainingSamples,raw_data/EMG-EPN612/testingJSON/user154/user154.json,idx_79
fist,trainingSamples,raw_data/EMG-EPN612/testingJSON/user154/user154.json,idx_80
fist,trainingSamples,raw_data/EMG-EPN612/testingJSON/user154/user154.json,idx_81
fist,trainingSamples,raw_data/EMG-EPN612/testingJSON/user154/user154.json,idx_82
fist,trainingSamples,raw_data/EMG-EPN612/testingJSON/user154/user154.json,idx_83
fist,trainingSamples,raw_data/EMG-EPN612/testingJSON/user154/user154.json,idx_84
fist,trainingSamples,raw_data/EMG-EPN612/testingJSON/user154/user154.json,idx_85
fist,trainingSamples,raw_data/EMG-EPN612/testingJSON/user154/user154.json,idx_86
fist,trainingSamples,raw_data/EMG-EPN612/testingJSON/user154/user154.json,idx_87
fist,trainingSamples,raw_data/EMG-EPN612/testingJSON/user154/user154.json,idx_88
fist,trainingSamples,raw_data/EMG-EPN612/testingJSON/user154/user154.json,idx_89
fist,trainingSamples,raw_data/EMG-EPN612/testingJSON/user154/user154.json,idx_90
fist,trainingSamples,raw_data/EMG-EPN612/testingJSON/user154/user154.json,idx_91
fist,trainingSamples,raw_data/EMG-EPN612/testingJSON/user154/user154.json,idx_92
fist,trainingSamples,raw_data/EMG-EPN612/testingJSON/user154/user154.json,idx_93
fist,trainingSamples,raw_data/EMG-EPN612/testingJSON/user154/user154.json,idx_94
fist,trainingSamples,raw_data/EMG-EPN612/testingJSON/user154/user154.json,idx_95
fist,trainingSamples,raw_data/EMG-EPN612/testingJSON/user154/user154.json,idx_96
fist,trainingSamples,raw_data/EMG-EPN612/testingJSON/user154/user154.json,idx_97
fist,trainingSamples,raw_data/EMG-EPN612/testingJSON/user154/user154.json,idx_98
fist,trainingSamples,raw_data/EMG-EPN612/testingJSON/user154/user154.json,idx_99
fist,trainingSamples,raw_data/EMG-EPN612/testingJSON/user154/user154.json,idx_100
waveIn,trainingSamples,raw_data/EMG-EPN612/testingJSON/user154/user154.json,idx_101
waveIn,trainingSamples,raw_data/EMG-EPN612/testingJSON/user154/user154.json,idx_102
waveIn,trainingSamples,raw_data/EMG-EPN612/testingJSON/user154/user154.json,idx_103
waveIn,trainingSamples,raw_data/EMG-EPN612/testingJSON/user154/user154.json,idx_104
waveIn,trainingSamples,raw_data/EMG-EPN612/testingJSON/user154/user154.json,idx_105
waveIn,trainingSamples,raw_data/EMG-EPN612/testingJSON/user154/user154.json,idx_106
waveIn,trainingSamples,raw_data/EMG-EPN612/testingJSON/user154/user154.json,idx_107
waveIn,trainingSamples,raw_data/EMG-EPN612/testingJSON/user154/user154.json,idx_108
waveIn,trainingSamples,raw_data/EMG-EPN612/testingJSON/user154/user154.json,idx_109
waveIn,trainingSamples,raw_data/EMG-EPN612/testingJSON/user154/user154.json,idx_110
waveIn,trainingSamples,raw_data/EMG-EPN612/testingJSON/user154/user154.json,idx_111
waveIn,trainingSamples,raw_data/EMG-EPN612/testingJSON/user154/user154.json,idx_112
waveIn,trainingSamples,raw_data/EMG-EPN612/testingJSON/user154/user154.json,idx_113
waveIn,trainingSamples,raw_data/EMG-EPN612/testingJSON/user154/user154.json,idx_114
waveIn,trainingSamples,raw_data/EMG-EPN612/testingJSON/user154/user154.json,idx_115
waveIn,trainingSamples,raw_data/EMG-EPN612/testingJSON/user154/user154.json,idx_116
waveIn,trainingSamples,raw_data/EMG-EPN612/testingJSON/user154/user154.json,idx_117
waveIn,trainingSamples,raw_data/EMG-EPN612/testingJSON/user154/user154.json,idx_118
waveIn,trainingSamples,raw_data/EMG-EPN612/testingJSON/user154/user154.json,idx_119
waveIn,trainingSamples,raw_data/EMG-EPN612/testingJSON/user154/user154.json,idx_120
waveIn,trainingSamples,raw_data/EMG-EPN612/testingJSON/user154/user154.json,idx_121
waveIn,trainingSamples,raw_data/EMG-EPN612/testingJSON/user154/user154.json,idx_122
waveIn,trainingSamples,raw_data/EMG-EPN612/testingJSON/user154/user154.json,idx_123
waveIn,trainingSamples,raw_data/EMG-EPN612/testingJSON/user154/user154.json,idx_124
waveIn,trainingSamples,raw_data/EMG-EPN612/testingJSON/user154/user154.json,idx_125
open,trainingSamples,raw_data/EMG-EPN612/testingJSON/user154/user154.json,idx_126
open,trainingSamples,raw_data/EMG-EPN612/testingJSON/user154/user154.json,idx_127
open,trainingSamples,raw_data/EMG-EPN612/testingJSON/user154/user154.json,idx_128
open,trainingSamples,raw_data/EMG-EPN612/testingJSON/user154/user154.json,idx_129
open,trainingSamples,raw_data/EMG-EPN612/testingJSON/user154/user154.json,idx_130
open,trainingSamples,raw_data/EMG-EPN612/testingJSON/user154/user154.json,idx_131
open,trainingSamples,raw_data/EMG-EPN612/testingJSON/user154/user154.json,idx_132
open,trainingSamples,raw_data/EMG-EPN612/testingJSON/user154/user154.json,idx_133
open,trainingSamples,raw_data/EMG-EPN612/testingJSON/user154/user154.json,idx_134
open,trainingSamples,raw_data/EMG-EPN612/testingJSON/user154/user154.json,idx_135
open,trainingSamples,raw_data/EMG-EPN612/testingJSON/user154/user154.json,idx_136
open,trainingSamples,raw_data/EMG-EPN612/testingJSON/user154/user154.json,idx_137
open,trainingSamples,raw_data/EMG-EPN612/testingJSON/user154/user154.json,idx_138
open,trainingSamples,raw_data/EMG-EPN612/testingJSON/user154/user154.json,idx_139
open,trainingSamples,raw_data/EMG-EPN612/testingJSON/user154/user154.json,idx_140
open,trainingSamples,raw_data/EMG-EPN612/testingJSON/user154/user154.json,idx_141
open,trainingSamples,raw_data/EMG-EPN612/testingJSON/user154/user154.json,idx_142
open,trainingSamples,raw_data/EMG-EPN612/testingJSON/user154/user154.json,idx_143
open,trainingSamples,raw_data/EMG-EPN612/testingJSON/user154/user154.json,idx_144
open,trainingSamples,raw_data/EMG-EPN612/testingJSON/user154/user154.json,idx_145
open,trainingSamples,raw_data/EMG-EPN612/testingJSON/user154/user154.json,idx_146
open,trainingSamples,raw_data/EMG-EPN612/testingJSON/user154/user154.json,idx_147
open,trainingSamples,raw_data/EMG-EPN612/testingJSON/user154/user154.json,idx_148
open,trainingSamples,raw_data/EMG-EPN612/testingJSON/user154/user154.json,idx_149
open,trainingSamples,raw_data/EMG-EPN612/testingJSON/user154/user154.json,idx_150
noGesture,trainingSamples,raw_data/EMG-EPN612/testingJSON/user155/user155.json,idx_1
noGesture,trainingSamples,raw_data/EMG-EPN612/testingJSON/user155/user155.json,idx_2
noGesture,trainingSamples,raw_data/EMG-EPN612/testingJSON/user155/user155.json,idx_3
noGesture,trainingSamples,raw_data/EMG-EPN612/testingJSON/user155/user155.json,idx_4
noGesture,trainingSamples,raw_data/EMG-EPN612/testingJSON/user155/user155.json,idx_5
noGesture,trainingSamples,raw_data/EMG-EPN612/testingJSON/user155/user155.json,idx_6
noGesture,trainingSamples,raw_data/EMG-EPN612/testingJSON/user155/user155.json,idx_7
noGesture,trainingSamples,raw_data/EMG-EPN612/testingJSON/user155/user155.json,idx_8
noGesture,trainingSamples,raw_data/EMG-EPN612/testingJSON/user155/user155.json,idx_9
noGesture,trainingSamples,raw_data/EMG-EPN612/testingJSON/user155/user155.json,idx_10
noGesture,trainingSamples,raw_data/EMG-EPN612/testingJSON/user155/user155.json,idx_11
noGesture,trainingSamples,raw_data/EMG-EPN612/testingJSON/user155/user155.json,idx_12
noGesture,trainingSamples,raw_data/EMG-EPN612/testingJSON/user155/user155.json,idx_13
noGesture,trainingSamples,raw_data/EMG-EPN612/testingJSON/user155/user155.json,idx_14
noGesture,trainingSamples,raw_data/EMG-EPN612/testingJSON/user155/user155.json,idx_15
noGesture,trainingSamples,raw_data/EMG-EPN612/testingJSON/user155/user155.json,idx_16
noGesture,trainingSamples,raw_data/EMG-EPN612/testingJSON/user155/user155.json,idx_17
noGesture,trainingSamples,raw_data/EMG-EPN612/testingJSON/user155/user155.json,idx_18
noGesture,trainingSamples,raw_data/EMG-EPN612/testingJSON/user155/user155.json,idx_19
noGesture,trainingSamples,raw_data/EMG-EPN612/testingJSON/user155/user155.json,idx_20
noGesture,trainingSamples,raw_data/EMG-EPN612/testingJSON/user155/user155.json,idx_21
noGesture,trainingSamples,raw_data/EMG-EPN612/testingJSON/user155/user155.json,idx_22
noGesture,trainingSamples,raw_data/EMG-EPN612/testingJSON/user155/user155.json,idx_23
noGesture,trainingSamples,raw_data/EMG-EPN612/testingJSON/user155/user155.json,idx_24
noGesture,trainingSamples,raw_data/EMG-EPN612/testingJSON/user155/user155.json,idx_25
waveIn,trainingSamples,raw_data/EMG-EPN612/testingJSON/user155/user155.json,idx_26
waveIn,trainingSamples,raw_data/EMG-EPN612/testingJSON/user155/user155.json,idx_27
waveIn,trainingSamples,raw_data/EMG-EPN612/testingJSON/user155/user155.json,idx_28
waveIn,trainingSamples,raw_data/EMG-EPN612/testingJSON/user155/user155.json,idx_29
waveIn,trainingSamples,raw_data/EMG-EPN612/testingJSON/user155/user155.json,idx_30
waveIn,trainingSamples,raw_data/EMG-EPN612/testingJSON/user155/user155.json,idx_31
waveIn,trainingSamples,raw_data/EMG-EPN612/testingJSON/user155/user155.json,idx_32
waveIn,trainingSamples,raw_data/EMG-EPN612/testingJSON/user155/user155.json,idx_33
waveIn,trainingSamples,raw_data/EMG-EPN612/testingJSON/user155/user155.json,idx_34
waveIn,trainingSamples,raw_data/EMG-EPN612/testingJSON/user155/user155.json,idx_35
waveIn,trainingSamples,raw_data/EMG-EPN612/testingJSON/user155/user155.json,idx_36
waveIn,trainingSamples,raw_data/EMG-EPN612/testingJSON/user155/user155.json,idx_37
waveIn,trainingSamples,raw_data/EMG-EPN612/testingJSON/user155/user155.json,idx_38
waveIn,trainingSamples,raw_data/EMG-EPN612/testingJSON/user155/user155.json,idx_39
waveIn,trainingSamples,raw_data/EMG-EPN612/testingJSON/user155/user155.json,idx_40
waveIn,trainingSamples,raw_data/EMG-EPN612/testingJSON/user155/user155.json,idx_41
waveIn,trainingSamples,raw_data/EMG-EPN612/testingJSON/user155/user155.json,idx_42
waveIn,trainingSamples,raw_data/EMG-EPN612/testingJSON/user155/user155.json,idx_43
waveIn,trainingSamples,raw_data/EMG-EPN612/testingJSON/user155/user155.json,idx_44
waveIn,trainingSamples,raw_data/EMG-EPN612/testingJSON/user155/user155.json,idx_45
waveIn,trainingSamples,raw_data/EMG-EPN612/testingJSON/user155/user155.json,idx_46
waveIn,trainingSamples,raw_data/EMG-EPN612/testingJSON/user155/user155.json,idx_47
waveIn,trainingSamples,raw_data/EMG-EPN612/testingJSON/user155/user155.json,idx_48
waveIn,trainingSamples,raw_data/EMG-EPN612/testingJSON/user155/user155.json,idx_49
waveIn,trainingSamples,raw_data/EMG-EPN612/testingJSON/user155/user155.json,idx_50
fist,trainingSamples,raw_data/EMG-EPN612/testingJSON/user155/user155.json,idx_51
fist,trainingSamples,raw_data/EMG-EPN612/testingJSON/user155/user155.json,idx_52
fist,trainingSamples,raw_data/EMG-EPN612/testingJSON/user155/user155.json,idx_53
fist,trainingSamples,raw_data/EMG-EPN612/testingJSON/user155/user155.json,idx_54
fist,trainingSamples,raw_data/EMG-EPN612/testingJSON/user155/user155.json,idx_55
fist,trainingSamples,raw_data/EMG-EPN612/testingJSON/user155/user155.json,idx_56
fist,trainingSamples,raw_data/EMG-EPN612/testingJSON/user155/user155.json,idx_57
fist,trainingSamples,raw_data/EMG-EPN612/testingJSON/user155/user155.json,idx_58
fist,trainingSamples,raw_data/EMG-EPN612/testingJSON/user155/user155.json,idx_59
fist,trainingSamples,raw_data/EMG-EPN612/testingJSON/user155/user155.json,idx_60
fist,trainingSamples,raw_data/EMG-EPN612/testingJSON/user155/user155.json,idx_61
fist,trainingSamples,raw_data/EMG-EPN612/testingJSON/user155/user155.json,idx_62
fist,trainingSamples,raw_data/EMG-EPN612/testingJSON/user155/user155.json,idx_63
fist,trainingSamples,raw_data/EMG-EPN612/testingJSON/user155/user155.json,idx_64
fist,trainingSamples,raw_data/EMG-EPN612/testingJSON/user155/user155.json,idx_65
fist,trainingSamples,raw_data/EMG-EPN612/testingJSON/user155/user155.json,idx_66
fist,trainingSamples,raw_data/EMG-EPN612/testingJSON/user155/user155.json,idx_67
fist,trainingSamples,raw_data/EMG-EPN612/testingJSON/user155/user155.json,idx_68
fist,trainingSamples,raw_data/EMG-EPN612/testingJSON/user155/user155.json,idx_69
fist,trainingSamples,raw_data/EMG-EPN612/testingJSON/user155/user155.json,idx_70
fist,trainingSamples,raw_data/EMG-EPN612/testingJSON/user155/user155.json,idx_71
fist,trainingSamples,raw_data/EMG-EPN612/testingJSON/user155/user155.json,idx_72
fist,trainingSamples,raw_data/EMG-EPN612/testingJSON/user155/user155.json,idx_73
fist,trainingSamples,raw_data/EMG-EPN612/testingJSON/user155/user155.json,idx_74
fist,trainingSamples,raw_data/EMG-EPN612/testingJSON/user155/user155.json,idx_75
pinch,trainingSamples,raw_data/EMG-EPN612/testingJSON/user155/user155.json,idx_76
pinch,trainingSamples,raw_data/EMG-EPN612/testingJSON/user155/user155.json,idx_77
pinch,trainingSamples,raw_data/EMG-EPN612/testingJSON/user155/user155.json,idx_78
pinch,trainingSamples,raw_data/EMG-EPN612/testingJSON/user155/user155.json,idx_79
pinch,trainingSamples,raw_data/EMG-EPN612/testingJSON/user155/user155.json,idx_80
pinch,trainingSamples,raw_data/EMG-EPN612/testingJSON/user155/user155.json,idx_81
pinch,trainingSamples,raw_data/EMG-EPN612/testingJSON/user155/user155.json,idx_82
pinch,trainingSamples,raw_data/EMG-EPN612/testingJSON/user155/user155.json,idx_83
pinch,trainingSamples,raw_data/EMG-EPN612/testingJSON/user155/user155.json,idx_84
pinch,trainingSamples,raw_data/EMG-EPN612/testingJSON/user155/user155.json,idx_85
pinch,trainingSamples,raw_data/EMG-EPN612/testingJSON/user155/user155.json,idx_86
pinch,trainingSamples,raw_data/EMG-EPN612/testingJSON/user155/user155.json,idx_87
pinch,trainingSamples,raw_data/EMG-EPN612/testingJSON/user155/user155.json,idx_88
pinch,trainingSamples,raw_data/EMG-EPN612/testingJSON/user155/user155.json,idx_89
pinch,trainingSamples,raw_data/EMG-EPN612/testingJSON/user155/user155.json,idx_90
pinch,trainingSamples,raw_data/EMG-EPN612/testingJSON/user155/user155.json,idx_91
pinch,trainingSamples,raw_data/EMG-EPN612/testingJSON/user155/user155.json,idx_92
pinch,trainingSamples,raw_data/EMG-EPN612/testingJSON/user155/user155.json,idx_93
pinch,trainingSamples,raw_data/EMG-EPN612/testingJSON/user155/user155.json,idx_94
pinch,trainingSamples,raw_data/EMG-EPN612/testingJSON/user155/user155.json,idx_95
pinch,trainingSamples,raw_data/EMG-EPN612/testingJSON/user155/user155.json,idx_96
pinch,trainingSamples,raw_data/EMG-EPN612/testingJSON/user155/user155.json,idx_97
pinch,trainingSamples,raw_data/EMG-EPN612/testingJSON/user155/user155.json,idx_98
pinch,trainingSamples,raw_data/EMG-EPN612/testingJSON/user155/user155.json,idx_99
pinch,trainingSamples,raw_data/EMG-EPN612/testingJSON/user155/user155.json,idx_100
waveOut,trainingSamples,raw_data/EMG-EPN612/testingJSON/user155/user155.json,idx_101
waveOut,trainingSamples,raw_data/EMG-EPN612/testingJSON/user155/user155.json,idx_102
waveOut,trainingSamples,raw_data/EMG-EPN612/testingJSON/user155/user155.json,idx_103
waveOut,trainingSamples,raw_data/EMG-EPN612/testingJSON/user155/user155.json,idx_104
waveOut,trainingSamples,raw_data/EMG-EPN612/testingJSON/user155/user155.json,idx_105
waveOut,trainingSamples,raw_data/EMG-EPN612/testingJSON/user155/user155.json,idx_106
waveOut,trainingSamples,raw_data/EMG-EPN612/testingJSON/user155/user155.json,idx_107
waveOut,trainingSamples,raw_data/EMG-EPN612/testingJSON/user155/user155.json,idx_108
waveOut,trainingSamples,raw_data/EMG-EPN612/testingJSON/user155/user155.json,idx_109
waveOut,trainingSamples,raw_data/EMG-EPN612/testingJSON/user155/user155.json,idx_110
waveOut,trainingSamples,raw_data/EMG-EPN612/testingJSON/user155/user155.json,idx_111
waveOut,trainingSamples,raw_data/EMG-EPN612/testingJSON/user155/user155.json,idx_112
waveOut,trainingSamples,raw_data/EMG-EPN612/testingJSON/user155/user155.json,idx_113
waveOut,trainingSamples,raw_data/EMG-EPN612/testingJSON/user155/user155.json,idx_114
waveOut,trainingSamples,raw_data/EMG-EPN612/testingJSON/user155/user155.json,idx_115
waveOut,trainingSamples,raw_data/EMG-EPN612/testingJSON/user155/user155.json,idx_116
waveOut,trainingSamples,raw_data/EMG-EPN612/testingJSON/user155/user155.json,idx_117
waveOut,trainingSamples,raw_data/EMG-EPN612/testingJSON/user155/user155.json,idx_118
waveOut,trainingSamples,raw_data/EMG-EPN612/testingJSON/user155/user155.json,idx_119
waveOut,trainingSamples,raw_data/EMG-EPN612/testingJSON/user155/user155.json,idx_120
waveOut,trainingSamples,raw_data/EMG-EPN612/testingJSON/user155/user155.json,idx_121
waveOut,trainingSamples,raw_data/EMG-EPN612/testingJSON/user155/user155.json,idx_122
waveOut,trainingSamples,raw_data/EMG-EPN612/testingJSON/user155/user155.json,idx_123
waveOut,trainingSamples,raw_data/EMG-EPN612/testingJSON/user155/user155.json,idx_124
waveOut,trainingSamples,raw_data/EMG-EPN612/testingJSON/user155/user155.json,idx_125
open,trainingSamples,raw_data/EMG-EPN612/testingJSON/user155/user155.json,idx_126
open,trainingSamples,raw_data/EMG-EPN612/testingJSON/user155/user155.json,idx_127
open,trainingSamples,raw_data/EMG-EPN612/testingJSON/user155/user155.json,idx_128
open,trainingSamples,raw_data/EMG-EPN612/testingJSON/user155/user155.json,idx_129
open,trainingSamples,raw_data/EMG-EPN612/testingJSON/user155/user155.json,idx_130
open,trainingSamples,raw_data/EMG-EPN612/testingJSON/user155/user155.json,idx_131
open,trainingSamples,raw_data/EMG-EPN612/testingJSON/user155/user155.json,idx_132
open,trainingSamples,raw_data/EMG-EPN612/testingJSON/user155/user155.json,idx_133
open,trainingSamples,raw_data/EMG-EPN612/testingJSON/user155/user155.json,idx_134
open,trainingSamples,raw_data/EMG-EPN612/testingJSON/user155/user155.json,idx_135
open,trainingSamples,raw_data/EMG-EPN612/testingJSON/user155/user155.json,idx_136
open,trainingSamples,raw_data/EMG-EPN612/testingJSON/user155/user155.json,idx_137
open,trainingSamples,raw_data/EMG-EPN612/testingJSON/user155/user155.json,idx_138
open,trainingSamples,raw_data/EMG-EPN612/testingJSON/user155/user155.json,idx_139
open,trainingSamples,raw_data/EMG-EPN612/testingJSON/user155/user155.json,idx_140
open,trainingSamples,raw_data/EMG-EPN612/testingJSON/user155/user155.json,idx_141
open,trainingSamples,raw_data/EMG-EPN612/testingJSON/user155/user155.json,idx_142
open,trainingSamples,raw_data/EMG-EPN612/testingJSON/user155/user155.json,idx_143
open,trainingSamples,raw_data/EMG-EPN612/testingJSON/user155/user155.json,idx_144
open,trainingSamples,raw_data/EMG-EPN612/testingJSON/user155/user155.json,idx_145
open,trainingSamples,raw_data/EMG-EPN612/testingJSON/user155/user155.json,idx_146
open,trainingSamples,raw_data/EMG-EPN612/testingJSON/user155/user155.json,idx_147
open,trainingSamples,raw_data/EMG-EPN612/testingJSON/user155/user155.json,idx_148
open,trainingSamples,raw_data/EMG-EPN612/testingJSON/user155/user155.json,idx_149
open,trainingSamples,raw_data/EMG-EPN612/testingJSON/user155/user155.json,idx_150
noGesture,trainingSamples,raw_data/EMG-EPN612/testingJSON/user156/user156.json,idx_1
noGesture,trainingSamples,raw_data/EMG-EPN612/testingJSON/user156/user156.json,idx_2
noGesture,trainingSamples,raw_data/EMG-EPN612/testingJSON/user156/user156.json,idx_3
noGesture,trainingSamples,raw_data/EMG-EPN612/testingJSON/user156/user156.json,idx_4
noGesture,trainingSamples,raw_data/EMG-EPN612/testingJSON/user156/user156.json,idx_5
noGesture,trainingSamples,raw_data/EMG-EPN612/testingJSON/user156/user156.json,idx_6
noGesture,trainingSamples,raw_data/EMG-EPN612/testingJSON/user156/user156.json,idx_7
noGesture,trainingSamples,raw_data/EMG-EPN612/testingJSON/user156/user156.json,idx_8
noGesture,trainingSamples,raw_data/EMG-EPN612/testingJSON/user156/user156.json,idx_9
noGesture,trainingSamples,raw_data/EMG-EPN612/testingJSON/user156/user156.json,idx_10
noGesture,trainingSamples,raw_data/EMG-EPN612/testingJSON/user156/user156.json,idx_11
noGesture,trainingSamples,raw_data/EMG-EPN612/testingJSON/user156/user156.json,idx_12
noGesture,trainingSamples,raw_data/EMG-EPN612/testingJSON/user156/user156.json,idx_13
noGesture,trainingSamples,raw_data/EMG-EPN612/testingJSON/user156/user156.json,idx_14
noGesture,trainingSamples,raw_data/EMG-EPN612/testingJSON/user156/user156.json,idx_15
noGesture,trainingSamples,raw_data/EMG-EPN612/testingJSON/user156/user156.json,idx_16
noGesture,trainingSamples,raw_data/EMG-EPN612/testingJSON/user156/user156.json,idx_17
noGesture,trainingSamples,raw_data/EMG-EPN612/testingJSON/user156/user156.json,idx_18
noGesture,trainingSamples,raw_data/EMG-EPN612/testingJSON/user156/user156.json,idx_19
noGesture,trainingSamples,raw_data/EMG-EPN612/testingJSON/user156/user156.json,idx_20
noGesture,trainingSamples,raw_data/EMG-EPN612/testingJSON/user156/user156.json,idx_21
noGesture,trainingSamples,raw_data/EMG-EPN612/testingJSON/user156/user156.json,idx_22
noGesture,trainingSamples,raw_data/EMG-EPN612/testingJSON/user156/user156.json,idx_23
noGesture,trainingSamples,raw_data/EMG-EPN612/testingJSON/user156/user156.json,idx_24
noGesture,trainingSamples,raw_data/EMG-EPN612/testingJSON/user156/user156.json,idx_25
waveOut,trainingSamples,raw_data/EMG-EPN612/testingJSON/user156/user156.json,idx_26
waveOut,trainingSamples,raw_data/EMG-EPN612/testingJSON/user156/user156.json,idx_27
waveOut,trainingSamples,raw_data/EMG-EPN612/testingJSON/user156/user156.json,idx_28
waveOut,trainingSamples,raw_data/EMG-EPN612/testingJSON/user156/user156.json,idx_29
waveOut,trainingSamples,raw_data/EMG-EPN612/testingJSON/user156/user156.json,idx_30
waveOut,trainingSamples,raw_data/EMG-EPN612/testingJSON/user156/user156.json,idx_31
waveOut,trainingSamples,raw_data/EMG-EPN612/testingJSON/user156/user156.json,idx_32
waveOut,trainingSamples,raw_data/EMG-EPN612/testingJSON/user156/user156.json,idx_33
waveOut,trainingSamples,raw_data/EMG-EPN612/testingJSON/user156/user156.json,idx_34
waveOut,trainingSamples,raw_data/EMG-EPN612/testingJSON/user156/user156.json,idx_35
waveOut,trainingSamples,raw_data/EMG-EPN612/testingJSON/user156/user156.json,idx_36
waveOut,trainingSamples,raw_data/EMG-EPN612/testingJSON/user156/user156.json,idx_37
waveOut,trainingSamples,raw_data/EMG-EPN612/testingJSON/user156/user156.json,idx_38
waveOut,trainingSamples,raw_data/EMG-EPN612/testingJSON/user156/user156.json,idx_39
waveOut,trainingSamples,raw_data/EMG-EPN612/testingJSON/user156/user156.json,idx_40
waveOut,trainingSamples,raw_data/EMG-EPN612/testingJSON/user156/user156.json,idx_41
waveOut,trainingSamples,raw_data/EMG-EPN612/testingJSON/user156/user156.json,idx_42
waveOut,trainingSamples,raw_data/EMG-EPN612/testingJSON/user156/user156.json,idx_43
waveOut,trainingSamples,raw_data/EMG-EPN612/testingJSON/user156/user156.json,idx_44
waveOut,trainingSamples,raw_data/EMG-EPN612/testingJSON/user156/user156.json,idx_45
waveOut,trainingSamples,raw_data/EMG-EPN612/testingJSON/user156/user156.json,idx_46
waveOut,trainingSamples,raw_data/EMG-EPN612/testingJSON/user156/user156.json,idx_47
waveOut,trainingSamples,raw_data/EMG-EPN612/testingJSON/user156/user156.json,idx_48
waveOut,trainingSamples,raw_data/EMG-EPN612/testingJSON/user156/user156.json,idx_49
waveOut,trainingSamples,raw_data/EMG-EPN612/testingJSON/user156/user156.json,idx_50
pinch,trainingSamples,raw_data/EMG-EPN612/testingJSON/user156/user156.json,idx_51
pinch,trainingSamples,raw_data/EMG-EPN612/testingJSON/user156/user156.json,idx_52
pinch,trainingSamples,raw_data/EMG-EPN612/testingJSON/user156/user156.json,idx_53
pinch,trainingSamples,raw_data/EMG-EPN612/testingJSON/user156/user156.json,idx_54
pinch,trainingSamples,raw_data/EMG-EPN612/testingJSON/user156/user156.json,idx_55
pinch,trainingSamples,raw_data/EMG-EPN612/testingJSON/user156/user156.json,idx_56
pinch,trainingSamples,raw_data/EMG-EPN612/testingJSON/user156/user156.json,idx_57
pinch,trainingSamples,raw_data/EMG-EPN612/testingJSON/user156/user156.json,idx_58
pinch,trainingSamples,raw_data/EMG-EPN612/testingJSON/user156/user156.json,idx_59
pinch,trainingSamples,raw_data/EMG-EPN612/testingJSON/user156/user156.json,idx_60
pinch,trainingSamples,raw_data/EMG-EPN612/testingJSON/user156/user156.json,idx_61
pinch,trainingSamples,raw_data/EMG-EPN612/testingJSON/user156/user156.json,idx_62
pinch,trainingSamples,raw_data/EMG-EPN612/testingJSON/user156/user156.json,idx_63
pinch,trainingSamples,raw_data/EMG-EPN612/testingJSON/user156/user156.json,idx_64
pinch,trainingSamples,raw_data/EMG-EPN612/testingJSON/user156/user156.json,idx_65
pinch,trainingSamples,raw_data/EMG-EPN612/testingJSON/user156/user156.json,idx_66
pinch,trainingSamples,raw_data/EMG-EPN612/testingJSON/user156/user156.json,idx_67
pinch,trainingSamples,raw_data/EMG-EPN612/testingJSON/user156/user156.json,idx_68
pinch,trainingSamples,raw_data/EMG-EPN612/testingJSON/user156/user156.json,idx_69
pinch,trainingSamples,raw_data/EMG-EPN612/testingJSON/user156/user156.json,idx_70
pinch,trainingSamples,raw_data/EMG-EPN612/testingJSON/user156/user156.json,idx_71
pinch,trainingSamples,raw_data/EMG-EPN612/testingJSON/user156/user156.json,idx_72
pinch,trainingSamples,raw_data/EMG-EPN612/testingJSON/user156/user156.json,idx_73
pinch,trainingSamples,raw_data/EMG-EPN612/testingJSON/user156/user156.json,idx_74
pinch,trainingSamples,raw_data/EMG-EPN612/testingJSON/user156/user156.json,idx_75
fist,trainingSamples,raw_data/EMG-EPN612/testingJSON/user156/user156.json,idx_76
fist,trainingSamples,raw_data/EMG-EPN612/testingJSON/user156/user156.json,idx_77
fist,trainingSamples,raw_data/EMG-EPN612/testingJSON/user156/user156.json,idx_78
fist,trainingSamples,raw_data/EMG-EPN612/testingJSON/user156/user156.json,idx_79
fist,trainingSamples,raw_data/EMG-EPN612/testingJSON/user156/user156.json,idx_80
fist,trainingSamples,raw_data/EMG-EPN612/testingJSON/user156/user156.json,idx_81
fist,trainingSamples,raw_data/EMG-EPN612/testingJSON/user156/user156.json,idx_82
fist,trainingSamples,raw_data/EMG-EPN612/testingJSON/user156/user156.json,idx_83
fist,trainingSamples,raw_data/EMG-EPN612/testingJSON/user156/user156.json,idx_84
fist,trainingSamples,raw_data/EMG-EPN612/testingJSON/user156/user156.json,idx_85
fist,trainingSamples,raw_data/EMG-EPN612/testingJSON/user156/user156.json,idx_86
fist,trainingSamples,raw_data/EMG-EPN612/testingJSON/user156/user156.json,idx_87
fist,trainingSamples,raw_data/EMG-EPN612/testingJSON/user156/user156.json,idx_88
fist,trainingSamples,raw_data/EMG-EPN612/testingJSON/user156/user156.json,idx_89
fist,trainingSamples,raw_data/EMG-EPN612/testingJSON/user156/user156.json,idx_90
fist,trainingSamples,raw_data/EMG-EPN612/testingJSON/user156/user156.json,idx_91
fist,trainingSamples,raw_data/EMG-EPN612/testingJSON/user156/user156.json,idx_92
fist,trainingSamples,raw_data/EMG-EPN612/testingJSON/user156/user156.json,idx_93
fist,trainingSamples,raw_data/EMG-EPN612/testingJSON/user156/user156.json,idx_94
fist,trainingSamples,raw_data/EMG-EPN612/testingJSON/user156/user156.json,idx_95
fist,trainingSamples,raw_data/EMG-EPN612/testingJSON/user156/user156.json,idx_96
fist,trainingSamples,raw_data/EMG-EPN612/testingJSON/user156/user156.json,idx_97
fist,trainingSamples,raw_data/EMG-EPN612/testingJSON/user156/user156.json,idx_98
fist,trainingSamples,raw_data/EMG-EPN612/testingJSON/user156/user156.json,idx_99
fist,trainingSamples,raw_data/EMG-EPN612/testingJSON/user156/user156.json,idx_100
waveIn,trainingSamples,raw_data/EMG-EPN612/testingJSON/user156/user156.json,idx_101
waveIn,trainingSamples,raw_data/EMG-EPN612/testingJSON/user156/user156.json,idx_102
waveIn,trainingSamples,raw_data/EMG-EPN612/testingJSON/user156/user156.json,idx_103
waveIn,trainingSamples,raw_data/EMG-EPN612/testingJSON/user156/user156.json,idx_104
waveIn,trainingSamples,raw_data/EMG-EPN612/testingJSON/user156/user156.json,idx_105
waveIn,trainingSamples,raw_data/EMG-EPN612/testingJSON/user156/user156.json,idx_106
waveIn,trainingSamples,raw_data/EMG-EPN612/testingJSON/user156/user156.json,idx_107
waveIn,trainingSamples,raw_data/EMG-EPN612/testingJSON/user156/user156.json,idx_108
waveIn,trainingSamples,raw_data/EMG-EPN612/testingJSON/user156/user156.json,idx_109
waveIn,trainingSamples,raw_data/EMG-EPN612/testingJSON/user156/user156.json,idx_110
waveIn,trainingSamples,raw_data/EMG-EPN612/testingJSON/user156/user156.json,idx_111
waveIn,trainingSamples,raw_data/EMG-EPN612/testingJSON/user156/user156.json,idx_112
waveIn,trainingSamples,raw_data/EMG-EPN612/testingJSON/user156/user156.json,idx_113
waveIn,trainingSamples,raw_data/EMG-EPN612/testingJSON/user156/user156.json,idx_114
waveIn,trainingSamples,raw_data/EMG-EPN612/testingJSON/user156/user156.json,idx_115
waveIn,trainingSamples,raw_data/EMG-EPN612/testingJSON/user156/user156.json,idx_116
waveIn,trainingSamples,raw_data/EMG-EPN612/testingJSON/user156/user156.json,idx_117
waveIn,trainingSamples,raw_data/EMG-EPN612/testingJSON/user156/user156.json,idx_118
waveIn,trainingSamples,raw_data/EMG-EPN612/testingJSON/user156/user156.json,idx_119
waveIn,trainingSamples,raw_data/EMG-EPN612/testingJSON/user156/user156.json,idx_120
waveIn,trainingSamples,raw_data/EMG-EPN612/testingJSON/user156/user156.json,idx_121
waveIn,trainingSamples,raw_data/EMG-EPN612/testingJSON/user156/user156.json,idx_122
waveIn,trainingSamples,raw_data/EMG-EPN612/testingJSON/user156/user156.json,idx_123
waveIn,trainingSamples,raw_data/EMG-EPN612/testingJSON/user156/user156.json,idx_124
waveIn,trainingSamples,raw_data/EMG-EPN612/testingJSON/user156/user156.json,idx_125
open,trainingSamples,raw_data/EMG-EPN612/testingJSON/user156/user156.json,idx_126
open,trainingSamples,raw_data/EMG-EPN612/testingJSON/user156/user156.json,idx_127
open,trainingSamples,raw_data/EMG-EPN612/testingJSON/user156/user156.json,idx_128
open,trainingSamples,raw_data/EMG-EPN612/testingJSON/user156/user156.json,idx_129
open,trainingSamples,raw_data/EMG-EPN612/testingJSON/user156/user156.json,idx_130
open,trainingSamples,raw_data/EMG-EPN612/testingJSON/user156/user156.json,idx_131
open,trainingSamples,raw_data/EMG-EPN612/testingJSON/user156/user156.json,idx_132
open,trainingSamples,raw_data/EMG-EPN612/testingJSON/user156/user156.json,idx_133
open,trainingSamples,raw_data/EMG-EPN612/testingJSON/user156/user156.json,idx_134
open,trainingSamples,raw_data/EMG-EPN612/testingJSON/user156/user156.json,idx_135
open,trainingSamples,raw_data/EMG-EPN612/testingJSON/user156/user156.json,idx_136
open,trainingSamples,raw_data/EMG-EPN612/testingJSON/user156/user156.json,idx_137
open,trainingSamples,raw_data/EMG-EPN612/testingJSON/user156/user156.json,idx_138
open,trainingSamples,raw_data/EMG-EPN612/testingJSON/user156/user156.json,idx_139
open,trainingSamples,raw_data/EMG-EPN612/testingJSON/user156/user156.json,idx_140
open,trainingSamples,raw_data/EMG-EPN612/testingJSON/user156/user156.json,idx_141
open,trainingSamples,raw_data/EMG-EPN612/testingJSON/user156/user156.json,idx_142
open,trainingSamples,raw_data/EMG-EPN612/testingJSON/user156/user156.json,idx_143
open,trainingSamples,raw_data/EMG-EPN612/testingJSON/user156/user156.json,idx_144
open,trainingSamples,raw_data/EMG-EPN612/testingJSON/user156/user156.json,idx_145
open,trainingSamples,raw_data/EMG-EPN612/testingJSON/user156/user156.json,idx_146
open,trainingSamples,raw_data/EMG-EPN612/testingJSON/user156/user156.json,idx_147
open,trainingSamples,raw_data/EMG-EPN612/testingJSON/user156/user156.json,idx_148
open,trainingSamples,raw_data/EMG-EPN612/testingJSON/user156/user156.json,idx_149
open,trainingSamples,raw_data/EMG-EPN612/testingJSON/user156/user156.json,idx_150
noGesture,trainingSamples,raw_data/EMG-EPN612/testingJSON/user157/user157.json,idx_1
noGesture,trainingSamples,raw_data/EMG-EPN612/testingJSON/user157/user157.json,idx_2
noGesture,trainingSamples,raw_data/EMG-EPN612/testingJSON/user157/user157.json,idx_3
noGesture,trainingSamples,raw_data/EMG-EPN612/testingJSON/user157/user157.json,idx_4
noGesture,trainingSamples,raw_data/EMG-EPN612/testingJSON/user157/user157.json,idx_5
noGesture,trainingSamples,raw_data/EMG-EPN612/testingJSON/user157/user157.json,idx_6
noGesture,trainingSamples,raw_data/EMG-EPN612/testingJSON/user157/user157.json,idx_7
noGesture,trainingSamples,raw_data/EMG-EPN612/testingJSON/user157/user157.json,idx_8
noGesture,trainingSamples,raw_data/EMG-EPN612/testingJSON/user157/user157.json,idx_9
noGesture,trainingSamples,raw_data/EMG-EPN612/testingJSON/user157/user157.json,idx_10
noGesture,trainingSamples,raw_data/EMG-EPN612/testingJSON/user157/user157.json,idx_11
noGesture,trainingSamples,raw_data/EMG-EPN612/testingJSON/user157/user157.json,idx_12
noGesture,trainingSamples,raw_data/EMG-EPN612/testingJSON/user157/user157.json,idx_13
noGesture,trainingSamples,raw_data/EMG-EPN612/testingJSON/user157/user157.json,idx_14
noGesture,trainingSamples,raw_data/EMG-EPN612/testingJSON/user157/user157.json,idx_15
noGesture,trainingSamples,raw_data/EMG-EPN612/testingJSON/user157/user157.json,idx_16
noGesture,trainingSamples,raw_data/EMG-EPN612/testingJSON/user157/user157.json,idx_17
noGesture,trainingSamples,raw_data/EMG-EPN612/testingJSON/user157/user157.json,idx_18
noGesture,trainingSamples,raw_data/EMG-EPN612/testingJSON/user157/user157.json,idx_19
noGesture,trainingSamples,raw_data/EMG-EPN612/testingJSON/user157/user157.json,idx_20
noGesture,trainingSamples,raw_data/EMG-EPN612/testingJSON/user157/user157.json,idx_21
noGesture,trainingSamples,raw_data/EMG-EPN612/testingJSON/user157/user157.json,idx_22
noGesture,trainingSamples,raw_data/EMG-EPN612/testingJSON/user157/user157.json,idx_23
noGesture,trainingSamples,raw_data/EMG-EPN612/testingJSON/user157/user157.json,idx_24
noGesture,trainingSamples,raw_data/EMG-EPN612/testingJSON/user157/user157.json,idx_25
waveOut,trainingSamples,raw_data/EMG-EPN612/testingJSON/user157/user157.json,idx_26
waveOut,trainingSamples,raw_data/EMG-EPN612/testingJSON/user157/user157.json,idx_27
waveOut,trainingSamples,raw_data/EMG-EPN612/testingJSON/user157/user157.json,idx_28
waveOut,trainingSamples,raw_data/EMG-EPN612/testingJSON/user157/user157.json,idx_29
waveOut,trainingSamples,raw_data/EMG-EPN612/testingJSON/user157/user157.json,idx_30
waveOut,trainingSamples,raw_data/EMG-EPN612/testingJSON/user157/user157.json,idx_31
waveOut,trainingSamples,raw_data/EMG-EPN612/testingJSON/user157/user157.json,idx_32
waveOut,trainingSamples,raw_data/EMG-EPN612/testingJSON/user157/user157.json,idx_33
waveOut,trainingSamples,raw_data/EMG-EPN612/testingJSON/user157/user157.json,idx_34
waveOut,trainingSamples,raw_data/EMG-EPN612/testingJSON/user157/user157.json,idx_35
waveOut,trainingSamples,raw_data/EMG-EPN612/testingJSON/user157/user157.json,idx_36
waveOut,trainingSamples,raw_data/EMG-EPN612/testingJSON/user157/user157.json,idx_37
waveOut,trainingSamples,raw_data/EMG-EPN612/testingJSON/user157/user157.json,idx_38
waveOut,trainingSamples,raw_data/EMG-EPN612/testingJSON/user157/user157.json,idx_39
waveOut,trainingSamples,raw_data/EMG-EPN612/testingJSON/user157/user157.json,idx_40
waveOut,trainingSamples,raw_data/EMG-EPN612/testingJSON/user157/user157.json,idx_41
waveOut,trainingSamples,raw_data/EMG-EPN612/testingJSON/user157/user157.json,idx_42
waveOut,trainingSamples,raw_data/EMG-EPN612/testingJSON/user157/user157.json,idx_43
waveOut,trainingSamples,raw_data/EMG-EPN612/testingJSON/user157/user157.json,idx_44
waveOut,trainingSamples,raw_data/EMG-EPN612/testingJSON/user157/user157.json,idx_45
waveOut,trainingSamples,raw_data/EMG-EPN612/testingJSON/user157/user157.json,idx_46
waveOut,trainingSamples,raw_data/EMG-EPN612/testingJSON/user157/user157.json,idx_47
waveOut,trainingSamples,raw_data/EMG-EPN612/testingJSON/user157/user157.json,idx_48
waveOut,trainingSamples,raw_data/EMG-EPN612/testingJSON/user157/user157.json,idx_49
waveOut,trainingSamples,raw_data/EMG-EPN612/testingJSON/user157/user157.json,idx_50
pinch,trainingSamples,raw_data/EMG-EPN612/testingJSON/user157/user157.json,idx_51
pinch,trainingSamples,raw_data/EMG-EPN612/testingJSON/user157/user157.json,idx_52
pinch,trainingSamples,raw_data/EMG-EPN612/testingJSON/user157/user157.json,idx_53
pinch,trainingSamples,raw_data/EMG-EPN612/testingJSON/user157/user157.json,idx_54
pinch,trainingSamples,raw_data/EMG-EPN612/testingJSON/user157/user157.json,idx_55
pinch,trainingSamples,raw_data/EMG-EPN612/testingJSON/user157/user157.json,idx_56
pinch,trainingSamples,raw_data/EMG-EPN612/testingJSON/user157/user157.json,idx_57
pinch,trainingSamples,raw_data/EMG-EPN612/testingJSON/user157/user157.json,idx_58
pinch,trainingSamples,raw_data/EMG-EPN612/testingJSON/user157/user157.json,idx_59
pinch,trainingSamples,raw_data/EMG-EPN612/testingJSON/user157/user157.json,idx_60
pinch,trainingSamples,raw_data/EMG-EPN612/testingJSON/user157/user157.json,idx_61
pinch,trainingSamples,raw_data/EMG-EPN612/testingJSON/user157/user157.json,idx_62
pinch,trainingSamples,raw_data/EMG-EPN612/testingJSON/user157/user157.json,idx_63
pinch,trainingSamples,raw_data/EMG-EPN612/testingJSON/user157/user157.json,idx_64
pinch,trainingSamples,raw_data/EMG-EPN612/testingJSON/user157/user157.json,idx_65
pinch,trainingSamples,raw_data/EMG-EPN612/testingJSON/user157/user157.json,idx_66
pinch,trainingSamples,raw_data/EMG-EPN612/testingJSON/user157/user157.json,idx_67
pinch,trainingSamples,raw_data/EMG-EPN612/testingJSON/user157/user157.json,idx_68
pinch,trainingSamples,raw_data/EMG-EPN612/testingJSON/user157/user157.json,idx_69
pinch,trainingSamples,raw_data/EMG-EPN612/testingJSON/user157/user157.json,idx_70
pinch,trainingSamples,raw_data/EMG-EPN612/testingJSON/user157/user157.json,idx_71
pinch,trainingSamples,raw_data/EMG-EPN612/testingJSON/user157/user157.json,idx_72
pinch,trainingSamples,raw_data/EMG-EPN612/testingJSON/user157/user157.json,idx_73
pinch,trainingSamples,raw_data/EMG-EPN612/testingJSON/user157/user157.json,idx_74
pinch,trainingSamples,raw_data/EMG-EPN612/testingJSON/user157/user157.json,idx_75
fist,trainingSamples,raw_data/EMG-EPN612/testingJSON/user157/user157.json,idx_76
fist,trainingSamples,raw_data/EMG-EPN612/testingJSON/user157/user157.json,idx_77
fist,trainingSamples,raw_data/EMG-EPN612/testingJSON/user157/user157.json,idx_78
fist,trainingSamples,raw_data/EMG-EPN612/testingJSON/user157/user157.json,idx_79
fist,trainingSamples,raw_data/EMG-EPN612/testingJSON/user157/user157.json,idx_80
fist,trainingSamples,raw_data/EMG-EPN612/testingJSON/user157/user157.json,idx_81
fist,trainingSamples,raw_data/EMG-EPN612/testingJSON/user157/user157.json,idx_82
fist,trainingSamples,raw_data/EMG-EPN612/testingJSON/user157/user157.json,idx_83
fist,trainingSamples,raw_data/EMG-EPN612/testingJSON/user157/user157.json,idx_84
fist,trainingSamples,raw_data/EMG-EPN612/testingJSON/user157/user157.json,idx_85
fist,trainingSamples,raw_data/EMG-EPN612/testingJSON/user157/user157.json,idx_86
fist,trainingSamples,raw_data/EMG-EPN612/testingJSON/user157/user157.json,idx_87
fist,trainingSamples,raw_data/EMG-EPN612/testingJSON/user157/user157.json,idx_88
fist,trainingSamples,raw_data/EMG-EPN612/testingJSON/user157/user157.json,idx_89
fist,trainingSamples,raw_data/EMG-EPN612/testingJSON/user157/user157.json,idx_90
fist,trainingSamples,raw_data/EMG-EPN612/testingJSON/user157/user157.json,idx_91
fist,trainingSamples,raw_data/EMG-EPN612/testingJSON/user157/user157.json,idx_92
fist,trainingSamples,raw_data/EMG-EPN612/testingJSON/user157/user157.json,idx_93
fist,trainingSamples,raw_data/EMG-EPN612/testingJSON/user157/user157.json,idx_94
fist,trainingSamples,raw_data/EMG-EPN612/testingJSON/user157/user157.json,idx_95
fist,trainingSamples,raw_data/EMG-EPN612/testingJSON/user157/user157.json,idx_96
fist,trainingSamples,raw_data/EMG-EPN612/testingJSON/user157/user157.json,idx_97
fist,trainingSamples,raw_data/EMG-EPN612/testingJSON/user157/user157.json,idx_98
fist,trainingSamples,raw_data/EMG-EPN612/testingJSON/user157/user157.json,idx_99
fist,trainingSamples,raw_data/EMG-EPN612/testingJSON/user157/user157.json,idx_100
waveIn,trainingSamples,raw_data/EMG-EPN612/testingJSON/user157/user157.json,idx_101
waveIn,trainingSamples,raw_data/EMG-EPN612/testingJSON/user157/user157.json,idx_102
waveIn,trainingSamples,raw_data/EMG-EPN612/testingJSON/user157/user157.json,idx_103
waveIn,trainingSamples,raw_data/EMG-EPN612/testingJSON/user157/user157.json,idx_104
waveIn,trainingSamples,raw_data/EMG-EPN612/testingJSON/user157/user157.json,idx_105
waveIn,trainingSamples,raw_data/EMG-EPN612/testingJSON/user157/user157.json,idx_106
waveIn,trainingSamples,raw_data/EMG-EPN612/testingJSON/user157/user157.json,idx_107
waveIn,trainingSamples,raw_data/EMG-EPN612/testingJSON/user157/user157.json,idx_108
waveIn,trainingSamples,raw_data/EMG-EPN612/testingJSON/user157/user157.json,idx_109
waveIn,trainingSamples,raw_data/EMG-EPN612/testingJSON/user157/user157.json,idx_110
waveIn,trainingSamples,raw_data/EMG-EPN612/testingJSON/user157/user157.json,idx_111
waveIn,trainingSamples,raw_data/EMG-EPN612/testingJSON/user157/user157.json,idx_112
waveIn,trainingSamples,raw_data/EMG-EPN612/testingJSON/user157/user157.json,idx_113
waveIn,trainingSamples,raw_data/EMG-EPN612/testingJSON/user157/user157.json,idx_114
waveIn,trainingSamples,raw_data/EMG-EPN612/testingJSON/user157/user157.json,idx_115
waveIn,trainingSamples,raw_data/EMG-EPN612/testingJSON/user157/user157.json,idx_116
waveIn,trainingSamples,raw_data/EMG-EPN612/testingJSON/user157/user157.json,idx_117
waveIn,trainingSamples,raw_data/EMG-EPN612/testingJSON/user157/user157.json,idx_118
waveIn,trainingSamples,raw_data/EMG-EPN612/testingJSON/user157/user157.json,idx_119
waveIn,trainingSamples,raw_data/EMG-EPN612/testingJSON/user157/user157.json,idx_120
waveIn,trainingSamples,raw_data/EMG-EPN612/testingJSON/user157/user157.json,idx_121
waveIn,trainingSamples,raw_data/EMG-EPN612/testingJSON/user157/user157.json,idx_122
waveIn,trainingSamples,raw_data/EMG-EPN612/testingJSON/user157/user157.json,idx_123
waveIn,trainingSamples,raw_data/EMG-EPN612/testingJSON/user157/user157.json,idx_124
waveIn,trainingSamples,raw_data/EMG-EPN612/testingJSON/user157/user157.json,idx_125
open,trainingSamples,raw_data/EMG-EPN612/testingJSON/user157/user157.json,idx_126
open,trainingSamples,raw_data/EMG-EPN612/testingJSON/user157/user157.json,idx_127
open,trainingSamples,raw_data/EMG-EPN612/testingJSON/user157/user157.json,idx_128
open,trainingSamples,raw_data/EMG-EPN612/testingJSON/user157/user157.json,idx_129
open,trainingSamples,raw_data/EMG-EPN612/testingJSON/user157/user157.json,idx_130
open,trainingSamples,raw_data/EMG-EPN612/testingJSON/user157/user157.json,idx_131
open,trainingSamples,raw_data/EMG-EPN612/testingJSON/user157/user157.json,idx_132
open,trainingSamples,raw_data/EMG-EPN612/testingJSON/user157/user157.json,idx_133
open,trainingSamples,raw_data/EMG-EPN612/testingJSON/user157/user157.json,idx_134
open,trainingSamples,raw_data/EMG-EPN612/testingJSON/user157/user157.json,idx_135
open,trainingSamples,raw_data/EMG-EPN612/testingJSON/user157/user157.json,idx_136
open,trainingSamples,raw_data/EMG-EPN612/testingJSON/user157/user157.json,idx_137
open,trainingSamples,raw_data/EMG-EPN612/testingJSON/user157/user157.json,idx_138
open,trainingSamples,raw_data/EMG-EPN612/testingJSON/user157/user157.json,idx_139
open,trainingSamples,raw_data/EMG-EPN612/testingJSON/user157/user157.json,idx_140
open,trainingSamples,raw_data/EMG-EPN612/testingJSON/user157/user157.json,idx_141
open,trainingSamples,raw_data/EMG-EPN612/testingJSON/user157/user157.json,idx_142
open,trainingSamples,raw_data/EMG-EPN612/testingJSON/user157/user157.json,idx_143
open,trainingSamples,raw_data/EMG-EPN612/testingJSON/user157/user157.json,idx_144
open,trainingSamples,raw_data/EMG-EPN612/testingJSON/user157/user157.json,idx_145
open,trainingSamples,raw_data/EMG-EPN612/testingJSON/user157/user157.json,idx_146
open,trainingSamples,raw_data/EMG-EPN612/testingJSON/user157/user157.json,idx_147
open,trainingSamples,raw_data/EMG-EPN612/testingJSON/user157/user157.json,idx_148
open,trainingSamples,raw_data/EMG-EPN612/testingJSON/user157/user157.json,idx_149
open,trainingSamples,raw_data/EMG-EPN612/testingJSON/user157/user157.json,idx_150
noGesture,trainingSamples,raw_data/EMG-EPN612/testingJSON/user158/user158.json,idx_1
noGesture,trainingSamples,raw_data/EMG-EPN612/testingJSON/user158/user158.json,idx_2
noGesture,trainingSamples,raw_data/EMG-EPN612/testingJSON/user158/user158.json,idx_3
noGesture,trainingSamples,raw_data/EMG-EPN612/testingJSON/user158/user158.json,idx_4
noGesture,trainingSamples,raw_data/EMG-EPN612/testingJSON/user158/user158.json,idx_5
noGesture,trainingSamples,raw_data/EMG-EPN612/testingJSON/user158/user158.json,idx_6
noGesture,trainingSamples,raw_data/EMG-EPN612/testingJSON/user158/user158.json,idx_7
noGesture,trainingSamples,raw_data/EMG-EPN612/testingJSON/user158/user158.json,idx_8
noGesture,trainingSamples,raw_data/EMG-EPN612/testingJSON/user158/user158.json,idx_9
noGesture,trainingSamples,raw_data/EMG-EPN612/testingJSON/user158/user158.json,idx_10
noGesture,trainingSamples,raw_data/EMG-EPN612/testingJSON/user158/user158.json,idx_11
noGesture,trainingSamples,raw_data/EMG-EPN612/testingJSON/user158/user158.json,idx_12
noGesture,trainingSamples,raw_data/EMG-EPN612/testingJSON/user158/user158.json,idx_13
noGesture,trainingSamples,raw_data/EMG-EPN612/testingJSON/user158/user158.json,idx_14
noGesture,trainingSamples,raw_data/EMG-EPN612/testingJSON/user158/user158.json,idx_15
noGesture,trainingSamples,raw_data/EMG-EPN612/testingJSON/user158/user158.json,idx_16
noGesture,trainingSamples,raw_data/EMG-EPN612/testingJSON/user158/user158.json,idx_17
noGesture,trainingSamples,raw_data/EMG-EPN612/testingJSON/user158/user158.json,idx_18
noGesture,trainingSamples,raw_data/EMG-EPN612/testingJSON/user158/user158.json,idx_19
noGesture,trainingSamples,raw_data/EMG-EPN612/testingJSON/user158/user158.json,idx_20
noGesture,trainingSamples,raw_data/EMG-EPN612/testingJSON/user158/user158.json,idx_21
noGesture,trainingSamples,raw_data/EMG-EPN612/testingJSON/user158/user158.json,idx_22
noGesture,trainingSamples,raw_data/EMG-EPN612/testingJSON/user158/user158.json,idx_23
noGesture,trainingSamples,raw_data/EMG-EPN612/testingJSON/user158/user158.json,idx_24
noGesture,trainingSamples,raw_data/EMG-EPN612/testingJSON/user158/user158.json,idx_25
waveOut,trainingSamples,raw_data/EMG-EPN612/testingJSON/user158/user158.json,idx_26
waveOut,trainingSamples,raw_data/EMG-EPN612/testingJSON/user158/user158.json,idx_27
waveOut,trainingSamples,raw_data/EMG-EPN612/testingJSON/user158/user158.json,idx_28
waveOut,trainingSamples,raw_data/EMG-EPN612/testingJSON/user158/user158.json,idx_29
waveOut,trainingSamples,raw_data/EMG-EPN612/testingJSON/user158/user158.json,idx_30
waveOut,trainingSamples,raw_data/EMG-EPN612/testingJSON/user158/user158.json,idx_31
waveOut,trainingSamples,raw_data/EMG-EPN612/testingJSON/user158/user158.json,idx_32
waveOut,trainingSamples,raw_data/EMG-EPN612/testingJSON/user158/user158.json,idx_33
waveOut,trainingSamples,raw_data/EMG-EPN612/testingJSON/user158/user158.json,idx_34
waveOut,trainingSamples,raw_data/EMG-EPN612/testingJSON/user158/user158.json,idx_35
waveOut,trainingSamples,raw_data/EMG-EPN612/testingJSON/user158/user158.json,idx_36
waveOut,trainingSamples,raw_data/EMG-EPN612/testingJSON/user158/user158.json,idx_37
waveOut,trainingSamples,raw_data/EMG-EPN612/testingJSON/user158/user158.json,idx_38
waveOut,trainingSamples,raw_data/EMG-EPN612/testingJSON/user158/user158.json,idx_39
waveOut,trainingSamples,raw_data/EMG-EPN612/testingJSON/user158/user158.json,idx_40
waveOut,trainingSamples,raw_data/EMG-EPN612/testingJSON/user158/user158.json,idx_41
waveOut,trainingSamples,raw_data/EMG-EPN612/testingJSON/user158/user158.json,idx_42
waveOut,trainingSamples,raw_data/EMG-EPN612/testingJSON/user158/user158.json,idx_43
waveOut,trainingSamples,raw_data/EMG-EPN612/testingJSON/user158/user158.json,idx_44
waveOut,trainingSamples,raw_data/EMG-EPN612/testingJSON/user158/user158.json,idx_45
waveOut,trainingSamples,raw_data/EMG-EPN612/testingJSON/user158/user158.json,idx_46
waveOut,trainingSamples,raw_data/EMG-EPN612/testingJSON/user158/user158.json,idx_47
waveOut,trainingSamples,raw_data/EMG-EPN612/testingJSON/user158/user158.json,idx_48
waveOut,trainingSamples,raw_data/EMG-EPN612/testingJSON/user158/user158.json,idx_49
waveOut,trainingSamples,raw_data/EMG-EPN612/testingJSON/user158/user158.json,idx_50
pinch,trainingSamples,raw_data/EMG-EPN612/testingJSON/user158/user158.json,idx_51
pinch,trainingSamples,raw_data/EMG-EPN612/testingJSON/user158/user158.json,idx_52
pinch,trainingSamples,raw_data/EMG-EPN612/testingJSON/user158/user158.json,idx_53
pinch,trainingSamples,raw_data/EMG-EPN612/testingJSON/user158/user158.json,idx_54
pinch,trainingSamples,raw_data/EMG-EPN612/testingJSON/user158/user158.json,idx_55
pinch,trainingSamples,raw_data/EMG-EPN612/testingJSON/user158/user158.json,idx_56
pinch,trainingSamples,raw_data/EMG-EPN612/testingJSON/user158/user158.json,idx_57
pinch,trainingSamples,raw_data/EMG-EPN612/testingJSON/user158/user158.json,idx_58
pinch,trainingSamples,raw_data/EMG-EPN612/testingJSON/user158/user158.json,idx_59
pinch,trainingSamples,raw_data/EMG-EPN612/testingJSON/user158/user158.json,idx_60
pinch,trainingSamples,raw_data/EMG-EPN612/testingJSON/user158/user158.json,idx_61
pinch,trainingSamples,raw_data/EMG-EPN612/testingJSON/user158/user158.json,idx_62
pinch,trainingSamples,raw_data/EMG-EPN612/testingJSON/user158/user158.json,idx_63
pinch,trainingSamples,raw_data/EMG-EPN612/testingJSON/user158/user158.json,idx_64
pinch,trainingSamples,raw_data/EMG-EPN612/testingJSON/user158/user158.json,idx_65
pinch,trainingSamples,raw_data/EMG-EPN612/testingJSON/user158/user158.json,idx_66
pinch,trainingSamples,raw_data/EMG-EPN612/testingJSON/user158/user158.json,idx_67
pinch,trainingSamples,raw_data/EMG-EPN612/testingJSON/user158/user158.json,idx_68
pinch,trainingSamples,raw_data/EMG-EPN612/testingJSON/user158/user158.json,idx_69
pinch,trainingSamples,raw_data/EMG-EPN612/testingJSON/user158/user158.json,idx_70
pinch,trainingSamples,raw_data/EMG-EPN612/testingJSON/user158/user158.json,idx_71
pinch,trainingSamples,raw_data/EMG-EPN612/testingJSON/user158/user158.json,idx_72
pinch,trainingSamples,raw_data/EMG-EPN612/testingJSON/user158/user158.json,idx_73
pinch,trainingSamples,raw_data/EMG-EPN612/testingJSON/user158/user158.json,idx_74
pinch,trainingSamples,raw_data/EMG-EPN612/testingJSON/user158/user158.json,idx_75
fist,trainingSamples,raw_data/EMG-EPN612/testingJSON/user158/user158.json,idx_76
fist,trainingSamples,raw_data/EMG-EPN612/testingJSON/user158/user158.json,idx_77
fist,trainingSamples,raw_data/EMG-EPN612/testingJSON/user158/user158.json,idx_78
fist,trainingSamples,raw_data/EMG-EPN612/testingJSON/user158/user158.json,idx_79
fist,trainingSamples,raw_data/EMG-EPN612/testingJSON/user158/user158.json,idx_80
fist,trainingSamples,raw_data/EMG-EPN612/testingJSON/user158/user158.json,idx_81
fist,trainingSamples,raw_data/EMG-EPN612/testingJSON/user158/user158.json,idx_82
fist,trainingSamples,raw_data/EMG-EPN612/testingJSON/user158/user158.json,idx_83
fist,trainingSamples,raw_data/EMG-EPN612/testingJSON/user158/user158.json,idx_84
fist,trainingSamples,raw_data/EMG-EPN612/testingJSON/user158/user158.json,idx_85
fist,trainingSamples,raw_data/EMG-EPN612/testingJSON/user158/user158.json,idx_86
fist,trainingSamples,raw_data/EMG-EPN612/testingJSON/user158/user158.json,idx_87
fist,trainingSamples,raw_data/EMG-EPN612/testingJSON/user158/user158.json,idx_88
fist,trainingSamples,raw_data/EMG-EPN612/testingJSON/user158/user158.json,idx_89
fist,trainingSamples,raw_data/EMG-EPN612/testingJSON/user158/user158.json,idx_90
fist,trainingSamples,raw_data/EMG-EPN612/testingJSON/user158/user158.json,idx_91
fist,trainingSamples,raw_data/EMG-EPN612/testingJSON/user158/user158.json,idx_92
fist,trainingSamples,raw_data/EMG-EPN612/testingJSON/user158/user158.json,idx_93
fist,trainingSamples,raw_data/EMG-EPN612/testingJSON/user158/user158.json,idx_94
fist,trainingSamples,raw_data/EMG-EPN612/testingJSON/user158/user158.json,idx_95
fist,trainingSamples,raw_data/EMG-EPN612/testingJSON/user158/user158.json,idx_96
fist,trainingSamples,raw_data/EMG-EPN612/testingJSON/user158/user158.json,idx_97
fist,trainingSamples,raw_data/EMG-EPN612/testingJSON/user158/user158.json,idx_98
fist,trainingSamples,raw_data/EMG-EPN612/testingJSON/user158/user158.json,idx_99
fist,trainingSamples,raw_data/EMG-EPN612/testingJSON/user158/user158.json,idx_100
waveIn,trainingSamples,raw_data/EMG-EPN612/testingJSON/user158/user158.json,idx_101
waveIn,trainingSamples,raw_data/EMG-EPN612/testingJSON/user158/user158.json,idx_102
waveIn,trainingSamples,raw_data/EMG-EPN612/testingJSON/user158/user158.json,idx_103
waveIn,trainingSamples,raw_data/EMG-EPN612/testingJSON/user158/user158.json,idx_104
waveIn,trainingSamples,raw_data/EMG-EPN612/testingJSON/user158/user158.json,idx_105
waveIn,trainingSamples,raw_data/EMG-EPN612/testingJSON/user158/user158.json,idx_106
waveIn,trainingSamples,raw_data/EMG-EPN612/testingJSON/user158/user158.json,idx_107
waveIn,trainingSamples,raw_data/EMG-EPN612/testingJSON/user158/user158.json,idx_108
waveIn,trainingSamples,raw_data/EMG-EPN612/testingJSON/user158/user158.json,idx_109
waveIn,trainingSamples,raw_data/EMG-EPN612/testingJSON/user158/user158.json,idx_110
waveIn,trainingSamples,raw_data/EMG-EPN612/testingJSON/user158/user158.json,idx_111
waveIn,trainingSamples,raw_data/EMG-EPN612/testingJSON/user158/user158.json,idx_112
waveIn,trainingSamples,raw_data/EMG-EPN612/testingJSON/user158/user158.json,idx_113
waveIn,trainingSamples,raw_data/EMG-EPN612/testingJSON/user158/user158.json,idx_114
waveIn,trainingSamples,raw_data/EMG-EPN612/testingJSON/user158/user158.json,idx_115
waveIn,trainingSamples,raw_data/EMG-EPN612/testingJSON/user158/user158.json,idx_116
waveIn,trainingSamples,raw_data/EMG-EPN612/testingJSON/user158/user158.json,idx_117
waveIn,trainingSamples,raw_data/EMG-EPN612/testingJSON/user158/user158.json,idx_118
waveIn,trainingSamples,raw_data/EMG-EPN612/testingJSON/user158/user158.json,idx_119
waveIn,trainingSamples,raw_data/EMG-EPN612/testingJSON/user158/user158.json,idx_120
waveIn,trainingSamples,raw_data/EMG-EPN612/testingJSON/user158/user158.json,idx_121
waveIn,trainingSamples,raw_data/EMG-EPN612/testingJSON/user158/user158.json,idx_122
waveIn,trainingSamples,raw_data/EMG-EPN612/testingJSON/user158/user158.json,idx_123
waveIn,trainingSamples,raw_data/EMG-EPN612/testingJSON/user158/user158.json,idx_124
waveIn,trainingSamples,raw_data/EMG-EPN612/testingJSON/user158/user158.json,idx_125
open,trainingSamples,raw_data/EMG-EPN612/testingJSON/user158/user158.json,idx_126
open,trainingSamples,raw_data/EMG-EPN612/testingJSON/user158/user158.json,idx_127
open,trainingSamples,raw_data/EMG-EPN612/testingJSON/user158/user158.json,idx_128
open,trainingSamples,raw_data/EMG-EPN612/testingJSON/user158/user158.json,idx_129
open,trainingSamples,raw_data/EMG-EPN612/testingJSON/user158/user158.json,idx_130
open,trainingSamples,raw_data/EMG-EPN612/testingJSON/user158/user158.json,idx_131
open,trainingSamples,raw_data/EMG-EPN612/testingJSON/user158/user158.json,idx_132
open,trainingSamples,raw_data/EMG-EPN612/testingJSON/user158/user158.json,idx_133
open,trainingSamples,raw_data/EMG-EPN612/testingJSON/user158/user158.json,idx_134
open,trainingSamples,raw_data/EMG-EPN612/testingJSON/user158/user158.json,idx_135
open,trainingSamples,raw_data/EMG-EPN612/testingJSON/user158/user158.json,idx_136
open,trainingSamples,raw_data/EMG-EPN612/testingJSON/user158/user158.json,idx_137
open,trainingSamples,raw_data/EMG-EPN612/testingJSON/user158/user158.json,idx_138
open,trainingSamples,raw_data/EMG-EPN612/testingJSON/user158/user158.json,idx_139
open,trainingSamples,raw_data/EMG-EPN612/testingJSON/user158/user158.json,idx_140
open,trainingSamples,raw_data/EMG-EPN612/testingJSON/user158/user158.json,idx_141
open,trainingSamples,raw_data/EMG-EPN612/testingJSON/user158/user158.json,idx_142
open,trainingSamples,raw_data/EMG-EPN612/testingJSON/user158/user158.json,idx_143
open,trainingSamples,raw_data/EMG-EPN612/testingJSON/user158/user158.json,idx_144
open,trainingSamples,raw_data/EMG-EPN612/testingJSON/user158/user158.json,idx_145
open,trainingSamples,raw_data/EMG-EPN612/testingJSON/user158/user158.json,idx_146
open,trainingSamples,raw_data/EMG-EPN612/testingJSON/user158/user158.json,idx_147
open,trainingSamples,raw_data/EMG-EPN612/testingJSON/user158/user158.json,idx_148
open,trainingSamples,raw_data/EMG-EPN612/testingJSON/user158/user158.json,idx_149
open,trainingSamples,raw_data/EMG-EPN612/testingJSON/user158/user158.json,idx_150
noGesture,trainingSamples,raw_data/EMG-EPN612/testingJSON/user159/user159.json,idx_1
noGesture,trainingSamples,raw_data/EMG-EPN612/testingJSON/user159/user159.json,idx_2
noGesture,trainingSamples,raw_data/EMG-EPN612/testingJSON/user159/user159.json,idx_3
noGesture,trainingSamples,raw_data/EMG-EPN612/testingJSON/user159/user159.json,idx_4
noGesture,trainingSamples,raw_data/EMG-EPN612/testingJSON/user159/user159.json,idx_5
noGesture,trainingSamples,raw_data/EMG-EPN612/testingJSON/user159/user159.json,idx_6
noGesture,trainingSamples,raw_data/EMG-EPN612/testingJSON/user159/user159.json,idx_7
noGesture,trainingSamples,raw_data/EMG-EPN612/testingJSON/user159/user159.json,idx_8
noGesture,trainingSamples,raw_data/EMG-EPN612/testingJSON/user159/user159.json,idx_9
noGesture,trainingSamples,raw_data/EMG-EPN612/testingJSON/user159/user159.json,idx_10
noGesture,trainingSamples,raw_data/EMG-EPN612/testingJSON/user159/user159.json,idx_11
noGesture,trainingSamples,raw_data/EMG-EPN612/testingJSON/user159/user159.json,idx_12
noGesture,trainingSamples,raw_data/EMG-EPN612/testingJSON/user159/user159.json,idx_13
noGesture,trainingSamples,raw_data/EMG-EPN612/testingJSON/user159/user159.json,idx_14
noGesture,trainingSamples,raw_data/EMG-EPN612/testingJSON/user159/user159.json,idx_15
noGesture,trainingSamples,raw_data/EMG-EPN612/testingJSON/user159/user159.json,idx_16
noGesture,trainingSamples,raw_data/EMG-EPN612/testingJSON/user159/user159.json,idx_17
noGesture,trainingSamples,raw_data/EMG-EPN612/testingJSON/user159/user159.json,idx_18
noGesture,trainingSamples,raw_data/EMG-EPN612/testingJSON/user159/user159.json,idx_19
noGesture,trainingSamples,raw_data/EMG-EPN612/testingJSON/user159/user159.json,idx_20
noGesture,trainingSamples,raw_data/EMG-EPN612/testingJSON/user159/user159.json,idx_21
noGesture,trainingSamples,raw_data/EMG-EPN612/testingJSON/user159/user159.json,idx_22
noGesture,trainingSamples,raw_data/EMG-EPN612/testingJSON/user159/user159.json,idx_23
noGesture,trainingSamples,raw_data/EMG-EPN612/testingJSON/user159/user159.json,idx_24
noGesture,trainingSamples,raw_data/EMG-EPN612/testingJSON/user159/user159.json,idx_25
pinch,trainingSamples,raw_data/EMG-EPN612/testingJSON/user159/user159.json,idx_26
pinch,trainingSamples,raw_data/EMG-EPN612/testingJSON/user159/user159.json,idx_27
pinch,trainingSamples,raw_data/EMG-EPN612/testingJSON/user159/user159.json,idx_28
pinch,trainingSamples,raw_data/EMG-EPN612/testingJSON/user159/user159.json,idx_29
pinch,trainingSamples,raw_data/EMG-EPN612/testingJSON/user159/user159.json,idx_30
pinch,trainingSamples,raw_data/EMG-EPN612/testingJSON/user159/user159.json,idx_31
pinch,trainingSamples,raw_data/EMG-EPN612/testingJSON/user159/user159.json,idx_32
pinch,trainingSamples,raw_data/EMG-EPN612/testingJSON/user159/user159.json,idx_33
pinch,trainingSamples,raw_data/EMG-EPN612/testingJSON/user159/user159.json,idx_34
pinch,trainingSamples,raw_data/EMG-EPN612/testingJSON/user159/user159.json,idx_35
pinch,trainingSamples,raw_data/EMG-EPN612/testingJSON/user159/user159.json,idx_36
pinch,trainingSamples,raw_data/EMG-EPN612/testingJSON/user159/user159.json,idx_37
pinch,trainingSamples,raw_data/EMG-EPN612/testingJSON/user159/user159.json,idx_38
pinch,trainingSamples,raw_data/EMG-EPN612/testingJSON/user159/user159.json,idx_39
pinch,trainingSamples,raw_data/EMG-EPN612/testingJSON/user159/user159.json,idx_40
pinch,trainingSamples,raw_data/EMG-EPN612/testingJSON/user159/user159.json,idx_41
pinch,trainingSamples,raw_data/EMG-EPN612/testingJSON/user159/user159.json,idx_42
pinch,trainingSamples,raw_data/EMG-EPN612/testingJSON/user159/user159.json,idx_43
pinch,trainingSamples,raw_data/EMG-EPN612/testingJSON/user159/user159.json,idx_44
pinch,trainingSamples,raw_data/EMG-EPN612/testingJSON/user159/user159.json,idx_45
pinch,trainingSamples,raw_data/EMG-EPN612/testingJSON/user159/user159.json,idx_46
pinch,trainingSamples,raw_data/EMG-EPN612/testingJSON/user159/user159.json,idx_47
pinch,trainingSamples,raw_data/EMG-EPN612/testingJSON/user159/user159.json,idx_48
pinch,trainingSamples,raw_data/EMG-EPN612/testingJSON/user159/user159.json,idx_49
pinch,trainingSamples,raw_data/EMG-EPN612/testingJSON/user159/user159.json,idx_50
waveOut,trainingSamples,raw_data/EMG-EPN612/testingJSON/user159/user159.json,idx_51
waveOut,trainingSamples,raw_data/EMG-EPN612/testingJSON/user159/user159.json,idx_52
waveOut,trainingSamples,raw_data/EMG-EPN612/testingJSON/user159/user159.json,idx_53
waveOut,trainingSamples,raw_data/EMG-EPN612/testingJSON/user159/user159.json,idx_54
waveOut,trainingSamples,raw_data/EMG-EPN612/testingJSON/user159/user159.json,idx_55
waveOut,trainingSamples,raw_data/EMG-EPN612/testingJSON/user159/user159.json,idx_56
waveOut,trainingSamples,raw_data/EMG-EPN612/testingJSON/user159/user159.json,idx_57
waveOut,trainingSamples,raw_data/EMG-EPN612/testingJSON/user159/user159.json,idx_58
waveOut,trainingSamples,raw_data/EMG-EPN612/testingJSON/user159/user159.json,idx_59
waveOut,trainingSamples,raw_data/EMG-EPN612/testingJSON/user159/user159.json,idx_60
waveOut,trainingSamples,raw_data/EMG-EPN612/testingJSON/user159/user159.json,idx_61
waveOut,trainingSamples,raw_data/EMG-EPN612/testingJSON/user159/user159.json,idx_62
waveOut,trainingSamples,raw_data/EMG-EPN612/testingJSON/user159/user159.json,idx_63
waveOut,trainingSamples,raw_data/EMG-EPN612/testingJSON/user159/user159.json,idx_64
waveOut,trainingSamples,raw_data/EMG-EPN612/testingJSON/user159/user159.json,idx_65
waveOut,trainingSamples,raw_data/EMG-EPN612/testingJSON/user159/user159.json,idx_66
waveOut,trainingSamples,raw_data/EMG-EPN612/testingJSON/user159/user159.json,idx_67
waveOut,trainingSamples,raw_data/EMG-EPN612/testingJSON/user159/user159.json,idx_68
waveOut,trainingSamples,raw_data/EMG-EPN612/testingJSON/user159/user159.json,idx_69
waveOut,trainingSamples,raw_data/EMG-EPN612/testingJSON/user159/user159.json,idx_70
waveOut,trainingSamples,raw_data/EMG-EPN612/testingJSON/user159/user159.json,idx_71
waveOut,trainingSamples,raw_data/EMG-EPN612/testingJSON/user159/user159.json,idx_72
waveOut,trainingSamples,raw_data/EMG-EPN612/testingJSON/user159/user159.json,idx_73
waveOut,trainingSamples,raw_data/EMG-EPN612/testingJSON/user159/user159.json,idx_74
waveOut,trainingSamples,raw_data/EMG-EPN612/testingJSON/user159/user159.json,idx_75
open,trainingSamples,raw_data/EMG-EPN612/testingJSON/user159/user159.json,idx_76
open,trainingSamples,raw_data/EMG-EPN612/testingJSON/user159/user159.json,idx_77
open,trainingSamples,raw_data/EMG-EPN612/testingJSON/user159/user159.json,idx_78
open,trainingSamples,raw_data/EMG-EPN612/testingJSON/user159/user159.json,idx_79
open,trainingSamples,raw_data/EMG-EPN612/testingJSON/user159/user159.json,idx_80
open,trainingSamples,raw_data/EMG-EPN612/testingJSON/user159/user159.json,idx_81
open,trainingSamples,raw_data/EMG-EPN612/testingJSON/user159/user159.json,idx_82
open,trainingSamples,raw_data/EMG-EPN612/testingJSON/user159/user159.json,idx_83
open,trainingSamples,raw_data/EMG-EPN612/testingJSON/user159/user159.json,idx_84
open,trainingSamples,raw_data/EMG-EPN612/testingJSON/user159/user159.json,idx_85
open,trainingSamples,raw_data/EMG-EPN612/testingJSON/user159/user159.json,idx_86
open,trainingSamples,raw_data/EMG-EPN612/testingJSON/user159/user159.json,idx_87
open,trainingSamples,raw_data/EMG-EPN612/testingJSON/user159/user159.json,idx_88
open,trainingSamples,raw_data/EMG-EPN612/testingJSON/user159/user159.json,idx_89
open,trainingSamples,raw_data/EMG-EPN612/testingJSON/user159/user159.json,idx_90
open,trainingSamples,raw_data/EMG-EPN612/testingJSON/user159/user159.json,idx_91
open,trainingSamples,raw_data/EMG-EPN612/testingJSON/user159/user159.json,idx_92
open,trainingSamples,raw_data/EMG-EPN612/testingJSON/user159/user159.json,idx_93
open,trainingSamples,raw_data/EMG-EPN612/testingJSON/user159/user159.json,idx_94
open,trainingSamples,raw_data/EMG-EPN612/testingJSON/user159/user159.json,idx_95
open,trainingSamples,raw_data/EMG-EPN612/testingJSON/user159/user159.json,idx_96
open,trainingSamples,raw_data/EMG-EPN612/testingJSON/user159/user159.json,idx_97
open,trainingSamples,raw_data/EMG-EPN612/testingJSON/user159/user159.json,idx_98
open,trainingSamples,raw_data/EMG-EPN612/testingJSON/user159/user159.json,idx_99
open,trainingSamples,raw_data/EMG-EPN612/testingJSON/user159/user159.json,idx_100
waveIn,trainingSamples,raw_data/EMG-EPN612/testingJSON/user159/user159.json,idx_101
waveIn,trainingSamples,raw_data/EMG-EPN612/testingJSON/user159/user159.json,idx_102
waveIn,trainingSamples,raw_data/EMG-EPN612/testingJSON/user159/user159.json,idx_103
waveIn,trainingSamples,raw_data/EMG-EPN612/testingJSON/user159/user159.json,idx_104
waveIn,trainingSamples,raw_data/EMG-EPN612/testingJSON/user159/user159.json,idx_105
waveIn,trainingSamples,raw_data/EMG-EPN612/testingJSON/user159/user159.json,idx_106
waveIn,trainingSamples,raw_data/EMG-EPN612/testingJSON/user159/user159.json,idx_107
waveIn,trainingSamples,raw_data/EMG-EPN612/testingJSON/user159/user159.json,idx_108
waveIn,trainingSamples,raw_data/EMG-EPN612/testingJSON/user159/user159.json,idx_109
waveIn,trainingSamples,raw_data/EMG-EPN612/testingJSON/user159/user159.json,idx_110
waveIn,trainingSamples,raw_data/EMG-EPN612/testingJSON/user159/user159.json,idx_111
waveIn,trainingSamples,raw_data/EMG-EPN612/testingJSON/user159/user159.json,idx_112
waveIn,trainingSamples,raw_data/EMG-EPN612/testingJSON/user159/user159.json,idx_113
waveIn,trainingSamples,raw_data/EMG-EPN612/testingJSON/user159/user159.json,idx_114
waveIn,trainingSamples,raw_data/EMG-EPN612/testingJSON/user159/user159.json,idx_115
waveIn,trainingSamples,raw_data/EMG-EPN612/testingJSON/user159/user159.json,idx_116
waveIn,trainingSamples,raw_data/EMG-EPN612/testingJSON/user159/user159.json,idx_117
waveIn,trainingSamples,raw_data/EMG-EPN612/testingJSON/user159/user159.json,idx_118
waveIn,trainingSamples,raw_data/EMG-EPN612/testingJSON/user159/user159.json,idx_119
waveIn,trainingSamples,raw_data/EMG-EPN612/testingJSON/user159/user159.json,idx_120
waveIn,trainingSamples,raw_data/EMG-EPN612/testingJSON/user159/user159.json,idx_121
waveIn,trainingSamples,raw_data/EMG-EPN612/testingJSON/user159/user159.json,idx_122
waveIn,trainingSamples,raw_data/EMG-EPN612/testingJSON/user159/user159.json,idx_123
waveIn,trainingSamples,raw_data/EMG-EPN612/testingJSON/user159/user159.json,idx_124
waveIn,trainingSamples,raw_data/EMG-EPN612/testingJSON/user159/user159.json,idx_125
fist,trainingSamples,raw_data/EMG-EPN612/testingJSON/user159/user159.json,idx_126
fist,trainingSamples,raw_data/EMG-EPN612/testingJSON/user159/user159.json,idx_127
fist,trainingSamples,raw_data/EMG-EPN612/testingJSON/user159/user159.json,idx_128
fist,trainingSamples,raw_data/EMG-EPN612/testingJSON/user159/user159.json,idx_129
fist,trainingSamples,raw_data/EMG-EPN612/testingJSON/user159/user159.json,idx_130
fist,trainingSamples,raw_data/EMG-EPN612/testingJSON/user159/user159.json,idx_131
fist,trainingSamples,raw_data/EMG-EPN612/testingJSON/user159/user159.json,idx_132
fist,trainingSamples,raw_data/EMG-EPN612/testingJSON/user159/user159.json,idx_133
fist,trainingSamples,raw_data/EMG-EPN612/testingJSON/user159/user159.json,idx_134
fist,trainingSamples,raw_data/EMG-EPN612/testingJSON/user159/user159.json,idx_135
fist,trainingSamples,raw_data/EMG-EPN612/testingJSON/user159/user159.json,idx_136
fist,trainingSamples,raw_data/EMG-EPN612/testingJSON/user159/user159.json,idx_137
fist,trainingSamples,raw_data/EMG-EPN612/testingJSON/user159/user159.json,idx_138
fist,trainingSamples,raw_data/EMG-EPN612/testingJSON/user159/user159.json,idx_139
fist,trainingSamples,raw_data/EMG-EPN612/testingJSON/user159/user159.json,idx_140
fist,trainingSamples,raw_data/EMG-EPN612/testingJSON/user159/user159.json,idx_141
fist,trainingSamples,raw_data/EMG-EPN612/testingJSON/user159/user159.json,idx_142
fist,trainingSamples,raw_data/EMG-EPN612/testingJSON/user159/user159.json,idx_143
fist,trainingSamples,raw_data/EMG-EPN612/testingJSON/user159/user159.json,idx_144
fist,trainingSamples,raw_data/EMG-EPN612/testingJSON/user159/user159.json,idx_145
fist,trainingSamples,raw_data/EMG-EPN612/testingJSON/user159/user159.json,idx_146
fist,trainingSamples,raw_data/EMG-EPN612/testingJSON/user159/user159.json,idx_147
fist,trainingSamples,raw_data/EMG-EPN612/testingJSON/user159/user159.json,idx_148
fist,trainingSamples,raw_data/EMG-EPN612/testingJSON/user159/user159.json,idx_149
fist,trainingSamples,raw_data/EMG-EPN612/testingJSON/user159/user159.json,idx_150
noGesture,trainingSamples,raw_data/EMG-EPN612/testingJSON/user16/user16.json,idx_1
noGesture,trainingSamples,raw_data/EMG-EPN612/testingJSON/user16/user16.json,idx_2
noGesture,trainingSamples,raw_data/EMG-EPN612/testingJSON/user16/user16.json,idx_3
noGesture,trainingSamples,raw_data/EMG-EPN612/testingJSON/user16/user16.json,idx_4
noGesture,trainingSamples,raw_data/EMG-EPN612/testingJSON/user16/user16.json,idx_5
noGesture,trainingSamples,raw_data/EMG-EPN612/testingJSON/user16/user16.json,idx_6
noGesture,trainingSamples,raw_data/EMG-EPN612/testingJSON/user16/user16.json,idx_7
noGesture,trainingSamples,raw_data/EMG-EPN612/testingJSON/user16/user16.json,idx_8
noGesture,trainingSamples,raw_data/EMG-EPN612/testingJSON/user16/user16.json,idx_9
noGesture,trainingSamples,raw_data/EMG-EPN612/testingJSON/user16/user16.json,idx_10
noGesture,trainingSamples,raw_data/EMG-EPN612/testingJSON/user16/user16.json,idx_11
noGesture,trainingSamples,raw_data/EMG-EPN612/testingJSON/user16/user16.json,idx_12
noGesture,trainingSamples,raw_data/EMG-EPN612/testingJSON/user16/user16.json,idx_13
noGesture,trainingSamples,raw_data/EMG-EPN612/testingJSON/user16/user16.json,idx_14
noGesture,trainingSamples,raw_data/EMG-EPN612/testingJSON/user16/user16.json,idx_15
noGesture,trainingSamples,raw_data/EMG-EPN612/testingJSON/user16/user16.json,idx_16
noGesture,trainingSamples,raw_data/EMG-EPN612/testingJSON/user16/user16.json,idx_17
noGesture,trainingSamples,raw_data/EMG-EPN612/testingJSON/user16/user16.json,idx_18
noGesture,trainingSamples,raw_data/EMG-EPN612/testingJSON/user16/user16.json,idx_19
noGesture,trainingSamples,raw_data/EMG-EPN612/testingJSON/user16/user16.json,idx_20
noGesture,trainingSamples,raw_data/EMG-EPN612/testingJSON/user16/user16.json,idx_21
noGesture,trainingSamples,raw_data/EMG-EPN612/testingJSON/user16/user16.json,idx_22
noGesture,trainingSamples,raw_data/EMG-EPN612/testingJSON/user16/user16.json,idx_23
noGesture,trainingSamples,raw_data/EMG-EPN612/testingJSON/user16/user16.json,idx_24
noGesture,trainingSamples,raw_data/EMG-EPN612/testingJSON/user16/user16.json,idx_25
waveOut,trainingSamples,raw_data/EMG-EPN612/testingJSON/user16/user16.json,idx_26
waveOut,trainingSamples,raw_data/EMG-EPN612/testingJSON/user16/user16.json,idx_27
waveOut,trainingSamples,raw_data/EMG-EPN612/testingJSON/user16/user16.json,idx_28
waveOut,trainingSamples,raw_data/EMG-EPN612/testingJSON/user16/user16.json,idx_29
waveOut,trainingSamples,raw_data/EMG-EPN612/testingJSON/user16/user16.json,idx_30
waveOut,trainingSamples,raw_data/EMG-EPN612/testingJSON/user16/user16.json,idx_31
waveOut,trainingSamples,raw_data/EMG-EPN612/testingJSON/user16/user16.json,idx_32
waveOut,trainingSamples,raw_data/EMG-EPN612/testingJSON/user16/user16.json,idx_33
waveOut,trainingSamples,raw_data/EMG-EPN612/testingJSON/user16/user16.json,idx_34
waveOut,trainingSamples,raw_data/EMG-EPN612/testingJSON/user16/user16.json,idx_35
waveOut,trainingSamples,raw_data/EMG-EPN612/testingJSON/user16/user16.json,idx_36
waveOut,trainingSamples,raw_data/EMG-EPN612/testingJSON/user16/user16.json,idx_37
waveOut,trainingSamples,raw_data/EMG-EPN612/testingJSON/user16/user16.json,idx_38
waveOut,trainingSamples,raw_data/EMG-EPN612/testingJSON/user16/user16.json,idx_39
waveOut,trainingSamples,raw_data/EMG-EPN612/testingJSON/user16/user16.json,idx_40
waveOut,trainingSamples,raw_data/EMG-EPN612/testingJSON/user16/user16.json,idx_41
waveOut,trainingSamples,raw_data/EMG-EPN612/testingJSON/user16/user16.json,idx_42
waveOut,trainingSamples,raw_data/EMG-EPN612/testingJSON/user16/user16.json,idx_43
waveOut,trainingSamples,raw_data/EMG-EPN612/testingJSON/user16/user16.json,idx_44
waveOut,trainingSamples,raw_data/EMG-EPN612/testingJSON/user16/user16.json,idx_45
waveOut,trainingSamples,raw_data/EMG-EPN612/testingJSON/user16/user16.json,idx_46
waveOut,trainingSamples,raw_data/EMG-EPN612/testingJSON/user16/user16.json,idx_47
waveOut,trainingSamples,raw_data/EMG-EPN612/testingJSON/user16/user16.json,idx_48
waveOut,trainingSamples,raw_data/EMG-EPN612/testingJSON/user16/user16.json,idx_49
waveOut,trainingSamples,raw_data/EMG-EPN612/testingJSON/user16/user16.json,idx_50
pinch,trainingSamples,raw_data/EMG-EPN612/testingJSON/user16/user16.json,idx_51
pinch,trainingSamples,raw_data/EMG-EPN612/testingJSON/user16/user16.json,idx_52
pinch,trainingSamples,raw_data/EMG-EPN612/testingJSON/user16/user16.json,idx_53
pinch,trainingSamples,raw_data/EMG-EPN612/testingJSON/user16/user16.json,idx_54
pinch,trainingSamples,raw_data/EMG-EPN612/testingJSON/user16/user16.json,idx_55
pinch,trainingSamples,raw_data/EMG-EPN612/testingJSON/user16/user16.json,idx_56
pinch,trainingSamples,raw_data/EMG-EPN612/testingJSON/user16/user16.json,idx_57
pinch,trainingSamples,raw_data/EMG-EPN612/testingJSON/user16/user16.json,idx_58
pinch,trainingSamples,raw_data/EMG-EPN612/testingJSON/user16/user16.json,idx_59
pinch,trainingSamples,raw_data/EMG-EPN612/testingJSON/user16/user16.json,idx_60
pinch,trainingSamples,raw_data/EMG-EPN612/testingJSON/user16/user16.json,idx_61
pinch,trainingSamples,raw_data/EMG-EPN612/testingJSON/user16/user16.json,idx_62
pinch,trainingSamples,raw_data/EMG-EPN612/testingJSON/user16/user16.json,idx_63
pinch,trainingSamples,raw_data/EMG-EPN612/testingJSON/user16/user16.json,idx_64
pinch,trainingSamples,raw_data/EMG-EPN612/testingJSON/user16/user16.json,idx_65
pinch,trainingSamples,raw_data/EMG-EPN612/testingJSON/user16/user16.json,idx_66
pinch,trainingSamples,raw_data/EMG-EPN612/testingJSON/user16/user16.json,idx_67
pinch,trainingSamples,raw_data/EMG-EPN612/testingJSON/user16/user16.json,idx_68
pinch,trainingSamples,raw_data/EMG-EPN612/testingJSON/user16/user16.json,idx_69
pinch,trainingSamples,raw_data/EMG-EPN612/testingJSON/user16/user16.json,idx_70
pinch,trainingSamples,raw_data/EMG-EPN612/testingJSON/user16/user16.json,idx_71
pinch,trainingSamples,raw_data/EMG-EPN612/testingJSON/user16/user16.json,idx_72
pinch,trainingSamples,raw_data/EMG-EPN612/testingJSON/user16/user16.json,idx_73
pinch,trainingSamples,raw_data/EMG-EPN612/testingJSON/user16/user16.json,idx_74
pinch,trainingSamples,raw_data/EMG-EPN612/testingJSON/user16/user16.json,idx_75
fist,trainingSamples,raw_data/EMG-EPN612/testingJSON/user16/user16.json,idx_76
fist,trainingSamples,raw_data/EMG-EPN612/testingJSON/user16/user16.json,idx_77
fist,trainingSamples,raw_data/EMG-EPN612/testingJSON/user16/user16.json,idx_78
fist,trainingSamples,raw_data/EMG-EPN612/testingJSON/user16/user16.json,idx_79
fist,trainingSamples,raw_data/EMG-EPN612/testingJSON/user16/user16.json,idx_80
fist,trainingSamples,raw_data/EMG-EPN612/testingJSON/user16/user16.json,idx_81
fist,trainingSamples,raw_data/EMG-EPN612/testingJSON/user16/user16.json,idx_82
fist,trainingSamples,raw_data/EMG-EPN612/testingJSON/user16/user16.json,idx_83
fist,trainingSamples,raw_data/EMG-EPN612/testingJSON/user16/user16.json,idx_84
fist,trainingSamples,raw_data/EMG-EPN612/testingJSON/user16/user16.json,idx_85
fist,trainingSamples,raw_data/EMG-EPN612/testingJSON/user16/user16.json,idx_86
fist,trainingSamples,raw_data/EMG-EPN612/testingJSON/user16/user16.json,idx_87
fist,trainingSamples,raw_data/EMG-EPN612/testingJSON/user16/user16.json,idx_88
fist,trainingSamples,raw_data/EMG-EPN612/testingJSON/user16/user16.json,idx_89
fist,trainingSamples,raw_data/EMG-EPN612/testingJSON/user16/user16.json,idx_90
fist,trainingSamples,raw_data/EMG-EPN612/testingJSON/user16/user16.json,idx_91
fist,trainingSamples,raw_data/EMG-EPN612/testingJSON/user16/user16.json,idx_92
fist,trainingSamples,raw_data/EMG-EPN612/testingJSON/user16/user16.json,idx_93
fist,trainingSamples,raw_data/EMG-EPN612/testingJSON/user16/user16.json,idx_94
fist,trainingSamples,raw_data/EMG-EPN612/testingJSON/user16/user16.json,idx_95
fist,trainingSamples,raw_data/EMG-EPN612/testingJSON/user16/user16.json,idx_96
fist,trainingSamples,raw_data/EMG-EPN612/testingJSON/user16/user16.json,idx_97
fist,trainingSamples,raw_data/EMG-EPN612/testingJSON/user16/user16.json,idx_98
fist,trainingSamples,raw_data/EMG-EPN612/testingJSON/user16/user16.json,idx_99
fist,trainingSamples,raw_data/EMG-EPN612/testingJSON/user16/user16.json,idx_100
waveIn,trainingSamples,raw_data/EMG-EPN612/testingJSON/user16/user16.json,idx_101
waveIn,trainingSamples,raw_data/EMG-EPN612/testingJSON/user16/user16.json,idx_102
waveIn,trainingSamples,raw_data/EMG-EPN612/testingJSON/user16/user16.json,idx_103
waveIn,trainingSamples,raw_data/EMG-EPN612/testingJSON/user16/user16.json,idx_104
waveIn,trainingSamples,raw_data/EMG-EPN612/testingJSON/user16/user16.json,idx_105
waveIn,trainingSamples,raw_data/EMG-EPN612/testingJSON/user16/user16.json,idx_106
waveIn,trainingSamples,raw_data/EMG-EPN612/testingJSON/user16/user16.json,idx_107
waveIn,trainingSamples,raw_data/EMG-EPN612/testingJSON/user16/user16.json,idx_108
waveIn,trainingSamples,raw_data/EMG-EPN612/testingJSON/user16/user16.json,idx_109
waveIn,trainingSamples,raw_data/EMG-EPN612/testingJSON/user16/user16.json,idx_110
waveIn,trainingSamples,raw_data/EMG-EPN612/testingJSON/user16/user16.json,idx_111
waveIn,trainingSamples,raw_data/EMG-EPN612/testingJSON/user16/user16.json,idx_112
waveIn,trainingSamples,raw_data/EMG-EPN612/testingJSON/user16/user16.json,idx_113
waveIn,trainingSamples,raw_data/EMG-EPN612/testingJSON/user16/user16.json,idx_114
waveIn,trainingSamples,raw_data/EMG-EPN612/testingJSON/user16/user16.json,idx_115
waveIn,trainingSamples,raw_data/EMG-EPN612/testingJSON/user16/user16.json,idx_116
waveIn,trainingSamples,raw_data/EMG-EPN612/testingJSON/user16/user16.json,idx_117
waveIn,trainingSamples,raw_data/EMG-EPN612/testingJSON/user16/user16.json,idx_118
waveIn,trainingSamples,raw_data/EMG-EPN612/testingJSON/user16/user16.json,idx_119
waveIn,trainingSamples,raw_data/EMG-EPN612/testingJSON/user16/user16.json,idx_120
waveIn,trainingSamples,raw_data/EMG-EPN612/testingJSON/user16/user16.json,idx_121
waveIn,trainingSamples,raw_data/EMG-EPN612/testingJSON/user16/user16.json,idx_122
waveIn,trainingSamples,raw_data/EMG-EPN612/testingJSON/user16/user16.json,idx_123
waveIn,trainingSamples,raw_data/EMG-EPN612/testingJSON/user16/user16.json,idx_124
waveIn,trainingSamples,raw_data/EMG-EPN612/testingJSON/user16/user16.json,idx_125
open,trainingSamples,raw_data/EMG-EPN612/testingJSON/user16/user16.json,idx_126
open,trainingSamples,raw_data/EMG-EPN612/testingJSON/user16/user16.json,idx_127
open,trainingSamples,raw_data/EMG-EPN612/testingJSON/user16/user16.json,idx_128
open,trainingSamples,raw_data/EMG-EPN612/testingJSON/user16/user16.json,idx_129
open,trainingSamples,raw_data/EMG-EPN612/testingJSON/user16/user16.json,idx_130
open,trainingSamples,raw_data/EMG-EPN612/testingJSON/user16/user16.json,idx_131
open,trainingSamples,raw_data/EMG-EPN612/testingJSON/user16/user16.json,idx_132
open,trainingSamples,raw_data/EMG-EPN612/testingJSON/user16/user16.json,idx_133
open,trainingSamples,raw_data/EMG-EPN612/testingJSON/user16/user16.json,idx_134
open,trainingSamples,raw_data/EMG-EPN612/testingJSON/user16/user16.json,idx_135
open,trainingSamples,raw_data/EMG-EPN612/testingJSON/user16/user16.json,idx_136
open,trainingSamples,raw_data/EMG-EPN612/testingJSON/user16/user16.json,idx_137
open,trainingSamples,raw_data/EMG-EPN612/testingJSON/user16/user16.json,idx_138
open,trainingSamples,raw_data/EMG-EPN612/testingJSON/user16/user16.json,idx_139
open,trainingSamples,raw_data/EMG-EPN612/testingJSON/user16/user16.json,idx_140
open,trainingSamples,raw_data/EMG-EPN612/testingJSON/user16/user16.json,idx_141
open,trainingSamples,raw_data/EMG-EPN612/testingJSON/user16/user16.json,idx_142
open,trainingSamples,raw_data/EMG-EPN612/testingJSON/user16/user16.json,idx_143
open,trainingSamples,raw_data/EMG-EPN612/testingJSON/user16/user16.json,idx_144
open,trainingSamples,raw_data/EMG-EPN612/testingJSON/user16/user16.json,idx_145
open,trainingSamples,raw_data/EMG-EPN612/testingJSON/user16/user16.json,idx_146
open,trainingSamples,raw_data/EMG-EPN612/testingJSON/user16/user16.json,idx_147
open,trainingSamples,raw_data/EMG-EPN612/testingJSON/user16/user16.json,idx_148
open,trainingSamples,raw_data/EMG-EPN612/testingJSON/user16/user16.json,idx_149
open,trainingSamples,raw_data/EMG-EPN612/testingJSON/user16/user16.json,idx_150
noGesture,trainingSamples,raw_data/EMG-EPN612/testingJSON/user160/user160.json,idx_1
noGesture,trainingSamples,raw_data/EMG-EPN612/testingJSON/user160/user160.json,idx_2
noGesture,trainingSamples,raw_data/EMG-EPN612/testingJSON/user160/user160.json,idx_3
noGesture,trainingSamples,raw_data/EMG-EPN612/testingJSON/user160/user160.json,idx_4
noGesture,trainingSamples,raw_data/EMG-EPN612/testingJSON/user160/user160.json,idx_5
noGesture,trainingSamples,raw_data/EMG-EPN612/testingJSON/user160/user160.json,idx_6
noGesture,trainingSamples,raw_data/EMG-EPN612/testingJSON/user160/user160.json,idx_7
noGesture,trainingSamples,raw_data/EMG-EPN612/testingJSON/user160/user160.json,idx_8
noGesture,trainingSamples,raw_data/EMG-EPN612/testingJSON/user160/user160.json,idx_9
noGesture,trainingSamples,raw_data/EMG-EPN612/testingJSON/user160/user160.json,idx_10
noGesture,trainingSamples,raw_data/EMG-EPN612/testingJSON/user160/user160.json,idx_11
noGesture,trainingSamples,raw_data/EMG-EPN612/testingJSON/user160/user160.json,idx_12
noGesture,trainingSamples,raw_data/EMG-EPN612/testingJSON/user160/user160.json,idx_13
noGesture,trainingSamples,raw_data/EMG-EPN612/testingJSON/user160/user160.json,idx_14
noGesture,trainingSamples,raw_data/EMG-EPN612/testingJSON/user160/user160.json,idx_15
noGesture,trainingSamples,raw_data/EMG-EPN612/testingJSON/user160/user160.json,idx_16
noGesture,trainingSamples,raw_data/EMG-EPN612/testingJSON/user160/user160.json,idx_17
noGesture,trainingSamples,raw_data/EMG-EPN612/testingJSON/user160/user160.json,idx_18
noGesture,trainingSamples,raw_data/EMG-EPN612/testingJSON/user160/user160.json,idx_19
noGesture,trainingSamples,raw_data/EMG-EPN612/testingJSON/user160/user160.json,idx_20
noGesture,trainingSamples,raw_data/EMG-EPN612/testingJSON/user160/user160.json,idx_21
noGesture,trainingSamples,raw_data/EMG-EPN612/testingJSON/user160/user160.json,idx_22
noGesture,trainingSamples,raw_data/EMG-EPN612/testingJSON/user160/user160.json,idx_23
noGesture,trainingSamples,raw_data/EMG-EPN612/testingJSON/user160/user160.json,idx_24
noGesture,trainingSamples,raw_data/EMG-EPN612/testingJSON/user160/user160.json,idx_25
waveOut,trainingSamples,raw_data/EMG-EPN612/testingJSON/user160/user160.json,idx_26
waveOut,trainingSamples,raw_data/EMG-EPN612/testingJSON/user160/user160.json,idx_27
waveOut,trainingSamples,raw_data/EMG-EPN612/testingJSON/user160/user160.json,idx_28
waveOut,trainingSamples,raw_data/EMG-EPN612/testingJSON/user160/user160.json,idx_29
waveOut,trainingSamples,raw_data/EMG-EPN612/testingJSON/user160/user160.json,idx_30
waveOut,trainingSamples,raw_data/EMG-EPN612/testingJSON/user160/user160.json,idx_31
waveOut,trainingSamples,raw_data/EMG-EPN612/testingJSON/user160/user160.json,idx_32
waveOut,trainingSamples,raw_data/EMG-EPN612/testingJSON/user160/user160.json,idx_33
waveOut,trainingSamples,raw_data/EMG-EPN612/testingJSON/user160/user160.json,idx_34
waveOut,trainingSamples,raw_data/EMG-EPN612/testingJSON/user160/user160.json,idx_35
waveOut,trainingSamples,raw_data/EMG-EPN612/testingJSON/user160/user160.json,idx_36
waveOut,trainingSamples,raw_data/EMG-EPN612/testingJSON/user160/user160.json,idx_37
waveOut,trainingSamples,raw_data/EMG-EPN612/testingJSON/user160/user160.json,idx_38
waveOut,trainingSamples,raw_data/EMG-EPN612/testingJSON/user160/user160.json,idx_39
waveOut,trainingSamples,raw_data/EMG-EPN612/testingJSON/user160/user160.json,idx_40
waveOut,trainingSamples,raw_data/EMG-EPN612/testingJSON/user160/user160.json,idx_41
waveOut,trainingSamples,raw_data/EMG-EPN612/testingJSON/user160/user160.json,idx_42
waveOut,trainingSamples,raw_data/EMG-EPN612/testingJSON/user160/user160.json,idx_43
waveOut,trainingSamples,raw_data/EMG-EPN612/testingJSON/user160/user160.json,idx_44
waveOut,trainingSamples,raw_data/EMG-EPN612/testingJSON/user160/user160.json,idx_45
waveOut,trainingSamples,raw_data/EMG-EPN612/testingJSON/user160/user160.json,idx_46
waveOut,trainingSamples,raw_data/EMG-EPN612/testingJSON/user160/user160.json,idx_47
waveOut,trainingSamples,raw_data/EMG-EPN612/testingJSON/user160/user160.json,idx_48
waveOut,trainingSamples,raw_data/EMG-EPN612/testingJSON/user160/user160.json,idx_49
waveOut,trainingSamples,raw_data/EMG-EPN612/testingJSON/user160/user160.json,idx_50
pinch,trainingSamples,raw_data/EMG-EPN612/testingJSON/user160/user160.json,idx_51
pinch,trainingSamples,raw_data/EMG-EPN612/testingJSON/user160/user160.json,idx_52
pinch,trainingSamples,raw_data/EMG-EPN612/testingJSON/user160/user160.json,idx_53
pinch,trainingSamples,raw_data/EMG-EPN612/testingJSON/user160/user160.json,idx_54
pinch,trainingSamples,raw_data/EMG-EPN612/testingJSON/user160/user160.json,idx_55
pinch,trainingSamples,raw_data/EMG-EPN612/testingJSON/user160/user160.json,idx_56
pinch,trainingSamples,raw_data/EMG-EPN612/testingJSON/user160/user160.json,idx_57
pinch,trainingSamples,raw_data/EMG-EPN612/testingJSON/user160/user160.json,idx_58
pinch,trainingSamples,raw_data/EMG-EPN612/testingJSON/user160/user160.json,idx_59
pinch,trainingSamples,raw_data/EMG-EPN612/testingJSON/user160/user160.json,idx_60
pinch,trainingSamples,raw_data/EMG-EPN612/testingJSON/user160/user160.json,idx_61
pinch,trainingSamples,raw_data/EMG-EPN612/testingJSON/user160/user160.json,idx_62
pinch,trainingSamples,raw_data/EMG-EPN612/testingJSON/user160/user160.json,idx_63
pinch,trainingSamples,raw_data/EMG-EPN612/testingJSON/user160/user160.json,idx_64
pinch,trainingSamples,raw_data/EMG-EPN612/testingJSON/user160/user160.json,idx_65
pinch,trainingSamples,raw_data/EMG-EPN612/testingJSON/user160/user160.json,idx_66
pinch,trainingSamples,raw_data/EMG-EPN612/testingJSON/user160/user160.json,idx_67
pinch,trainingSamples,raw_data/EMG-EPN612/testingJSON/user160/user160.json,idx_68
pinch,trainingSamples,raw_data/EMG-EPN612/testingJSON/user160/user160.json,idx_69
pinch,trainingSamples,raw_data/EMG-EPN612/testingJSON/user160/user160.json,idx_70
pinch,trainingSamples,raw_data/EMG-EPN612/testingJSON/user160/user160.json,idx_71
pinch,trainingSamples,raw_data/EMG-EPN612/testingJSON/user160/user160.json,idx_72
pinch,trainingSamples,raw_data/EMG-EPN612/testingJSON/user160/user160.json,idx_73
pinch,trainingSamples,raw_data/EMG-EPN612/testingJSON/user160/user160.json,idx_74
pinch,trainingSamples,raw_data/EMG-EPN612/testingJSON/user160/user160.json,idx_75
fist,trainingSamples,raw_data/EMG-EPN612/testingJSON/user160/user160.json,idx_76
fist,trainingSamples,raw_data/EMG-EPN612/testingJSON/user160/user160.json,idx_77
fist,trainingSamples,raw_data/EMG-EPN612/testingJSON/user160/user160.json,idx_78
fist,trainingSamples,raw_data/EMG-EPN612/testingJSON/user160/user160.json,idx_79
fist,trainingSamples,raw_data/EMG-EPN612/testingJSON/user160/user160.json,idx_80
fist,trainingSamples,raw_data/EMG-EPN612/testingJSON/user160/user160.json,idx_81
fist,trainingSamples,raw_data/EMG-EPN612/testingJSON/user160/user160.json,idx_82
fist,trainingSamples,raw_data/EMG-EPN612/testingJSON/user160/user160.json,idx_83
fist,trainingSamples,raw_data/EMG-EPN612/testingJSON/user160/user160.json,idx_84
fist,trainingSamples,raw_data/EMG-EPN612/testingJSON/user160/user160.json,idx_85
fist,trainingSamples,raw_data/EMG-EPN612/testingJSON/user160/user160.json,idx_86
fist,trainingSamples,raw_data/EMG-EPN612/testingJSON/user160/user160.json,idx_87
fist,trainingSamples,raw_data/EMG-EPN612/testingJSON/user160/user160.json,idx_88
fist,trainingSamples,raw_data/EMG-EPN612/testingJSON/user160/user160.json,idx_89
fist,trainingSamples,raw_data/EMG-EPN612/testingJSON/user160/user160.json,idx_90
fist,trainingSamples,raw_data/EMG-EPN612/testingJSON/user160/user160.json,idx_91
fist,trainingSamples,raw_data/EMG-EPN612/testingJSON/user160/user160.json,idx_92
fist,trainingSamples,raw_data/EMG-EPN612/testingJSON/user160/user160.json,idx_93
fist,trainingSamples,raw_data/EMG-EPN612/testingJSON/user160/user160.json,idx_94
fist,trainingSamples,raw_data/EMG-EPN612/testingJSON/user160/user160.json,idx_95
fist,trainingSamples,raw_data/EMG-EPN612/testingJSON/user160/user160.json,idx_96
fist,trainingSamples,raw_data/EMG-EPN612/testingJSON/user160/user160.json,idx_97
fist,trainingSamples,raw_data/EMG-EPN612/testingJSON/user160/user160.json,idx_98
fist,trainingSamples,raw_data/EMG-EPN612/testingJSON/user160/user160.json,idx_99
fist,trainingSamples,raw_data/EMG-EPN612/testingJSON/user160/user160.json,idx_100
waveIn,trainingSamples,raw_data/EMG-EPN612/testingJSON/user160/user160.json,idx_101
waveIn,trainingSamples,raw_data/EMG-EPN612/testingJSON/user160/user160.json,idx_102
waveIn,trainingSamples,raw_data/EMG-EPN612/testingJSON/user160/user160.json,idx_103
waveIn,trainingSamples,raw_data/EMG-EPN612/testingJSON/user160/user160.json,idx_104
waveIn,trainingSamples,raw_data/EMG-EPN612/testingJSON/user160/user160.json,idx_105
waveIn,trainingSamples,raw_data/EMG-EPN612/testingJSON/user160/user160.json,idx_106
waveIn,trainingSamples,raw_data/EMG-EPN612/testingJSON/user160/user160.json,idx_107
waveIn,trainingSamples,raw_data/EMG-EPN612/testingJSON/user160/user160.json,idx_108
waveIn,trainingSamples,raw_data/EMG-EPN612/testingJSON/user160/user160.json,idx_109
waveIn,trainingSamples,raw_data/EMG-EPN612/testingJSON/user160/user160.json,idx_110
waveIn,trainingSamples,raw_data/EMG-EPN612/testingJSON/user160/user160.json,idx_111
waveIn,trainingSamples,raw_data/EMG-EPN612/testingJSON/user160/user160.json,idx_112
waveIn,trainingSamples,raw_data/EMG-EPN612/testingJSON/user160/user160.json,idx_113
waveIn,trainingSamples,raw_data/EMG-EPN612/testingJSON/user160/user160.json,idx_114
waveIn,trainingSamples,raw_data/EMG-EPN612/testingJSON/user160/user160.json,idx_115
waveIn,trainingSamples,raw_data/EMG-EPN612/testingJSON/user160/user160.json,idx_116
waveIn,trainingSamples,raw_data/EMG-EPN612/testingJSON/user160/user160.json,idx_117
waveIn,trainingSamples,raw_data/EMG-EPN612/testingJSON/user160/user160.json,idx_118
waveIn,trainingSamples,raw_data/EMG-EPN612/testingJSON/user160/user160.json,idx_119
waveIn,trainingSamples,raw_data/EMG-EPN612/testingJSON/user160/user160.json,idx_120
waveIn,trainingSamples,raw_data/EMG-EPN612/testingJSON/user160/user160.json,idx_121
waveIn,trainingSamples,raw_data/EMG-EPN612/testingJSON/user160/user160.json,idx_122
waveIn,trainingSamples,raw_data/EMG-EPN612/testingJSON/user160/user160.json,idx_123
waveIn,trainingSamples,raw_data/EMG-EPN612/testingJSON/user160/user160.json,idx_124
waveIn,trainingSamples,raw_data/EMG-EPN612/testingJSON/user160/user160.json,idx_125
open,trainingSamples,raw_data/EMG-EPN612/testingJSON/user160/user160.json,idx_126
open,trainingSamples,raw_data/EMG-EPN612/testingJSON/user160/user160.json,idx_127
open,trainingSamples,raw_data/EMG-EPN612/testingJSON/user160/user160.json,idx_128
open,trainingSamples,raw_data/EMG-EPN612/testingJSON/user160/user160.json,idx_129
open,trainingSamples,raw_data/EMG-EPN612/testingJSON/user160/user160.json,idx_130
open,trainingSamples,raw_data/EMG-EPN612/testingJSON/user160/user160.json,idx_131
open,trainingSamples,raw_data/EMG-EPN612/testingJSON/user160/user160.json,idx_132
open,trainingSamples,raw_data/EMG-EPN612/testingJSON/user160/user160.json,idx_133
open,trainingSamples,raw_data/EMG-EPN612/testingJSON/user160/user160.json,idx_134
open,trainingSamples,raw_data/EMG-EPN612/testingJSON/user160/user160.json,idx_135
open,trainingSamples,raw_data/EMG-EPN612/testingJSON/user160/user160.json,idx_136
open,trainingSamples,raw_data/EMG-EPN612/testingJSON/user160/user160.json,idx_137
open,trainingSamples,raw_data/EMG-EPN612/testingJSON/user160/user160.json,idx_138
open,trainingSamples,raw_data/EMG-EPN612/testingJSON/user160/user160.json,idx_139
open,trainingSamples,raw_data/EMG-EPN612/testingJSON/user160/user160.json,idx_140
open,trainingSamples,raw_data/EMG-EPN612/testingJSON/user160/user160.json,idx_141
open,trainingSamples,raw_data/EMG-EPN612/testingJSON/user160/user160.json,idx_142
open,trainingSamples,raw_data/EMG-EPN612/testingJSON/user160/user160.json,idx_143
open,trainingSamples,raw_data/EMG-EPN612/testingJSON/user160/user160.json,idx_144
open,trainingSamples,raw_data/EMG-EPN612/testingJSON/user160/user160.json,idx_145
open,trainingSamples,raw_data/EMG-EPN612/testingJSON/user160/user160.json,idx_146
open,trainingSamples,raw_data/EMG-EPN612/testingJSON/user160/user160.json,idx_147
open,trainingSamples,raw_data/EMG-EPN612/testingJSON/user160/user160.json,idx_148
open,trainingSamples,raw_data/EMG-EPN612/testingJSON/user160/user160.json,idx_149
open,trainingSamples,raw_data/EMG-EPN612/testingJSON/user160/user160.json,idx_150
noGesture,trainingSamples,raw_data/EMG-EPN612/testingJSON/user161/user161.json,idx_1
noGesture,trainingSamples,raw_data/EMG-EPN612/testingJSON/user161/user161.json,idx_2
noGesture,trainingSamples,raw_data/EMG-EPN612/testingJSON/user161/user161.json,idx_3
noGesture,trainingSamples,raw_data/EMG-EPN612/testingJSON/user161/user161.json,idx_4
noGesture,trainingSamples,raw_data/EMG-EPN612/testingJSON/user161/user161.json,idx_5
noGesture,trainingSamples,raw_data/EMG-EPN612/testingJSON/user161/user161.json,idx_6
noGesture,trainingSamples,raw_data/EMG-EPN612/testingJSON/user161/user161.json,idx_7
noGesture,trainingSamples,raw_data/EMG-EPN612/testingJSON/user161/user161.json,idx_8
noGesture,trainingSamples,raw_data/EMG-EPN612/testingJSON/user161/user161.json,idx_9
noGesture,trainingSamples,raw_data/EMG-EPN612/testingJSON/user161/user161.json,idx_10
noGesture,trainingSamples,raw_data/EMG-EPN612/testingJSON/user161/user161.json,idx_11
noGesture,trainingSamples,raw_data/EMG-EPN612/testingJSON/user161/user161.json,idx_12
noGesture,trainingSamples,raw_data/EMG-EPN612/testingJSON/user161/user161.json,idx_13
noGesture,trainingSamples,raw_data/EMG-EPN612/testingJSON/user161/user161.json,idx_14
noGesture,trainingSamples,raw_data/EMG-EPN612/testingJSON/user161/user161.json,idx_15
noGesture,trainingSamples,raw_data/EMG-EPN612/testingJSON/user161/user161.json,idx_16
noGesture,trainingSamples,raw_data/EMG-EPN612/testingJSON/user161/user161.json,idx_17
noGesture,trainingSamples,raw_data/EMG-EPN612/testingJSON/user161/user161.json,idx_18
noGesture,trainingSamples,raw_data/EMG-EPN612/testingJSON/user161/user161.json,idx_19
noGesture,trainingSamples,raw_data/EMG-EPN612/testingJSON/user161/user161.json,idx_20
noGesture,trainingSamples,raw_data/EMG-EPN612/testingJSON/user161/user161.json,idx_21
noGesture,trainingSamples,raw_data/EMG-EPN612/testingJSON/user161/user161.json,idx_22
noGesture,trainingSamples,raw_data/EMG-EPN612/testingJSON/user161/user161.json,idx_23
noGesture,trainingSamples,raw_data/EMG-EPN612/testingJSON/user161/user161.json,idx_24
noGesture,trainingSamples,raw_data/EMG-EPN612/testingJSON/user161/user161.json,idx_25
waveOut,trainingSamples,raw_data/EMG-EPN612/testingJSON/user161/user161.json,idx_26
waveOut,trainingSamples,raw_data/EMG-EPN612/testingJSON/user161/user161.json,idx_27
waveOut,trainingSamples,raw_data/EMG-EPN612/testingJSON/user161/user161.json,idx_28
waveOut,trainingSamples,raw_data/EMG-EPN612/testingJSON/user161/user161.json,idx_29
waveOut,trainingSamples,raw_data/EMG-EPN612/testingJSON/user161/user161.json,idx_30
waveOut,trainingSamples,raw_data/EMG-EPN612/testingJSON/user161/user161.json,idx_31
waveOut,trainingSamples,raw_data/EMG-EPN612/testingJSON/user161/user161.json,idx_32
waveOut,trainingSamples,raw_data/EMG-EPN612/testingJSON/user161/user161.json,idx_33
waveOut,trainingSamples,raw_data/EMG-EPN612/testingJSON/user161/user161.json,idx_34
waveOut,trainingSamples,raw_data/EMG-EPN612/testingJSON/user161/user161.json,idx_35
waveOut,trainingSamples,raw_data/EMG-EPN612/testingJSON/user161/user161.json,idx_36
waveOut,trainingSamples,raw_data/EMG-EPN612/testingJSON/user161/user161.json,idx_37
waveOut,trainingSamples,raw_data/EMG-EPN612/testingJSON/user161/user161.json,idx_38
waveOut,trainingSamples,raw_data/EMG-EPN612/testingJSON/user161/user161.json,idx_39
waveOut,trainingSamples,raw_data/EMG-EPN612/testingJSON/user161/user161.json,idx_40
waveOut,trainingSamples,raw_data/EMG-EPN612/testingJSON/user161/user161.json,idx_41
waveOut,trainingSamples,raw_data/EMG-EPN612/testingJSON/user161/user161.json,idx_42
waveOut,trainingSamples,raw_data/EMG-EPN612/testingJSON/user161/user161.json,idx_43
waveOut,trainingSamples,raw_data/EMG-EPN612/testingJSON/user161/user161.json,idx_44
waveOut,trainingSamples,raw_data/EMG-EPN612/testingJSON/user161/user161.json,idx_45
waveOut,trainingSamples,raw_data/EMG-EPN612/testingJSON/user161/user161.json,idx_46
waveOut,trainingSamples,raw_data/EMG-EPN612/testingJSON/user161/user161.json,idx_47
waveOut,trainingSamples,raw_data/EMG-EPN612/testingJSON/user161/user161.json,idx_48
waveOut,trainingSamples,raw_data/EMG-EPN612/testingJSON/user161/user161.json,idx_49
waveOut,trainingSamples,raw_data/EMG-EPN612/testingJSON/user161/user161.json,idx_50
pinch,trainingSamples,raw_data/EMG-EPN612/testingJSON/user161/user161.json,idx_51
pinch,trainingSamples,raw_data/EMG-EPN612/testingJSON/user161/user161.json,idx_52
pinch,trainingSamples,raw_data/EMG-EPN612/testingJSON/user161/user161.json,idx_53
pinch,trainingSamples,raw_data/EMG-EPN612/testingJSON/user161/user161.json,idx_54
pinch,trainingSamples,raw_data/EMG-EPN612/testingJSON/user161/user161.json,idx_55
pinch,trainingSamples,raw_data/EMG-EPN612/testingJSON/user161/user161.json,idx_56
pinch,trainingSamples,raw_data/EMG-EPN612/testingJSON/user161/user161.json,idx_57
pinch,trainingSamples,raw_data/EMG-EPN612/testingJSON/user161/user161.json,idx_58
pinch,trainingSamples,raw_data/EMG-EPN612/testingJSON/user161/user161.json,idx_59
pinch,trainingSamples,raw_data/EMG-EPN612/testingJSON/user161/user161.json,idx_60
pinch,trainingSamples,raw_data/EMG-EPN612/testingJSON/user161/user161.json,idx_61
pinch,trainingSamples,raw_data/EMG-EPN612/testingJSON/user161/user161.json,idx_62
pinch,trainingSamples,raw_data/EMG-EPN612/testingJSON/user161/user161.json,idx_63
pinch,trainingSamples,raw_data/EMG-EPN612/testingJSON/user161/user161.json,idx_64
pinch,trainingSamples,raw_data/EMG-EPN612/testingJSON/user161/user161.json,idx_65
pinch,trainingSamples,raw_data/EMG-EPN612/testingJSON/user161/user161.json,idx_66
pinch,trainingSamples,raw_data/EMG-EPN612/testingJSON/user161/user161.json,idx_67
pinch,trainingSamples,raw_data/EMG-EPN612/testingJSON/user161/user161.json,idx_68
pinch,trainingSamples,raw_data/EMG-EPN612/testingJSON/user161/user161.json,idx_69
pinch,trainingSamples,raw_data/EMG-EPN612/testingJSON/user161/user161.json,idx_70
pinch,trainingSamples,raw_data/EMG-EPN612/testingJSON/user161/user161.json,idx_71
pinch,trainingSamples,raw_data/EMG-EPN612/testingJSON/user161/user161.json,idx_72
pinch,trainingSamples,raw_data/EMG-EPN612/testingJSON/user161/user161.json,idx_73
pinch,trainingSamples,raw_data/EMG-EPN612/testingJSON/user161/user161.json,idx_74
pinch,trainingSamples,raw_data/EMG-EPN612/testingJSON/user161/user161.json,idx_75
fist,trainingSamples,raw_data/EMG-EPN612/testingJSON/user161/user161.json,idx_76
fist,trainingSamples,raw_data/EMG-EPN612/testingJSON/user161/user161.json,idx_77
fist,trainingSamples,raw_data/EMG-EPN612/testingJSON/user161/user161.json,idx_78
fist,trainingSamples,raw_data/EMG-EPN612/testingJSON/user161/user161.json,idx_79
fist,trainingSamples,raw_data/EMG-EPN612/testingJSON/user161/user161.json,idx_80
fist,trainingSamples,raw_data/EMG-EPN612/testingJSON/user161/user161.json,idx_81
fist,trainingSamples,raw_data/EMG-EPN612/testingJSON/user161/user161.json,idx_82
fist,trainingSamples,raw_data/EMG-EPN612/testingJSON/user161/user161.json,idx_83
fist,trainingSamples,raw_data/EMG-EPN612/testingJSON/user161/user161.json,idx_84
fist,trainingSamples,raw_data/EMG-EPN612/testingJSON/user161/user161.json,idx_85
fist,trainingSamples,raw_data/EMG-EPN612/testingJSON/user161/user161.json,idx_86
fist,trainingSamples,raw_data/EMG-EPN612/testingJSON/user161/user161.json,idx_87
fist,trainingSamples,raw_data/EMG-EPN612/testingJSON/user161/user161.json,idx_88
fist,trainingSamples,raw_data/EMG-EPN612/testingJSON/user161/user161.json,idx_89
fist,trainingSamples,raw_data/EMG-EPN612/testingJSON/user161/user161.json,idx_90
fist,trainingSamples,raw_data/EMG-EPN612/testingJSON/user161/user161.json,idx_91
fist,trainingSamples,raw_data/EMG-EPN612/testingJSON/user161/user161.json,idx_92
fist,trainingSamples,raw_data/EMG-EPN612/testingJSON/user161/user161.json,idx_93
fist,trainingSamples,raw_data/EMG-EPN612/testingJSON/user161/user161.json,idx_94
fist,trainingSamples,raw_data/EMG-EPN612/testingJSON/user161/user161.json,idx_95
fist,trainingSamples,raw_data/EMG-EPN612/testingJSON/user161/user161.json,idx_96
fist,trainingSamples,raw_data/EMG-EPN612/testingJSON/user161/user161.json,idx_97
fist,trainingSamples,raw_data/EMG-EPN612/testingJSON/user161/user161.json,idx_98
fist,trainingSamples,raw_data/EMG-EPN612/testingJSON/user161/user161.json,idx_99
fist,trainingSamples,raw_data/EMG-EPN612/testingJSON/user161/user161.json,idx_100
waveIn,trainingSamples,raw_data/EMG-EPN612/testingJSON/user161/user161.json,idx_101
waveIn,trainingSamples,raw_data/EMG-EPN612/testingJSON/user161/user161.json,idx_102
waveIn,trainingSamples,raw_data/EMG-EPN612/testingJSON/user161/user161.json,idx_103
waveIn,trainingSamples,raw_data/EMG-EPN612/testingJSON/user161/user161.json,idx_104
waveIn,trainingSamples,raw_data/EMG-EPN612/testingJSON/user161/user161.json,idx_105
waveIn,trainingSamples,raw_data/EMG-EPN612/testingJSON/user161/user161.json,idx_106
waveIn,trainingSamples,raw_data/EMG-EPN612/testingJSON/user161/user161.json,idx_107
waveIn,trainingSamples,raw_data/EMG-EPN612/testingJSON/user161/user161.json,idx_108
waveIn,trainingSamples,raw_data/EMG-EPN612/testingJSON/user161/user161.json,idx_109
waveIn,trainingSamples,raw_data/EMG-EPN612/testingJSON/user161/user161.json,idx_110
waveIn,trainingSamples,raw_data/EMG-EPN612/testingJSON/user161/user161.json,idx_111
waveIn,trainingSamples,raw_data/EMG-EPN612/testingJSON/user161/user161.json,idx_112
waveIn,trainingSamples,raw_data/EMG-EPN612/testingJSON/user161/user161.json,idx_113
waveIn,trainingSamples,raw_data/EMG-EPN612/testingJSON/user161/user161.json,idx_114
waveIn,trainingSamples,raw_data/EMG-EPN612/testingJSON/user161/user161.json,idx_115
waveIn,trainingSamples,raw_data/EMG-EPN612/testingJSON/user161/user161.json,idx_116
waveIn,trainingSamples,raw_data/EMG-EPN612/testingJSON/user161/user161.json,idx_117
waveIn,trainingSamples,raw_data/EMG-EPN612/testingJSON/user161/user161.json,idx_118
waveIn,trainingSamples,raw_data/EMG-EPN612/testingJSON/user161/user161.json,idx_119
waveIn,trainingSamples,raw_data/EMG-EPN612/testingJSON/user161/user161.json,idx_120
waveIn,trainingSamples,raw_data/EMG-EPN612/testingJSON/user161/user161.json,idx_121
waveIn,trainingSamples,raw_data/EMG-EPN612/testingJSON/user161/user161.json,idx_122
waveIn,trainingSamples,raw_data/EMG-EPN612/testingJSON/user161/user161.json,idx_123
waveIn,trainingSamples,raw_data/EMG-EPN612/testingJSON/user161/user161.json,idx_124
waveIn,trainingSamples,raw_data/EMG-EPN612/testingJSON/user161/user161.json,idx_125
open,trainingSamples,raw_data/EMG-EPN612/testingJSON/user161/user161.json,idx_126
open,trainingSamples,raw_data/EMG-EPN612/testingJSON/user161/user161.json,idx_127
open,trainingSamples,raw_data/EMG-EPN612/testingJSON/user161/user161.json,idx_128
open,trainingSamples,raw_data/EMG-EPN612/testingJSON/user161/user161.json,idx_129
open,trainingSamples,raw_data/EMG-EPN612/testingJSON/user161/user161.json,idx_130
open,trainingSamples,raw_data/EMG-EPN612/testingJSON/user161/user161.json,idx_131
open,trainingSamples,raw_data/EMG-EPN612/testingJSON/user161/user161.json,idx_132
open,trainingSamples,raw_data/EMG-EPN612/testingJSON/user161/user161.json,idx_133
open,trainingSamples,raw_data/EMG-EPN612/testingJSON/user161/user161.json,idx_134
open,trainingSamples,raw_data/EMG-EPN612/testingJSON/user161/user161.json,idx_135
open,trainingSamples,raw_data/EMG-EPN612/testingJSON/user161/user161.json,idx_136
open,trainingSamples,raw_data/EMG-EPN612/testingJSON/user161/user161.json,idx_137
open,trainingSamples,raw_data/EMG-EPN612/testingJSON/user161/user161.json,idx_138
open,trainingSamples,raw_data/EMG-EPN612/testingJSON/user161/user161.json,idx_139
open,trainingSamples,raw_data/EMG-EPN612/testingJSON/user161/user161.json,idx_140
open,trainingSamples,raw_data/EMG-EPN612/testingJSON/user161/user161.json,idx_141
open,trainingSamples,raw_data/EMG-EPN612/testingJSON/user161/user161.json,idx_142
open,trainingSamples,raw_data/EMG-EPN612/testingJSON/user161/user161.json,idx_143
open,trainingSamples,raw_data/EMG-EPN612/testingJSON/user161/user161.json,idx_144
open,trainingSamples,raw_data/EMG-EPN612/testingJSON/user161/user161.json,idx_145
open,trainingSamples,raw_data/EMG-EPN612/testingJSON/user161/user161.json,idx_146
open,trainingSamples,raw_data/EMG-EPN612/testingJSON/user161/user161.json,idx_147
open,trainingSamples,raw_data/EMG-EPN612/testingJSON/user161/user161.json,idx_148
open,trainingSamples,raw_data/EMG-EPN612/testingJSON/user161/user161.json,idx_149
open,trainingSamples,raw_data/EMG-EPN612/testingJSON/user161/user161.json,idx_150
noGesture,trainingSamples,raw_data/EMG-EPN612/testingJSON/user162/user162.json,idx_1
noGesture,trainingSamples,raw_data/EMG-EPN612/testingJSON/user162/user162.json,idx_2
noGesture,trainingSamples,raw_data/EMG-EPN612/testingJSON/user162/user162.json,idx_3
noGesture,trainingSamples,raw_data/EMG-EPN612/testingJSON/user162/user162.json,idx_4
noGesture,trainingSamples,raw_data/EMG-EPN612/testingJSON/user162/user162.json,idx_5
noGesture,trainingSamples,raw_data/EMG-EPN612/testingJSON/user162/user162.json,idx_6
noGesture,trainingSamples,raw_data/EMG-EPN612/testingJSON/user162/user162.json,idx_7
noGesture,trainingSamples,raw_data/EMG-EPN612/testingJSON/user162/user162.json,idx_8
noGesture,trainingSamples,raw_data/EMG-EPN612/testingJSON/user162/user162.json,idx_9
noGesture,trainingSamples,raw_data/EMG-EPN612/testingJSON/user162/user162.json,idx_10
noGesture,trainingSamples,raw_data/EMG-EPN612/testingJSON/user162/user162.json,idx_11
noGesture,trainingSamples,raw_data/EMG-EPN612/testingJSON/user162/user162.json,idx_12
noGesture,trainingSamples,raw_data/EMG-EPN612/testingJSON/user162/user162.json,idx_13
noGesture,trainingSamples,raw_data/EMG-EPN612/testingJSON/user162/user162.json,idx_14
noGesture,trainingSamples,raw_data/EMG-EPN612/testingJSON/user162/user162.json,idx_15
noGesture,trainingSamples,raw_data/EMG-EPN612/testingJSON/user162/user162.json,idx_16
noGesture,trainingSamples,raw_data/EMG-EPN612/testingJSON/user162/user162.json,idx_17
noGesture,trainingSamples,raw_data/EMG-EPN612/testingJSON/user162/user162.json,idx_18
noGesture,trainingSamples,raw_data/EMG-EPN612/testingJSON/user162/user162.json,idx_19
noGesture,trainingSamples,raw_data/EMG-EPN612/testingJSON/user162/user162.json,idx_20
noGesture,trainingSamples,raw_data/EMG-EPN612/testingJSON/user162/user162.json,idx_21
noGesture,trainingSamples,raw_data/EMG-EPN612/testingJSON/user162/user162.json,idx_22
noGesture,trainingSamples,raw_data/EMG-EPN612/testingJSON/user162/user162.json,idx_23
noGesture,trainingSamples,raw_data/EMG-EPN612/testingJSON/user162/user162.json,idx_24
noGesture,trainingSamples,raw_data/EMG-EPN612/testingJSON/user162/user162.json,idx_25
waveOut,trainingSamples,raw_data/EMG-EPN612/testingJSON/user162/user162.json,idx_26
waveOut,trainingSamples,raw_data/EMG-EPN612/testingJSON/user162/user162.json,idx_27
waveOut,trainingSamples,raw_data/EMG-EPN612/testingJSON/user162/user162.json,idx_28
waveOut,trainingSamples,raw_data/EMG-EPN612/testingJSON/user162/user162.json,idx_29
waveOut,trainingSamples,raw_data/EMG-EPN612/testingJSON/user162/user162.json,idx_30
waveOut,trainingSamples,raw_data/EMG-EPN612/testingJSON/user162/user162.json,idx_31
waveOut,trainingSamples,raw_data/EMG-EPN612/testingJSON/user162/user162.json,idx_32
waveOut,trainingSamples,raw_data/EMG-EPN612/testingJSON/user162/user162.json,idx_33
waveOut,trainingSamples,raw_data/EMG-EPN612/testingJSON/user162/user162.json,idx_34
waveOut,trainingSamples,raw_data/EMG-EPN612/testingJSON/user162/user162.json,idx_35
waveOut,trainingSamples,raw_data/EMG-EPN612/testingJSON/user162/user162.json,idx_36
waveOut,trainingSamples,raw_data/EMG-EPN612/testingJSON/user162/user162.json,idx_37
waveOut,trainingSamples,raw_data/EMG-EPN612/testingJSON/user162/user162.json,idx_38
waveOut,trainingSamples,raw_data/EMG-EPN612/testingJSON/user162/user162.json,idx_39
waveOut,trainingSamples,raw_data/EMG-EPN612/testingJSON/user162/user162.json,idx_40
waveOut,trainingSamples,raw_data/EMG-EPN612/testingJSON/user162/user162.json,idx_41
waveOut,trainingSamples,raw_data/EMG-EPN612/testingJSON/user162/user162.json,idx_42
waveOut,trainingSamples,raw_data/EMG-EPN612/testingJSON/user162/user162.json,idx_43
waveOut,trainingSamples,raw_data/EMG-EPN612/testingJSON/user162/user162.json,idx_44
waveOut,trainingSamples,raw_data/EMG-EPN612/testingJSON/user162/user162.json,idx_45
waveOut,trainingSamples,raw_data/EMG-EPN612/testingJSON/user162/user162.json,idx_46
waveOut,trainingSamples,raw_data/EMG-EPN612/testingJSON/user162/user162.json,idx_47
waveOut,trainingSamples,raw_data/EMG-EPN612/testingJSON/user162/user162.json,idx_48
waveOut,trainingSamples,raw_data/EMG-EPN612/testingJSON/user162/user162.json,idx_49
waveOut,trainingSamples,raw_data/EMG-EPN612/testingJSON/user162/user162.json,idx_50
pinch,trainingSamples,raw_data/EMG-EPN612/testingJSON/user162/user162.json,idx_51
pinch,trainingSamples,raw_data/EMG-EPN612/testingJSON/user162/user162.json,idx_52
pinch,trainingSamples,raw_data/EMG-EPN612/testingJSON/user162/user162.json,idx_53
pinch,trainingSamples,raw_data/EMG-EPN612/testingJSON/user162/user162.json,idx_54
pinch,trainingSamples,raw_data/EMG-EPN612/testingJSON/user162/user162.json,idx_55
pinch,trainingSamples,raw_data/EMG-EPN612/testingJSON/user162/user162.json,idx_56
pinch,trainingSamples,raw_data/EMG-EPN612/testingJSON/user162/user162.json,idx_57
pinch,trainingSamples,raw_data/EMG-EPN612/testingJSON/user162/user162.json,idx_58
pinch,trainingSamples,raw_data/EMG-EPN612/testingJSON/user162/user162.json,idx_59
pinch,trainingSamples,raw_data/EMG-EPN612/testingJSON/user162/user162.json,idx_60
pinch,trainingSamples,raw_data/EMG-EPN612/testingJSON/user162/user162.json,idx_61
pinch,trainingSamples,raw_data/EMG-EPN612/testingJSON/user162/user162.json,idx_62
pinch,trainingSamples,raw_data/EMG-EPN612/testingJSON/user162/user162.json,idx_63
pinch,trainingSamples,raw_data/EMG-EPN612/testingJSON/user162/user162.json,idx_64
pinch,trainingSamples,raw_data/EMG-EPN612/testingJSON/user162/user162.json,idx_65
pinch,trainingSamples,raw_data/EMG-EPN612/testingJSON/user162/user162.json,idx_66
pinch,trainingSamples,raw_data/EMG-EPN612/testingJSON/user162/user162.json,idx_67
pinch,trainingSamples,raw_data/EMG-EPN612/testingJSON/user162/user162.json,idx_68
pinch,trainingSamples,raw_data/EMG-EPN612/testingJSON/user162/user162.json,idx_69
pinch,trainingSamples,raw_data/EMG-EPN612/testingJSON/user162/user162.json,idx_70
pinch,trainingSamples,raw_data/EMG-EPN612/testingJSON/user162/user162.json,idx_71
pinch,trainingSamples,raw_data/EMG-EPN612/testingJSON/user162/user162.json,idx_72
pinch,trainingSamples,raw_data/EMG-EPN612/testingJSON/user162/user162.json,idx_73
pinch,trainingSamples,raw_data/EMG-EPN612/testingJSON/user162/user162.json,idx_74
pinch,trainingSamples,raw_data/EMG-EPN612/testingJSON/user162/user162.json,idx_75
fist,trainingSamples,raw_data/EMG-EPN612/testingJSON/user162/user162.json,idx_76
fist,trainingSamples,raw_data/EMG-EPN612/testingJSON/user162/user162.json,idx_77
fist,trainingSamples,raw_data/EMG-EPN612/testingJSON/user162/user162.json,idx_78
fist,trainingSamples,raw_data/EMG-EPN612/testingJSON/user162/user162.json,idx_79
fist,trainingSamples,raw_data/EMG-EPN612/testingJSON/user162/user162.json,idx_80
fist,trainingSamples,raw_data/EMG-EPN612/testingJSON/user162/user162.json,idx_81
fist,trainingSamples,raw_data/EMG-EPN612/testingJSON/user162/user162.json,idx_82
fist,trainingSamples,raw_data/EMG-EPN612/testingJSON/user162/user162.json,idx_83
fist,trainingSamples,raw_data/EMG-EPN612/testingJSON/user162/user162.json,idx_84
fist,trainingSamples,raw_data/EMG-EPN612/testingJSON/user162/user162.json,idx_85
fist,trainingSamples,raw_data/EMG-EPN612/testingJSON/user162/user162.json,idx_86
fist,trainingSamples,raw_data/EMG-EPN612/testingJSON/user162/user162.json,idx_87
fist,trainingSamples,raw_data/EMG-EPN612/testingJSON/user162/user162.json,idx_88
fist,trainingSamples,raw_data/EMG-EPN612/testingJSON/user162/user162.json,idx_89
fist,trainingSamples,raw_data/EMG-EPN612/testingJSON/user162/user162.json,idx_90
fist,trainingSamples,raw_data/EMG-EPN612/testingJSON/user162/user162.json,idx_91
fist,trainingSamples,raw_data/EMG-EPN612/testingJSON/user162/user162.json,idx_92
fist,trainingSamples,raw_data/EMG-EPN612/testingJSON/user162/user162.json,idx_93
fist,trainingSamples,raw_data/EMG-EPN612/testingJSON/user162/user162.json,idx_94
fist,trainingSamples,raw_data/EMG-EPN612/testingJSON/user162/user162.json,idx_95
fist,trainingSamples,raw_data/EMG-EPN612/testingJSON/user162/user162.json,idx_96
fist,trainingSamples,raw_data/EMG-EPN612/testingJSON/user162/user162.json,idx_97
fist,trainingSamples,raw_data/EMG-EPN612/testingJSON/user162/user162.json,idx_98
fist,trainingSamples,raw_data/EMG-EPN612/testingJSON/user162/user162.json,idx_99
fist,trainingSamples,raw_data/EMG-EPN612/testingJSON/user162/user162.json,idx_100
waveIn,trainingSamples,raw_data/EMG-EPN612/testingJSON/user162/user162.json,idx_101
waveIn,trainingSamples,raw_data/EMG-EPN612/testingJSON/user162/user162.json,idx_102
waveIn,trainingSamples,raw_data/EMG-EPN612/testingJSON/user162/user162.json,idx_103
waveIn,trainingSamples,raw_data/EMG-EPN612/testingJSON/user162/user162.json,idx_104
waveIn,trainingSamples,raw_data/EMG-EPN612/testingJSON/user162/user162.json,idx_105
waveIn,trainingSamples,raw_data/EMG-EPN612/testingJSON/user162/user162.json,idx_106
waveIn,trainingSamples,raw_data/EMG-EPN612/testingJSON/user162/user162.json,idx_107
waveIn,trainingSamples,raw_data/EMG-EPN612/testingJSON/user162/user162.json,idx_108
waveIn,trainingSamples,raw_data/EMG-EPN612/testingJSON/user162/user162.json,idx_109
waveIn,trainingSamples,raw_data/EMG-EPN612/testingJSON/user162/user162.json,idx_110
waveIn,trainingSamples,raw_data/EMG-EPN612/testingJSON/user162/user162.json,idx_111
waveIn,trainingSamples,raw_data/EMG-EPN612/testingJSON/user162/user162.json,idx_112
waveIn,trainingSamples,raw_data/EMG-EPN612/testingJSON/user162/user162.json,idx_113
waveIn,trainingSamples,raw_data/EMG-EPN612/testingJSON/user162/user162.json,idx_114
waveIn,trainingSamples,raw_data/EMG-EPN612/testingJSON/user162/user162.json,idx_115
waveIn,trainingSamples,raw_data/EMG-EPN612/testingJSON/user162/user162.json,idx_116
waveIn,trainingSamples,raw_data/EMG-EPN612/testingJSON/user162/user162.json,idx_117
waveIn,trainingSamples,raw_data/EMG-EPN612/testingJSON/user162/user162.json,idx_118
waveIn,trainingSamples,raw_data/EMG-EPN612/testingJSON/user162/user162.json,idx_119
waveIn,trainingSamples,raw_data/EMG-EPN612/testingJSON/user162/user162.json,idx_120
waveIn,trainingSamples,raw_data/EMG-EPN612/testingJSON/user162/user162.json,idx_121
waveIn,trainingSamples,raw_data/EMG-EPN612/testingJSON/user162/user162.json,idx_122
waveIn,trainingSamples,raw_data/EMG-EPN612/testingJSON/user162/user162.json,idx_123
waveIn,trainingSamples,raw_data/EMG-EPN612/testingJSON/user162/user162.json,idx_124
waveIn,trainingSamples,raw_data/EMG-EPN612/testingJSON/user162/user162.json,idx_125
open,trainingSamples,raw_data/EMG-EPN612/testingJSON/user162/user162.json,idx_126
open,trainingSamples,raw_data/EMG-EPN612/testingJSON/user162/user162.json,idx_127
open,trainingSamples,raw_data/EMG-EPN612/testingJSON/user162/user162.json,idx_128
open,trainingSamples,raw_data/EMG-EPN612/testingJSON/user162/user162.json,idx_129
open,trainingSamples,raw_data/EMG-EPN612/testingJSON/user162/user162.json,idx_130
open,trainingSamples,raw_data/EMG-EPN612/testingJSON/user162/user162.json,idx_131
open,trainingSamples,raw_data/EMG-EPN612/testingJSON/user162/user162.json,idx_132
open,trainingSamples,raw_data/EMG-EPN612/testingJSON/user162/user162.json,idx_133
open,trainingSamples,raw_data/EMG-EPN612/testingJSON/user162/user162.json,idx_134
open,trainingSamples,raw_data/EMG-EPN612/testingJSON/user162/user162.json,idx_135
open,trainingSamples,raw_data/EMG-EPN612/testingJSON/user162/user162.json,idx_136
open,trainingSamples,raw_data/EMG-EPN612/testingJSON/user162/user162.json,idx_137
open,trainingSamples,raw_data/EMG-EPN612/testingJSON/user162/user162.json,idx_138
open,trainingSamples,raw_data/EMG-EPN612/testingJSON/user162/user162.json,idx_139
open,trainingSamples,raw_data/EMG-EPN612/testingJSON/user162/user162.json,idx_140
open,trainingSamples,raw_data/EMG-EPN612/testingJSON/user162/user162.json,idx_141
open,trainingSamples,raw_data/EMG-EPN612/testingJSON/user162/user162.json,idx_142
open,trainingSamples,raw_data/EMG-EPN612/testingJSON/user162/user162.json,idx_143
open,trainingSamples,raw_data/EMG-EPN612/testingJSON/user162/user162.json,idx_144
open,trainingSamples,raw_data/EMG-EPN612/testingJSON/user162/user162.json,idx_145
open,trainingSamples,raw_data/EMG-EPN612/testingJSON/user162/user162.json,idx_146
open,trainingSamples,raw_data/EMG-EPN612/testingJSON/user162/user162.json,idx_147
open,trainingSamples,raw_data/EMG-EPN612/testingJSON/user162/user162.json,idx_148
open,trainingSamples,raw_data/EMG-EPN612/testingJSON/user162/user162.json,idx_149
open,trainingSamples,raw_data/EMG-EPN612/testingJSON/user162/user162.json,idx_150
noGesture,trainingSamples,raw_data/EMG-EPN612/testingJSON/user163/user163.json,idx_1
noGesture,trainingSamples,raw_data/EMG-EPN612/testingJSON/user163/user163.json,idx_2
noGesture,trainingSamples,raw_data/EMG-EPN612/testingJSON/user163/user163.json,idx_3
noGesture,trainingSamples,raw_data/EMG-EPN612/testingJSON/user163/user163.json,idx_4
noGesture,trainingSamples,raw_data/EMG-EPN612/testingJSON/user163/user163.json,idx_5
noGesture,trainingSamples,raw_data/EMG-EPN612/testingJSON/user163/user163.json,idx_6
noGesture,trainingSamples,raw_data/EMG-EPN612/testingJSON/user163/user163.json,idx_7
noGesture,trainingSamples,raw_data/EMG-EPN612/testingJSON/user163/user163.json,idx_8
noGesture,trainingSamples,raw_data/EMG-EPN612/testingJSON/user163/user163.json,idx_9
noGesture,trainingSamples,raw_data/EMG-EPN612/testingJSON/user163/user163.json,idx_10
noGesture,trainingSamples,raw_data/EMG-EPN612/testingJSON/user163/user163.json,idx_11
noGesture,trainingSamples,raw_data/EMG-EPN612/testingJSON/user163/user163.json,idx_12
noGesture,trainingSamples,raw_data/EMG-EPN612/testingJSON/user163/user163.json,idx_13
noGesture,trainingSamples,raw_data/EMG-EPN612/testingJSON/user163/user163.json,idx_14
noGesture,trainingSamples,raw_data/EMG-EPN612/testingJSON/user163/user163.json,idx_15
noGesture,trainingSamples,raw_data/EMG-EPN612/testingJSON/user163/user163.json,idx_16
noGesture,trainingSamples,raw_data/EMG-EPN612/testingJSON/user163/user163.json,idx_17
noGesture,trainingSamples,raw_data/EMG-EPN612/testingJSON/user163/user163.json,idx_18
noGesture,trainingSamples,raw_data/EMG-EPN612/testingJSON/user163/user163.json,idx_19
noGesture,trainingSamples,raw_data/EMG-EPN612/testingJSON/user163/user163.json,idx_20
noGesture,trainingSamples,raw_data/EMG-EPN612/testingJSON/user163/user163.json,idx_21
noGesture,trainingSamples,raw_data/EMG-EPN612/testingJSON/user163/user163.json,idx_22
noGesture,trainingSamples,raw_data/EMG-EPN612/testingJSON/user163/user163.json,idx_23
noGesture,trainingSamples,raw_data/EMG-EPN612/testingJSON/user163/user163.json,idx_24
noGesture,trainingSamples,raw_data/EMG-EPN612/testingJSON/user163/user163.json,idx_25
waveOut,trainingSamples,raw_data/EMG-EPN612/testingJSON/user163/user163.json,idx_26
waveOut,trainingSamples,raw_data/EMG-EPN612/testingJSON/user163/user163.json,idx_27
waveOut,trainingSamples,raw_data/EMG-EPN612/testingJSON/user163/user163.json,idx_28
waveOut,trainingSamples,raw_data/EMG-EPN612/testingJSON/user163/user163.json,idx_29
waveOut,trainingSamples,raw_data/EMG-EPN612/testingJSON/user163/user163.json,idx_30
waveOut,trainingSamples,raw_data/EMG-EPN612/testingJSON/user163/user163.json,idx_31
waveOut,trainingSamples,raw_data/EMG-EPN612/testingJSON/user163/user163.json,idx_32
waveOut,trainingSamples,raw_data/EMG-EPN612/testingJSON/user163/user163.json,idx_33
waveOut,trainingSamples,raw_data/EMG-EPN612/testingJSON/user163/user163.json,idx_34
waveOut,trainingSamples,raw_data/EMG-EPN612/testingJSON/user163/user163.json,idx_35
waveOut,trainingSamples,raw_data/EMG-EPN612/testingJSON/user163/user163.json,idx_36
waveOut,trainingSamples,raw_data/EMG-EPN612/testingJSON/user163/user163.json,idx_37
waveOut,trainingSamples,raw_data/EMG-EPN612/testingJSON/user163/user163.json,idx_38
waveOut,trainingSamples,raw_data/EMG-EPN612/testingJSON/user163/user163.json,idx_39
waveOut,trainingSamples,raw_data/EMG-EPN612/testingJSON/user163/user163.json,idx_40
waveOut,trainingSamples,raw_data/EMG-EPN612/testingJSON/user163/user163.json,idx_41
waveOut,trainingSamples,raw_data/EMG-EPN612/testingJSON/user163/user163.json,idx_42
waveOut,trainingSamples,raw_data/EMG-EPN612/testingJSON/user163/user163.json,idx_43
waveOut,trainingSamples,raw_data/EMG-EPN612/testingJSON/user163/user163.json,idx_44
waveOut,trainingSamples,raw_data/EMG-EPN612/testingJSON/user163/user163.json,idx_45
waveOut,trainingSamples,raw_data/EMG-EPN612/testingJSON/user163/user163.json,idx_46
waveOut,trainingSamples,raw_data/EMG-EPN612/testingJSON/user163/user163.json,idx_47
waveOut,trainingSamples,raw_data/EMG-EPN612/testingJSON/user163/user163.json,idx_48
waveOut,trainingSamples,raw_data/EMG-EPN612/testingJSON/user163/user163.json,idx_49
waveOut,trainingSamples,raw_data/EMG-EPN612/testingJSON/user163/user163.json,idx_50
pinch,trainingSamples,raw_data/EMG-EPN612/testingJSON/user163/user163.json,idx_51
pinch,trainingSamples,raw_data/EMG-EPN612/testingJSON/user163/user163.json,idx_52
pinch,trainingSamples,raw_data/EMG-EPN612/testingJSON/user163/user163.json,idx_53
pinch,trainingSamples,raw_data/EMG-EPN612/testingJSON/user163/user163.json,idx_54
pinch,trainingSamples,raw_data/EMG-EPN612/testingJSON/user163/user163.json,idx_55
pinch,trainingSamples,raw_data/EMG-EPN612/testingJSON/user163/user163.json,idx_56
pinch,trainingSamples,raw_data/EMG-EPN612/testingJSON/user163/user163.json,idx_57
pinch,trainingSamples,raw_data/EMG-EPN612/testingJSON/user163/user163.json,idx_58
pinch,trainingSamples,raw_data/EMG-EPN612/testingJSON/user163/user163.json,idx_59
pinch,trainingSamples,raw_data/EMG-EPN612/testingJSON/user163/user163.json,idx_60
pinch,trainingSamples,raw_data/EMG-EPN612/testingJSON/user163/user163.json,idx_61
pinch,trainingSamples,raw_data/EMG-EPN612/testingJSON/user163/user163.json,idx_62
pinch,trainingSamples,raw_data/EMG-EPN612/testingJSON/user163/user163.json,idx_63
pinch,trainingSamples,raw_data/EMG-EPN612/testingJSON/user163/user163.json,idx_64
pinch,trainingSamples,raw_data/EMG-EPN612/testingJSON/user163/user163.json,idx_65
pinch,trainingSamples,raw_data/EMG-EPN612/testingJSON/user163/user163.json,idx_66
pinch,trainingSamples,raw_data/EMG-EPN612/testingJSON/user163/user163.json,idx_67
pinch,trainingSamples,raw_data/EMG-EPN612/testingJSON/user163/user163.json,idx_68
pinch,trainingSamples,raw_data/EMG-EPN612/testingJSON/user163/user163.json,idx_69
pinch,trainingSamples,raw_data/EMG-EPN612/testingJSON/user163/user163.json,idx_70
pinch,trainingSamples,raw_data/EMG-EPN612/testingJSON/user163/user163.json,idx_71
pinch,trainingSamples,raw_data/EMG-EPN612/testingJSON/user163/user163.json,idx_72
pinch,trainingSamples,raw_data/EMG-EPN612/testingJSON/user163/user163.json,idx_73
pinch,trainingSamples,raw_data/EMG-EPN612/testingJSON/user163/user163.json,idx_74
pinch,trainingSamples,raw_data/EMG-EPN612/testingJSON/user163/user163.json,idx_75
fist,trainingSamples,raw_data/EMG-EPN612/testingJSON/user163/user163.json,idx_76
fist,trainingSamples,raw_data/EMG-EPN612/testingJSON/user163/user163.json,idx_77
fist,trainingSamples,raw_data/EMG-EPN612/testingJSON/user163/user163.json,idx_78
fist,trainingSamples,raw_data/EMG-EPN612/testingJSON/user163/user163.json,idx_79
fist,trainingSamples,raw_data/EMG-EPN612/testingJSON/user163/user163.json,idx_80
fist,trainingSamples,raw_data/EMG-EPN612/testingJSON/user163/user163.json,idx_81
fist,trainingSamples,raw_data/EMG-EPN612/testingJSON/user163/user163.json,idx_82
fist,trainingSamples,raw_data/EMG-EPN612/testingJSON/user163/user163.json,idx_83
fist,trainingSamples,raw_data/EMG-EPN612/testingJSON/user163/user163.json,idx_84
fist,trainingSamples,raw_data/EMG-EPN612/testingJSON/user163/user163.json,idx_85
fist,trainingSamples,raw_data/EMG-EPN612/testingJSON/user163/user163.json,idx_86
fist,trainingSamples,raw_data/EMG-EPN612/testingJSON/user163/user163.json,idx_87
fist,trainingSamples,raw_data/EMG-EPN612/testingJSON/user163/user163.json,idx_88
fist,trainingSamples,raw_data/EMG-EPN612/testingJSON/user163/user163.json,idx_89
fist,trainingSamples,raw_data/EMG-EPN612/testingJSON/user163/user163.json,idx_90
fist,trainingSamples,raw_data/EMG-EPN612/testingJSON/user163/user163.json,idx_91
fist,trainingSamples,raw_data/EMG-EPN612/testingJSON/user163/user163.json,idx_92
fist,trainingSamples,raw_data/EMG-EPN612/testingJSON/user163/user163.json,idx_93
fist,trainingSamples,raw_data/EMG-EPN612/testingJSON/user163/user163.json,idx_94
fist,trainingSamples,raw_data/EMG-EPN612/testingJSON/user163/user163.json,idx_95
fist,trainingSamples,raw_data/EMG-EPN612/testingJSON/user163/user163.json,idx_96
fist,trainingSamples,raw_data/EMG-EPN612/testingJSON/user163/user163.json,idx_97
fist,trainingSamples,raw_data/EMG-EPN612/testingJSON/user163/user163.json,idx_98
fist,trainingSamples,raw_data/EMG-EPN612/testingJSON/user163/user163.json,idx_99
fist,trainingSamples,raw_data/EMG-EPN612/testingJSON/user163/user163.json,idx_100
waveIn,trainingSamples,raw_data/EMG-EPN612/testingJSON/user163/user163.json,idx_101
waveIn,trainingSamples,raw_data/EMG-EPN612/testingJSON/user163/user163.json,idx_102
waveIn,trainingSamples,raw_data/EMG-EPN612/testingJSON/user163/user163.json,idx_103
waveIn,trainingSamples,raw_data/EMG-EPN612/testingJSON/user163/user163.json,idx_104
waveIn,trainingSamples,raw_data/EMG-EPN612/testingJSON/user163/user163.json,idx_105
waveIn,trainingSamples,raw_data/EMG-EPN612/testingJSON/user163/user163.json,idx_106
waveIn,trainingSamples,raw_data/EMG-EPN612/testingJSON/user163/user163.json,idx_107
waveIn,trainingSamples,raw_data/EMG-EPN612/testingJSON/user163/user163.json,idx_108
waveIn,trainingSamples,raw_data/EMG-EPN612/testingJSON/user163/user163.json,idx_109
waveIn,trainingSamples,raw_data/EMG-EPN612/testingJSON/user163/user163.json,idx_110
waveIn,trainingSamples,raw_data/EMG-EPN612/testingJSON/user163/user163.json,idx_111
waveIn,trainingSamples,raw_data/EMG-EPN612/testingJSON/user163/user163.json,idx_112
waveIn,trainingSamples,raw_data/EMG-EPN612/testingJSON/user163/user163.json,idx_113
waveIn,trainingSamples,raw_data/EMG-EPN612/testingJSON/user163/user163.json,idx_114
waveIn,trainingSamples,raw_data/EMG-EPN612/testingJSON/user163/user163.json,idx_115
waveIn,trainingSamples,raw_data/EMG-EPN612/testingJSON/user163/user163.json,idx_116
waveIn,trainingSamples,raw_data/EMG-EPN612/testingJSON/user163/user163.json,idx_117
waveIn,trainingSamples,raw_data/EMG-EPN612/testingJSON/user163/user163.json,idx_118
waveIn,trainingSamples,raw_data/EMG-EPN612/testingJSON/user163/user163.json,idx_119
waveIn,trainingSamples,raw_data/EMG-EPN612/testingJSON/user163/user163.json,idx_120
waveIn,trainingSamples,raw_data/EMG-EPN612/testingJSON/user163/user163.json,idx_121
waveIn,trainingSamples,raw_data/EMG-EPN612/testingJSON/user163/user163.json,idx_122
waveIn,trainingSamples,raw_data/EMG-EPN612/testingJSON/user163/user163.json,idx_123
waveIn,trainingSamples,raw_data/EMG-EPN612/testingJSON/user163/user163.json,idx_124
waveIn,trainingSamples,raw_data/EMG-EPN612/testingJSON/user163/user163.json,idx_125
open,trainingSamples,raw_data/EMG-EPN612/testingJSON/user163/user163.json,idx_126
open,trainingSamples,raw_data/EMG-EPN612/testingJSON/user163/user163.json,idx_127
open,trainingSamples,raw_data/EMG-EPN612/testingJSON/user163/user163.json,idx_128
open,trainingSamples,raw_data/EMG-EPN612/testingJSON/user163/user163.json,idx_129
open,trainingSamples,raw_data/EMG-EPN612/testingJSON/user163/user163.json,idx_130
open,trainingSamples,raw_data/EMG-EPN612/testingJSON/user163/user163.json,idx_131
open,trainingSamples,raw_data/EMG-EPN612/testingJSON/user163/user163.json,idx_132
open,trainingSamples,raw_data/EMG-EPN612/testingJSON/user163/user163.json,idx_133
open,trainingSamples,raw_data/EMG-EPN612/testingJSON/user163/user163.json,idx_134
open,trainingSamples,raw_data/EMG-EPN612/testingJSON/user163/user163.json,idx_135
open,trainingSamples,raw_data/EMG-EPN612/testingJSON/user163/user163.json,idx_136
open,trainingSamples,raw_data/EMG-EPN612/testingJSON/user163/user163.json,idx_137
open,trainingSamples,raw_data/EMG-EPN612/testingJSON/user163/user163.json,idx_138
open,trainingSamples,raw_data/EMG-EPN612/testingJSON/user163/user163.json,idx_139
open,trainingSamples,raw_data/EMG-EPN612/testingJSON/user163/user163.json,idx_140
open,trainingSamples,raw_data/EMG-EPN612/testingJSON/user163/user163.json,idx_141
open,trainingSamples,raw_data/EMG-EPN612/testingJSON/user163/user163.json,idx_142
open,trainingSamples,raw_data/EMG-EPN612/testingJSON/user163/user163.json,idx_143
open,trainingSamples,raw_data/EMG-EPN612/testingJSON/user163/user163.json,idx_144
open,trainingSamples,raw_data/EMG-EPN612/testingJSON/user163/user163.json,idx_145
open,trainingSamples,raw_data/EMG-EPN612/testingJSON/user163/user163.json,idx_146
open,trainingSamples,raw_data/EMG-EPN612/testingJSON/user163/user163.json,idx_147
open,trainingSamples,raw_data/EMG-EPN612/testingJSON/user163/user163.json,idx_148
open,trainingSamples,raw_data/EMG-EPN612/testingJSON/user163/user163.json,idx_149
open,trainingSamples,raw_data/EMG-EPN612/testingJSON/user163/user163.json,idx_150
noGesture,trainingSamples,raw_data/EMG-EPN612/testingJSON/user164/user164.json,idx_1
noGesture,trainingSamples,raw_data/EMG-EPN612/testingJSON/user164/user164.json,idx_2
noGesture,trainingSamples,raw_data/EMG-EPN612/testingJSON/user164/user164.json,idx_3
noGesture,trainingSamples,raw_data/EMG-EPN612/testingJSON/user164/user164.json,idx_4
noGesture,trainingSamples,raw_data/EMG-EPN612/testingJSON/user164/user164.json,idx_5
noGesture,trainingSamples,raw_data/EMG-EPN612/testingJSON/user164/user164.json,idx_6
noGesture,trainingSamples,raw_data/EMG-EPN612/testingJSON/user164/user164.json,idx_7
noGesture,trainingSamples,raw_data/EMG-EPN612/testingJSON/user164/user164.json,idx_8
noGesture,trainingSamples,raw_data/EMG-EPN612/testingJSON/user164/user164.json,idx_9
noGesture,trainingSamples,raw_data/EMG-EPN612/testingJSON/user164/user164.json,idx_10
noGesture,trainingSamples,raw_data/EMG-EPN612/testingJSON/user164/user164.json,idx_11
noGesture,trainingSamples,raw_data/EMG-EPN612/testingJSON/user164/user164.json,idx_12
noGesture,trainingSamples,raw_data/EMG-EPN612/testingJSON/user164/user164.json,idx_13
noGesture,trainingSamples,raw_data/EMG-EPN612/testingJSON/user164/user164.json,idx_14
noGesture,trainingSamples,raw_data/EMG-EPN612/testingJSON/user164/user164.json,idx_15
noGesture,trainingSamples,raw_data/EMG-EPN612/testingJSON/user164/user164.json,idx_16
noGesture,trainingSamples,raw_data/EMG-EPN612/testingJSON/user164/user164.json,idx_17
noGesture,trainingSamples,raw_data/EMG-EPN612/testingJSON/user164/user164.json,idx_18
noGesture,trainingSamples,raw_data/EMG-EPN612/testingJSON/user164/user164.json,idx_19
noGesture,trainingSamples,raw_data/EMG-EPN612/testingJSON/user164/user164.json,idx_20
noGesture,trainingSamples,raw_data/EMG-EPN612/testingJSON/user164/user164.json,idx_21
noGesture,trainingSamples,raw_data/EMG-EPN612/testingJSON/user164/user164.json,idx_22
noGesture,trainingSamples,raw_data/EMG-EPN612/testingJSON/user164/user164.json,idx_23
noGesture,trainingSamples,raw_data/EMG-EPN612/testingJSON/user164/user164.json,idx_24
noGesture,trainingSamples,raw_data/EMG-EPN612/testingJSON/user164/user164.json,idx_25
waveOut,trainingSamples,raw_data/EMG-EPN612/testingJSON/user164/user164.json,idx_26
waveOut,trainingSamples,raw_data/EMG-EPN612/testingJSON/user164/user164.json,idx_27
waveOut,trainingSamples,raw_data/EMG-EPN612/testingJSON/user164/user164.json,idx_28
waveOut,trainingSamples,raw_data/EMG-EPN612/testingJSON/user164/user164.json,idx_29
waveOut,trainingSamples,raw_data/EMG-EPN612/testingJSON/user164/user164.json,idx_30
waveOut,trainingSamples,raw_data/EMG-EPN612/testingJSON/user164/user164.json,idx_31
waveOut,trainingSamples,raw_data/EMG-EPN612/testingJSON/user164/user164.json,idx_32
waveOut,trainingSamples,raw_data/EMG-EPN612/testingJSON/user164/user164.json,idx_33
waveOut,trainingSamples,raw_data/EMG-EPN612/testingJSON/user164/user164.json,idx_34
waveOut,trainingSamples,raw_data/EMG-EPN612/testingJSON/user164/user164.json,idx_35
waveOut,trainingSamples,raw_data/EMG-EPN612/testingJSON/user164/user164.json,idx_36
waveOut,trainingSamples,raw_data/EMG-EPN612/testingJSON/user164/user164.json,idx_37
waveOut,trainingSamples,raw_data/EMG-EPN612/testingJSON/user164/user164.json,idx_38
waveOut,trainingSamples,raw_data/EMG-EPN612/testingJSON/user164/user164.json,idx_39
waveOut,trainingSamples,raw_data/EMG-EPN612/testingJSON/user164/user164.json,idx_40
waveOut,trainingSamples,raw_data/EMG-EPN612/testingJSON/user164/user164.json,idx_41
waveOut,trainingSamples,raw_data/EMG-EPN612/testingJSON/user164/user164.json,idx_42
waveOut,trainingSamples,raw_data/EMG-EPN612/testingJSON/user164/user164.json,idx_43
waveOut,trainingSamples,raw_data/EMG-EPN612/testingJSON/user164/user164.json,idx_44
waveOut,trainingSamples,raw_data/EMG-EPN612/testingJSON/user164/user164.json,idx_45
waveOut,trainingSamples,raw_data/EMG-EPN612/testingJSON/user164/user164.json,idx_46
waveOut,trainingSamples,raw_data/EMG-EPN612/testingJSON/user164/user164.json,idx_47
waveOut,trainingSamples,raw_data/EMG-EPN612/testingJSON/user164/user164.json,idx_48
waveOut,trainingSamples,raw_data/EMG-EPN612/testingJSON/user164/user164.json,idx_49
waveOut,trainingSamples,raw_data/EMG-EPN612/testingJSON/user164/user164.json,idx_50
pinch,trainingSamples,raw_data/EMG-EPN612/testingJSON/user164/user164.json,idx_51
pinch,trainingSamples,raw_data/EMG-EPN612/testingJSON/user164/user164.json,idx_52
pinch,trainingSamples,raw_data/EMG-EPN612/testingJSON/user164/user164.json,idx_53
pinch,trainingSamples,raw_data/EMG-EPN612/testingJSON/user164/user164.json,idx_54
pinch,trainingSamples,raw_data/EMG-EPN612/testingJSON/user164/user164.json,idx_55
pinch,trainingSamples,raw_data/EMG-EPN612/testingJSON/user164/user164.json,idx_56
pinch,trainingSamples,raw_data/EMG-EPN612/testingJSON/user164/user164.json,idx_57
pinch,trainingSamples,raw_data/EMG-EPN612/testingJSON/user164/user164.json,idx_58
pinch,trainingSamples,raw_data/EMG-EPN612/testingJSON/user164/user164.json,idx_59
pinch,trainingSamples,raw_data/EMG-EPN612/testingJSON/user164/user164.json,idx_60
pinch,trainingSamples,raw_data/EMG-EPN612/testingJSON/user164/user164.json,idx_61
pinch,trainingSamples,raw_data/EMG-EPN612/testingJSON/user164/user164.json,idx_62
pinch,trainingSamples,raw_data/EMG-EPN612/testingJSON/user164/user164.json,idx_63
pinch,trainingSamples,raw_data/EMG-EPN612/testingJSON/user164/user164.json,idx_64
pinch,trainingSamples,raw_data/EMG-EPN612/testingJSON/user164/user164.json,idx_65
pinch,trainingSamples,raw_data/EMG-EPN612/testingJSON/user164/user164.json,idx_66
pinch,trainingSamples,raw_data/EMG-EPN612/testingJSON/user164/user164.json,idx_67
pinch,trainingSamples,raw_data/EMG-EPN612/testingJSON/user164/user164.json,idx_68
pinch,trainingSamples,raw_data/EMG-EPN612/testingJSON/user164/user164.json,idx_69
pinch,trainingSamples,raw_data/EMG-EPN612/testingJSON/user164/user164.json,idx_70
pinch,trainingSamples,raw_data/EMG-EPN612/testingJSON/user164/user164.json,idx_71
pinch,trainingSamples,raw_data/EMG-EPN612/testingJSON/user164/user164.json,idx_72
pinch,trainingSamples,raw_data/EMG-EPN612/testingJSON/user164/user164.json,idx_73
pinch,trainingSamples,raw_data/EMG-EPN612/testingJSON/user164/user164.json,idx_74
pinch,trainingSamples,raw_data/EMG-EPN612/testingJSON/user164/user164.json,idx_75
fist,trainingSamples,raw_data/EMG-EPN612/testingJSON/user164/user164.json,idx_76
fist,trainingSamples,raw_data/EMG-EPN612/testingJSON/user164/user164.json,idx_77
fist,trainingSamples,raw_data/EMG-EPN612/testingJSON/user164/user164.json,idx_78
fist,trainingSamples,raw_data/EMG-EPN612/testingJSON/user164/user164.json,idx_79
fist,trainingSamples,raw_data/EMG-EPN612/testingJSON/user164/user164.json,idx_80
fist,trainingSamples,raw_data/EMG-EPN612/testingJSON/user164/user164.json,idx_81
fist,trainingSamples,raw_data/EMG-EPN612/testingJSON/user164/user164.json,idx_82
fist,trainingSamples,raw_data/EMG-EPN612/testingJSON/user164/user164.json,idx_83
fist,trainingSamples,raw_data/EMG-EPN612/testingJSON/user164/user164.json,idx_84
fist,trainingSamples,raw_data/EMG-EPN612/testingJSON/user164/user164.json,idx_85
fist,trainingSamples,raw_data/EMG-EPN612/testingJSON/user164/user164.json,idx_86
fist,trainingSamples,raw_data/EMG-EPN612/testingJSON/user164/user164.json,idx_87
fist,trainingSamples,raw_data/EMG-EPN612/testingJSON/user164/user164.json,idx_88
fist,trainingSamples,raw_data/EMG-EPN612/testingJSON/user164/user164.json,idx_89
fist,trainingSamples,raw_data/EMG-EPN612/testingJSON/user164/user164.json,idx_90
fist,trainingSamples,raw_data/EMG-EPN612/testingJSON/user164/user164.json,idx_91
fist,trainingSamples,raw_data/EMG-EPN612/testingJSON/user164/user164.json,idx_92
fist,trainingSamples,raw_data/EMG-EPN612/testingJSON/user164/user164.json,idx_93
fist,trainingSamples,raw_data/EMG-EPN612/testingJSON/user164/user164.json,idx_94
fist,trainingSamples,raw_data/EMG-EPN612/testingJSON/user164/user164.json,idx_95
fist,trainingSamples,raw_data/EMG-EPN612/testingJSON/user164/user164.json,idx_96
fist,trainingSamples,raw_data/EMG-EPN612/testingJSON/user164/user164.json,idx_97
fist,trainingSamples,raw_data/EMG-EPN612/testingJSON/user164/user164.json,idx_98
fist,trainingSamples,raw_data/EMG-EPN612/testingJSON/user164/user164.json,idx_99
fist,trainingSamples,raw_data/EMG-EPN612/testingJSON/user164/user164.json,idx_100
waveIn,trainingSamples,raw_data/EMG-EPN612/testingJSON/user164/user164.json,idx_101
waveIn,trainingSamples,raw_data/EMG-EPN612/testingJSON/user164/user164.json,idx_102
waveIn,trainingSamples,raw_data/EMG-EPN612/testingJSON/user164/user164.json,idx_103
waveIn,trainingSamples,raw_data/EMG-EPN612/testingJSON/user164/user164.json,idx_104
waveIn,trainingSamples,raw_data/EMG-EPN612/testingJSON/user164/user164.json,idx_105
waveIn,trainingSamples,raw_data/EMG-EPN612/testingJSON/user164/user164.json,idx_106
waveIn,trainingSamples,raw_data/EMG-EPN612/testingJSON/user164/user164.json,idx_107
waveIn,trainingSamples,raw_data/EMG-EPN612/testingJSON/user164/user164.json,idx_108
waveIn,trainingSamples,raw_data/EMG-EPN612/testingJSON/user164/user164.json,idx_109
waveIn,trainingSamples,raw_data/EMG-EPN612/testingJSON/user164/user164.json,idx_110
waveIn,trainingSamples,raw_data/EMG-EPN612/testingJSON/user164/user164.json,idx_111
waveIn,trainingSamples,raw_data/EMG-EPN612/testingJSON/user164/user164.json,idx_112
waveIn,trainingSamples,raw_data/EMG-EPN612/testingJSON/user164/user164.json,idx_113
waveIn,trainingSamples,raw_data/EMG-EPN612/testingJSON/user164/user164.json,idx_114
waveIn,trainingSamples,raw_data/EMG-EPN612/testingJSON/user164/user164.json,idx_115
waveIn,trainingSamples,raw_data/EMG-EPN612/testingJSON/user164/user164.json,idx_116
waveIn,trainingSamples,raw_data/EMG-EPN612/testingJSON/user164/user164.json,idx_117
waveIn,trainingSamples,raw_data/EMG-EPN612/testingJSON/user164/user164.json,idx_118
waveIn,trainingSamples,raw_data/EMG-EPN612/testingJSON/user164/user164.json,idx_119
waveIn,trainingSamples,raw_data/EMG-EPN612/testingJSON/user164/user164.json,idx_120
waveIn,trainingSamples,raw_data/EMG-EPN612/testingJSON/user164/user164.json,idx_121
waveIn,trainingSamples,raw_data/EMG-EPN612/testingJSON/user164/user164.json,idx_122
waveIn,trainingSamples,raw_data/EMG-EPN612/testingJSON/user164/user164.json,idx_123
waveIn,trainingSamples,raw_data/EMG-EPN612/testingJSON/user164/user164.json,idx_124
waveIn,trainingSamples,raw_data/EMG-EPN612/testingJSON/user164/user164.json,idx_125
open,trainingSamples,raw_data/EMG-EPN612/testingJSON/user164/user164.json,idx_126
open,trainingSamples,raw_data/EMG-EPN612/testingJSON/user164/user164.json,idx_127
open,trainingSamples,raw_data/EMG-EPN612/testingJSON/user164/user164.json,idx_128
open,trainingSamples,raw_data/EMG-EPN612/testingJSON/user164/user164.json,idx_129
open,trainingSamples,raw_data/EMG-EPN612/testingJSON/user164/user164.json,idx_130
open,trainingSamples,raw_data/EMG-EPN612/testingJSON/user164/user164.json,idx_131
open,trainingSamples,raw_data/EMG-EPN612/testingJSON/user164/user164.json,idx_132
open,trainingSamples,raw_data/EMG-EPN612/testingJSON/user164/user164.json,idx_133
open,trainingSamples,raw_data/EMG-EPN612/testingJSON/user164/user164.json,idx_134
open,trainingSamples,raw_data/EMG-EPN612/testingJSON/user164/user164.json,idx_135
open,trainingSamples,raw_data/EMG-EPN612/testingJSON/user164/user164.json,idx_136
open,trainingSamples,raw_data/EMG-EPN612/testingJSON/user164/user164.json,idx_137
open,trainingSamples,raw_data/EMG-EPN612/testingJSON/user164/user164.json,idx_138
open,trainingSamples,raw_data/EMG-EPN612/testingJSON/user164/user164.json,idx_139
open,trainingSamples,raw_data/EMG-EPN612/testingJSON/user164/user164.json,idx_140
open,trainingSamples,raw_data/EMG-EPN612/testingJSON/user164/user164.json,idx_141
open,trainingSamples,raw_data/EMG-EPN612/testingJSON/user164/user164.json,idx_142
open,trainingSamples,raw_data/EMG-EPN612/testingJSON/user164/user164.json,idx_143
open,trainingSamples,raw_data/EMG-EPN612/testingJSON/user164/user164.json,idx_144
open,trainingSamples,raw_data/EMG-EPN612/testingJSON/user164/user164.json,idx_145
open,trainingSamples,raw_data/EMG-EPN612/testingJSON/user164/user164.json,idx_146
open,trainingSamples,raw_data/EMG-EPN612/testingJSON/user164/user164.json,idx_147
open,trainingSamples,raw_data/EMG-EPN612/testingJSON/user164/user164.json,idx_148
open,trainingSamples,raw_data/EMG-EPN612/testingJSON/user164/user164.json,idx_149
open,trainingSamples,raw_data/EMG-EPN612/testingJSON/user164/user164.json,idx_150
noGesture,trainingSamples,raw_data/EMG-EPN612/testingJSON/user165/user165.json,idx_1
noGesture,trainingSamples,raw_data/EMG-EPN612/testingJSON/user165/user165.json,idx_2
noGesture,trainingSamples,raw_data/EMG-EPN612/testingJSON/user165/user165.json,idx_3
noGesture,trainingSamples,raw_data/EMG-EPN612/testingJSON/user165/user165.json,idx_4
noGesture,trainingSamples,raw_data/EMG-EPN612/testingJSON/user165/user165.json,idx_5
noGesture,trainingSamples,raw_data/EMG-EPN612/testingJSON/user165/user165.json,idx_6
noGesture,trainingSamples,raw_data/EMG-EPN612/testingJSON/user165/user165.json,idx_7
noGesture,trainingSamples,raw_data/EMG-EPN612/testingJSON/user165/user165.json,idx_8
noGesture,trainingSamples,raw_data/EMG-EPN612/testingJSON/user165/user165.json,idx_9
noGesture,trainingSamples,raw_data/EMG-EPN612/testingJSON/user165/user165.json,idx_10
noGesture,trainingSamples,raw_data/EMG-EPN612/testingJSON/user165/user165.json,idx_11
noGesture,trainingSamples,raw_data/EMG-EPN612/testingJSON/user165/user165.json,idx_12
noGesture,trainingSamples,raw_data/EMG-EPN612/testingJSON/user165/user165.json,idx_13
noGesture,trainingSamples,raw_data/EMG-EPN612/testingJSON/user165/user165.json,idx_14
noGesture,trainingSamples,raw_data/EMG-EPN612/testingJSON/user165/user165.json,idx_15
noGesture,trainingSamples,raw_data/EMG-EPN612/testingJSON/user165/user165.json,idx_16
noGesture,trainingSamples,raw_data/EMG-EPN612/testingJSON/user165/user165.json,idx_17
noGesture,trainingSamples,raw_data/EMG-EPN612/testingJSON/user165/user165.json,idx_18
noGesture,trainingSamples,raw_data/EMG-EPN612/testingJSON/user165/user165.json,idx_19
noGesture,trainingSamples,raw_data/EMG-EPN612/testingJSON/user165/user165.json,idx_20
noGesture,trainingSamples,raw_data/EMG-EPN612/testingJSON/user165/user165.json,idx_21
noGesture,trainingSamples,raw_data/EMG-EPN612/testingJSON/user165/user165.json,idx_22
noGesture,trainingSamples,raw_data/EMG-EPN612/testingJSON/user165/user165.json,idx_23
noGesture,trainingSamples,raw_data/EMG-EPN612/testingJSON/user165/user165.json,idx_24
noGesture,trainingSamples,raw_data/EMG-EPN612/testingJSON/user165/user165.json,idx_25
waveOut,trainingSamples,raw_data/EMG-EPN612/testingJSON/user165/user165.json,idx_26
waveOut,trainingSamples,raw_data/EMG-EPN612/testingJSON/user165/user165.json,idx_27
waveOut,trainingSamples,raw_data/EMG-EPN612/testingJSON/user165/user165.json,idx_28
waveOut,trainingSamples,raw_data/EMG-EPN612/testingJSON/user165/user165.json,idx_29
waveOut,trainingSamples,raw_data/EMG-EPN612/testingJSON/user165/user165.json,idx_30
waveOut,trainingSamples,raw_data/EMG-EPN612/testingJSON/user165/user165.json,idx_31
waveOut,trainingSamples,raw_data/EMG-EPN612/testingJSON/user165/user165.json,idx_32
waveOut,trainingSamples,raw_data/EMG-EPN612/testingJSON/user165/user165.json,idx_33
waveOut,trainingSamples,raw_data/EMG-EPN612/testingJSON/user165/user165.json,idx_34
waveOut,trainingSamples,raw_data/EMG-EPN612/testingJSON/user165/user165.json,idx_35
waveOut,trainingSamples,raw_data/EMG-EPN612/testingJSON/user165/user165.json,idx_36
waveOut,trainingSamples,raw_data/EMG-EPN612/testingJSON/user165/user165.json,idx_37
waveOut,trainingSamples,raw_data/EMG-EPN612/testingJSON/user165/user165.json,idx_38
waveOut,trainingSamples,raw_data/EMG-EPN612/testingJSON/user165/user165.json,idx_39
waveOut,trainingSamples,raw_data/EMG-EPN612/testingJSON/user165/user165.json,idx_40
waveOut,trainingSamples,raw_data/EMG-EPN612/testingJSON/user165/user165.json,idx_41
waveOut,trainingSamples,raw_data/EMG-EPN612/testingJSON/user165/user165.json,idx_42
waveOut,trainingSamples,raw_data/EMG-EPN612/testingJSON/user165/user165.json,idx_43
waveOut,trainingSamples,raw_data/EMG-EPN612/testingJSON/user165/user165.json,idx_44
waveOut,trainingSamples,raw_data/EMG-EPN612/testingJSON/user165/user165.json,idx_45
waveOut,trainingSamples,raw_data/EMG-EPN612/testingJSON/user165/user165.json,idx_46
waveOut,trainingSamples,raw_data/EMG-EPN612/testingJSON/user165/user165.json,idx_47
waveOut,trainingSamples,raw_data/EMG-EPN612/testingJSON/user165/user165.json,idx_48
waveOut,trainingSamples,raw_data/EMG-EPN612/testingJSON/user165/user165.json,idx_49
waveOut,trainingSamples,raw_data/EMG-EPN612/testingJSON/user165/user165.json,idx_50
pinch,trainingSamples,raw_data/EMG-EPN612/testingJSON/user165/user165.json,idx_51
pinch,trainingSamples,raw_data/EMG-EPN612/testingJSON/user165/user165.json,idx_52
pinch,trainingSamples,raw_data/EMG-EPN612/testingJSON/user165/user165.json,idx_53
pinch,trainingSamples,raw_data/EMG-EPN612/testingJSON/user165/user165.json,idx_54
pinch,trainingSamples,raw_data/EMG-EPN612/testingJSON/user165/user165.json,idx_55
pinch,trainingSamples,raw_data/EMG-EPN612/testingJSON/user165/user165.json,idx_56
pinch,trainingSamples,raw_data/EMG-EPN612/testingJSON/user165/user165.json,idx_57
pinch,trainingSamples,raw_data/EMG-EPN612/testingJSON/user165/user165.json,idx_58
pinch,trainingSamples,raw_data/EMG-EPN612/testingJSON/user165/user165.json,idx_59
pinch,trainingSamples,raw_data/EMG-EPN612/testingJSON/user165/user165.json,idx_60
pinch,trainingSamples,raw_data/EMG-EPN612/testingJSON/user165/user165.json,idx_61
pinch,trainingSamples,raw_data/EMG-EPN612/testingJSON/user165/user165.json,idx_62
pinch,trainingSamples,raw_data/EMG-EPN612/testingJSON/user165/user165.json,idx_63
pinch,trainingSamples,raw_data/EMG-EPN612/testingJSON/user165/user165.json,idx_64
pinch,trainingSamples,raw_data/EMG-EPN612/testingJSON/user165/user165.json,idx_65
pinch,trainingSamples,raw_data/EMG-EPN612/testingJSON/user165/user165.json,idx_66
pinch,trainingSamples,raw_data/EMG-EPN612/testingJSON/user165/user165.json,idx_67
pinch,trainingSamples,raw_data/EMG-EPN612/testingJSON/user165/user165.json,idx_68
pinch,trainingSamples,raw_data/EMG-EPN612/testingJSON/user165/user165.json,idx_69
pinch,trainingSamples,raw_data/EMG-EPN612/testingJSON/user165/user165.json,idx_70
pinch,trainingSamples,raw_data/EMG-EPN612/testingJSON/user165/user165.json,idx_71
pinch,trainingSamples,raw_data/EMG-EPN612/testingJSON/user165/user165.json,idx_72
pinch,trainingSamples,raw_data/EMG-EPN612/testingJSON/user165/user165.json,idx_73
pinch,trainingSamples,raw_data/EMG-EPN612/testingJSON/user165/user165.json,idx_74
pinch,trainingSamples,raw_data/EMG-EPN612/testingJSON/user165/user165.json,idx_75
fist,trainingSamples,raw_data/EMG-EPN612/testingJSON/user165/user165.json,idx_76
fist,trainingSamples,raw_data/EMG-EPN612/testingJSON/user165/user165.json,idx_77
fist,trainingSamples,raw_data/EMG-EPN612/testingJSON/user165/user165.json,idx_78
fist,trainingSamples,raw_data/EMG-EPN612/testingJSON/user165/user165.json,idx_79
fist,trainingSamples,raw_data/EMG-EPN612/testingJSON/user165/user165.json,idx_80
fist,trainingSamples,raw_data/EMG-EPN612/testingJSON/user165/user165.json,idx_81
fist,trainingSamples,raw_data/EMG-EPN612/testingJSON/user165/user165.json,idx_82
fist,trainingSamples,raw_data/EMG-EPN612/testingJSON/user165/user165.json,idx_83
fist,trainingSamples,raw_data/EMG-EPN612/testingJSON/user165/user165.json,idx_84
fist,trainingSamples,raw_data/EMG-EPN612/testingJSON/user165/user165.json,idx_85
fist,trainingSamples,raw_data/EMG-EPN612/testingJSON/user165/user165.json,idx_86
fist,trainingSamples,raw_data/EMG-EPN612/testingJSON/user165/user165.json,idx_87
fist,trainingSamples,raw_data/EMG-EPN612/testingJSON/user165/user165.json,idx_88
fist,trainingSamples,raw_data/EMG-EPN612/testingJSON/user165/user165.json,idx_89
fist,trainingSamples,raw_data/EMG-EPN612/testingJSON/user165/user165.json,idx_90
fist,trainingSamples,raw_data/EMG-EPN612/testingJSON/user165/user165.json,idx_91
fist,trainingSamples,raw_data/EMG-EPN612/testingJSON/user165/user165.json,idx_92
fist,trainingSamples,raw_data/EMG-EPN612/testingJSON/user165/user165.json,idx_93
fist,trainingSamples,raw_data/EMG-EPN612/testingJSON/user165/user165.json,idx_94
fist,trainingSamples,raw_data/EMG-EPN612/testingJSON/user165/user165.json,idx_95
fist,trainingSamples,raw_data/EMG-EPN612/testingJSON/user165/user165.json,idx_96
fist,trainingSamples,raw_data/EMG-EPN612/testingJSON/user165/user165.json,idx_97
fist,trainingSamples,raw_data/EMG-EPN612/testingJSON/user165/user165.json,idx_98
fist,trainingSamples,raw_data/EMG-EPN612/testingJSON/user165/user165.json,idx_99
fist,trainingSamples,raw_data/EMG-EPN612/testingJSON/user165/user165.json,idx_100
waveIn,trainingSamples,raw_data/EMG-EPN612/testingJSON/user165/user165.json,idx_101
waveIn,trainingSamples,raw_data/EMG-EPN612/testingJSON/user165/user165.json,idx_102
waveIn,trainingSamples,raw_data/EMG-EPN612/testingJSON/user165/user165.json,idx_103
waveIn,trainingSamples,raw_data/EMG-EPN612/testingJSON/user165/user165.json,idx_104
waveIn,trainingSamples,raw_data/EMG-EPN612/testingJSON/user165/user165.json,idx_105
waveIn,trainingSamples,raw_data/EMG-EPN612/testingJSON/user165/user165.json,idx_106
waveIn,trainingSamples,raw_data/EMG-EPN612/testingJSON/user165/user165.json,idx_107
waveIn,trainingSamples,raw_data/EMG-EPN612/testingJSON/user165/user165.json,idx_108
waveIn,trainingSamples,raw_data/EMG-EPN612/testingJSON/user165/user165.json,idx_109
waveIn,trainingSamples,raw_data/EMG-EPN612/testingJSON/user165/user165.json,idx_110
waveIn,trainingSamples,raw_data/EMG-EPN612/testingJSON/user165/user165.json,idx_111
waveIn,trainingSamples,raw_data/EMG-EPN612/testingJSON/user165/user165.json,idx_112
waveIn,trainingSamples,raw_data/EMG-EPN612/testingJSON/user165/user165.json,idx_113
waveIn,trainingSamples,raw_data/EMG-EPN612/testingJSON/user165/user165.json,idx_114
waveIn,trainingSamples,raw_data/EMG-EPN612/testingJSON/user165/user165.json,idx_115
waveIn,trainingSamples,raw_data/EMG-EPN612/testingJSON/user165/user165.json,idx_116
waveIn,trainingSamples,raw_data/EMG-EPN612/testingJSON/user165/user165.json,idx_117
waveIn,trainingSamples,raw_data/EMG-EPN612/testingJSON/user165/user165.json,idx_118
waveIn,trainingSamples,raw_data/EMG-EPN612/testingJSON/user165/user165.json,idx_119
waveIn,trainingSamples,raw_data/EMG-EPN612/testingJSON/user165/user165.json,idx_120
waveIn,trainingSamples,raw_data/EMG-EPN612/testingJSON/user165/user165.json,idx_121
waveIn,trainingSamples,raw_data/EMG-EPN612/testingJSON/user165/user165.json,idx_122
waveIn,trainingSamples,raw_data/EMG-EPN612/testingJSON/user165/user165.json,idx_123
waveIn,trainingSamples,raw_data/EMG-EPN612/testingJSON/user165/user165.json,idx_124
waveIn,trainingSamples,raw_data/EMG-EPN612/testingJSON/user165/user165.json,idx_125
open,trainingSamples,raw_data/EMG-EPN612/testingJSON/user165/user165.json,idx_126
open,trainingSamples,raw_data/EMG-EPN612/testingJSON/user165/user165.json,idx_127
open,trainingSamples,raw_data/EMG-EPN612/testingJSON/user165/user165.json,idx_128
open,trainingSamples,raw_data/EMG-EPN612/testingJSON/user165/user165.json,idx_129
open,trainingSamples,raw_data/EMG-EPN612/testingJSON/user165/user165.json,idx_130
open,trainingSamples,raw_data/EMG-EPN612/testingJSON/user165/user165.json,idx_131
open,trainingSamples,raw_data/EMG-EPN612/testingJSON/user165/user165.json,idx_132
open,trainingSamples,raw_data/EMG-EPN612/testingJSON/user165/user165.json,idx_133
open,trainingSamples,raw_data/EMG-EPN612/testingJSON/user165/user165.json,idx_134
open,trainingSamples,raw_data/EMG-EPN612/testingJSON/user165/user165.json,idx_135
open,trainingSamples,raw_data/EMG-EPN612/testingJSON/user165/user165.json,idx_136
open,trainingSamples,raw_data/EMG-EPN612/testingJSON/user165/user165.json,idx_137
open,trainingSamples,raw_data/EMG-EPN612/testingJSON/user165/user165.json,idx_138
open,trainingSamples,raw_data/EMG-EPN612/testingJSON/user165/user165.json,idx_139
open,trainingSamples,raw_data/EMG-EPN612/testingJSON/user165/user165.json,idx_140
open,trainingSamples,raw_data/EMG-EPN612/testingJSON/user165/user165.json,idx_141
open,trainingSamples,raw_data/EMG-EPN612/testingJSON/user165/user165.json,idx_142
open,trainingSamples,raw_data/EMG-EPN612/testingJSON/user165/user165.json,idx_143
open,trainingSamples,raw_data/EMG-EPN612/testingJSON/user165/user165.json,idx_144
open,trainingSamples,raw_data/EMG-EPN612/testingJSON/user165/user165.json,idx_145
open,trainingSamples,raw_data/EMG-EPN612/testingJSON/user165/user165.json,idx_146
open,trainingSamples,raw_data/EMG-EPN612/testingJSON/user165/user165.json,idx_147
open,trainingSamples,raw_data/EMG-EPN612/testingJSON/user165/user165.json,idx_148
open,trainingSamples,raw_data/EMG-EPN612/testingJSON/user165/user165.json,idx_149
open,trainingSamples,raw_data/EMG-EPN612/testingJSON/user165/user165.json,idx_150
noGesture,trainingSamples,raw_data/EMG-EPN612/testingJSON/user166/user166.json,idx_1
noGesture,trainingSamples,raw_data/EMG-EPN612/testingJSON/user166/user166.json,idx_2
noGesture,trainingSamples,raw_data/EMG-EPN612/testingJSON/user166/user166.json,idx_3
noGesture,trainingSamples,raw_data/EMG-EPN612/testingJSON/user166/user166.json,idx_4
noGesture,trainingSamples,raw_data/EMG-EPN612/testingJSON/user166/user166.json,idx_5
noGesture,trainingSamples,raw_data/EMG-EPN612/testingJSON/user166/user166.json,idx_6
noGesture,trainingSamples,raw_data/EMG-EPN612/testingJSON/user166/user166.json,idx_7
noGesture,trainingSamples,raw_data/EMG-EPN612/testingJSON/user166/user166.json,idx_8
noGesture,trainingSamples,raw_data/EMG-EPN612/testingJSON/user166/user166.json,idx_9
noGesture,trainingSamples,raw_data/EMG-EPN612/testingJSON/user166/user166.json,idx_10
noGesture,trainingSamples,raw_data/EMG-EPN612/testingJSON/user166/user166.json,idx_11
noGesture,trainingSamples,raw_data/EMG-EPN612/testingJSON/user166/user166.json,idx_12
noGesture,trainingSamples,raw_data/EMG-EPN612/testingJSON/user166/user166.json,idx_13
noGesture,trainingSamples,raw_data/EMG-EPN612/testingJSON/user166/user166.json,idx_14
noGesture,trainingSamples,raw_data/EMG-EPN612/testingJSON/user166/user166.json,idx_15
noGesture,trainingSamples,raw_data/EMG-EPN612/testingJSON/user166/user166.json,idx_16
noGesture,trainingSamples,raw_data/EMG-EPN612/testingJSON/user166/user166.json,idx_17
noGesture,trainingSamples,raw_data/EMG-EPN612/testingJSON/user166/user166.json,idx_18
noGesture,trainingSamples,raw_data/EMG-EPN612/testingJSON/user166/user166.json,idx_19
noGesture,trainingSamples,raw_data/EMG-EPN612/testingJSON/user166/user166.json,idx_20
noGesture,trainingSamples,raw_data/EMG-EPN612/testingJSON/user166/user166.json,idx_21
noGesture,trainingSamples,raw_data/EMG-EPN612/testingJSON/user166/user166.json,idx_22
noGesture,trainingSamples,raw_data/EMG-EPN612/testingJSON/user166/user166.json,idx_23
noGesture,trainingSamples,raw_data/EMG-EPN612/testingJSON/user166/user166.json,idx_24
noGesture,trainingSamples,raw_data/EMG-EPN612/testingJSON/user166/user166.json,idx_25
open,trainingSamples,raw_data/EMG-EPN612/testingJSON/user166/user166.json,idx_26
open,trainingSamples,raw_data/EMG-EPN612/testingJSON/user166/user166.json,idx_27
open,trainingSamples,raw_data/EMG-EPN612/testingJSON/user166/user166.json,idx_28
open,trainingSamples,raw_data/EMG-EPN612/testingJSON/user166/user166.json,idx_29
open,trainingSamples,raw_data/EMG-EPN612/testingJSON/user166/user166.json,idx_30
open,trainingSamples,raw_data/EMG-EPN612/testingJSON/user166/user166.json,idx_31
open,trainingSamples,raw_data/EMG-EPN612/testingJSON/user166/user166.json,idx_32
open,trainingSamples,raw_data/EMG-EPN612/testingJSON/user166/user166.json,idx_33
open,trainingSamples,raw_data/EMG-EPN612/testingJSON/user166/user166.json,idx_34
open,trainingSamples,raw_data/EMG-EPN612/testingJSON/user166/user166.json,idx_35
open,trainingSamples,raw_data/EMG-EPN612/testingJSON/user166/user166.json,idx_36
open,trainingSamples,raw_data/EMG-EPN612/testingJSON/user166/user166.json,idx_37
open,trainingSamples,raw_data/EMG-EPN612/testingJSON/user166/user166.json,idx_38
open,trainingSamples,raw_data/EMG-EPN612/testingJSON/user166/user166.json,idx_39
open,trainingSamples,raw_data/EMG-EPN612/testingJSON/user166/user166.json,idx_40
open,trainingSamples,raw_data/EMG-EPN612/testingJSON/user166/user166.json,idx_41
open,trainingSamples,raw_data/EMG-EPN612/testingJSON/user166/user166.json,idx_42
open,trainingSamples,raw_data/EMG-EPN612/testingJSON/user166/user166.json,idx_43
open,trainingSamples,raw_data/EMG-EPN612/testingJSON/user166/user166.json,idx_44
open,trainingSamples,raw_data/EMG-EPN612/testingJSON/user166/user166.json,idx_45
open,trainingSamples,raw_data/EMG-EPN612/testingJSON/user166/user166.json,idx_46
open,trainingSamples,raw_data/EMG-EPN612/testingJSON/user166/user166.json,idx_47
open,trainingSamples,raw_data/EMG-EPN612/testingJSON/user166/user166.json,idx_48
open,trainingSamples,raw_data/EMG-EPN612/testingJSON/user166/user166.json,idx_49
open,trainingSamples,raw_data/EMG-EPN612/testingJSON/user166/user166.json,idx_50
waveIn,trainingSamples,raw_data/EMG-EPN612/testingJSON/user166/user166.json,idx_51
waveIn,trainingSamples,raw_data/EMG-EPN612/testingJSON/user166/user166.json,idx_52
waveIn,trainingSamples,raw_data/EMG-EPN612/testingJSON/user166/user166.json,idx_53
waveIn,trainingSamples,raw_data/EMG-EPN612/testingJSON/user166/user166.json,idx_54
waveIn,trainingSamples,raw_data/EMG-EPN612/testingJSON/user166/user166.json,idx_55
waveIn,trainingSamples,raw_data/EMG-EPN612/testingJSON/user166/user166.json,idx_56
waveIn,trainingSamples,raw_data/EMG-EPN612/testingJSON/user166/user166.json,idx_57
waveIn,trainingSamples,raw_data/EMG-EPN612/testingJSON/user166/user166.json,idx_58
waveIn,trainingSamples,raw_data/EMG-EPN612/testingJSON/user166/user166.json,idx_59
waveIn,trainingSamples,raw_data/EMG-EPN612/testingJSON/user166/user166.json,idx_60
waveIn,trainingSamples,raw_data/EMG-EPN612/testingJSON/user166/user166.json,idx_61
waveIn,trainingSamples,raw_data/EMG-EPN612/testingJSON/user166/user166.json,idx_62
waveIn,trainingSamples,raw_data/EMG-EPN612/testingJSON/user166/user166.json,idx_63
waveIn,trainingSamples,raw_data/EMG-EPN612/testingJSON/user166/user166.json,idx_64
waveIn,trainingSamples,raw_data/EMG-EPN612/testingJSON/user166/user166.json,idx_65
waveIn,trainingSamples,raw_data/EMG-EPN612/testingJSON/user166/user166.json,idx_66
waveIn,trainingSamples,raw_data/EMG-EPN612/testingJSON/user166/user166.json,idx_67
waveIn,trainingSamples,raw_data/EMG-EPN612/testingJSON/user166/user166.json,idx_68
waveIn,trainingSamples,raw_data/EMG-EPN612/testingJSON/user166/user166.json,idx_69
waveIn,trainingSamples,raw_data/EMG-EPN612/testingJSON/user166/user166.json,idx_70
waveIn,trainingSamples,raw_data/EMG-EPN612/testingJSON/user166/user166.json,idx_71
waveIn,trainingSamples,raw_data/EMG-EPN612/testingJSON/user166/user166.json,idx_72
waveIn,trainingSamples,raw_data/EMG-EPN612/testingJSON/user166/user166.json,idx_73
waveIn,trainingSamples,raw_data/EMG-EPN612/testingJSON/user166/user166.json,idx_74
waveIn,trainingSamples,raw_data/EMG-EPN612/testingJSON/user166/user166.json,idx_75
waveOut,trainingSamples,raw_data/EMG-EPN612/testingJSON/user166/user166.json,idx_76
waveOut,trainingSamples,raw_data/EMG-EPN612/testingJSON/user166/user166.json,idx_77
waveOut,trainingSamples,raw_data/EMG-EPN612/testingJSON/user166/user166.json,idx_78
waveOut,trainingSamples,raw_data/EMG-EPN612/testingJSON/user166/user166.json,idx_79
waveOut,trainingSamples,raw_data/EMG-EPN612/testingJSON/user166/user166.json,idx_80
waveOut,trainingSamples,raw_data/EMG-EPN612/testingJSON/user166/user166.json,idx_81
waveOut,trainingSamples,raw_data/EMG-EPN612/testingJSON/user166/user166.json,idx_82
waveOut,trainingSamples,raw_data/EMG-EPN612/testingJSON/user166/user166.json,idx_83
waveOut,trainingSamples,raw_data/EMG-EPN612/testingJSON/user166/user166.json,idx_84
waveOut,trainingSamples,raw_data/EMG-EPN612/testingJSON/user166/user166.json,idx_85
waveOut,trainingSamples,raw_data/EMG-EPN612/testingJSON/user166/user166.json,idx_86
waveOut,trainingSamples,raw_data/EMG-EPN612/testingJSON/user166/user166.json,idx_87
waveOut,trainingSamples,raw_data/EMG-EPN612/testingJSON/user166/user166.json,idx_88
waveOut,trainingSamples,raw_data/EMG-EPN612/testingJSON/user166/user166.json,idx_89
waveOut,trainingSamples,raw_data/EMG-EPN612/testingJSON/user166/user166.json,idx_90
waveOut,trainingSamples,raw_data/EMG-EPN612/testingJSON/user166/user166.json,idx_91
waveOut,trainingSamples,raw_data/EMG-EPN612/testingJSON/user166/user166.json,idx_92
waveOut,trainingSamples,raw_data/EMG-EPN612/testingJSON/user166/user166.json,idx_93
waveOut,trainingSamples,raw_data/EMG-EPN612/testingJSON/user166/user166.json,idx_94
waveOut,trainingSamples,raw_data/EMG-EPN612/testingJSON/user166/user166.json,idx_95
waveOut,trainingSamples,raw_data/EMG-EPN612/testingJSON/user166/user166.json,idx_96
waveOut,trainingSamples,raw_data/EMG-EPN612/testingJSON/user166/user166.json,idx_97
waveOut,trainingSamples,raw_data/EMG-EPN612/testingJSON/user166/user166.json,idx_98
waveOut,trainingSamples,raw_data/EMG-EPN612/testingJSON/user166/user166.json,idx_99
waveOut,trainingSamples,raw_data/EMG-EPN612/testingJSON/user166/user166.json,idx_100
pinch,trainingSamples,raw_data/EMG-EPN612/testingJSON/user166/user166.json,idx_101
pinch,trainingSamples,raw_data/EMG-EPN612/testingJSON/user166/user166.json,idx_102
pinch,trainingSamples,raw_data/EMG-EPN612/testingJSON/user166/user166.json,idx_103
pinch,trainingSamples,raw_data/EMG-EPN612/testingJSON/user166/user166.json,idx_104
pinch,trainingSamples,raw_data/EMG-EPN612/testingJSON/user166/user166.json,idx_105
pinch,trainingSamples,raw_data/EMG-EPN612/testingJSON/user166/user166.json,idx_106
pinch,trainingSamples,raw_data/EMG-EPN612/testingJSON/user166/user166.json,idx_107
pinch,trainingSamples,raw_data/EMG-EPN612/testingJSON/user166/user166.json,idx_108
pinch,trainingSamples,raw_data/EMG-EPN612/testingJSON/user166/user166.json,idx_109
pinch,trainingSamples,raw_data/EMG-EPN612/testingJSON/user166/user166.json,idx_110
pinch,trainingSamples,raw_data/EMG-EPN612/testingJSON/user166/user166.json,idx_111
pinch,trainingSamples,raw_data/EMG-EPN612/testingJSON/user166/user166.json,idx_112
pinch,trainingSamples,raw_data/EMG-EPN612/testingJSON/user166/user166.json,idx_113
pinch,trainingSamples,raw_data/EMG-EPN612/testingJSON/user166/user166.json,idx_114
pinch,trainingSamples,raw_data/EMG-EPN612/testingJSON/user166/user166.json,idx_115
pinch,trainingSamples,raw_data/EMG-EPN612/testingJSON/user166/user166.json,idx_116
pinch,trainingSamples,raw_data/EMG-EPN612/testingJSON/user166/user166.json,idx_117
pinch,trainingSamples,raw_data/EMG-EPN612/testingJSON/user166/user166.json,idx_118
pinch,trainingSamples,raw_data/EMG-EPN612/testingJSON/user166/user166.json,idx_119
pinch,trainingSamples,raw_data/EMG-EPN612/testingJSON/user166/user166.json,idx_120
pinch,trainingSamples,raw_data/EMG-EPN612/testingJSON/user166/user166.json,idx_121
pinch,trainingSamples,raw_data/EMG-EPN612/testingJSON/user166/user166.json,idx_122
pinch,trainingSamples,raw_data/EMG-EPN612/testingJSON/user166/user166.json,idx_123
pinch,trainingSamples,raw_data/EMG-EPN612/testingJSON/user166/user166.json,idx_124
pinch,trainingSamples,raw_data/EMG-EPN612/testingJSON/user166/user166.json,idx_125
fist,trainingSamples,raw_data/EMG-EPN612/testingJSON/user166/user166.json,idx_126
fist,trainingSamples,raw_data/EMG-EPN612/testingJSON/user166/user166.json,idx_127
fist,trainingSamples,raw_data/EMG-EPN612/testingJSON/user166/user166.json,idx_128
fist,trainingSamples,raw_data/EMG-EPN612/testingJSON/user166/user166.json,idx_129
fist,trainingSamples,raw_data/EMG-EPN612/testingJSON/user166/user166.json,idx_130
fist,trainingSamples,raw_data/EMG-EPN612/testingJSON/user166/user166.json,idx_131
fist,trainingSamples,raw_data/EMG-EPN612/testingJSON/user166/user166.json,idx_132
fist,trainingSamples,raw_data/EMG-EPN612/testingJSON/user166/user166.json,idx_133
fist,trainingSamples,raw_data/EMG-EPN612/testingJSON/user166/user166.json,idx_134
fist,trainingSamples,raw_data/EMG-EPN612/testingJSON/user166/user166.json,idx_135
fist,trainingSamples,raw_data/EMG-EPN612/testingJSON/user166/user166.json,idx_136
fist,trainingSamples,raw_data/EMG-EPN612/testingJSON/user166/user166.json,idx_137
fist,trainingSamples,raw_data/EMG-EPN612/testingJSON/user166/user166.json,idx_138
fist,trainingSamples,raw_data/EMG-EPN612/testingJSON/user166/user166.json,idx_139
fist,trainingSamples,raw_data/EMG-EPN612/testingJSON/user166/user166.json,idx_140
fist,trainingSamples,raw_data/EMG-EPN612/testingJSON/user166/user166.json,idx_141
fist,trainingSamples,raw_data/EMG-EPN612/testingJSON/user166/user166.json,idx_142
fist,trainingSamples,raw_data/EMG-EPN612/testingJSON/user166/user166.json,idx_143
fist,trainingSamples,raw_data/EMG-EPN612/testingJSON/user166/user166.json,idx_144
fist,trainingSamples,raw_data/EMG-EPN612/testingJSON/user166/user166.json,idx_145
fist,trainingSamples,raw_data/EMG-EPN612/testingJSON/user166/user166.json,idx_146
fist,trainingSamples,raw_data/EMG-EPN612/testingJSON/user166/user166.json,idx_147
fist,trainingSamples,raw_data/EMG-EPN612/testingJSON/user166/user166.json,idx_148
fist,trainingSamples,raw_data/EMG-EPN612/testingJSON/user166/user166.json,idx_149
fist,trainingSamples,raw_data/EMG-EPN612/testingJSON/user166/user166.json,idx_150
noGesture,trainingSamples,raw_data/EMG-EPN612/testingJSON/user167/user167.json,idx_1
noGesture,trainingSamples,raw_data/EMG-EPN612/testingJSON/user167/user167.json,idx_2
noGesture,trainingSamples,raw_data/EMG-EPN612/testingJSON/user167/user167.json,idx_3
noGesture,trainingSamples,raw_data/EMG-EPN612/testingJSON/user167/user167.json,idx_4
noGesture,trainingSamples,raw_data/EMG-EPN612/testingJSON/user167/user167.json,idx_5
noGesture,trainingSamples,raw_data/EMG-EPN612/testingJSON/user167/user167.json,idx_6
noGesture,trainingSamples,raw_data/EMG-EPN612/testingJSON/user167/user167.json,idx_7
noGesture,trainingSamples,raw_data/EMG-EPN612/testingJSON/user167/user167.json,idx_8
noGesture,trainingSamples,raw_data/EMG-EPN612/testingJSON/user167/user167.json,idx_9
noGesture,trainingSamples,raw_data/EMG-EPN612/testingJSON/user167/user167.json,idx_10
noGesture,trainingSamples,raw_data/EMG-EPN612/testingJSON/user167/user167.json,idx_11
noGesture,trainingSamples,raw_data/EMG-EPN612/testingJSON/user167/user167.json,idx_12
noGesture,trainingSamples,raw_data/EMG-EPN612/testingJSON/user167/user167.json,idx_13
noGesture,trainingSamples,raw_data/EMG-EPN612/testingJSON/user167/user167.json,idx_14
noGesture,trainingSamples,raw_data/EMG-EPN612/testingJSON/user167/user167.json,idx_15
noGesture,trainingSamples,raw_data/EMG-EPN612/testingJSON/user167/user167.json,idx_16
noGesture,trainingSamples,raw_data/EMG-EPN612/testingJSON/user167/user167.json,idx_17
noGesture,trainingSamples,raw_data/EMG-EPN612/testingJSON/user167/user167.json,idx_18
noGesture,trainingSamples,raw_data/EMG-EPN612/testingJSON/user167/user167.json,idx_19
noGesture,trainingSamples,raw_data/EMG-EPN612/testingJSON/user167/user167.json,idx_20
noGesture,trainingSamples,raw_data/EMG-EPN612/testingJSON/user167/user167.json,idx_21
noGesture,trainingSamples,raw_data/EMG-EPN612/testingJSON/user167/user167.json,idx_22
noGesture,trainingSamples,raw_data/EMG-EPN612/testingJSON/user167/user167.json,idx_23
noGesture,trainingSamples,raw_data/EMG-EPN612/testingJSON/user167/user167.json,idx_24
noGesture,trainingSamples,raw_data/EMG-EPN612/testingJSON/user167/user167.json,idx_25
waveOut,trainingSamples,raw_data/EMG-EPN612/testingJSON/user167/user167.json,idx_26
waveOut,trainingSamples,raw_data/EMG-EPN612/testingJSON/user167/user167.json,idx_27
waveOut,trainingSamples,raw_data/EMG-EPN612/testingJSON/user167/user167.json,idx_28
waveOut,trainingSamples,raw_data/EMG-EPN612/testingJSON/user167/user167.json,idx_29
waveOut,trainingSamples,raw_data/EMG-EPN612/testingJSON/user167/user167.json,idx_30
waveOut,trainingSamples,raw_data/EMG-EPN612/testingJSON/user167/user167.json,idx_31
waveOut,trainingSamples,raw_data/EMG-EPN612/testingJSON/user167/user167.json,idx_32
waveOut,trainingSamples,raw_data/EMG-EPN612/testingJSON/user167/user167.json,idx_33
waveOut,trainingSamples,raw_data/EMG-EPN612/testingJSON/user167/user167.json,idx_34
waveOut,trainingSamples,raw_data/EMG-EPN612/testingJSON/user167/user167.json,idx_35
waveOut,trainingSamples,raw_data/EMG-EPN612/testingJSON/user167/user167.json,idx_36
waveOut,trainingSamples,raw_data/EMG-EPN612/testingJSON/user167/user167.json,idx_37
waveOut,trainingSamples,raw_data/EMG-EPN612/testingJSON/user167/user167.json,idx_38
waveOut,trainingSamples,raw_data/EMG-EPN612/testingJSON/user167/user167.json,idx_39
waveOut,trainingSamples,raw_data/EMG-EPN612/testingJSON/user167/user167.json,idx_40
waveOut,trainingSamples,raw_data/EMG-EPN612/testingJSON/user167/user167.json,idx_41
waveOut,trainingSamples,raw_data/EMG-EPN612/testingJSON/user167/user167.json,idx_42
waveOut,trainingSamples,raw_data/EMG-EPN612/testingJSON/user167/user167.json,idx_43
waveOut,trainingSamples,raw_data/EMG-EPN612/testingJSON/user167/user167.json,idx_44
waveOut,trainingSamples,raw_data/EMG-EPN612/testingJSON/user167/user167.json,idx_45
waveOut,trainingSamples,raw_data/EMG-EPN612/testingJSON/user167/user167.json,idx_46
waveOut,trainingSamples,raw_data/EMG-EPN612/testingJSON/user167/user167.json,idx_47
waveOut,trainingSamples,raw_data/EMG-EPN612/testingJSON/user167/user167.json,idx_48
waveOut,trainingSamples,raw_data/EMG-EPN612/testingJSON/user167/user167.json,idx_49
waveOut,trainingSamples,raw_data/EMG-EPN612/testingJSON/user167/user167.json,idx_50
pinch,trainingSamples,raw_data/EMG-EPN612/testingJSON/user167/user167.json,idx_51
pinch,trainingSamples,raw_data/EMG-EPN612/testingJSON/user167/user167.json,idx_52
pinch,trainingSamples,raw_data/EMG-EPN612/testingJSON/user167/user167.json,idx_53
pinch,trainingSamples,raw_data/EMG-EPN612/testingJSON/user167/user167.json,idx_54
pinch,trainingSamples,raw_data/EMG-EPN612/testingJSON/user167/user167.json,idx_55
pinch,trainingSamples,raw_data/EMG-EPN612/testingJSON/user167/user167.json,idx_56
pinch,trainingSamples,raw_data/EMG-EPN612/testingJSON/user167/user167.json,idx_57
pinch,trainingSamples,raw_data/EMG-EPN612/testingJSON/user167/user167.json,idx_58
pinch,trainingSamples,raw_data/EMG-EPN612/testingJSON/user167/user167.json,idx_59
pinch,trainingSamples,raw_data/EMG-EPN612/testingJSON/user167/user167.json,idx_60
pinch,trainingSamples,raw_data/EMG-EPN612/testingJSON/user167/user167.json,idx_61
pinch,trainingSamples,raw_data/EMG-EPN612/testingJSON/user167/user167.json,idx_62
pinch,trainingSamples,raw_data/EMG-EPN612/testingJSON/user167/user167.json,idx_63
pinch,trainingSamples,raw_data/EMG-EPN612/testingJSON/user167/user167.json,idx_64
pinch,trainingSamples,raw_data/EMG-EPN612/testingJSON/user167/user167.json,idx_65
pinch,trainingSamples,raw_data/EMG-EPN612/testingJSON/user167/user167.json,idx_66
pinch,trainingSamples,raw_data/EMG-EPN612/testingJSON/user167/user167.json,idx_67
pinch,trainingSamples,raw_data/EMG-EPN612/testingJSON/user167/user167.json,idx_68
pinch,trainingSamples,raw_data/EMG-EPN612/testingJSON/user167/user167.json,idx_69
pinch,trainingSamples,raw_data/EMG-EPN612/testingJSON/user167/user167.json,idx_70
pinch,trainingSamples,raw_data/EMG-EPN612/testingJSON/user167/user167.json,idx_71
pinch,trainingSamples,raw_data/EMG-EPN612/testingJSON/user167/user167.json,idx_72
pinch,trainingSamples,raw_data/EMG-EPN612/testingJSON/user167/user167.json,idx_73
pinch,trainingSamples,raw_data/EMG-EPN612/testingJSON/user167/user167.json,idx_74
pinch,trainingSamples,raw_data/EMG-EPN612/testingJSON/user167/user167.json,idx_75
fist,trainingSamples,raw_data/EMG-EPN612/testingJSON/user167/user167.json,idx_76
fist,trainingSamples,raw_data/EMG-EPN612/testingJSON/user167/user167.json,idx_77
fist,trainingSamples,raw_data/EMG-EPN612/testingJSON/user167/user167.json,idx_78
fist,trainingSamples,raw_data/EMG-EPN612/testingJSON/user167/user167.json,idx_79
fist,trainingSamples,raw_data/EMG-EPN612/testingJSON/user167/user167.json,idx_80
fist,trainingSamples,raw_data/EMG-EPN612/testingJSON/user167/user167.json,idx_81
fist,trainingSamples,raw_data/EMG-EPN612/testingJSON/user167/user167.json,idx_82
fist,trainingSamples,raw_data/EMG-EPN612/testingJSON/user167/user167.json,idx_83
fist,trainingSamples,raw_data/EMG-EPN612/testingJSON/user167/user167.json,idx_84
fist,trainingSamples,raw_data/EMG-EPN612/testingJSON/user167/user167.json,idx_85
fist,trainingSamples,raw_data/EMG-EPN612/testingJSON/user167/user167.json,idx_86
fist,trainingSamples,raw_data/EMG-EPN612/testingJSON/user167/user167.json,idx_87
fist,trainingSamples,raw_data/EMG-EPN612/testingJSON/user167/user167.json,idx_88
fist,trainingSamples,raw_data/EMG-EPN612/testingJSON/user167/user167.json,idx_89
fist,trainingSamples,raw_data/EMG-EPN612/testingJSON/user167/user167.json,idx_90
fist,trainingSamples,raw_data/EMG-EPN612/testingJSON/user167/user167.json,idx_91
fist,trainingSamples,raw_data/EMG-EPN612/testingJSON/user167/user167.json,idx_92
fist,trainingSamples,raw_data/EMG-EPN612/testingJSON/user167/user167.json,idx_93
fist,trainingSamples,raw_data/EMG-EPN612/testingJSON/user167/user167.json,idx_94
fist,trainingSamples,raw_data/EMG-EPN612/testingJSON/user167/user167.json,idx_95
fist,trainingSamples,raw_data/EMG-EPN612/testingJSON/user167/user167.json,idx_96
fist,trainingSamples,raw_data/EMG-EPN612/testingJSON/user167/user167.json,idx_97
fist,trainingSamples,raw_data/EMG-EPN612/testingJSON/user167/user167.json,idx_98
fist,trainingSamples,raw_data/EMG-EPN612/testingJSON/user167/user167.json,idx_99
fist,trainingSamples,raw_data/EMG-EPN612/testingJSON/user167/user167.json,idx_100
waveIn,trainingSamples,raw_data/EMG-EPN612/testingJSON/user167/user167.json,idx_101
waveIn,trainingSamples,raw_data/EMG-EPN612/testingJSON/user167/user167.json,idx_102
waveIn,trainingSamples,raw_data/EMG-EPN612/testingJSON/user167/user167.json,idx_103
waveIn,trainingSamples,raw_data/EMG-EPN612/testingJSON/user167/user167.json,idx_104
waveIn,trainingSamples,raw_data/EMG-EPN612/testingJSON/user167/user167.json,idx_105
waveIn,trainingSamples,raw_data/EMG-EPN612/testingJSON/user167/user167.json,idx_106
waveIn,trainingSamples,raw_data/EMG-EPN612/testingJSON/user167/user167.json,idx_107
waveIn,trainingSamples,raw_data/EMG-EPN612/testingJSON/user167/user167.json,idx_108
waveIn,trainingSamples,raw_data/EMG-EPN612/testingJSON/user167/user167.json,idx_109
waveIn,trainingSamples,raw_data/EMG-EPN612/testingJSON/user167/user167.json,idx_110
waveIn,trainingSamples,raw_data/EMG-EPN612/testingJSON/user167/user167.json,idx_111
waveIn,trainingSamples,raw_data/EMG-EPN612/testingJSON/user167/user167.json,idx_112
waveIn,trainingSamples,raw_data/EMG-EPN612/testingJSON/user167/user167.json,idx_113
waveIn,trainingSamples,raw_data/EMG-EPN612/testingJSON/user167/user167.json,idx_114
waveIn,trainingSamples,raw_data/EMG-EPN612/testingJSON/user167/user167.json,idx_115
waveIn,trainingSamples,raw_data/EMG-EPN612/testingJSON/user167/user167.json,idx_116
waveIn,trainingSamples,raw_data/EMG-EPN612/testingJSON/user167/user167.json,idx_117
waveIn,trainingSamples,raw_data/EMG-EPN612/testingJSON/user167/user167.json,idx_118
waveIn,trainingSamples,raw_data/EMG-EPN612/testingJSON/user167/user167.json,idx_119
waveIn,trainingSamples,raw_data/EMG-EPN612/testingJSON/user167/user167.json,idx_120
waveIn,trainingSamples,raw_data/EMG-EPN612/testingJSON/user167/user167.json,idx_121
waveIn,trainingSamples,raw_data/EMG-EPN612/testingJSON/user167/user167.json,idx_122
waveIn,trainingSamples,raw_data/EMG-EPN612/testingJSON/user167/user167.json,idx_123
waveIn,trainingSamples,raw_data/EMG-EPN612/testingJSON/user167/user167.json,idx_124
waveIn,trainingSamples,raw_data/EMG-EPN612/testingJSON/user167/user167.json,idx_125
open,trainingSamples,raw_data/EMG-EPN612/testingJSON/user167/user167.json,idx_126
open,trainingSamples,raw_data/EMG-EPN612/testingJSON/user167/user167.json,idx_127
open,trainingSamples,raw_data/EMG-EPN612/testingJSON/user167/user167.json,idx_128
open,trainingSamples,raw_data/EMG-EPN612/testingJSON/user167/user167.json,idx_129
open,trainingSamples,raw_data/EMG-EPN612/testingJSON/user167/user167.json,idx_130
open,trainingSamples,raw_data/EMG-EPN612/testingJSON/user167/user167.json,idx_131
open,trainingSamples,raw_data/EMG-EPN612/testingJSON/user167/user167.json,idx_132
open,trainingSamples,raw_data/EMG-EPN612/testingJSON/user167/user167.json,idx_133
open,trainingSamples,raw_data/EMG-EPN612/testingJSON/user167/user167.json,idx_134
open,trainingSamples,raw_data/EMG-EPN612/testingJSON/user167/user167.json,idx_135
open,trainingSamples,raw_data/EMG-EPN612/testingJSON/user167/user167.json,idx_136
open,trainingSamples,raw_data/EMG-EPN612/testingJSON/user167/user167.json,idx_137
open,trainingSamples,raw_data/EMG-EPN612/testingJSON/user167/user167.json,idx_138
open,trainingSamples,raw_data/EMG-EPN612/testingJSON/user167/user167.json,idx_139
open,trainingSamples,raw_data/EMG-EPN612/testingJSON/user167/user167.json,idx_140
open,trainingSamples,raw_data/EMG-EPN612/testingJSON/user167/user167.json,idx_141
open,trainingSamples,raw_data/EMG-EPN612/testingJSON/user167/user167.json,idx_142
open,trainingSamples,raw_data/EMG-EPN612/testingJSON/user167/user167.json,idx_143
open,trainingSamples,raw_data/EMG-EPN612/testingJSON/user167/user167.json,idx_144
open,trainingSamples,raw_data/EMG-EPN612/testingJSON/user167/user167.json,idx_145
open,trainingSamples,raw_data/EMG-EPN612/testingJSON/user167/user167.json,idx_146
open,trainingSamples,raw_data/EMG-EPN612/testingJSON/user167/user167.json,idx_147
open,trainingSamples,raw_data/EMG-EPN612/testingJSON/user167/user167.json,idx_148
open,trainingSamples,raw_data/EMG-EPN612/testingJSON/user167/user167.json,idx_149
open,trainingSamples,raw_data/EMG-EPN612/testingJSON/user167/user167.json,idx_150
noGesture,trainingSamples,raw_data/EMG-EPN612/testingJSON/user168/user168.json,idx_1
noGesture,trainingSamples,raw_data/EMG-EPN612/testingJSON/user168/user168.json,idx_2
noGesture,trainingSamples,raw_data/EMG-EPN612/testingJSON/user168/user168.json,idx_3
noGesture,trainingSamples,raw_data/EMG-EPN612/testingJSON/user168/user168.json,idx_4
noGesture,trainingSamples,raw_data/EMG-EPN612/testingJSON/user168/user168.json,idx_5
noGesture,trainingSamples,raw_data/EMG-EPN612/testingJSON/user168/user168.json,idx_6
noGesture,trainingSamples,raw_data/EMG-EPN612/testingJSON/user168/user168.json,idx_7
noGesture,trainingSamples,raw_data/EMG-EPN612/testingJSON/user168/user168.json,idx_8
noGesture,trainingSamples,raw_data/EMG-EPN612/testingJSON/user168/user168.json,idx_9
noGesture,trainingSamples,raw_data/EMG-EPN612/testingJSON/user168/user168.json,idx_10
noGesture,trainingSamples,raw_data/EMG-EPN612/testingJSON/user168/user168.json,idx_11
noGesture,trainingSamples,raw_data/EMG-EPN612/testingJSON/user168/user168.json,idx_12
noGesture,trainingSamples,raw_data/EMG-EPN612/testingJSON/user168/user168.json,idx_13
noGesture,trainingSamples,raw_data/EMG-EPN612/testingJSON/user168/user168.json,idx_14
noGesture,trainingSamples,raw_data/EMG-EPN612/testingJSON/user168/user168.json,idx_15
noGesture,trainingSamples,raw_data/EMG-EPN612/testingJSON/user168/user168.json,idx_16
noGesture,trainingSamples,raw_data/EMG-EPN612/testingJSON/user168/user168.json,idx_17
noGesture,trainingSamples,raw_data/EMG-EPN612/testingJSON/user168/user168.json,idx_18
noGesture,trainingSamples,raw_data/EMG-EPN612/testingJSON/user168/user168.json,idx_19
noGesture,trainingSamples,raw_data/EMG-EPN612/testingJSON/user168/user168.json,idx_20
noGesture,trainingSamples,raw_data/EMG-EPN612/testingJSON/user168/user168.json,idx_21
noGesture,trainingSamples,raw_data/EMG-EPN612/testingJSON/user168/user168.json,idx_22
noGesture,trainingSamples,raw_data/EMG-EPN612/testingJSON/user168/user168.json,idx_23
noGesture,trainingSamples,raw_data/EMG-EPN612/testingJSON/user168/user168.json,idx_24
noGesture,trainingSamples,raw_data/EMG-EPN612/testingJSON/user168/user168.json,idx_25
waveOut,trainingSamples,raw_data/EMG-EPN612/testingJSON/user168/user168.json,idx_26
waveOut,trainingSamples,raw_data/EMG-EPN612/testingJSON/user168/user168.json,idx_27
waveOut,trainingSamples,raw_data/EMG-EPN612/testingJSON/user168/user168.json,idx_28
waveOut,trainingSamples,raw_data/EMG-EPN612/testingJSON/user168/user168.json,idx_29
waveOut,trainingSamples,raw_data/EMG-EPN612/testingJSON/user168/user168.json,idx_30
waveOut,trainingSamples,raw_data/EMG-EPN612/testingJSON/user168/user168.json,idx_31
waveOut,trainingSamples,raw_data/EMG-EPN612/testingJSON/user168/user168.json,idx_32
waveOut,trainingSamples,raw_data/EMG-EPN612/testingJSON/user168/user168.json,idx_33
waveOut,trainingSamples,raw_data/EMG-EPN612/testingJSON/user168/user168.json,idx_34
waveOut,trainingSamples,raw_data/EMG-EPN612/testingJSON/user168/user168.json,idx_35
waveOut,trainingSamples,raw_data/EMG-EPN612/testingJSON/user168/user168.json,idx_36
waveOut,trainingSamples,raw_data/EMG-EPN612/testingJSON/user168/user168.json,idx_37
waveOut,trainingSamples,raw_data/EMG-EPN612/testingJSON/user168/user168.json,idx_38
waveOut,trainingSamples,raw_data/EMG-EPN612/testingJSON/user168/user168.json,idx_39
waveOut,trainingSamples,raw_data/EMG-EPN612/testingJSON/user168/user168.json,idx_40
waveOut,trainingSamples,raw_data/EMG-EPN612/testingJSON/user168/user168.json,idx_41
waveOut,trainingSamples,raw_data/EMG-EPN612/testingJSON/user168/user168.json,idx_42
waveOut,trainingSamples,raw_data/EMG-EPN612/testingJSON/user168/user168.json,idx_43
waveOut,trainingSamples,raw_data/EMG-EPN612/testingJSON/user168/user168.json,idx_44
waveOut,trainingSamples,raw_data/EMG-EPN612/testingJSON/user168/user168.json,idx_45
waveOut,trainingSamples,raw_data/EMG-EPN612/testingJSON/user168/user168.json,idx_46
waveOut,trainingSamples,raw_data/EMG-EPN612/testingJSON/user168/user168.json,idx_47
waveOut,trainingSamples,raw_data/EMG-EPN612/testingJSON/user168/user168.json,idx_48
waveOut,trainingSamples,raw_data/EMG-EPN612/testingJSON/user168/user168.json,idx_49
waveOut,trainingSamples,raw_data/EMG-EPN612/testingJSON/user168/user168.json,idx_50
pinch,trainingSamples,raw_data/EMG-EPN612/testingJSON/user168/user168.json,idx_51
pinch,trainingSamples,raw_data/EMG-EPN612/testingJSON/user168/user168.json,idx_52
pinch,trainingSamples,raw_data/EMG-EPN612/testingJSON/user168/user168.json,idx_53
pinch,trainingSamples,raw_data/EMG-EPN612/testingJSON/user168/user168.json,idx_54
pinch,trainingSamples,raw_data/EMG-EPN612/testingJSON/user168/user168.json,idx_55
pinch,trainingSamples,raw_data/EMG-EPN612/testingJSON/user168/user168.json,idx_56
pinch,trainingSamples,raw_data/EMG-EPN612/testingJSON/user168/user168.json,idx_57
pinch,trainingSamples,raw_data/EMG-EPN612/testingJSON/user168/user168.json,idx_58
pinch,trainingSamples,raw_data/EMG-EPN612/testingJSON/user168/user168.json,idx_59
pinch,trainingSamples,raw_data/EMG-EPN612/testingJSON/user168/user168.json,idx_60
pinch,trainingSamples,raw_data/EMG-EPN612/testingJSON/user168/user168.json,idx_61
pinch,trainingSamples,raw_data/EMG-EPN612/testingJSON/user168/user168.json,idx_62
pinch,trainingSamples,raw_data/EMG-EPN612/testingJSON/user168/user168.json,idx_63
pinch,trainingSamples,raw_data/EMG-EPN612/testingJSON/user168/user168.json,idx_64
pinch,trainingSamples,raw_data/EMG-EPN612/testingJSON/user168/user168.json,idx_65
pinch,trainingSamples,raw_data/EMG-EPN612/testingJSON/user168/user168.json,idx_66
pinch,trainingSamples,raw_data/EMG-EPN612/testingJSON/user168/user168.json,idx_67
pinch,trainingSamples,raw_data/EMG-EPN612/testingJSON/user168/user168.json,idx_68
pinch,trainingSamples,raw_data/EMG-EPN612/testingJSON/user168/user168.json,idx_69
pinch,trainingSamples,raw_data/EMG-EPN612/testingJSON/user168/user168.json,idx_70
pinch,trainingSamples,raw_data/EMG-EPN612/testingJSON/user168/user168.json,idx_71
pinch,trainingSamples,raw_data/EMG-EPN612/testingJSON/user168/user168.json,idx_72
pinch,trainingSamples,raw_data/EMG-EPN612/testingJSON/user168/user168.json,idx_73
pinch,trainingSamples,raw_data/EMG-EPN612/testingJSON/user168/user168.json,idx_74
pinch,trainingSamples,raw_data/EMG-EPN612/testingJSON/user168/user168.json,idx_75
fist,trainingSamples,raw_data/EMG-EPN612/testingJSON/user168/user168.json,idx_76
fist,trainingSamples,raw_data/EMG-EPN612/testingJSON/user168/user168.json,idx_77
fist,trainingSamples,raw_data/EMG-EPN612/testingJSON/user168/user168.json,idx_78
fist,trainingSamples,raw_data/EMG-EPN612/testingJSON/user168/user168.json,idx_79
fist,trainingSamples,raw_data/EMG-EPN612/testingJSON/user168/user168.json,idx_80
fist,trainingSamples,raw_data/EMG-EPN612/testingJSON/user168/user168.json,idx_81
fist,trainingSamples,raw_data/EMG-EPN612/testingJSON/user168/user168.json,idx_82
fist,trainingSamples,raw_data/EMG-EPN612/testingJSON/user168/user168.json,idx_83
fist,trainingSamples,raw_data/EMG-EPN612/testingJSON/user168/user168.json,idx_84
fist,trainingSamples,raw_data/EMG-EPN612/testingJSON/user168/user168.json,idx_85
fist,trainingSamples,raw_data/EMG-EPN612/testingJSON/user168/user168.json,idx_86
fist,trainingSamples,raw_data/EMG-EPN612/testingJSON/user168/user168.json,idx_87
fist,trainingSamples,raw_data/EMG-EPN612/testingJSON/user168/user168.json,idx_88
fist,trainingSamples,raw_data/EMG-EPN612/testingJSON/user168/user168.json,idx_89
fist,trainingSamples,raw_data/EMG-EPN612/testingJSON/user168/user168.json,idx_90
fist,trainingSamples,raw_data/EMG-EPN612/testingJSON/user168/user168.json,idx_91
fist,trainingSamples,raw_data/EMG-EPN612/testingJSON/user168/user168.json,idx_92
fist,trainingSamples,raw_data/EMG-EPN612/testingJSON/user168/user168.json,idx_93
fist,trainingSamples,raw_data/EMG-EPN612/testingJSON/user168/user168.json,idx_94
fist,trainingSamples,raw_data/EMG-EPN612/testingJSON/user168/user168.json,idx_95
fist,trainingSamples,raw_data/EMG-EPN612/testingJSON/user168/user168.json,idx_96
fist,trainingSamples,raw_data/EMG-EPN612/testingJSON/user168/user168.json,idx_97
fist,trainingSamples,raw_data/EMG-EPN612/testingJSON/user168/user168.json,idx_98
fist,trainingSamples,raw_data/EMG-EPN612/testingJSON/user168/user168.json,idx_99
fist,trainingSamples,raw_data/EMG-EPN612/testingJSON/user168/user168.json,idx_100
waveIn,trainingSamples,raw_data/EMG-EPN612/testingJSON/user168/user168.json,idx_101
waveIn,trainingSamples,raw_data/EMG-EPN612/testingJSON/user168/user168.json,idx_102
waveIn,trainingSamples,raw_data/EMG-EPN612/testingJSON/user168/user168.json,idx_103
waveIn,trainingSamples,raw_data/EMG-EPN612/testingJSON/user168/user168.json,idx_104
waveIn,trainingSamples,raw_data/EMG-EPN612/testingJSON/user168/user168.json,idx_105
waveIn,trainingSamples,raw_data/EMG-EPN612/testingJSON/user168/user168.json,idx_106
waveIn,trainingSamples,raw_data/EMG-EPN612/testingJSON/user168/user168.json,idx_107
waveIn,trainingSamples,raw_data/EMG-EPN612/testingJSON/user168/user168.json,idx_108
waveIn,trainingSamples,raw_data/EMG-EPN612/testingJSON/user168/user168.json,idx_109
waveIn,trainingSamples,raw_data/EMG-EPN612/testingJSON/user168/user168.json,idx_110
waveIn,trainingSamples,raw_data/EMG-EPN612/testingJSON/user168/user168.json,idx_111
waveIn,trainingSamples,raw_data/EMG-EPN612/testingJSON/user168/user168.json,idx_112
waveIn,trainingSamples,raw_data/EMG-EPN612/testingJSON/user168/user168.json,idx_113
waveIn,trainingSamples,raw_data/EMG-EPN612/testingJSON/user168/user168.json,idx_114
waveIn,trainingSamples,raw_data/EMG-EPN612/testingJSON/user168/user168.json,idx_115
waveIn,trainingSamples,raw_data/EMG-EPN612/testingJSON/user168/user168.json,idx_116
waveIn,trainingSamples,raw_data/EMG-EPN612/testingJSON/user168/user168.json,idx_117
waveIn,trainingSamples,raw_data/EMG-EPN612/testingJSON/user168/user168.json,idx_118
waveIn,trainingSamples,raw_data/EMG-EPN612/testingJSON/user168/user168.json,idx_119
waveIn,trainingSamples,raw_data/EMG-EPN612/testingJSON/user168/user168.json,idx_120
waveIn,trainingSamples,raw_data/EMG-EPN612/testingJSON/user168/user168.json,idx_121
waveIn,trainingSamples,raw_data/EMG-EPN612/testingJSON/user168/user168.json,idx_122
waveIn,trainingSamples,raw_data/EMG-EPN612/testingJSON/user168/user168.json,idx_123
waveIn,trainingSamples,raw_data/EMG-EPN612/testingJSON/user168/user168.json,idx_124
waveIn,trainingSamples,raw_data/EMG-EPN612/testingJSON/user168/user168.json,idx_125
open,trainingSamples,raw_data/EMG-EPN612/testingJSON/user168/user168.json,idx_126
open,trainingSamples,raw_data/EMG-EPN612/testingJSON/user168/user168.json,idx_127
open,trainingSamples,raw_data/EMG-EPN612/testingJSON/user168/user168.json,idx_128
open,trainingSamples,raw_data/EMG-EPN612/testingJSON/user168/user168.json,idx_129
open,trainingSamples,raw_data/EMG-EPN612/testingJSON/user168/user168.json,idx_130
open,trainingSamples,raw_data/EMG-EPN612/testingJSON/user168/user168.json,idx_131
open,trainingSamples,raw_data/EMG-EPN612/testingJSON/user168/user168.json,idx_132
open,trainingSamples,raw_data/EMG-EPN612/testingJSON/user168/user168.json,idx_133
open,trainingSamples,raw_data/EMG-EPN612/testingJSON/user168/user168.json,idx_134
open,trainingSamples,raw_data/EMG-EPN612/testingJSON/user168/user168.json,idx_135
open,trainingSamples,raw_data/EMG-EPN612/testingJSON/user168/user168.json,idx_136
open,trainingSamples,raw_data/EMG-EPN612/testingJSON/user168/user168.json,idx_137
open,trainingSamples,raw_data/EMG-EPN612/testingJSON/user168/user168.json,idx_138
open,trainingSamples,raw_data/EMG-EPN612/testingJSON/user168/user168.json,idx_139
open,trainingSamples,raw_data/EMG-EPN612/testingJSON/user168/user168.json,idx_140
open,trainingSamples,raw_data/EMG-EPN612/testingJSON/user168/user168.json,idx_141
open,trainingSamples,raw_data/EMG-EPN612/testingJSON/user168/user168.json,idx_142
open,trainingSamples,raw_data/EMG-EPN612/testingJSON/user168/user168.json,idx_143
open,trainingSamples,raw_data/EMG-EPN612/testingJSON/user168/user168.json,idx_144
open,trainingSamples,raw_data/EMG-EPN612/testingJSON/user168/user168.json,idx_145
open,trainingSamples,raw_data/EMG-EPN612/testingJSON/user168/user168.json,idx_146
open,trainingSamples,raw_data/EMG-EPN612/testingJSON/user168/user168.json,idx_147
open,trainingSamples,raw_data/EMG-EPN612/testingJSON/user168/user168.json,idx_148
open,trainingSamples,raw_data/EMG-EPN612/testingJSON/user168/user168.json,idx_149
open,trainingSamples,raw_data/EMG-EPN612/testingJSON/user168/user168.json,idx_150
noGesture,trainingSamples,raw_data/EMG-EPN612/testingJSON/user169/user169.json,idx_1
noGesture,trainingSamples,raw_data/EMG-EPN612/testingJSON/user169/user169.json,idx_2
noGesture,trainingSamples,raw_data/EMG-EPN612/testingJSON/user169/user169.json,idx_3
noGesture,trainingSamples,raw_data/EMG-EPN612/testingJSON/user169/user169.json,idx_4
noGesture,trainingSamples,raw_data/EMG-EPN612/testingJSON/user169/user169.json,idx_5
noGesture,trainingSamples,raw_data/EMG-EPN612/testingJSON/user169/user169.json,idx_6
noGesture,trainingSamples,raw_data/EMG-EPN612/testingJSON/user169/user169.json,idx_7
noGesture,trainingSamples,raw_data/EMG-EPN612/testingJSON/user169/user169.json,idx_8
noGesture,trainingSamples,raw_data/EMG-EPN612/testingJSON/user169/user169.json,idx_9
noGesture,trainingSamples,raw_data/EMG-EPN612/testingJSON/user169/user169.json,idx_10
noGesture,trainingSamples,raw_data/EMG-EPN612/testingJSON/user169/user169.json,idx_11
noGesture,trainingSamples,raw_data/EMG-EPN612/testingJSON/user169/user169.json,idx_12
noGesture,trainingSamples,raw_data/EMG-EPN612/testingJSON/user169/user169.json,idx_13
noGesture,trainingSamples,raw_data/EMG-EPN612/testingJSON/user169/user169.json,idx_14
noGesture,trainingSamples,raw_data/EMG-EPN612/testingJSON/user169/user169.json,idx_15
noGesture,trainingSamples,raw_data/EMG-EPN612/testingJSON/user169/user169.json,idx_16
noGesture,trainingSamples,raw_data/EMG-EPN612/testingJSON/user169/user169.json,idx_17
noGesture,trainingSamples,raw_data/EMG-EPN612/testingJSON/user169/user169.json,idx_18
noGesture,trainingSamples,raw_data/EMG-EPN612/testingJSON/user169/user169.json,idx_19
noGesture,trainingSamples,raw_data/EMG-EPN612/testingJSON/user169/user169.json,idx_20
noGesture,trainingSamples,raw_data/EMG-EPN612/testingJSON/user169/user169.json,idx_21
noGesture,trainingSamples,raw_data/EMG-EPN612/testingJSON/user169/user169.json,idx_22
noGesture,trainingSamples,raw_data/EMG-EPN612/testingJSON/user169/user169.json,idx_23
noGesture,trainingSamples,raw_data/EMG-EPN612/testingJSON/user169/user169.json,idx_24
noGesture,trainingSamples,raw_data/EMG-EPN612/testingJSON/user169/user169.json,idx_25
waveOut,trainingSamples,raw_data/EMG-EPN612/testingJSON/user169/user169.json,idx_26
waveOut,trainingSamples,raw_data/EMG-EPN612/testingJSON/user169/user169.json,idx_27
waveOut,trainingSamples,raw_data/EMG-EPN612/testingJSON/user169/user169.json,idx_28
waveOut,trainingSamples,raw_data/EMG-EPN612/testingJSON/user169/user169.json,idx_29
waveOut,trainingSamples,raw_data/EMG-EPN612/testingJSON/user169/user169.json,idx_30
waveOut,trainingSamples,raw_data/EMG-EPN612/testingJSON/user169/user169.json,idx_31
waveOut,trainingSamples,raw_data/EMG-EPN612/testingJSON/user169/user169.json,idx_32
waveOut,trainingSamples,raw_data/EMG-EPN612/testingJSON/user169/user169.json,idx_33
waveOut,trainingSamples,raw_data/EMG-EPN612/testingJSON/user169/user169.json,idx_34
waveOut,trainingSamples,raw_data/EMG-EPN612/testingJSON/user169/user169.json,idx_35
waveOut,trainingSamples,raw_data/EMG-EPN612/testingJSON/user169/user169.json,idx_36
waveOut,trainingSamples,raw_data/EMG-EPN612/testingJSON/user169/user169.json,idx_37
waveOut,trainingSamples,raw_data/EMG-EPN612/testingJSON/user169/user169.json,idx_38
waveOut,trainingSamples,raw_data/EMG-EPN612/testingJSON/user169/user169.json,idx_39
waveOut,trainingSamples,raw_data/EMG-EPN612/testingJSON/user169/user169.json,idx_40
waveOut,trainingSamples,raw_data/EMG-EPN612/testingJSON/user169/user169.json,idx_41
waveOut,trainingSamples,raw_data/EMG-EPN612/testingJSON/user169/user169.json,idx_42
waveOut,trainingSamples,raw_data/EMG-EPN612/testingJSON/user169/user169.json,idx_43
waveOut,trainingSamples,raw_data/EMG-EPN612/testingJSON/user169/user169.json,idx_44
waveOut,trainingSamples,raw_data/EMG-EPN612/testingJSON/user169/user169.json,idx_45
waveOut,trainingSamples,raw_data/EMG-EPN612/testingJSON/user169/user169.json,idx_46
waveOut,trainingSamples,raw_data/EMG-EPN612/testingJSON/user169/user169.json,idx_47
waveOut,trainingSamples,raw_data/EMG-EPN612/testingJSON/user169/user169.json,idx_48
waveOut,trainingSamples,raw_data/EMG-EPN612/testingJSON/user169/user169.json,idx_49
waveOut,trainingSamples,raw_data/EMG-EPN612/testingJSON/user169/user169.json,idx_50
pinch,trainingSamples,raw_data/EMG-EPN612/testingJSON/user169/user169.json,idx_51
pinch,trainingSamples,raw_data/EMG-EPN612/testingJSON/user169/user169.json,idx_52
pinch,trainingSamples,raw_data/EMG-EPN612/testingJSON/user169/user169.json,idx_53
pinch,trainingSamples,raw_data/EMG-EPN612/testingJSON/user169/user169.json,idx_54
pinch,trainingSamples,raw_data/EMG-EPN612/testingJSON/user169/user169.json,idx_55
pinch,trainingSamples,raw_data/EMG-EPN612/testingJSON/user169/user169.json,idx_56
pinch,trainingSamples,raw_data/EMG-EPN612/testingJSON/user169/user169.json,idx_57
pinch,trainingSamples,raw_data/EMG-EPN612/testingJSON/user169/user169.json,idx_58
pinch,trainingSamples,raw_data/EMG-EPN612/testingJSON/user169/user169.json,idx_59
pinch,trainingSamples,raw_data/EMG-EPN612/testingJSON/user169/user169.json,idx_60
pinch,trainingSamples,raw_data/EMG-EPN612/testingJSON/user169/user169.json,idx_61
pinch,trainingSamples,raw_data/EMG-EPN612/testingJSON/user169/user169.json,idx_62
pinch,trainingSamples,raw_data/EMG-EPN612/testingJSON/user169/user169.json,idx_63
pinch,trainingSamples,raw_data/EMG-EPN612/testingJSON/user169/user169.json,idx_64
pinch,trainingSamples,raw_data/EMG-EPN612/testingJSON/user169/user169.json,idx_65
pinch,trainingSamples,raw_data/EMG-EPN612/testingJSON/user169/user169.json,idx_66
pinch,trainingSamples,raw_data/EMG-EPN612/testingJSON/user169/user169.json,idx_67
pinch,trainingSamples,raw_data/EMG-EPN612/testingJSON/user169/user169.json,idx_68
pinch,trainingSamples,raw_data/EMG-EPN612/testingJSON/user169/user169.json,idx_69
pinch,trainingSamples,raw_data/EMG-EPN612/testingJSON/user169/user169.json,idx_70
pinch,trainingSamples,raw_data/EMG-EPN612/testingJSON/user169/user169.json,idx_71
pinch,trainingSamples,raw_data/EMG-EPN612/testingJSON/user169/user169.json,idx_72
pinch,trainingSamples,raw_data/EMG-EPN612/testingJSON/user169/user169.json,idx_73
pinch,trainingSamples,raw_data/EMG-EPN612/testingJSON/user169/user169.json,idx_74
pinch,trainingSamples,raw_data/EMG-EPN612/testingJSON/user169/user169.json,idx_75
fist,trainingSamples,raw_data/EMG-EPN612/testingJSON/user169/user169.json,idx_76
fist,trainingSamples,raw_data/EMG-EPN612/testingJSON/user169/user169.json,idx_77
fist,trainingSamples,raw_data/EMG-EPN612/testingJSON/user169/user169.json,idx_78
fist,trainingSamples,raw_data/EMG-EPN612/testingJSON/user169/user169.json,idx_79
fist,trainingSamples,raw_data/EMG-EPN612/testingJSON/user169/user169.json,idx_80
fist,trainingSamples,raw_data/EMG-EPN612/testingJSON/user169/user169.json,idx_81
fist,trainingSamples,raw_data/EMG-EPN612/testingJSON/user169/user169.json,idx_82
fist,trainingSamples,raw_data/EMG-EPN612/testingJSON/user169/user169.json,idx_83
fist,trainingSamples,raw_data/EMG-EPN612/testingJSON/user169/user169.json,idx_84
fist,trainingSamples,raw_data/EMG-EPN612/testingJSON/user169/user169.json,idx_85
fist,trainingSamples,raw_data/EMG-EPN612/testingJSON/user169/user169.json,idx_86
fist,trainingSamples,raw_data/EMG-EPN612/testingJSON/user169/user169.json,idx_87
fist,trainingSamples,raw_data/EMG-EPN612/testingJSON/user169/user169.json,idx_88
fist,trainingSamples,raw_data/EMG-EPN612/testingJSON/user169/user169.json,idx_89
fist,trainingSamples,raw_data/EMG-EPN612/testingJSON/user169/user169.json,idx_90
fist,trainingSamples,raw_data/EMG-EPN612/testingJSON/user169/user169.json,idx_91
fist,trainingSamples,raw_data/EMG-EPN612/testingJSON/user169/user169.json,idx_92
fist,trainingSamples,raw_data/EMG-EPN612/testingJSON/user169/user169.json,idx_93
fist,trainingSamples,raw_data/EMG-EPN612/testingJSON/user169/user169.json,idx_94
fist,trainingSamples,raw_data/EMG-EPN612/testingJSON/user169/user169.json,idx_95
fist,trainingSamples,raw_data/EMG-EPN612/testingJSON/user169/user169.json,idx_96
fist,trainingSamples,raw_data/EMG-EPN612/testingJSON/user169/user169.json,idx_97
fist,trainingSamples,raw_data/EMG-EPN612/testingJSON/user169/user169.json,idx_98
fist,trainingSamples,raw_data/EMG-EPN612/testingJSON/user169/user169.json,idx_99
fist,trainingSamples,raw_data/EMG-EPN612/testingJSON/user169/user169.json,idx_100
waveIn,trainingSamples,raw_data/EMG-EPN612/testingJSON/user169/user169.json,idx_101
waveIn,trainingSamples,raw_data/EMG-EPN612/testingJSON/user169/user169.json,idx_102
waveIn,trainingSamples,raw_data/EMG-EPN612/testingJSON/user169/user169.json,idx_103
waveIn,trainingSamples,raw_data/EMG-EPN612/testingJSON/user169/user169.json,idx_104
waveIn,trainingSamples,raw_data/EMG-EPN612/testingJSON/user169/user169.json,idx_105
waveIn,trainingSamples,raw_data/EMG-EPN612/testingJSON/user169/user169.json,idx_106
waveIn,trainingSamples,raw_data/EMG-EPN612/testingJSON/user169/user169.json,idx_107
waveIn,trainingSamples,raw_data/EMG-EPN612/testingJSON/user169/user169.json,idx_108
waveIn,trainingSamples,raw_data/EMG-EPN612/testingJSON/user169/user169.json,idx_109
waveIn,trainingSamples,raw_data/EMG-EPN612/testingJSON/user169/user169.json,idx_110
waveIn,trainingSamples,raw_data/EMG-EPN612/testingJSON/user169/user169.json,idx_111
waveIn,trainingSamples,raw_data/EMG-EPN612/testingJSON/user169/user169.json,idx_112
waveIn,trainingSamples,raw_data/EMG-EPN612/testingJSON/user169/user169.json,idx_113
waveIn,trainingSamples,raw_data/EMG-EPN612/testingJSON/user169/user169.json,idx_114
waveIn,trainingSamples,raw_data/EMG-EPN612/testingJSON/user169/user169.json,idx_115
waveIn,trainingSamples,raw_data/EMG-EPN612/testingJSON/user169/user169.json,idx_116
waveIn,trainingSamples,raw_data/EMG-EPN612/testingJSON/user169/user169.json,idx_117
waveIn,trainingSamples,raw_data/EMG-EPN612/testingJSON/user169/user169.json,idx_118
waveIn,trainingSamples,raw_data/EMG-EPN612/testingJSON/user169/user169.json,idx_119
waveIn,trainingSamples,raw_data/EMG-EPN612/testingJSON/user169/user169.json,idx_120
waveIn,trainingSamples,raw_data/EMG-EPN612/testingJSON/user169/user169.json,idx_121
waveIn,trainingSamples,raw_data/EMG-EPN612/testingJSON/user169/user169.json,idx_122
waveIn,trainingSamples,raw_data/EMG-EPN612/testingJSON/user169/user169.json,idx_123
waveIn,trainingSamples,raw_data/EMG-EPN612/testingJSON/user169/user169.json,idx_124
waveIn,trainingSamples,raw_data/EMG-EPN612/testingJSON/user169/user169.json,idx_125
open,trainingSamples,raw_data/EMG-EPN612/testingJSON/user169/user169.json,idx_126
open,trainingSamples,raw_data/EMG-EPN612/testingJSON/user169/user169.json,idx_127
open,trainingSamples,raw_data/EMG-EPN612/testingJSON/user169/user169.json,idx_128
open,trainingSamples,raw_data/EMG-EPN612/testingJSON/user169/user169.json,idx_129
open,trainingSamples,raw_data/EMG-EPN612/testingJSON/user169/user169.json,idx_130
open,trainingSamples,raw_data/EMG-EPN612/testingJSON/user169/user169.json,idx_131
open,trainingSamples,raw_data/EMG-EPN612/testingJSON/user169/user169.json,idx_132
open,trainingSamples,raw_data/EMG-EPN612/testingJSON/user169/user169.json,idx_133
open,trainingSamples,raw_data/EMG-EPN612/testingJSON/user169/user169.json,idx_134
open,trainingSamples,raw_data/EMG-EPN612/testingJSON/user169/user169.json,idx_135
open,trainingSamples,raw_data/EMG-EPN612/testingJSON/user169/user169.json,idx_136
open,trainingSamples,raw_data/EMG-EPN612/testingJSON/user169/user169.json,idx_137
open,trainingSamples,raw_data/EMG-EPN612/testingJSON/user169/user169.json,idx_138
open,trainingSamples,raw_data/EMG-EPN612/testingJSON/user169/user169.json,idx_139
open,trainingSamples,raw_data/EMG-EPN612/testingJSON/user169/user169.json,idx_140
open,trainingSamples,raw_data/EMG-EPN612/testingJSON/user169/user169.json,idx_141
open,trainingSamples,raw_data/EMG-EPN612/testingJSON/user169/user169.json,idx_142
open,trainingSamples,raw_data/EMG-EPN612/testingJSON/user169/user169.json,idx_143
open,trainingSamples,raw_data/EMG-EPN612/testingJSON/user169/user169.json,idx_144
open,trainingSamples,raw_data/EMG-EPN612/testingJSON/user169/user169.json,idx_145
open,trainingSamples,raw_data/EMG-EPN612/testingJSON/user169/user169.json,idx_146
open,trainingSamples,raw_data/EMG-EPN612/testingJSON/user169/user169.json,idx_147
open,trainingSamples,raw_data/EMG-EPN612/testingJSON/user169/user169.json,idx_148
open,trainingSamples,raw_data/EMG-EPN612/testingJSON/user169/user169.json,idx_149
open,trainingSamples,raw_data/EMG-EPN612/testingJSON/user169/user169.json,idx_150
noGesture,trainingSamples,raw_data/EMG-EPN612/testingJSON/user17/user17.json,idx_1
noGesture,trainingSamples,raw_data/EMG-EPN612/testingJSON/user17/user17.json,idx_2
noGesture,trainingSamples,raw_data/EMG-EPN612/testingJSON/user17/user17.json,idx_3
noGesture,trainingSamples,raw_data/EMG-EPN612/testingJSON/user17/user17.json,idx_4
noGesture,trainingSamples,raw_data/EMG-EPN612/testingJSON/user17/user17.json,idx_5
noGesture,trainingSamples,raw_data/EMG-EPN612/testingJSON/user17/user17.json,idx_6
noGesture,trainingSamples,raw_data/EMG-EPN612/testingJSON/user17/user17.json,idx_7
noGesture,trainingSamples,raw_data/EMG-EPN612/testingJSON/user17/user17.json,idx_8
noGesture,trainingSamples,raw_data/EMG-EPN612/testingJSON/user17/user17.json,idx_9
noGesture,trainingSamples,raw_data/EMG-EPN612/testingJSON/user17/user17.json,idx_10
noGesture,trainingSamples,raw_data/EMG-EPN612/testingJSON/user17/user17.json,idx_11
noGesture,trainingSamples,raw_data/EMG-EPN612/testingJSON/user17/user17.json,idx_12
noGesture,trainingSamples,raw_data/EMG-EPN612/testingJSON/user17/user17.json,idx_13
noGesture,trainingSamples,raw_data/EMG-EPN612/testingJSON/user17/user17.json,idx_14
noGesture,trainingSamples,raw_data/EMG-EPN612/testingJSON/user17/user17.json,idx_15
noGesture,trainingSamples,raw_data/EMG-EPN612/testingJSON/user17/user17.json,idx_16
noGesture,trainingSamples,raw_data/EMG-EPN612/testingJSON/user17/user17.json,idx_17
noGesture,trainingSamples,raw_data/EMG-EPN612/testingJSON/user17/user17.json,idx_18
noGesture,trainingSamples,raw_data/EMG-EPN612/testingJSON/user17/user17.json,idx_19
noGesture,trainingSamples,raw_data/EMG-EPN612/testingJSON/user17/user17.json,idx_20
noGesture,trainingSamples,raw_data/EMG-EPN612/testingJSON/user17/user17.json,idx_21
noGesture,trainingSamples,raw_data/EMG-EPN612/testingJSON/user17/user17.json,idx_22
noGesture,trainingSamples,raw_data/EMG-EPN612/testingJSON/user17/user17.json,idx_23
noGesture,trainingSamples,raw_data/EMG-EPN612/testingJSON/user17/user17.json,idx_24
noGesture,trainingSamples,raw_data/EMG-EPN612/testingJSON/user17/user17.json,idx_25
waveOut,trainingSamples,raw_data/EMG-EPN612/testingJSON/user17/user17.json,idx_26
waveOut,trainingSamples,raw_data/EMG-EPN612/testingJSON/user17/user17.json,idx_27
waveOut,trainingSamples,raw_data/EMG-EPN612/testingJSON/user17/user17.json,idx_28
waveOut,trainingSamples,raw_data/EMG-EPN612/testingJSON/user17/user17.json,idx_29
waveOut,trainingSamples,raw_data/EMG-EPN612/testingJSON/user17/user17.json,idx_30
waveOut,trainingSamples,raw_data/EMG-EPN612/testingJSON/user17/user17.json,idx_31
waveOut,trainingSamples,raw_data/EMG-EPN612/testingJSON/user17/user17.json,idx_32
waveOut,trainingSamples,raw_data/EMG-EPN612/testingJSON/user17/user17.json,idx_33
waveOut,trainingSamples,raw_data/EMG-EPN612/testingJSON/user17/user17.json,idx_34
waveOut,trainingSamples,raw_data/EMG-EPN612/testingJSON/user17/user17.json,idx_35
waveOut,trainingSamples,raw_data/EMG-EPN612/testingJSON/user17/user17.json,idx_36
waveOut,trainingSamples,raw_data/EMG-EPN612/testingJSON/user17/user17.json,idx_37
waveOut,trainingSamples,raw_data/EMG-EPN612/testingJSON/user17/user17.json,idx_38
waveOut,trainingSamples,raw_data/EMG-EPN612/testingJSON/user17/user17.json,idx_39
waveOut,trainingSamples,raw_data/EMG-EPN612/testingJSON/user17/user17.json,idx_40
waveOut,trainingSamples,raw_data/EMG-EPN612/testingJSON/user17/user17.json,idx_41
waveOut,trainingSamples,raw_data/EMG-EPN612/testingJSON/user17/user17.json,idx_42
waveOut,trainingSamples,raw_data/EMG-EPN612/testingJSON/user17/user17.json,idx_43
waveOut,trainingSamples,raw_data/EMG-EPN612/testingJSON/user17/user17.json,idx_44
waveOut,trainingSamples,raw_data/EMG-EPN612/testingJSON/user17/user17.json,idx_45
waveOut,trainingSamples,raw_data/EMG-EPN612/testingJSON/user17/user17.json,idx_46
waveOut,trainingSamples,raw_data/EMG-EPN612/testingJSON/user17/user17.json,idx_47
waveOut,trainingSamples,raw_data/EMG-EPN612/testingJSON/user17/user17.json,idx_48
waveOut,trainingSamples,raw_data/EMG-EPN612/testingJSON/user17/user17.json,idx_49
waveOut,trainingSamples,raw_data/EMG-EPN612/testingJSON/user17/user17.json,idx_50
pinch,trainingSamples,raw_data/EMG-EPN612/testingJSON/user17/user17.json,idx_51
pinch,trainingSamples,raw_data/EMG-EPN612/testingJSON/user17/user17.json,idx_52
pinch,trainingSamples,raw_data/EMG-EPN612/testingJSON/user17/user17.json,idx_53
pinch,trainingSamples,raw_data/EMG-EPN612/testingJSON/user17/user17.json,idx_54
pinch,trainingSamples,raw_data/EMG-EPN612/testingJSON/user17/user17.json,idx_55
pinch,trainingSamples,raw_data/EMG-EPN612/testingJSON/user17/user17.json,idx_56
pinch,trainingSamples,raw_data/EMG-EPN612/testingJSON/user17/user17.json,idx_57
pinch,trainingSamples,raw_data/EMG-EPN612/testingJSON/user17/user17.json,idx_58
pinch,trainingSamples,raw_data/EMG-EPN612/testingJSON/user17/user17.json,idx_59
pinch,trainingSamples,raw_data/EMG-EPN612/testingJSON/user17/user17.json,idx_60
pinch,trainingSamples,raw_data/EMG-EPN612/testingJSON/user17/user17.json,idx_61
pinch,trainingSamples,raw_data/EMG-EPN612/testingJSON/user17/user17.json,idx_62
pinch,trainingSamples,raw_data/EMG-EPN612/testingJSON/user17/user17.json,idx_63
pinch,trainingSamples,raw_data/EMG-EPN612/testingJSON/user17/user17.json,idx_64
pinch,trainingSamples,raw_data/EMG-EPN612/testingJSON/user17/user17.json,idx_65
pinch,trainingSamples,raw_data/EMG-EPN612/testingJSON/user17/user17.json,idx_66
pinch,trainingSamples,raw_data/EMG-EPN612/testingJSON/user17/user17.json,idx_67
pinch,trainingSamples,raw_data/EMG-EPN612/testingJSON/user17/user17.json,idx_68
pinch,trainingSamples,raw_data/EMG-EPN612/testingJSON/user17/user17.json,idx_69
pinch,trainingSamples,raw_data/EMG-EPN612/testingJSON/user17/user17.json,idx_70
pinch,trainingSamples,raw_data/EMG-EPN612/testingJSON/user17/user17.json,idx_71
pinch,trainingSamples,raw_data/EMG-EPN612/testingJSON/user17/user17.json,idx_72
pinch,trainingSamples,raw_data/EMG-EPN612/testingJSON/user17/user17.json,idx_73
pinch,trainingSamples,raw_data/EMG-EPN612/testingJSON/user17/user17.json,idx_74
pinch,trainingSamples,raw_data/EMG-EPN612/testingJSON/user17/user17.json,idx_75
fist,trainingSamples,raw_data/EMG-EPN612/testingJSON/user17/user17.json,idx_76
fist,trainingSamples,raw_data/EMG-EPN612/testingJSON/user17/user17.json,idx_77
fist,trainingSamples,raw_data/EMG-EPN612/testingJSON/user17/user17.json,idx_78
fist,trainingSamples,raw_data/EMG-EPN612/testingJSON/user17/user17.json,idx_79
fist,trainingSamples,raw_data/EMG-EPN612/testingJSON/user17/user17.json,idx_80
fist,trainingSamples,raw_data/EMG-EPN612/testingJSON/user17/user17.json,idx_81
fist,trainingSamples,raw_data/EMG-EPN612/testingJSON/user17/user17.json,idx_82
fist,trainingSamples,raw_data/EMG-EPN612/testingJSON/user17/user17.json,idx_83
fist,trainingSamples,raw_data/EMG-EPN612/testingJSON/user17/user17.json,idx_84
fist,trainingSamples,raw_data/EMG-EPN612/testingJSON/user17/user17.json,idx_85
fist,trainingSamples,raw_data/EMG-EPN612/testingJSON/user17/user17.json,idx_86
fist,trainingSamples,raw_data/EMG-EPN612/testingJSON/user17/user17.json,idx_87
fist,trainingSamples,raw_data/EMG-EPN612/testingJSON/user17/user17.json,idx_88
fist,trainingSamples,raw_data/EMG-EPN612/testingJSON/user17/user17.json,idx_89
fist,trainingSamples,raw_data/EMG-EPN612/testingJSON/user17/user17.json,idx_90
fist,trainingSamples,raw_data/EMG-EPN612/testingJSON/user17/user17.json,idx_91
fist,trainingSamples,raw_data/EMG-EPN612/testingJSON/user17/user17.json,idx_92
fist,trainingSamples,raw_data/EMG-EPN612/testingJSON/user17/user17.json,idx_93
fist,trainingSamples,raw_data/EMG-EPN612/testingJSON/user17/user17.json,idx_94
fist,trainingSamples,raw_data/EMG-EPN612/testingJSON/user17/user17.json,idx_95
fist,trainingSamples,raw_data/EMG-EPN612/testingJSON/user17/user17.json,idx_96
fist,trainingSamples,raw_data/EMG-EPN612/testingJSON/user17/user17.json,idx_97
fist,trainingSamples,raw_data/EMG-EPN612/testingJSON/user17/user17.json,idx_98
fist,trainingSamples,raw_data/EMG-EPN612/testingJSON/user17/user17.json,idx_99
fist,trainingSamples,raw_data/EMG-EPN612/testingJSON/user17/user17.json,idx_100
waveIn,trainingSamples,raw_data/EMG-EPN612/testingJSON/user17/user17.json,idx_101
waveIn,trainingSamples,raw_data/EMG-EPN612/testingJSON/user17/user17.json,idx_102
waveIn,trainingSamples,raw_data/EMG-EPN612/testingJSON/user17/user17.json,idx_103
waveIn,trainingSamples,raw_data/EMG-EPN612/testingJSON/user17/user17.json,idx_104
waveIn,trainingSamples,raw_data/EMG-EPN612/testingJSON/user17/user17.json,idx_105
waveIn,trainingSamples,raw_data/EMG-EPN612/testingJSON/user17/user17.json,idx_106
waveIn,trainingSamples,raw_data/EMG-EPN612/testingJSON/user17/user17.json,idx_107
waveIn,trainingSamples,raw_data/EMG-EPN612/testingJSON/user17/user17.json,idx_108
waveIn,trainingSamples,raw_data/EMG-EPN612/testingJSON/user17/user17.json,idx_109
waveIn,trainingSamples,raw_data/EMG-EPN612/testingJSON/user17/user17.json,idx_110
waveIn,trainingSamples,raw_data/EMG-EPN612/testingJSON/user17/user17.json,idx_111
waveIn,trainingSamples,raw_data/EMG-EPN612/testingJSON/user17/user17.json,idx_112
waveIn,trainingSamples,raw_data/EMG-EPN612/testingJSON/user17/user17.json,idx_113
waveIn,trainingSamples,raw_data/EMG-EPN612/testingJSON/user17/user17.json,idx_114
waveIn,trainingSamples,raw_data/EMG-EPN612/testingJSON/user17/user17.json,idx_115
waveIn,trainingSamples,raw_data/EMG-EPN612/testingJSON/user17/user17.json,idx_116
waveIn,trainingSamples,raw_data/EMG-EPN612/testingJSON/user17/user17.json,idx_117
waveIn,trainingSamples,raw_data/EMG-EPN612/testingJSON/user17/user17.json,idx_118
waveIn,trainingSamples,raw_data/EMG-EPN612/testingJSON/user17/user17.json,idx_119
waveIn,trainingSamples,raw_data/EMG-EPN612/testingJSON/user17/user17.json,idx_120
waveIn,trainingSamples,raw_data/EMG-EPN612/testingJSON/user17/user17.json,idx_121
waveIn,trainingSamples,raw_data/EMG-EPN612/testingJSON/user17/user17.json,idx_122
waveIn,trainingSamples,raw_data/EMG-EPN612/testingJSON/user17/user17.json,idx_123
waveIn,trainingSamples,raw_data/EMG-EPN612/testingJSON/user17/user17.json,idx_124
waveIn,trainingSamples,raw_data/EMG-EPN612/testingJSON/user17/user17.json,idx_125
open,trainingSamples,raw_data/EMG-EPN612/testingJSON/user17/user17.json,idx_126
open,trainingSamples,raw_data/EMG-EPN612/testingJSON/user17/user17.json,idx_127
open,trainingSamples,raw_data/EMG-EPN612/testingJSON/user17/user17.json,idx_128
open,trainingSamples,raw_data/EMG-EPN612/testingJSON/user17/user17.json,idx_129
open,trainingSamples,raw_data/EMG-EPN612/testingJSON/user17/user17.json,idx_130
open,trainingSamples,raw_data/EMG-EPN612/testingJSON/user17/user17.json,idx_131
open,trainingSamples,raw_data/EMG-EPN612/testingJSON/user17/user17.json,idx_132
open,trainingSamples,raw_data/EMG-EPN612/testingJSON/user17/user17.json,idx_133
open,trainingSamples,raw_data/EMG-EPN612/testingJSON/user17/user17.json,idx_134
open,trainingSamples,raw_data/EMG-EPN612/testingJSON/user17/user17.json,idx_135
open,trainingSamples,raw_data/EMG-EPN612/testingJSON/user17/user17.json,idx_136
open,trainingSamples,raw_data/EMG-EPN612/testingJSON/user17/user17.json,idx_137
open,trainingSamples,raw_data/EMG-EPN612/testingJSON/user17/user17.json,idx_138
open,trainingSamples,raw_data/EMG-EPN612/testingJSON/user17/user17.json,idx_139
open,trainingSamples,raw_data/EMG-EPN612/testingJSON/user17/user17.json,idx_140
open,trainingSamples,raw_data/EMG-EPN612/testingJSON/user17/user17.json,idx_141
open,trainingSamples,raw_data/EMG-EPN612/testingJSON/user17/user17.json,idx_142
open,trainingSamples,raw_data/EMG-EPN612/testingJSON/user17/user17.json,idx_143
open,trainingSamples,raw_data/EMG-EPN612/testingJSON/user17/user17.json,idx_144
open,trainingSamples,raw_data/EMG-EPN612/testingJSON/user17/user17.json,idx_145
open,trainingSamples,raw_data/EMG-EPN612/testingJSON/user17/user17.json,idx_146
open,trainingSamples,raw_data/EMG-EPN612/testingJSON/user17/user17.json,idx_147
open,trainingSamples,raw_data/EMG-EPN612/testingJSON/user17/user17.json,idx_148
open,trainingSamples,raw_data/EMG-EPN612/testingJSON/user17/user17.json,idx_149
open,trainingSamples,raw_data/EMG-EPN612/testingJSON/user17/user17.json,idx_150
noGesture,trainingSamples,raw_data/EMG-EPN612/testingJSON/user170/user170.json,idx_1
noGesture,trainingSamples,raw_data/EMG-EPN612/testingJSON/user170/user170.json,idx_2
noGesture,trainingSamples,raw_data/EMG-EPN612/testingJSON/user170/user170.json,idx_3
noGesture,trainingSamples,raw_data/EMG-EPN612/testingJSON/user170/user170.json,idx_4
noGesture,trainingSamples,raw_data/EMG-EPN612/testingJSON/user170/user170.json,idx_5
noGesture,trainingSamples,raw_data/EMG-EPN612/testingJSON/user170/user170.json,idx_6
noGesture,trainingSamples,raw_data/EMG-EPN612/testingJSON/user170/user170.json,idx_7
noGesture,trainingSamples,raw_data/EMG-EPN612/testingJSON/user170/user170.json,idx_8
noGesture,trainingSamples,raw_data/EMG-EPN612/testingJSON/user170/user170.json,idx_9
noGesture,trainingSamples,raw_data/EMG-EPN612/testingJSON/user170/user170.json,idx_10
noGesture,trainingSamples,raw_data/EMG-EPN612/testingJSON/user170/user170.json,idx_11
noGesture,trainingSamples,raw_data/EMG-EPN612/testingJSON/user170/user170.json,idx_12
noGesture,trainingSamples,raw_data/EMG-EPN612/testingJSON/user170/user170.json,idx_13
noGesture,trainingSamples,raw_data/EMG-EPN612/testingJSON/user170/user170.json,idx_14
noGesture,trainingSamples,raw_data/EMG-EPN612/testingJSON/user170/user170.json,idx_15
noGesture,trainingSamples,raw_data/EMG-EPN612/testingJSON/user170/user170.json,idx_16
noGesture,trainingSamples,raw_data/EMG-EPN612/testingJSON/user170/user170.json,idx_17
noGesture,trainingSamples,raw_data/EMG-EPN612/testingJSON/user170/user170.json,idx_18
noGesture,trainingSamples,raw_data/EMG-EPN612/testingJSON/user170/user170.json,idx_19
noGesture,trainingSamples,raw_data/EMG-EPN612/testingJSON/user170/user170.json,idx_20
noGesture,trainingSamples,raw_data/EMG-EPN612/testingJSON/user170/user170.json,idx_21
noGesture,trainingSamples,raw_data/EMG-EPN612/testingJSON/user170/user170.json,idx_22
noGesture,trainingSamples,raw_data/EMG-EPN612/testingJSON/user170/user170.json,idx_23
noGesture,trainingSamples,raw_data/EMG-EPN612/testingJSON/user170/user170.json,idx_24
noGesture,trainingSamples,raw_data/EMG-EPN612/testingJSON/user170/user170.json,idx_25
waveOut,trainingSamples,raw_data/EMG-EPN612/testingJSON/user170/user170.json,idx_26
waveOut,trainingSamples,raw_data/EMG-EPN612/testingJSON/user170/user170.json,idx_27
waveOut,trainingSamples,raw_data/EMG-EPN612/testingJSON/user170/user170.json,idx_28
waveOut,trainingSamples,raw_data/EMG-EPN612/testingJSON/user170/user170.json,idx_29
waveOut,trainingSamples,raw_data/EMG-EPN612/testingJSON/user170/user170.json,idx_30
waveOut,trainingSamples,raw_data/EMG-EPN612/testingJSON/user170/user170.json,idx_31
waveOut,trainingSamples,raw_data/EMG-EPN612/testingJSON/user170/user170.json,idx_32
waveOut,trainingSamples,raw_data/EMG-EPN612/testingJSON/user170/user170.json,idx_33
waveOut,trainingSamples,raw_data/EMG-EPN612/testingJSON/user170/user170.json,idx_34
waveOut,trainingSamples,raw_data/EMG-EPN612/testingJSON/user170/user170.json,idx_35
waveOut,trainingSamples,raw_data/EMG-EPN612/testingJSON/user170/user170.json,idx_36
waveOut,trainingSamples,raw_data/EMG-EPN612/testingJSON/user170/user170.json,idx_37
waveOut,trainingSamples,raw_data/EMG-EPN612/testingJSON/user170/user170.json,idx_38
waveOut,trainingSamples,raw_data/EMG-EPN612/testingJSON/user170/user170.json,idx_39
waveOut,trainingSamples,raw_data/EMG-EPN612/testingJSON/user170/user170.json,idx_40
waveOut,trainingSamples,raw_data/EMG-EPN612/testingJSON/user170/user170.json,idx_41
waveOut,trainingSamples,raw_data/EMG-EPN612/testingJSON/user170/user170.json,idx_42
waveOut,trainingSamples,raw_data/EMG-EPN612/testingJSON/user170/user170.json,idx_43
waveOut,trainingSamples,raw_data/EMG-EPN612/testingJSON/user170/user170.json,idx_44
waveOut,trainingSamples,raw_data/EMG-EPN612/testingJSON/user170/user170.json,idx_45
waveOut,trainingSamples,raw_data/EMG-EPN612/testingJSON/user170/user170.json,idx_46
waveOut,trainingSamples,raw_data/EMG-EPN612/testingJSON/user170/user170.json,idx_47
waveOut,trainingSamples,raw_data/EMG-EPN612/testingJSON/user170/user170.json,idx_48
waveOut,trainingSamples,raw_data/EMG-EPN612/testingJSON/user170/user170.json,idx_49
waveOut,trainingSamples,raw_data/EMG-EPN612/testingJSON/user170/user170.json,idx_50
pinch,trainingSamples,raw_data/EMG-EPN612/testingJSON/user170/user170.json,idx_51
pinch,trainingSamples,raw_data/EMG-EPN612/testingJSON/user170/user170.json,idx_52
pinch,trainingSamples,raw_data/EMG-EPN612/testingJSON/user170/user170.json,idx_53
pinch,trainingSamples,raw_data/EMG-EPN612/testingJSON/user170/user170.json,idx_54
pinch,trainingSamples,raw_data/EMG-EPN612/testingJSON/user170/user170.json,idx_55
pinch,trainingSamples,raw_data/EMG-EPN612/testingJSON/user170/user170.json,idx_56
pinch,trainingSamples,raw_data/EMG-EPN612/testingJSON/user170/user170.json,idx_57
pinch,trainingSamples,raw_data/EMG-EPN612/testingJSON/user170/user170.json,idx_58
pinch,trainingSamples,raw_data/EMG-EPN612/testingJSON/user170/user170.json,idx_59
pinch,trainingSamples,raw_data/EMG-EPN612/testingJSON/user170/user170.json,idx_60
pinch,trainingSamples,raw_data/EMG-EPN612/testingJSON/user170/user170.json,idx_61
pinch,trainingSamples,raw_data/EMG-EPN612/testingJSON/user170/user170.json,idx_62
pinch,trainingSamples,raw_data/EMG-EPN612/testingJSON/user170/user170.json,idx_63
pinch,trainingSamples,raw_data/EMG-EPN612/testingJSON/user170/user170.json,idx_64
pinch,trainingSamples,raw_data/EMG-EPN612/testingJSON/user170/user170.json,idx_65
pinch,trainingSamples,raw_data/EMG-EPN612/testingJSON/user170/user170.json,idx_66
pinch,trainingSamples,raw_data/EMG-EPN612/testingJSON/user170/user170.json,idx_67
pinch,trainingSamples,raw_data/EMG-EPN612/testingJSON/user170/user170.json,idx_68
pinch,trainingSamples,raw_data/EMG-EPN612/testingJSON/user170/user170.json,idx_69
pinch,trainingSamples,raw_data/EMG-EPN612/testingJSON/user170/user170.json,idx_70
pinch,trainingSamples,raw_data/EMG-EPN612/testingJSON/user170/user170.json,idx_71
pinch,trainingSamples,raw_data/EMG-EPN612/testingJSON/user170/user170.json,idx_72
pinch,trainingSamples,raw_data/EMG-EPN612/testingJSON/user170/user170.json,idx_73
pinch,trainingSamples,raw_data/EMG-EPN612/testingJSON/user170/user170.json,idx_74
pinch,trainingSamples,raw_data/EMG-EPN612/testingJSON/user170/user170.json,idx_75
fist,trainingSamples,raw_data/EMG-EPN612/testingJSON/user170/user170.json,idx_76
fist,trainingSamples,raw_data/EMG-EPN612/testingJSON/user170/user170.json,idx_77
fist,trainingSamples,raw_data/EMG-EPN612/testingJSON/user170/user170.json,idx_78
fist,trainingSamples,raw_data/EMG-EPN612/testingJSON/user170/user170.json,idx_79
fist,trainingSamples,raw_data/EMG-EPN612/testingJSON/user170/user170.json,idx_80
fist,trainingSamples,raw_data/EMG-EPN612/testingJSON/user170/user170.json,idx_81
fist,trainingSamples,raw_data/EMG-EPN612/testingJSON/user170/user170.json,idx_82
fist,trainingSamples,raw_data/EMG-EPN612/testingJSON/user170/user170.json,idx_83
fist,trainingSamples,raw_data/EMG-EPN612/testingJSON/user170/user170.json,idx_84
fist,trainingSamples,raw_data/EMG-EPN612/testingJSON/user170/user170.json,idx_85
fist,trainingSamples,raw_data/EMG-EPN612/testingJSON/user170/user170.json,idx_86
fist,trainingSamples,raw_data/EMG-EPN612/testingJSON/user170/user170.json,idx_87
fist,trainingSamples,raw_data/EMG-EPN612/testingJSON/user170/user170.json,idx_88
fist,trainingSamples,raw_data/EMG-EPN612/testingJSON/user170/user170.json,idx_89
fist,trainingSamples,raw_data/EMG-EPN612/testingJSON/user170/user170.json,idx_90
fist,trainingSamples,raw_data/EMG-EPN612/testingJSON/user170/user170.json,idx_91
fist,trainingSamples,raw_data/EMG-EPN612/testingJSON/user170/user170.json,idx_92
fist,trainingSamples,raw_data/EMG-EPN612/testingJSON/user170/user170.json,idx_93
fist,trainingSamples,raw_data/EMG-EPN612/testingJSON/user170/user170.json,idx_94
fist,trainingSamples,raw_data/EMG-EPN612/testingJSON/user170/user170.json,idx_95
fist,trainingSamples,raw_data/EMG-EPN612/testingJSON/user170/user170.json,idx_96
fist,trainingSamples,raw_data/EMG-EPN612/testingJSON/user170/user170.json,idx_97
fist,trainingSamples,raw_data/EMG-EPN612/testingJSON/user170/user170.json,idx_98
fist,trainingSamples,raw_data/EMG-EPN612/testingJSON/user170/user170.json,idx_99
fist,trainingSamples,raw_data/EMG-EPN612/testingJSON/user170/user170.json,idx_100
waveIn,trainingSamples,raw_data/EMG-EPN612/testingJSON/user170/user170.json,idx_101
waveIn,trainingSamples,raw_data/EMG-EPN612/testingJSON/user170/user170.json,idx_102
waveIn,trainingSamples,raw_data/EMG-EPN612/testingJSON/user170/user170.json,idx_103
waveIn,trainingSamples,raw_data/EMG-EPN612/testingJSON/user170/user170.json,idx_104
waveIn,trainingSamples,raw_data/EMG-EPN612/testingJSON/user170/user170.json,idx_105
waveIn,trainingSamples,raw_data/EMG-EPN612/testingJSON/user170/user170.json,idx_106
waveIn,trainingSamples,raw_data/EMG-EPN612/testingJSON/user170/user170.json,idx_107
waveIn,trainingSamples,raw_data/EMG-EPN612/testingJSON/user170/user170.json,idx_108
waveIn,trainingSamples,raw_data/EMG-EPN612/testingJSON/user170/user170.json,idx_109
waveIn,trainingSamples,raw_data/EMG-EPN612/testingJSON/user170/user170.json,idx_110
waveIn,trainingSamples,raw_data/EMG-EPN612/testingJSON/user170/user170.json,idx_111
waveIn,trainingSamples,raw_data/EMG-EPN612/testingJSON/user170/user170.json,idx_112
waveIn,trainingSamples,raw_data/EMG-EPN612/testingJSON/user170/user170.json,idx_113
waveIn,trainingSamples,raw_data/EMG-EPN612/testingJSON/user170/user170.json,idx_114
waveIn,trainingSamples,raw_data/EMG-EPN612/testingJSON/user170/user170.json,idx_115
waveIn,trainingSamples,raw_data/EMG-EPN612/testingJSON/user170/user170.json,idx_116
waveIn,trainingSamples,raw_data/EMG-EPN612/testingJSON/user170/user170.json,idx_117
waveIn,trainingSamples,raw_data/EMG-EPN612/testingJSON/user170/user170.json,idx_118
waveIn,trainingSamples,raw_data/EMG-EPN612/testingJSON/user170/user170.json,idx_119
waveIn,trainingSamples,raw_data/EMG-EPN612/testingJSON/user170/user170.json,idx_120
waveIn,trainingSamples,raw_data/EMG-EPN612/testingJSON/user170/user170.json,idx_121
waveIn,trainingSamples,raw_data/EMG-EPN612/testingJSON/user170/user170.json,idx_122
waveIn,trainingSamples,raw_data/EMG-EPN612/testingJSON/user170/user170.json,idx_123
waveIn,trainingSamples,raw_data/EMG-EPN612/testingJSON/user170/user170.json,idx_124
waveIn,trainingSamples,raw_data/EMG-EPN612/testingJSON/user170/user170.json,idx_125
open,trainingSamples,raw_data/EMG-EPN612/testingJSON/user170/user170.json,idx_126
open,trainingSamples,raw_data/EMG-EPN612/testingJSON/user170/user170.json,idx_127
open,trainingSamples,raw_data/EMG-EPN612/testingJSON/user170/user170.json,idx_128
open,trainingSamples,raw_data/EMG-EPN612/testingJSON/user170/user170.json,idx_129
open,trainingSamples,raw_data/EMG-EPN612/testingJSON/user170/user170.json,idx_130
open,trainingSamples,raw_data/EMG-EPN612/testingJSON/user170/user170.json,idx_131
open,trainingSamples,raw_data/EMG-EPN612/testingJSON/user170/user170.json,idx_132
open,trainingSamples,raw_data/EMG-EPN612/testingJSON/user170/user170.json,idx_133
open,trainingSamples,raw_data/EMG-EPN612/testingJSON/user170/user170.json,idx_134
open,trainingSamples,raw_data/EMG-EPN612/testingJSON/user170/user170.json,idx_135
open,trainingSamples,raw_data/EMG-EPN612/testingJSON/user170/user170.json,idx_136
open,trainingSamples,raw_data/EMG-EPN612/testingJSON/user170/user170.json,idx_137
open,trainingSamples,raw_data/EMG-EPN612/testingJSON/user170/user170.json,idx_138
open,trainingSamples,raw_data/EMG-EPN612/testingJSON/user170/user170.json,idx_139
open,trainingSamples,raw_data/EMG-EPN612/testingJSON/user170/user170.json,idx_140
open,trainingSamples,raw_data/EMG-EPN612/testingJSON/user170/user170.json,idx_141
open,trainingSamples,raw_data/EMG-EPN612/testingJSON/user170/user170.json,idx_142
open,trainingSamples,raw_data/EMG-EPN612/testingJSON/user170/user170.json,idx_143
open,trainingSamples,raw_data/EMG-EPN612/testingJSON/user170/user170.json,idx_144
open,trainingSamples,raw_data/EMG-EPN612/testingJSON/user170/user170.json,idx_145
open,trainingSamples,raw_data/EMG-EPN612/testingJSON/user170/user170.json,idx_146
open,trainingSamples,raw_data/EMG-EPN612/testingJSON/user170/user170.json,idx_147
open,trainingSamples,raw_data/EMG-EPN612/testingJSON/user170/user170.json,idx_148
open,trainingSamples,raw_data/EMG-EPN612/testingJSON/user170/user170.json,idx_149
open,trainingSamples,raw_data/EMG-EPN612/testingJSON/user170/user170.json,idx_150
noGesture,trainingSamples,raw_data/EMG-EPN612/testingJSON/user171/user171.json,idx_1
noGesture,trainingSamples,raw_data/EMG-EPN612/testingJSON/user171/user171.json,idx_2
noGesture,trainingSamples,raw_data/EMG-EPN612/testingJSON/user171/user171.json,idx_3
noGesture,trainingSamples,raw_data/EMG-EPN612/testingJSON/user171/user171.json,idx_4
noGesture,trainingSamples,raw_data/EMG-EPN612/testingJSON/user171/user171.json,idx_5
noGesture,trainingSamples,raw_data/EMG-EPN612/testingJSON/user171/user171.json,idx_6
noGesture,trainingSamples,raw_data/EMG-EPN612/testingJSON/user171/user171.json,idx_7
noGesture,trainingSamples,raw_data/EMG-EPN612/testingJSON/user171/user171.json,idx_8
noGesture,trainingSamples,raw_data/EMG-EPN612/testingJSON/user171/user171.json,idx_9
noGesture,trainingSamples,raw_data/EMG-EPN612/testingJSON/user171/user171.json,idx_10
noGesture,trainingSamples,raw_data/EMG-EPN612/testingJSON/user171/user171.json,idx_11
noGesture,trainingSamples,raw_data/EMG-EPN612/testingJSON/user171/user171.json,idx_12
noGesture,trainingSamples,raw_data/EMG-EPN612/testingJSON/user171/user171.json,idx_13
noGesture,trainingSamples,raw_data/EMG-EPN612/testingJSON/user171/user171.json,idx_14
noGesture,trainingSamples,raw_data/EMG-EPN612/testingJSON/user171/user171.json,idx_15
noGesture,trainingSamples,raw_data/EMG-EPN612/testingJSON/user171/user171.json,idx_16
noGesture,trainingSamples,raw_data/EMG-EPN612/testingJSON/user171/user171.json,idx_17
noGesture,trainingSamples,raw_data/EMG-EPN612/testingJSON/user171/user171.json,idx_18
noGesture,trainingSamples,raw_data/EMG-EPN612/testingJSON/user171/user171.json,idx_19
noGesture,trainingSamples,raw_data/EMG-EPN612/testingJSON/user171/user171.json,idx_20
noGesture,trainingSamples,raw_data/EMG-EPN612/testingJSON/user171/user171.json,idx_21
noGesture,trainingSamples,raw_data/EMG-EPN612/testingJSON/user171/user171.json,idx_22
noGesture,trainingSamples,raw_data/EMG-EPN612/testingJSON/user171/user171.json,idx_23
noGesture,trainingSamples,raw_data/EMG-EPN612/testingJSON/user171/user171.json,idx_24
noGesture,trainingSamples,raw_data/EMG-EPN612/testingJSON/user171/user171.json,idx_25
waveOut,trainingSamples,raw_data/EMG-EPN612/testingJSON/user171/user171.json,idx_26
waveOut,trainingSamples,raw_data/EMG-EPN612/testingJSON/user171/user171.json,idx_27
waveOut,trainingSamples,raw_data/EMG-EPN612/testingJSON/user171/user171.json,idx_28
waveOut,trainingSamples,raw_data/EMG-EPN612/testingJSON/user171/user171.json,idx_29
waveOut,trainingSamples,raw_data/EMG-EPN612/testingJSON/user171/user171.json,idx_30
waveOut,trainingSamples,raw_data/EMG-EPN612/testingJSON/user171/user171.json,idx_31
waveOut,trainingSamples,raw_data/EMG-EPN612/testingJSON/user171/user171.json,idx_32
waveOut,trainingSamples,raw_data/EMG-EPN612/testingJSON/user171/user171.json,idx_33
waveOut,trainingSamples,raw_data/EMG-EPN612/testingJSON/user171/user171.json,idx_34
waveOut,trainingSamples,raw_data/EMG-EPN612/testingJSON/user171/user171.json,idx_35
waveOut,trainingSamples,raw_data/EMG-EPN612/testingJSON/user171/user171.json,idx_36
waveOut,trainingSamples,raw_data/EMG-EPN612/testingJSON/user171/user171.json,idx_37
waveOut,trainingSamples,raw_data/EMG-EPN612/testingJSON/user171/user171.json,idx_38
waveOut,trainingSamples,raw_data/EMG-EPN612/testingJSON/user171/user171.json,idx_39
waveOut,trainingSamples,raw_data/EMG-EPN612/testingJSON/user171/user171.json,idx_40
waveOut,trainingSamples,raw_data/EMG-EPN612/testingJSON/user171/user171.json,idx_41
waveOut,trainingSamples,raw_data/EMG-EPN612/testingJSON/user171/user171.json,idx_42
waveOut,trainingSamples,raw_data/EMG-EPN612/testingJSON/user171/user171.json,idx_43
waveOut,trainingSamples,raw_data/EMG-EPN612/testingJSON/user171/user171.json,idx_44
waveOut,trainingSamples,raw_data/EMG-EPN612/testingJSON/user171/user171.json,idx_45
waveOut,trainingSamples,raw_data/EMG-EPN612/testingJSON/user171/user171.json,idx_46
waveOut,trainingSamples,raw_data/EMG-EPN612/testingJSON/user171/user171.json,idx_47
waveOut,trainingSamples,raw_data/EMG-EPN612/testingJSON/user171/user171.json,idx_48
waveOut,trainingSamples,raw_data/EMG-EPN612/testingJSON/user171/user171.json,idx_49
waveOut,trainingSamples,raw_data/EMG-EPN612/testingJSON/user171/user171.json,idx_50
pinch,trainingSamples,raw_data/EMG-EPN612/testingJSON/user171/user171.json,idx_51
pinch,trainingSamples,raw_data/EMG-EPN612/testingJSON/user171/user171.json,idx_52
pinch,trainingSamples,raw_data/EMG-EPN612/testingJSON/user171/user171.json,idx_53
pinch,trainingSamples,raw_data/EMG-EPN612/testingJSON/user171/user171.json,idx_54
pinch,trainingSamples,raw_data/EMG-EPN612/testingJSON/user171/user171.json,idx_55
pinch,trainingSamples,raw_data/EMG-EPN612/testingJSON/user171/user171.json,idx_56
pinch,trainingSamples,raw_data/EMG-EPN612/testingJSON/user171/user171.json,idx_57
pinch,trainingSamples,raw_data/EMG-EPN612/testingJSON/user171/user171.json,idx_58
pinch,trainingSamples,raw_data/EMG-EPN612/testingJSON/user171/user171.json,idx_59
pinch,trainingSamples,raw_data/EMG-EPN612/testingJSON/user171/user171.json,idx_60
pinch,trainingSamples,raw_data/EMG-EPN612/testingJSON/user171/user171.json,idx_61
pinch,trainingSamples,raw_data/EMG-EPN612/testingJSON/user171/user171.json,idx_62
pinch,trainingSamples,raw_data/EMG-EPN612/testingJSON/user171/user171.json,idx_63
pinch,trainingSamples,raw_data/EMG-EPN612/testingJSON/user171/user171.json,idx_64
pinch,trainingSamples,raw_data/EMG-EPN612/testingJSON/user171/user171.json,idx_65
pinch,trainingSamples,raw_data/EMG-EPN612/testingJSON/user171/user171.json,idx_66
pinch,trainingSamples,raw_data/EMG-EPN612/testingJSON/user171/user171.json,idx_67
pinch,trainingSamples,raw_data/EMG-EPN612/testingJSON/user171/user171.json,idx_68
pinch,trainingSamples,raw_data/EMG-EPN612/testingJSON/user171/user171.json,idx_69
pinch,trainingSamples,raw_data/EMG-EPN612/testingJSON/user171/user171.json,idx_70
pinch,trainingSamples,raw_data/EMG-EPN612/testingJSON/user171/user171.json,idx_71
pinch,trainingSamples,raw_data/EMG-EPN612/testingJSON/user171/user171.json,idx_72
pinch,trainingSamples,raw_data/EMG-EPN612/testingJSON/user171/user171.json,idx_73
pinch,trainingSamples,raw_data/EMG-EPN612/testingJSON/user171/user171.json,idx_74
pinch,trainingSamples,raw_data/EMG-EPN612/testingJSON/user171/user171.json,idx_75
fist,trainingSamples,raw_data/EMG-EPN612/testingJSON/user171/user171.json,idx_76
fist,trainingSamples,raw_data/EMG-EPN612/testingJSON/user171/user171.json,idx_77
fist,trainingSamples,raw_data/EMG-EPN612/testingJSON/user171/user171.json,idx_78
fist,trainingSamples,raw_data/EMG-EPN612/testingJSON/user171/user171.json,idx_79
fist,trainingSamples,raw_data/EMG-EPN612/testingJSON/user171/user171.json,idx_80
fist,trainingSamples,raw_data/EMG-EPN612/testingJSON/user171/user171.json,idx_81
fist,trainingSamples,raw_data/EMG-EPN612/testingJSON/user171/user171.json,idx_82
fist,trainingSamples,raw_data/EMG-EPN612/testingJSON/user171/user171.json,idx_83
fist,trainingSamples,raw_data/EMG-EPN612/testingJSON/user171/user171.json,idx_84
fist,trainingSamples,raw_data/EMG-EPN612/testingJSON/user171/user171.json,idx_85
fist,trainingSamples,raw_data/EMG-EPN612/testingJSON/user171/user171.json,idx_86
fist,trainingSamples,raw_data/EMG-EPN612/testingJSON/user171/user171.json,idx_87
fist,trainingSamples,raw_data/EMG-EPN612/testingJSON/user171/user171.json,idx_88
fist,trainingSamples,raw_data/EMG-EPN612/testingJSON/user171/user171.json,idx_89
fist,trainingSamples,raw_data/EMG-EPN612/testingJSON/user171/user171.json,idx_90
fist,trainingSamples,raw_data/EMG-EPN612/testingJSON/user171/user171.json,idx_91
fist,trainingSamples,raw_data/EMG-EPN612/testingJSON/user171/user171.json,idx_92
fist,trainingSamples,raw_data/EMG-EPN612/testingJSON/user171/user171.json,idx_93
fist,trainingSamples,raw_data/EMG-EPN612/testingJSON/user171/user171.json,idx_94
fist,trainingSamples,raw_data/EMG-EPN612/testingJSON/user171/user171.json,idx_95
fist,trainingSamples,raw_data/EMG-EPN612/testingJSON/user171/user171.json,idx_96
fist,trainingSamples,raw_data/EMG-EPN612/testingJSON/user171/user171.json,idx_97
fist,trainingSamples,raw_data/EMG-EPN612/testingJSON/user171/user171.json,idx_98
fist,trainingSamples,raw_data/EMG-EPN612/testingJSON/user171/user171.json,idx_99
fist,trainingSamples,raw_data/EMG-EPN612/testingJSON/user171/user171.json,idx_100
waveIn,trainingSamples,raw_data/EMG-EPN612/testingJSON/user171/user171.json,idx_101
waveIn,trainingSamples,raw_data/EMG-EPN612/testingJSON/user171/user171.json,idx_102
waveIn,trainingSamples,raw_data/EMG-EPN612/testingJSON/user171/user171.json,idx_103
waveIn,trainingSamples,raw_data/EMG-EPN612/testingJSON/user171/user171.json,idx_104
waveIn,trainingSamples,raw_data/EMG-EPN612/testingJSON/user171/user171.json,idx_105
waveIn,trainingSamples,raw_data/EMG-EPN612/testingJSON/user171/user171.json,idx_106
waveIn,trainingSamples,raw_data/EMG-EPN612/testingJSON/user171/user171.json,idx_107
waveIn,trainingSamples,raw_data/EMG-EPN612/testingJSON/user171/user171.json,idx_108
waveIn,trainingSamples,raw_data/EMG-EPN612/testingJSON/user171/user171.json,idx_109
waveIn,trainingSamples,raw_data/EMG-EPN612/testingJSON/user171/user171.json,idx_110
waveIn,trainingSamples,raw_data/EMG-EPN612/testingJSON/user171/user171.json,idx_111
waveIn,trainingSamples,raw_data/EMG-EPN612/testingJSON/user171/user171.json,idx_112
waveIn,trainingSamples,raw_data/EMG-EPN612/testingJSON/user171/user171.json,idx_113
waveIn,trainingSamples,raw_data/EMG-EPN612/testingJSON/user171/user171.json,idx_114
waveIn,trainingSamples,raw_data/EMG-EPN612/testingJSON/user171/user171.json,idx_115
waveIn,trainingSamples,raw_data/EMG-EPN612/testingJSON/user171/user171.json,idx_116
waveIn,trainingSamples,raw_data/EMG-EPN612/testingJSON/user171/user171.json,idx_117
waveIn,trainingSamples,raw_data/EMG-EPN612/testingJSON/user171/user171.json,idx_118
waveIn,trainingSamples,raw_data/EMG-EPN612/testingJSON/user171/user171.json,idx_119
waveIn,trainingSamples,raw_data/EMG-EPN612/testingJSON/user171/user171.json,idx_120
waveIn,trainingSamples,raw_data/EMG-EPN612/testingJSON/user171/user171.json,idx_121
waveIn,trainingSamples,raw_data/EMG-EPN612/testingJSON/user171/user171.json,idx_122
waveIn,trainingSamples,raw_data/EMG-EPN612/testingJSON/user171/user171.json,idx_123
waveIn,trainingSamples,raw_data/EMG-EPN612/testingJSON/user171/user171.json,idx_124
waveIn,trainingSamples,raw_data/EMG-EPN612/testingJSON/user171/user171.json,idx_125
open,trainingSamples,raw_data/EMG-EPN612/testingJSON/user171/user171.json,idx_126
open,trainingSamples,raw_data/EMG-EPN612/testingJSON/user171/user171.json,idx_127
open,trainingSamples,raw_data/EMG-EPN612/testingJSON/user171/user171.json,idx_128
open,trainingSamples,raw_data/EMG-EPN612/testingJSON/user171/user171.json,idx_129
open,trainingSamples,raw_data/EMG-EPN612/testingJSON/user171/user171.json,idx_130
open,trainingSamples,raw_data/EMG-EPN612/testingJSON/user171/user171.json,idx_131
open,trainingSamples,raw_data/EMG-EPN612/testingJSON/user171/user171.json,idx_132
open,trainingSamples,raw_data/EMG-EPN612/testingJSON/user171/user171.json,idx_133
open,trainingSamples,raw_data/EMG-EPN612/testingJSON/user171/user171.json,idx_134
open,trainingSamples,raw_data/EMG-EPN612/testingJSON/user171/user171.json,idx_135
open,trainingSamples,raw_data/EMG-EPN612/testingJSON/user171/user171.json,idx_136
open,trainingSamples,raw_data/EMG-EPN612/testingJSON/user171/user171.json,idx_137
open,trainingSamples,raw_data/EMG-EPN612/testingJSON/user171/user171.json,idx_138
open,trainingSamples,raw_data/EMG-EPN612/testingJSON/user171/user171.json,idx_139
open,trainingSamples,raw_data/EMG-EPN612/testingJSON/user171/user171.json,idx_140
open,trainingSamples,raw_data/EMG-EPN612/testingJSON/user171/user171.json,idx_141
open,trainingSamples,raw_data/EMG-EPN612/testingJSON/user171/user171.json,idx_142
open,trainingSamples,raw_data/EMG-EPN612/testingJSON/user171/user171.json,idx_143
open,trainingSamples,raw_data/EMG-EPN612/testingJSON/user171/user171.json,idx_144
open,trainingSamples,raw_data/EMG-EPN612/testingJSON/user171/user171.json,idx_145
open,trainingSamples,raw_data/EMG-EPN612/testingJSON/user171/user171.json,idx_146
open,trainingSamples,raw_data/EMG-EPN612/testingJSON/user171/user171.json,idx_147
open,trainingSamples,raw_data/EMG-EPN612/testingJSON/user171/user171.json,idx_148
open,trainingSamples,raw_data/EMG-EPN612/testingJSON/user171/user171.json,idx_149
open,trainingSamples,raw_data/EMG-EPN612/testingJSON/user171/user171.json,idx_150
noGesture,trainingSamples,raw_data/EMG-EPN612/testingJSON/user172/user172.json,idx_1
noGesture,trainingSamples,raw_data/EMG-EPN612/testingJSON/user172/user172.json,idx_2
noGesture,trainingSamples,raw_data/EMG-EPN612/testingJSON/user172/user172.json,idx_3
noGesture,trainingSamples,raw_data/EMG-EPN612/testingJSON/user172/user172.json,idx_4
noGesture,trainingSamples,raw_data/EMG-EPN612/testingJSON/user172/user172.json,idx_5
noGesture,trainingSamples,raw_data/EMG-EPN612/testingJSON/user172/user172.json,idx_6
noGesture,trainingSamples,raw_data/EMG-EPN612/testingJSON/user172/user172.json,idx_7
noGesture,trainingSamples,raw_data/EMG-EPN612/testingJSON/user172/user172.json,idx_8
noGesture,trainingSamples,raw_data/EMG-EPN612/testingJSON/user172/user172.json,idx_9
noGesture,trainingSamples,raw_data/EMG-EPN612/testingJSON/user172/user172.json,idx_10
noGesture,trainingSamples,raw_data/EMG-EPN612/testingJSON/user172/user172.json,idx_11
noGesture,trainingSamples,raw_data/EMG-EPN612/testingJSON/user172/user172.json,idx_12
noGesture,trainingSamples,raw_data/EMG-EPN612/testingJSON/user172/user172.json,idx_13
noGesture,trainingSamples,raw_data/EMG-EPN612/testingJSON/user172/user172.json,idx_14
noGesture,trainingSamples,raw_data/EMG-EPN612/testingJSON/user172/user172.json,idx_15
noGesture,trainingSamples,raw_data/EMG-EPN612/testingJSON/user172/user172.json,idx_16
noGesture,trainingSamples,raw_data/EMG-EPN612/testingJSON/user172/user172.json,idx_17
noGesture,trainingSamples,raw_data/EMG-EPN612/testingJSON/user172/user172.json,idx_18
noGesture,trainingSamples,raw_data/EMG-EPN612/testingJSON/user172/user172.json,idx_19
noGesture,trainingSamples,raw_data/EMG-EPN612/testingJSON/user172/user172.json,idx_20
noGesture,trainingSamples,raw_data/EMG-EPN612/testingJSON/user172/user172.json,idx_21
noGesture,trainingSamples,raw_data/EMG-EPN612/testingJSON/user172/user172.json,idx_22
noGesture,trainingSamples,raw_data/EMG-EPN612/testingJSON/user172/user172.json,idx_23
noGesture,trainingSamples,raw_data/EMG-EPN612/testingJSON/user172/user172.json,idx_24
noGesture,trainingSamples,raw_data/EMG-EPN612/testingJSON/user172/user172.json,idx_25
waveOut,trainingSamples,raw_data/EMG-EPN612/testingJSON/user172/user172.json,idx_26
waveOut,trainingSamples,raw_data/EMG-EPN612/testingJSON/user172/user172.json,idx_27
waveOut,trainingSamples,raw_data/EMG-EPN612/testingJSON/user172/user172.json,idx_28
waveOut,trainingSamples,raw_data/EMG-EPN612/testingJSON/user172/user172.json,idx_29
waveOut,trainingSamples,raw_data/EMG-EPN612/testingJSON/user172/user172.json,idx_30
waveOut,trainingSamples,raw_data/EMG-EPN612/testingJSON/user172/user172.json,idx_31
waveOut,trainingSamples,raw_data/EMG-EPN612/testingJSON/user172/user172.json,idx_32
waveOut,trainingSamples,raw_data/EMG-EPN612/testingJSON/user172/user172.json,idx_33
waveOut,trainingSamples,raw_data/EMG-EPN612/testingJSON/user172/user172.json,idx_34
waveOut,trainingSamples,raw_data/EMG-EPN612/testingJSON/user172/user172.json,idx_35
waveOut,trainingSamples,raw_data/EMG-EPN612/testingJSON/user172/user172.json,idx_36
waveOut,trainingSamples,raw_data/EMG-EPN612/testingJSON/user172/user172.json,idx_37
waveOut,trainingSamples,raw_data/EMG-EPN612/testingJSON/user172/user172.json,idx_38
waveOut,trainingSamples,raw_data/EMG-EPN612/testingJSON/user172/user172.json,idx_39
waveOut,trainingSamples,raw_data/EMG-EPN612/testingJSON/user172/user172.json,idx_40
waveOut,trainingSamples,raw_data/EMG-EPN612/testingJSON/user172/user172.json,idx_41
waveOut,trainingSamples,raw_data/EMG-EPN612/testingJSON/user172/user172.json,idx_42
waveOut,trainingSamples,raw_data/EMG-EPN612/testingJSON/user172/user172.json,idx_43
waveOut,trainingSamples,raw_data/EMG-EPN612/testingJSON/user172/user172.json,idx_44
waveOut,trainingSamples,raw_data/EMG-EPN612/testingJSON/user172/user172.json,idx_45
waveOut,trainingSamples,raw_data/EMG-EPN612/testingJSON/user172/user172.json,idx_46
waveOut,trainingSamples,raw_data/EMG-EPN612/testingJSON/user172/user172.json,idx_47
waveOut,trainingSamples,raw_data/EMG-EPN612/testingJSON/user172/user172.json,idx_48
waveOut,trainingSamples,raw_data/EMG-EPN612/testingJSON/user172/user172.json,idx_49
waveOut,trainingSamples,raw_data/EMG-EPN612/testingJSON/user172/user172.json,idx_50
pinch,trainingSamples,raw_data/EMG-EPN612/testingJSON/user172/user172.json,idx_51
pinch,trainingSamples,raw_data/EMG-EPN612/testingJSON/user172/user172.json,idx_52
pinch,trainingSamples,raw_data/EMG-EPN612/testingJSON/user172/user172.json,idx_53
pinch,trainingSamples,raw_data/EMG-EPN612/testingJSON/user172/user172.json,idx_54
pinch,trainingSamples,raw_data/EMG-EPN612/testingJSON/user172/user172.json,idx_55
pinch,trainingSamples,raw_data/EMG-EPN612/testingJSON/user172/user172.json,idx_56
pinch,trainingSamples,raw_data/EMG-EPN612/testingJSON/user172/user172.json,idx_57
pinch,trainingSamples,raw_data/EMG-EPN612/testingJSON/user172/user172.json,idx_58
pinch,trainingSamples,raw_data/EMG-EPN612/testingJSON/user172/user172.json,idx_59
pinch,trainingSamples,raw_data/EMG-EPN612/testingJSON/user172/user172.json,idx_60
pinch,trainingSamples,raw_data/EMG-EPN612/testingJSON/user172/user172.json,idx_61
pinch,trainingSamples,raw_data/EMG-EPN612/testingJSON/user172/user172.json,idx_62
pinch,trainingSamples,raw_data/EMG-EPN612/testingJSON/user172/user172.json,idx_63
pinch,trainingSamples,raw_data/EMG-EPN612/testingJSON/user172/user172.json,idx_64
pinch,trainingSamples,raw_data/EMG-EPN612/testingJSON/user172/user172.json,idx_65
pinch,trainingSamples,raw_data/EMG-EPN612/testingJSON/user172/user172.json,idx_66
pinch,trainingSamples,raw_data/EMG-EPN612/testingJSON/user172/user172.json,idx_67
pinch,trainingSamples,raw_data/EMG-EPN612/testingJSON/user172/user172.json,idx_68
pinch,trainingSamples,raw_data/EMG-EPN612/testingJSON/user172/user172.json,idx_69
pinch,trainingSamples,raw_data/EMG-EPN612/testingJSON/user172/user172.json,idx_70
pinch,trainingSamples,raw_data/EMG-EPN612/testingJSON/user172/user172.json,idx_71
pinch,trainingSamples,raw_data/EMG-EPN612/testingJSON/user172/user172.json,idx_72
pinch,trainingSamples,raw_data/EMG-EPN612/testingJSON/user172/user172.json,idx_73
pinch,trainingSamples,raw_data/EMG-EPN612/testingJSON/user172/user172.json,idx_74
pinch,trainingSamples,raw_data/EMG-EPN612/testingJSON/user172/user172.json,idx_75
fist,trainingSamples,raw_data/EMG-EPN612/testingJSON/user172/user172.json,idx_76
fist,trainingSamples,raw_data/EMG-EPN612/testingJSON/user172/user172.json,idx_77
fist,trainingSamples,raw_data/EMG-EPN612/testingJSON/user172/user172.json,idx_78
fist,trainingSamples,raw_data/EMG-EPN612/testingJSON/user172/user172.json,idx_79
fist,trainingSamples,raw_data/EMG-EPN612/testingJSON/user172/user172.json,idx_80
fist,trainingSamples,raw_data/EMG-EPN612/testingJSON/user172/user172.json,idx_81
fist,trainingSamples,raw_data/EMG-EPN612/testingJSON/user172/user172.json,idx_82
fist,trainingSamples,raw_data/EMG-EPN612/testingJSON/user172/user172.json,idx_83
fist,trainingSamples,raw_data/EMG-EPN612/testingJSON/user172/user172.json,idx_84
fist,trainingSamples,raw_data/EMG-EPN612/testingJSON/user172/user172.json,idx_85
fist,trainingSamples,raw_data/EMG-EPN612/testingJSON/user172/user172.json,idx_86
fist,trainingSamples,raw_data/EMG-EPN612/testingJSON/user172/user172.json,idx_87
fist,trainingSamples,raw_data/EMG-EPN612/testingJSON/user172/user172.json,idx_88
fist,trainingSamples,raw_data/EMG-EPN612/testingJSON/user172/user172.json,idx_89
fist,trainingSamples,raw_data/EMG-EPN612/testingJSON/user172/user172.json,idx_90
fist,trainingSamples,raw_data/EMG-EPN612/testingJSON/user172/user172.json,idx_91
fist,trainingSamples,raw_data/EMG-EPN612/testingJSON/user172/user172.json,idx_92
fist,trainingSamples,raw_data/EMG-EPN612/testingJSON/user172/user172.json,idx_93
fist,trainingSamples,raw_data/EMG-EPN612/testingJSON/user172/user172.json,idx_94
fist,trainingSamples,raw_data/EMG-EPN612/testingJSON/user172/user172.json,idx_95
fist,trainingSamples,raw_data/EMG-EPN612/testingJSON/user172/user172.json,idx_96
fist,trainingSamples,raw_data/EMG-EPN612/testingJSON/user172/user172.json,idx_97
fist,trainingSamples,raw_data/EMG-EPN612/testingJSON/user172/user172.json,idx_98
fist,trainingSamples,raw_data/EMG-EPN612/testingJSON/user172/user172.json,idx_99
fist,trainingSamples,raw_data/EMG-EPN612/testingJSON/user172/user172.json,idx_100
waveIn,trainingSamples,raw_data/EMG-EPN612/testingJSON/user172/user172.json,idx_101
waveIn,trainingSamples,raw_data/EMG-EPN612/testingJSON/user172/user172.json,idx_102
waveIn,trainingSamples,raw_data/EMG-EPN612/testingJSON/user172/user172.json,idx_103
waveIn,trainingSamples,raw_data/EMG-EPN612/testingJSON/user172/user172.json,idx_104
waveIn,trainingSamples,raw_data/EMG-EPN612/testingJSON/user172/user172.json,idx_105
waveIn,trainingSamples,raw_data/EMG-EPN612/testingJSON/user172/user172.json,idx_106
waveIn,trainingSamples,raw_data/EMG-EPN612/testingJSON/user172/user172.json,idx_107
waveIn,trainingSamples,raw_data/EMG-EPN612/testingJSON/user172/user172.json,idx_108
waveIn,trainingSamples,raw_data/EMG-EPN612/testingJSON/user172/user172.json,idx_109
waveIn,trainingSamples,raw_data/EMG-EPN612/testingJSON/user172/user172.json,idx_110
waveIn,trainingSamples,raw_data/EMG-EPN612/testingJSON/user172/user172.json,idx_111
waveIn,trainingSamples,raw_data/EMG-EPN612/testingJSON/user172/user172.json,idx_112
waveIn,trainingSamples,raw_data/EMG-EPN612/testingJSON/user172/user172.json,idx_113
waveIn,trainingSamples,raw_data/EMG-EPN612/testingJSON/user172/user172.json,idx_114
waveIn,trainingSamples,raw_data/EMG-EPN612/testingJSON/user172/user172.json,idx_115
waveIn,trainingSamples,raw_data/EMG-EPN612/testingJSON/user172/user172.json,idx_116
waveIn,trainingSamples,raw_data/EMG-EPN612/testingJSON/user172/user172.json,idx_117
waveIn,trainingSamples,raw_data/EMG-EPN612/testingJSON/user172/user172.json,idx_118
waveIn,trainingSamples,raw_data/EMG-EPN612/testingJSON/user172/user172.json,idx_119
waveIn,trainingSamples,raw_data/EMG-EPN612/testingJSON/user172/user172.json,idx_120
waveIn,trainingSamples,raw_data/EMG-EPN612/testingJSON/user172/user172.json,idx_121
waveIn,trainingSamples,raw_data/EMG-EPN612/testingJSON/user172/user172.json,idx_122
waveIn,trainingSamples,raw_data/EMG-EPN612/testingJSON/user172/user172.json,idx_123
waveIn,trainingSamples,raw_data/EMG-EPN612/testingJSON/user172/user172.json,idx_124
waveIn,trainingSamples,raw_data/EMG-EPN612/testingJSON/user172/user172.json,idx_125
open,trainingSamples,raw_data/EMG-EPN612/testingJSON/user172/user172.json,idx_126
open,trainingSamples,raw_data/EMG-EPN612/testingJSON/user172/user172.json,idx_127
open,trainingSamples,raw_data/EMG-EPN612/testingJSON/user172/user172.json,idx_128
open,trainingSamples,raw_data/EMG-EPN612/testingJSON/user172/user172.json,idx_129
open,trainingSamples,raw_data/EMG-EPN612/testingJSON/user172/user172.json,idx_130
open,trainingSamples,raw_data/EMG-EPN612/testingJSON/user172/user172.json,idx_131
open,trainingSamples,raw_data/EMG-EPN612/testingJSON/user172/user172.json,idx_132
open,trainingSamples,raw_data/EMG-EPN612/testingJSON/user172/user172.json,idx_133
open,trainingSamples,raw_data/EMG-EPN612/testingJSON/user172/user172.json,idx_134
open,trainingSamples,raw_data/EMG-EPN612/testingJSON/user172/user172.json,idx_135
open,trainingSamples,raw_data/EMG-EPN612/testingJSON/user172/user172.json,idx_136
open,trainingSamples,raw_data/EMG-EPN612/testingJSON/user172/user172.json,idx_137
open,trainingSamples,raw_data/EMG-EPN612/testingJSON/user172/user172.json,idx_138
open,trainingSamples,raw_data/EMG-EPN612/testingJSON/user172/user172.json,idx_139
open,trainingSamples,raw_data/EMG-EPN612/testingJSON/user172/user172.json,idx_140
open,trainingSamples,raw_data/EMG-EPN612/testingJSON/user172/user172.json,idx_141
open,trainingSamples,raw_data/EMG-EPN612/testingJSON/user172/user172.json,idx_142
open,trainingSamples,raw_data/EMG-EPN612/testingJSON/user172/user172.json,idx_143
open,trainingSamples,raw_data/EMG-EPN612/testingJSON/user172/user172.json,idx_144
open,trainingSamples,raw_data/EMG-EPN612/testingJSON/user172/user172.json,idx_145
open,trainingSamples,raw_data/EMG-EPN612/testingJSON/user172/user172.json,idx_146
open,trainingSamples,raw_data/EMG-EPN612/testingJSON/user172/user172.json,idx_147
open,trainingSamples,raw_data/EMG-EPN612/testingJSON/user172/user172.json,idx_148
open,trainingSamples,raw_data/EMG-EPN612/testingJSON/user172/user172.json,idx_149
open,trainingSamples,raw_data/EMG-EPN612/testingJSON/user172/user172.json,idx_150
noGesture,trainingSamples,raw_data/EMG-EPN612/testingJSON/user173/user173.json,idx_1
noGesture,trainingSamples,raw_data/EMG-EPN612/testingJSON/user173/user173.json,idx_2
noGesture,trainingSamples,raw_data/EMG-EPN612/testingJSON/user173/user173.json,idx_3
noGesture,trainingSamples,raw_data/EMG-EPN612/testingJSON/user173/user173.json,idx_4
noGesture,trainingSamples,raw_data/EMG-EPN612/testingJSON/user173/user173.json,idx_5
noGesture,trainingSamples,raw_data/EMG-EPN612/testingJSON/user173/user173.json,idx_6
noGesture,trainingSamples,raw_data/EMG-EPN612/testingJSON/user173/user173.json,idx_7
noGesture,trainingSamples,raw_data/EMG-EPN612/testingJSON/user173/user173.json,idx_8
noGesture,trainingSamples,raw_data/EMG-EPN612/testingJSON/user173/user173.json,idx_9
noGesture,trainingSamples,raw_data/EMG-EPN612/testingJSON/user173/user173.json,idx_10
noGesture,trainingSamples,raw_data/EMG-EPN612/testingJSON/user173/user173.json,idx_11
noGesture,trainingSamples,raw_data/EMG-EPN612/testingJSON/user173/user173.json,idx_12
noGesture,trainingSamples,raw_data/EMG-EPN612/testingJSON/user173/user173.json,idx_13
noGesture,trainingSamples,raw_data/EMG-EPN612/testingJSON/user173/user173.json,idx_14
noGesture,trainingSamples,raw_data/EMG-EPN612/testingJSON/user173/user173.json,idx_15
noGesture,trainingSamples,raw_data/EMG-EPN612/testingJSON/user173/user173.json,idx_16
noGesture,trainingSamples,raw_data/EMG-EPN612/testingJSON/user173/user173.json,idx_17
noGesture,trainingSamples,raw_data/EMG-EPN612/testingJSON/user173/user173.json,idx_18
noGesture,trainingSamples,raw_data/EMG-EPN612/testingJSON/user173/user173.json,idx_19
noGesture,trainingSamples,raw_data/EMG-EPN612/testingJSON/user173/user173.json,idx_20
noGesture,trainingSamples,raw_data/EMG-EPN612/testingJSON/user173/user173.json,idx_21
noGesture,trainingSamples,raw_data/EMG-EPN612/testingJSON/user173/user173.json,idx_22
noGesture,trainingSamples,raw_data/EMG-EPN612/testingJSON/user173/user173.json,idx_23
noGesture,trainingSamples,raw_data/EMG-EPN612/testingJSON/user173/user173.json,idx_24
noGesture,trainingSamples,raw_data/EMG-EPN612/testingJSON/user173/user173.json,idx_25
fist,trainingSamples,raw_data/EMG-EPN612/testingJSON/user173/user173.json,idx_26
fist,trainingSamples,raw_data/EMG-EPN612/testingJSON/user173/user173.json,idx_27
fist,trainingSamples,raw_data/EMG-EPN612/testingJSON/user173/user173.json,idx_28
fist,trainingSamples,raw_data/EMG-EPN612/testingJSON/user173/user173.json,idx_29
fist,trainingSamples,raw_data/EMG-EPN612/testingJSON/user173/user173.json,idx_30
fist,trainingSamples,raw_data/EMG-EPN612/testingJSON/user173/user173.json,idx_31
fist,trainingSamples,raw_data/EMG-EPN612/testingJSON/user173/user173.json,idx_32
fist,trainingSamples,raw_data/EMG-EPN612/testingJSON/user173/user173.json,idx_33
fist,trainingSamples,raw_data/EMG-EPN612/testingJSON/user173/user173.json,idx_34
fist,trainingSamples,raw_data/EMG-EPN612/testingJSON/user173/user173.json,idx_35
fist,trainingSamples,raw_data/EMG-EPN612/testingJSON/user173/user173.json,idx_36
fist,trainingSamples,raw_data/EMG-EPN612/testingJSON/user173/user173.json,idx_37
fist,trainingSamples,raw_data/EMG-EPN612/testingJSON/user173/user173.json,idx_38
fist,trainingSamples,raw_data/EMG-EPN612/testingJSON/user173/user173.json,idx_39
fist,trainingSamples,raw_data/EMG-EPN612/testingJSON/user173/user173.json,idx_40
fist,trainingSamples,raw_data/EMG-EPN612/testingJSON/user173/user173.json,idx_41
fist,trainingSamples,raw_data/EMG-EPN612/testingJSON/user173/user173.json,idx_42
fist,trainingSamples,raw_data/EMG-EPN612/testingJSON/user173/user173.json,idx_43
fist,trainingSamples,raw_data/EMG-EPN612/testingJSON/user173/user173.json,idx_44
fist,trainingSamples,raw_data/EMG-EPN612/testingJSON/user173/user173.json,idx_45
fist,trainingSamples,raw_data/EMG-EPN612/testingJSON/user173/user173.json,idx_46
fist,trainingSamples,raw_data/EMG-EPN612/testingJSON/user173/user173.json,idx_47
fist,trainingSamples,raw_data/EMG-EPN612/testingJSON/user173/user173.json,idx_48
fist,trainingSamples,raw_data/EMG-EPN612/testingJSON/user173/user173.json,idx_49
fist,trainingSamples,raw_data/EMG-EPN612/testingJSON/user173/user173.json,idx_50
waveOut,trainingSamples,raw_data/EMG-EPN612/testingJSON/user173/user173.json,idx_51
waveOut,trainingSamples,raw_data/EMG-EPN612/testingJSON/user173/user173.json,idx_52
waveOut,trainingSamples,raw_data/EMG-EPN612/testingJSON/user173/user173.json,idx_53
waveOut,trainingSamples,raw_data/EMG-EPN612/testingJSON/user173/user173.json,idx_54
waveOut,trainingSamples,raw_data/EMG-EPN612/testingJSON/user173/user173.json,idx_55
waveOut,trainingSamples,raw_data/EMG-EPN612/testingJSON/user173/user173.json,idx_56
waveOut,trainingSamples,raw_data/EMG-EPN612/testingJSON/user173/user173.json,idx_57
waveOut,trainingSamples,raw_data/EMG-EPN612/testingJSON/user173/user173.json,idx_58
waveOut,trainingSamples,raw_data/EMG-EPN612/testingJSON/user173/user173.json,idx_59
waveOut,trainingSamples,raw_data/EMG-EPN612/testingJSON/user173/user173.json,idx_60
waveOut,trainingSamples,raw_data/EMG-EPN612/testingJSON/user173/user173.json,idx_61
waveOut,trainingSamples,raw_data/EMG-EPN612/testingJSON/user173/user173.json,idx_62
waveOut,trainingSamples,raw_data/EMG-EPN612/testingJSON/user173/user173.json,idx_63
waveOut,trainingSamples,raw_data/EMG-EPN612/testingJSON/user173/user173.json,idx_64
waveOut,trainingSamples,raw_data/EMG-EPN612/testingJSON/user173/user173.json,idx_65
waveOut,trainingSamples,raw_data/EMG-EPN612/testingJSON/user173/user173.json,idx_66
waveOut,trainingSamples,raw_data/EMG-EPN612/testingJSON/user173/user173.json,idx_67
waveOut,trainingSamples,raw_data/EMG-EPN612/testingJSON/user173/user173.json,idx_68
waveOut,trainingSamples,raw_data/EMG-EPN612/testingJSON/user173/user173.json,idx_69
waveOut,trainingSamples,raw_data/EMG-EPN612/testingJSON/user173/user173.json,idx_70
waveOut,trainingSamples,raw_data/EMG-EPN612/testingJSON/user173/user173.json,idx_71
waveOut,trainingSamples,raw_data/EMG-EPN612/testingJSON/user173/user173.json,idx_72
waveOut,trainingSamples,raw_data/EMG-EPN612/testingJSON/user173/user173.json,idx_73
waveOut,trainingSamples,raw_data/EMG-EPN612/testingJSON/user173/user173.json,idx_74
waveOut,trainingSamples,raw_data/EMG-EPN612/testingJSON/user173/user173.json,idx_75
waveIn,trainingSamples,raw_data/EMG-EPN612/testingJSON/user173/user173.json,idx_76
waveIn,trainingSamples,raw_data/EMG-EPN612/testingJSON/user173/user173.json,idx_77
waveIn,trainingSamples,raw_data/EMG-EPN612/testingJSON/user173/user173.json,idx_78
waveIn,trainingSamples,raw_data/EMG-EPN612/testingJSON/user173/user173.json,idx_79
waveIn,trainingSamples,raw_data/EMG-EPN612/testingJSON/user173/user173.json,idx_80
waveIn,trainingSamples,raw_data/EMG-EPN612/testingJSON/user173/user173.json,idx_81
waveIn,trainingSamples,raw_data/EMG-EPN612/testingJSON/user173/user173.json,idx_82
waveIn,trainingSamples,raw_data/EMG-EPN612/testingJSON/user173/user173.json,idx_83
waveIn,trainingSamples,raw_data/EMG-EPN612/testingJSON/user173/user173.json,idx_84
waveIn,trainingSamples,raw_data/EMG-EPN612/testingJSON/user173/user173.json,idx_85
waveIn,trainingSamples,raw_data/EMG-EPN612/testingJSON/user173/user173.json,idx_86
waveIn,trainingSamples,raw_data/EMG-EPN612/testingJSON/user173/user173.json,idx_87
waveIn,trainingSamples,raw_data/EMG-EPN612/testingJSON/user173/user173.json,idx_88
waveIn,trainingSamples,raw_data/EMG-EPN612/testingJSON/user173/user173.json,idx_89
waveIn,trainingSamples,raw_data/EMG-EPN612/testingJSON/user173/user173.json,idx_90
waveIn,trainingSamples,raw_data/EMG-EPN612/testingJSON/user173/user173.json,idx_91
waveIn,trainingSamples,raw_data/EMG-EPN612/testingJSON/user173/user173.json,idx_92
waveIn,trainingSamples,raw_data/EMG-EPN612/testingJSON/user173/user173.json,idx_93
waveIn,trainingSamples,raw_data/EMG-EPN612/testingJSON/user173/user173.json,idx_94
waveIn,trainingSamples,raw_data/EMG-EPN612/testingJSON/user173/user173.json,idx_95
waveIn,trainingSamples,raw_data/EMG-EPN612/testingJSON/user173/user173.json,idx_96
waveIn,trainingSamples,raw_data/EMG-EPN612/testingJSON/user173/user173.json,idx_97
waveIn,trainingSamples,raw_data/EMG-EPN612/testingJSON/user173/user173.json,idx_98
waveIn,trainingSamples,raw_data/EMG-EPN612/testingJSON/user173/user173.json,idx_99
waveIn,trainingSamples,raw_data/EMG-EPN612/testingJSON/user173/user173.json,idx_100
open,trainingSamples,raw_data/EMG-EPN612/testingJSON/user173/user173.json,idx_101
open,trainingSamples,raw_data/EMG-EPN612/testingJSON/user173/user173.json,idx_102
open,trainingSamples,raw_data/EMG-EPN612/testingJSON/user173/user173.json,idx_103
open,trainingSamples,raw_data/EMG-EPN612/testingJSON/user173/user173.json,idx_104
open,trainingSamples,raw_data/EMG-EPN612/testingJSON/user173/user173.json,idx_105
open,trainingSamples,raw_data/EMG-EPN612/testingJSON/user173/user173.json,idx_106
open,trainingSamples,raw_data/EMG-EPN612/testingJSON/user173/user173.json,idx_107
open,trainingSamples,raw_data/EMG-EPN612/testingJSON/user173/user173.json,idx_108
open,trainingSamples,raw_data/EMG-EPN612/testingJSON/user173/user173.json,idx_109
open,trainingSamples,raw_data/EMG-EPN612/testingJSON/user173/user173.json,idx_110
open,trainingSamples,raw_data/EMG-EPN612/testingJSON/user173/user173.json,idx_111
open,trainingSamples,raw_data/EMG-EPN612/testingJSON/user173/user173.json,idx_112
open,trainingSamples,raw_data/EMG-EPN612/testingJSON/user173/user173.json,idx_113
open,trainingSamples,raw_data/EMG-EPN612/testingJSON/user173/user173.json,idx_114
open,trainingSamples,raw_data/EMG-EPN612/testingJSON/user173/user173.json,idx_115
open,trainingSamples,raw_data/EMG-EPN612/testingJSON/user173/user173.json,idx_116
open,trainingSamples,raw_data/EMG-EPN612/testingJSON/user173/user173.json,idx_117
open,trainingSamples,raw_data/EMG-EPN612/testingJSON/user173/user173.json,idx_118
open,trainingSamples,raw_data/EMG-EPN612/testingJSON/user173/user173.json,idx_119
open,trainingSamples,raw_data/EMG-EPN612/testingJSON/user173/user173.json,idx_120
open,trainingSamples,raw_data/EMG-EPN612/testingJSON/user173/user173.json,idx_121
open,trainingSamples,raw_data/EMG-EPN612/testingJSON/user173/user173.json,idx_122
open,trainingSamples,raw_data/EMG-EPN612/testingJSON/user173/user173.json,idx_123
open,trainingSamples,raw_data/EMG-EPN612/testingJSON/user173/user173.json,idx_124
open,trainingSamples,raw_data/EMG-EPN612/testingJSON/user173/user173.json,idx_125
pinch,trainingSamples,raw_data/EMG-EPN612/testingJSON/user173/user173.json,idx_126
pinch,trainingSamples,raw_data/EMG-EPN612/testingJSON/user173/user173.json,idx_127
pinch,trainingSamples,raw_data/EMG-EPN612/testingJSON/user173/user173.json,idx_128
pinch,trainingSamples,raw_data/EMG-EPN612/testingJSON/user173/user173.json,idx_129
pinch,trainingSamples,raw_data/EMG-EPN612/testingJSON/user173/user173.json,idx_130
pinch,trainingSamples,raw_data/EMG-EPN612/testingJSON/user173/user173.json,idx_131
pinch,trainingSamples,raw_data/EMG-EPN612/testingJSON/user173/user173.json,idx_132
pinch,trainingSamples,raw_data/EMG-EPN612/testingJSON/user173/user173.json,idx_133
pinch,trainingSamples,raw_data/EMG-EPN612/testingJSON/user173/user173.json,idx_134
pinch,trainingSamples,raw_data/EMG-EPN612/testingJSON/user173/user173.json,idx_135
pinch,trainingSamples,raw_data/EMG-EPN612/testingJSON/user173/user173.json,idx_136
pinch,trainingSamples,raw_data/EMG-EPN612/testingJSON/user173/user173.json,idx_137
pinch,trainingSamples,raw_data/EMG-EPN612/testingJSON/user173/user173.json,idx_138
pinch,trainingSamples,raw_data/EMG-EPN612/testingJSON/user173/user173.json,idx_139
pinch,trainingSamples,raw_data/EMG-EPN612/testingJSON/user173/user173.json,idx_140
pinch,trainingSamples,raw_data/EMG-EPN612/testingJSON/user173/user173.json,idx_141
pinch,trainingSamples,raw_data/EMG-EPN612/testingJSON/user173/user173.json,idx_142
pinch,trainingSamples,raw_data/EMG-EPN612/testingJSON/user173/user173.json,idx_143
pinch,trainingSamples,raw_data/EMG-EPN612/testingJSON/user173/user173.json,idx_144
pinch,trainingSamples,raw_data/EMG-EPN612/testingJSON/user173/user173.json,idx_145
pinch,trainingSamples,raw_data/EMG-EPN612/testingJSON/user173/user173.json,idx_146
pinch,trainingSamples,raw_data/EMG-EPN612/testingJSON/user173/user173.json,idx_147
pinch,trainingSamples,raw_data/EMG-EPN612/testingJSON/user173/user173.json,idx_148
pinch,trainingSamples,raw_data/EMG-EPN612/testingJSON/user173/user173.json,idx_149
pinch,trainingSamples,raw_data/EMG-EPN612/testingJSON/user173/user173.json,idx_150
noGesture,trainingSamples,raw_data/EMG-EPN612/testingJSON/user174/user174.json,idx_1
noGesture,trainingSamples,raw_data/EMG-EPN612/testingJSON/user174/user174.json,idx_2
noGesture,trainingSamples,raw_data/EMG-EPN612/testingJSON/user174/user174.json,idx_3
noGesture,trainingSamples,raw_data/EMG-EPN612/testingJSON/user174/user174.json,idx_4
noGesture,trainingSamples,raw_data/EMG-EPN612/testingJSON/user174/user174.json,idx_5
noGesture,trainingSamples,raw_data/EMG-EPN612/testingJSON/user174/user174.json,idx_6
noGesture,trainingSamples,raw_data/EMG-EPN612/testingJSON/user174/user174.json,idx_7
noGesture,trainingSamples,raw_data/EMG-EPN612/testingJSON/user174/user174.json,idx_8
noGesture,trainingSamples,raw_data/EMG-EPN612/testingJSON/user174/user174.json,idx_9
noGesture,trainingSamples,raw_data/EMG-EPN612/testingJSON/user174/user174.json,idx_10
noGesture,trainingSamples,raw_data/EMG-EPN612/testingJSON/user174/user174.json,idx_11
noGesture,trainingSamples,raw_data/EMG-EPN612/testingJSON/user174/user174.json,idx_12
noGesture,trainingSamples,raw_data/EMG-EPN612/testingJSON/user174/user174.json,idx_13
noGesture,trainingSamples,raw_data/EMG-EPN612/testingJSON/user174/user174.json,idx_14
noGesture,trainingSamples,raw_data/EMG-EPN612/testingJSON/user174/user174.json,idx_15
noGesture,trainingSamples,raw_data/EMG-EPN612/testingJSON/user174/user174.json,idx_16
noGesture,trainingSamples,raw_data/EMG-EPN612/testingJSON/user174/user174.json,idx_17
noGesture,trainingSamples,raw_data/EMG-EPN612/testingJSON/user174/user174.json,idx_18
noGesture,trainingSamples,raw_data/EMG-EPN612/testingJSON/user174/user174.json,idx_19
noGesture,trainingSamples,raw_data/EMG-EPN612/testingJSON/user174/user174.json,idx_20
noGesture,trainingSamples,raw_data/EMG-EPN612/testingJSON/user174/user174.json,idx_21
noGesture,trainingSamples,raw_data/EMG-EPN612/testingJSON/user174/user174.json,idx_22
noGesture,trainingSamples,raw_data/EMG-EPN612/testingJSON/user174/user174.json,idx_23
noGesture,trainingSamples,raw_data/EMG-EPN612/testingJSON/user174/user174.json,idx_24
noGesture,trainingSamples,raw_data/EMG-EPN612/testingJSON/user174/user174.json,idx_25
waveIn,trainingSamples,raw_data/EMG-EPN612/testingJSON/user174/user174.json,idx_26
waveIn,trainingSamples,raw_data/EMG-EPN612/testingJSON/user174/user174.json,idx_27
waveIn,trainingSamples,raw_data/EMG-EPN612/testingJSON/user174/user174.json,idx_28
waveIn,trainingSamples,raw_data/EMG-EPN612/testingJSON/user174/user174.json,idx_29
waveIn,trainingSamples,raw_data/EMG-EPN612/testingJSON/user174/user174.json,idx_30
waveIn,trainingSamples,raw_data/EMG-EPN612/testingJSON/user174/user174.json,idx_31
waveIn,trainingSamples,raw_data/EMG-EPN612/testingJSON/user174/user174.json,idx_32
waveIn,trainingSamples,raw_data/EMG-EPN612/testingJSON/user174/user174.json,idx_33
waveIn,trainingSamples,raw_data/EMG-EPN612/testingJSON/user174/user174.json,idx_34
waveIn,trainingSamples,raw_data/EMG-EPN612/testingJSON/user174/user174.json,idx_35
waveIn,trainingSamples,raw_data/EMG-EPN612/testingJSON/user174/user174.json,idx_36
waveIn,trainingSamples,raw_data/EMG-EPN612/testingJSON/user174/user174.json,idx_37
waveIn,trainingSamples,raw_data/EMG-EPN612/testingJSON/user174/user174.json,idx_38
waveIn,trainingSamples,raw_data/EMG-EPN612/testingJSON/user174/user174.json,idx_39
waveIn,trainingSamples,raw_data/EMG-EPN612/testingJSON/user174/user174.json,idx_40
waveIn,trainingSamples,raw_data/EMG-EPN612/testingJSON/user174/user174.json,idx_41
waveIn,trainingSamples,raw_data/EMG-EPN612/testingJSON/user174/user174.json,idx_42
waveIn,trainingSamples,raw_data/EMG-EPN612/testingJSON/user174/user174.json,idx_43
waveIn,trainingSamples,raw_data/EMG-EPN612/testingJSON/user174/user174.json,idx_44
waveIn,trainingSamples,raw_data/EMG-EPN612/testingJSON/user174/user174.json,idx_45
waveIn,trainingSamples,raw_data/EMG-EPN612/testingJSON/user174/user174.json,idx_46
waveIn,trainingSamples,raw_data/EMG-EPN612/testingJSON/user174/user174.json,idx_47
waveIn,trainingSamples,raw_data/EMG-EPN612/testingJSON/user174/user174.json,idx_48
waveIn,trainingSamples,raw_data/EMG-EPN612/testingJSON/user174/user174.json,idx_49
waveIn,trainingSamples,raw_data/EMG-EPN612/testingJSON/user174/user174.json,idx_50
open,trainingSamples,raw_data/EMG-EPN612/testingJSON/user174/user174.json,idx_51
open,trainingSamples,raw_data/EMG-EPN612/testingJSON/user174/user174.json,idx_52
open,trainingSamples,raw_data/EMG-EPN612/testingJSON/user174/user174.json,idx_53
open,trainingSamples,raw_data/EMG-EPN612/testingJSON/user174/user174.json,idx_54
open,trainingSamples,raw_data/EMG-EPN612/testingJSON/user174/user174.json,idx_55
open,trainingSamples,raw_data/EMG-EPN612/testingJSON/user174/user174.json,idx_56
open,trainingSamples,raw_data/EMG-EPN612/testingJSON/user174/user174.json,idx_57
open,trainingSamples,raw_data/EMG-EPN612/testingJSON/user174/user174.json,idx_58
open,trainingSamples,raw_data/EMG-EPN612/testingJSON/user174/user174.json,idx_59
open,trainingSamples,raw_data/EMG-EPN612/testingJSON/user174/user174.json,idx_60
open,trainingSamples,raw_data/EMG-EPN612/testingJSON/user174/user174.json,idx_61
open,trainingSamples,raw_data/EMG-EPN612/testingJSON/user174/user174.json,idx_62
open,trainingSamples,raw_data/EMG-EPN612/testingJSON/user174/user174.json,idx_63
open,trainingSamples,raw_data/EMG-EPN612/testingJSON/user174/user174.json,idx_64
open,trainingSamples,raw_data/EMG-EPN612/testingJSON/user174/user174.json,idx_65
open,trainingSamples,raw_data/EMG-EPN612/testingJSON/user174/user174.json,idx_66
open,trainingSamples,raw_data/EMG-EPN612/testingJSON/user174/user174.json,idx_67
open,trainingSamples,raw_data/EMG-EPN612/testingJSON/user174/user174.json,idx_68
open,trainingSamples,raw_data/EMG-EPN612/testingJSON/user174/user174.json,idx_69
open,trainingSamples,raw_data/EMG-EPN612/testingJSON/user174/user174.json,idx_70
open,trainingSamples,raw_data/EMG-EPN612/testingJSON/user174/user174.json,idx_71
open,trainingSamples,raw_data/EMG-EPN612/testingJSON/user174/user174.json,idx_72
open,trainingSamples,raw_data/EMG-EPN612/testingJSON/user174/user174.json,idx_73
open,trainingSamples,raw_data/EMG-EPN612/testingJSON/user174/user174.json,idx_74
open,trainingSamples,raw_data/EMG-EPN612/testingJSON/user174/user174.json,idx_75
pinch,trainingSamples,raw_data/EMG-EPN612/testingJSON/user174/user174.json,idx_76
pinch,trainingSamples,raw_data/EMG-EPN612/testingJSON/user174/user174.json,idx_77
pinch,trainingSamples,raw_data/EMG-EPN612/testingJSON/user174/user174.json,idx_78
pinch,trainingSamples,raw_data/EMG-EPN612/testingJSON/user174/user174.json,idx_79
pinch,trainingSamples,raw_data/EMG-EPN612/testingJSON/user174/user174.json,idx_80
pinch,trainingSamples,raw_data/EMG-EPN612/testingJSON/user174/user174.json,idx_81
pinch,trainingSamples,raw_data/EMG-EPN612/testingJSON/user174/user174.json,idx_82
pinch,trainingSamples,raw_data/EMG-EPN612/testingJSON/user174/user174.json,idx_83
pinch,trainingSamples,raw_data/EMG-EPN612/testingJSON/user174/user174.json,idx_84
pinch,trainingSamples,raw_data/EMG-EPN612/testingJSON/user174/user174.json,idx_85
pinch,trainingSamples,raw_data/EMG-EPN612/testingJSON/user174/user174.json,idx_86
pinch,trainingSamples,raw_data/EMG-EPN612/testingJSON/user174/user174.json,idx_87
pinch,trainingSamples,raw_data/EMG-EPN612/testingJSON/user174/user174.json,idx_88
pinch,trainingSamples,raw_data/EMG-EPN612/testingJSON/user174/user174.json,idx_89
pinch,trainingSamples,raw_data/EMG-EPN612/testingJSON/user174/user174.json,idx_90
pinch,trainingSamples,raw_data/EMG-EPN612/testingJSON/user174/user174.json,idx_91
pinch,trainingSamples,raw_data/EMG-EPN612/testingJSON/user174/user174.json,idx_92
pinch,trainingSamples,raw_data/EMG-EPN612/testingJSON/user174/user174.json,idx_93
pinch,trainingSamples,raw_data/EMG-EPN612/testingJSON/user174/user174.json,idx_94
pinch,trainingSamples,raw_data/EMG-EPN612/testingJSON/user174/user174.json,idx_95
pinch,trainingSamples,raw_data/EMG-EPN612/testingJSON/user174/user174.json,idx_96
pinch,trainingSamples,raw_data/EMG-EPN612/testingJSON/user174/user174.json,idx_97
pinch,trainingSamples,raw_data/EMG-EPN612/testingJSON/user174/user174.json,idx_98
pinch,trainingSamples,raw_data/EMG-EPN612/testingJSON/user174/user174.json,idx_99
pinch,trainingSamples,raw_data/EMG-EPN612/testingJSON/user174/user174.json,idx_100
waveOut,trainingSamples,raw_data/EMG-EPN612/testingJSON/user174/user174.json,idx_101
waveOut,trainingSamples,raw_data/EMG-EPN612/testingJSON/user174/user174.json,idx_102
waveOut,trainingSamples,raw_data/EMG-EPN612/testingJSON/user174/user174.json,idx_103
waveOut,trainingSamples,raw_data/EMG-EPN612/testingJSON/user174/user174.json,idx_104
waveOut,trainingSamples,raw_data/EMG-EPN612/testingJSON/user174/user174.json,idx_105
waveOut,trainingSamples,raw_data/EMG-EPN612/testingJSON/user174/user174.json,idx_106
waveOut,trainingSamples,raw_data/EMG-EPN612/testingJSON/user174/user174.json,idx_107
waveOut,trainingSamples,raw_data/EMG-EPN612/testingJSON/user174/user174.json,idx_108
waveOut,trainingSamples,raw_data/EMG-EPN612/testingJSON/user174/user174.json,idx_109
waveOut,trainingSamples,raw_data/EMG-EPN612/testingJSON/user174/user174.json,idx_110
waveOut,trainingSamples,raw_data/EMG-EPN612/testingJSON/user174/user174.json,idx_111
waveOut,trainingSamples,raw_data/EMG-EPN612/testingJSON/user174/user174.json,idx_112
waveOut,trainingSamples,raw_data/EMG-EPN612/testingJSON/user174/user174.json,idx_113
waveOut,trainingSamples,raw_data/EMG-EPN612/testingJSON/user174/user174.json,idx_114
waveOut,trainingSamples,raw_data/EMG-EPN612/testingJSON/user174/user174.json,idx_115
waveOut,trainingSamples,raw_data/EMG-EPN612/testingJSON/user174/user174.json,idx_116
waveOut,trainingSamples,raw_data/EMG-EPN612/testingJSON/user174/user174.json,idx_117
waveOut,trainingSamples,raw_data/EMG-EPN612/testingJSON/user174/user174.json,idx_118
waveOut,trainingSamples,raw_data/EMG-EPN612/testingJSON/user174/user174.json,idx_119
waveOut,trainingSamples,raw_data/EMG-EPN612/testingJSON/user174/user174.json,idx_120
waveOut,trainingSamples,raw_data/EMG-EPN612/testingJSON/user174/user174.json,idx_121
waveOut,trainingSamples,raw_data/EMG-EPN612/testingJSON/user174/user174.json,idx_122
waveOut,trainingSamples,raw_data/EMG-EPN612/testingJSON/user174/user174.json,idx_123
waveOut,trainingSamples,raw_data/EMG-EPN612/testingJSON/user174/user174.json,idx_124
waveOut,trainingSamples,raw_data/EMG-EPN612/testingJSON/user174/user174.json,idx_125
fist,trainingSamples,raw_data/EMG-EPN612/testingJSON/user174/user174.json,idx_126
fist,trainingSamples,raw_data/EMG-EPN612/testingJSON/user174/user174.json,idx_127
fist,trainingSamples,raw_data/EMG-EPN612/testingJSON/user174/user174.json,idx_128
fist,trainingSamples,raw_data/EMG-EPN612/testingJSON/user174/user174.json,idx_129
fist,trainingSamples,raw_data/EMG-EPN612/testingJSON/user174/user174.json,idx_130
fist,trainingSamples,raw_data/EMG-EPN612/testingJSON/user174/user174.json,idx_131
fist,trainingSamples,raw_data/EMG-EPN612/testingJSON/user174/user174.json,idx_132
fist,trainingSamples,raw_data/EMG-EPN612/testingJSON/user174/user174.json,idx_133
fist,trainingSamples,raw_data/EMG-EPN612/testingJSON/user174/user174.json,idx_134
fist,trainingSamples,raw_data/EMG-EPN612/testingJSON/user174/user174.json,idx_135
fist,trainingSamples,raw_data/EMG-EPN612/testingJSON/user174/user174.json,idx_136
fist,trainingSamples,raw_data/EMG-EPN612/testingJSON/user174/user174.json,idx_137
fist,trainingSamples,raw_data/EMG-EPN612/testingJSON/user174/user174.json,idx_138
fist,trainingSamples,raw_data/EMG-EPN612/testingJSON/user174/user174.json,idx_139
fist,trainingSamples,raw_data/EMG-EPN612/testingJSON/user174/user174.json,idx_140
fist,trainingSamples,raw_data/EMG-EPN612/testingJSON/user174/user174.json,idx_141
fist,trainingSamples,raw_data/EMG-EPN612/testingJSON/user174/user174.json,idx_142
fist,trainingSamples,raw_data/EMG-EPN612/testingJSON/user174/user174.json,idx_143
fist,trainingSamples,raw_data/EMG-EPN612/testingJSON/user174/user174.json,idx_144
fist,trainingSamples,raw_data/EMG-EPN612/testingJSON/user174/user174.json,idx_145
fist,trainingSamples,raw_data/EMG-EPN612/testingJSON/user174/user174.json,idx_146
fist,trainingSamples,raw_data/EMG-EPN612/testingJSON/user174/user174.json,idx_147
fist,trainingSamples,raw_data/EMG-EPN612/testingJSON/user174/user174.json,idx_148
fist,trainingSamples,raw_data/EMG-EPN612/testingJSON/user174/user174.json,idx_149
fist,trainingSamples,raw_data/EMG-EPN612/testingJSON/user174/user174.json,idx_150
noGesture,trainingSamples,raw_data/EMG-EPN612/testingJSON/user175/user175.json,idx_1
noGesture,trainingSamples,raw_data/EMG-EPN612/testingJSON/user175/user175.json,idx_2
noGesture,trainingSamples,raw_data/EMG-EPN612/testingJSON/user175/user175.json,idx_3
noGesture,trainingSamples,raw_data/EMG-EPN612/testingJSON/user175/user175.json,idx_4
noGesture,trainingSamples,raw_data/EMG-EPN612/testingJSON/user175/user175.json,idx_5
noGesture,trainingSamples,raw_data/EMG-EPN612/testingJSON/user175/user175.json,idx_6
noGesture,trainingSamples,raw_data/EMG-EPN612/testingJSON/user175/user175.json,idx_7
noGesture,trainingSamples,raw_data/EMG-EPN612/testingJSON/user175/user175.json,idx_8
noGesture,trainingSamples,raw_data/EMG-EPN612/testingJSON/user175/user175.json,idx_9
noGesture,trainingSamples,raw_data/EMG-EPN612/testingJSON/user175/user175.json,idx_10
noGesture,trainingSamples,raw_data/EMG-EPN612/testingJSON/user175/user175.json,idx_11
noGesture,trainingSamples,raw_data/EMG-EPN612/testingJSON/user175/user175.json,idx_12
noGesture,trainingSamples,raw_data/EMG-EPN612/testingJSON/user175/user175.json,idx_13
noGesture,trainingSamples,raw_data/EMG-EPN612/testingJSON/user175/user175.json,idx_14
noGesture,trainingSamples,raw_data/EMG-EPN612/testingJSON/user175/user175.json,idx_15
noGesture,trainingSamples,raw_data/EMG-EPN612/testingJSON/user175/user175.json,idx_16
noGesture,trainingSamples,raw_data/EMG-EPN612/testingJSON/user175/user175.json,idx_17
noGesture,trainingSamples,raw_data/EMG-EPN612/testingJSON/user175/user175.json,idx_18
noGesture,trainingSamples,raw_data/EMG-EPN612/testingJSON/user175/user175.json,idx_19
noGesture,trainingSamples,raw_data/EMG-EPN612/testingJSON/user175/user175.json,idx_20
noGesture,trainingSamples,raw_data/EMG-EPN612/testingJSON/user175/user175.json,idx_21
noGesture,trainingSamples,raw_data/EMG-EPN612/testingJSON/user175/user175.json,idx_22
noGesture,trainingSamples,raw_data/EMG-EPN612/testingJSON/user175/user175.json,idx_23
noGesture,trainingSamples,raw_data/EMG-EPN612/testingJSON/user175/user175.json,idx_24
noGesture,trainingSamples,raw_data/EMG-EPN612/testingJSON/user175/user175.json,idx_25
waveOut,trainingSamples,raw_data/EMG-EPN612/testingJSON/user175/user175.json,idx_26
waveOut,trainingSamples,raw_data/EMG-EPN612/testingJSON/user175/user175.json,idx_27
waveOut,trainingSamples,raw_data/EMG-EPN612/testingJSON/user175/user175.json,idx_28
waveOut,trainingSamples,raw_data/EMG-EPN612/testingJSON/user175/user175.json,idx_29
waveOut,trainingSamples,raw_data/EMG-EPN612/testingJSON/user175/user175.json,idx_30
waveOut,trainingSamples,raw_data/EMG-EPN612/testingJSON/user175/user175.json,idx_31
waveOut,trainingSamples,raw_data/EMG-EPN612/testingJSON/user175/user175.json,idx_32
waveOut,trainingSamples,raw_data/EMG-EPN612/testingJSON/user175/user175.json,idx_33
waveOut,trainingSamples,raw_data/EMG-EPN612/testingJSON/user175/user175.json,idx_34
waveOut,trainingSamples,raw_data/EMG-EPN612/testingJSON/user175/user175.json,idx_35
waveOut,trainingSamples,raw_data/EMG-EPN612/testingJSON/user175/user175.json,idx_36
waveOut,trainingSamples,raw_data/EMG-EPN612/testingJSON/user175/user175.json,idx_37
waveOut,trainingSamples,raw_data/EMG-EPN612/testingJSON/user175/user175.json,idx_38
waveOut,trainingSamples,raw_data/EMG-EPN612/testingJSON/user175/user175.json,idx_39
waveOut,trainingSamples,raw_data/EMG-EPN612/testingJSON/user175/user175.json,idx_40
waveOut,trainingSamples,raw_data/EMG-EPN612/testingJSON/user175/user175.json,idx_41
waveOut,trainingSamples,raw_data/EMG-EPN612/testingJSON/user175/user175.json,idx_42
waveOut,trainingSamples,raw_data/EMG-EPN612/testingJSON/user175/user175.json,idx_43
waveOut,trainingSamples,raw_data/EMG-EPN612/testingJSON/user175/user175.json,idx_44
waveOut,trainingSamples,raw_data/EMG-EPN612/testingJSON/user175/user175.json,idx_45
waveOut,trainingSamples,raw_data/EMG-EPN612/testingJSON/user175/user175.json,idx_46
waveOut,trainingSamples,raw_data/EMG-EPN612/testingJSON/user175/user175.json,idx_47
waveOut,trainingSamples,raw_data/EMG-EPN612/testingJSON/user175/user175.json,idx_48
waveOut,trainingSamples,raw_data/EMG-EPN612/testingJSON/user175/user175.json,idx_49
waveOut,trainingSamples,raw_data/EMG-EPN612/testingJSON/user175/user175.json,idx_50
pinch,trainingSamples,raw_data/EMG-EPN612/testingJSON/user175/user175.json,idx_51
pinch,trainingSamples,raw_data/EMG-EPN612/testingJSON/user175/user175.json,idx_52
pinch,trainingSamples,raw_data/EMG-EPN612/testingJSON/user175/user175.json,idx_53
pinch,trainingSamples,raw_data/EMG-EPN612/testingJSON/user175/user175.json,idx_54
pinch,trainingSamples,raw_data/EMG-EPN612/testingJSON/user175/user175.json,idx_55
pinch,trainingSamples,raw_data/EMG-EPN612/testingJSON/user175/user175.json,idx_56
pinch,trainingSamples,raw_data/EMG-EPN612/testingJSON/user175/user175.json,idx_57
pinch,trainingSamples,raw_data/EMG-EPN612/testingJSON/user175/user175.json,idx_58
pinch,trainingSamples,raw_data/EMG-EPN612/testingJSON/user175/user175.json,idx_59
pinch,trainingSamples,raw_data/EMG-EPN612/testingJSON/user175/user175.json,idx_60
pinch,trainingSamples,raw_data/EMG-EPN612/testingJSON/user175/user175.json,idx_61
pinch,trainingSamples,raw_data/EMG-EPN612/testingJSON/user175/user175.json,idx_62
pinch,trainingSamples,raw_data/EMG-EPN612/testingJSON/user175/user175.json,idx_63
pinch,trainingSamples,raw_data/EMG-EPN612/testingJSON/user175/user175.json,idx_64
pinch,trainingSamples,raw_data/EMG-EPN612/testingJSON/user175/user175.json,idx_65
pinch,trainingSamples,raw_data/EMG-EPN612/testingJSON/user175/user175.json,idx_66
pinch,trainingSamples,raw_data/EMG-EPN612/testingJSON/user175/user175.json,idx_67
pinch,trainingSamples,raw_data/EMG-EPN612/testingJSON/user175/user175.json,idx_68
pinch,trainingSamples,raw_data/EMG-EPN612/testingJSON/user175/user175.json,idx_69
pinch,trainingSamples,raw_data/EMG-EPN612/testingJSON/user175/user175.json,idx_70
pinch,trainingSamples,raw_data/EMG-EPN612/testingJSON/user175/user175.json,idx_71
pinch,trainingSamples,raw_data/EMG-EPN612/testingJSON/user175/user175.json,idx_72
pinch,trainingSamples,raw_data/EMG-EPN612/testingJSON/user175/user175.json,idx_73
pinch,trainingSamples,raw_data/EMG-EPN612/testingJSON/user175/user175.json,idx_74
pinch,trainingSamples,raw_data/EMG-EPN612/testingJSON/user175/user175.json,idx_75
fist,trainingSamples,raw_data/EMG-EPN612/testingJSON/user175/user175.json,idx_76
fist,trainingSamples,raw_data/EMG-EPN612/testingJSON/user175/user175.json,idx_77
fist,trainingSamples,raw_data/EMG-EPN612/testingJSON/user175/user175.json,idx_78
fist,trainingSamples,raw_data/EMG-EPN612/testingJSON/user175/user175.json,idx_79
fist,trainingSamples,raw_data/EMG-EPN612/testingJSON/user175/user175.json,idx_80
fist,trainingSamples,raw_data/EMG-EPN612/testingJSON/user175/user175.json,idx_81
fist,trainingSamples,raw_data/EMG-EPN612/testingJSON/user175/user175.json,idx_82
fist,trainingSamples,raw_data/EMG-EPN612/testingJSON/user175/user175.json,idx_83
fist,trainingSamples,raw_data/EMG-EPN612/testingJSON/user175/user175.json,idx_84
fist,trainingSamples,raw_data/EMG-EPN612/testingJSON/user175/user175.json,idx_85
fist,trainingSamples,raw_data/EMG-EPN612/testingJSON/user175/user175.json,idx_86
fist,trainingSamples,raw_data/EMG-EPN612/testingJSON/user175/user175.json,idx_87
fist,trainingSamples,raw_data/EMG-EPN612/testingJSON/user175/user175.json,idx_88
fist,trainingSamples,raw_data/EMG-EPN612/testingJSON/user175/user175.json,idx_89
fist,trainingSamples,raw_data/EMG-EPN612/testingJSON/user175/user175.json,idx_90
fist,trainingSamples,raw_data/EMG-EPN612/testingJSON/user175/user175.json,idx_91
fist,trainingSamples,raw_data/EMG-EPN612/testingJSON/user175/user175.json,idx_92
fist,trainingSamples,raw_data/EMG-EPN612/testingJSON/user175/user175.json,idx_93
fist,trainingSamples,raw_data/EMG-EPN612/testingJSON/user175/user175.json,idx_94
fist,trainingSamples,raw_data/EMG-EPN612/testingJSON/user175/user175.json,idx_95
fist,trainingSamples,raw_data/EMG-EPN612/testingJSON/user175/user175.json,idx_96
fist,trainingSamples,raw_data/EMG-EPN612/testingJSON/user175/user175.json,idx_97
fist,trainingSamples,raw_data/EMG-EPN612/testingJSON/user175/user175.json,idx_98
fist,trainingSamples,raw_data/EMG-EPN612/testingJSON/user175/user175.json,idx_99
fist,trainingSamples,raw_data/EMG-EPN612/testingJSON/user175/user175.json,idx_100
waveIn,trainingSamples,raw_data/EMG-EPN612/testingJSON/user175/user175.json,idx_101
waveIn,trainingSamples,raw_data/EMG-EPN612/testingJSON/user175/user175.json,idx_102
waveIn,trainingSamples,raw_data/EMG-EPN612/testingJSON/user175/user175.json,idx_103
waveIn,trainingSamples,raw_data/EMG-EPN612/testingJSON/user175/user175.json,idx_104
waveIn,trainingSamples,raw_data/EMG-EPN612/testingJSON/user175/user175.json,idx_105
waveIn,trainingSamples,raw_data/EMG-EPN612/testingJSON/user175/user175.json,idx_106
waveIn,trainingSamples,raw_data/EMG-EPN612/testingJSON/user175/user175.json,idx_107
waveIn,trainingSamples,raw_data/EMG-EPN612/testingJSON/user175/user175.json,idx_108
waveIn,trainingSamples,raw_data/EMG-EPN612/testingJSON/user175/user175.json,idx_109
waveIn,trainingSamples,raw_data/EMG-EPN612/testingJSON/user175/user175.json,idx_110
waveIn,trainingSamples,raw_data/EMG-EPN612/testingJSON/user175/user175.json,idx_111
waveIn,trainingSamples,raw_data/EMG-EPN612/testingJSON/user175/user175.json,idx_112
waveIn,trainingSamples,raw_data/EMG-EPN612/testingJSON/user175/user175.json,idx_113
waveIn,trainingSamples,raw_data/EMG-EPN612/testingJSON/user175/user175.json,idx_114
waveIn,trainingSamples,raw_data/EMG-EPN612/testingJSON/user175/user175.json,idx_115
waveIn,trainingSamples,raw_data/EMG-EPN612/testingJSON/user175/user175.json,idx_116
waveIn,trainingSamples,raw_data/EMG-EPN612/testingJSON/user175/user175.json,idx_117
waveIn,trainingSamples,raw_data/EMG-EPN612/testingJSON/user175/user175.json,idx_118
waveIn,trainingSamples,raw_data/EMG-EPN612/testingJSON/user175/user175.json,idx_119
waveIn,trainingSamples,raw_data/EMG-EPN612/testingJSON/user175/user175.json,idx_120
waveIn,trainingSamples,raw_data/EMG-EPN612/testingJSON/user175/user175.json,idx_121
waveIn,trainingSamples,raw_data/EMG-EPN612/testingJSON/user175/user175.json,idx_122
waveIn,trainingSamples,raw_data/EMG-EPN612/testingJSON/user175/user175.json,idx_123
waveIn,trainingSamples,raw_data/EMG-EPN612/testingJSON/user175/user175.json,idx_124
waveIn,trainingSamples,raw_data/EMG-EPN612/testingJSON/user175/user175.json,idx_125
open,trainingSamples,raw_data/EMG-EPN612/testingJSON/user175/user175.json,idx_126
open,trainingSamples,raw_data/EMG-EPN612/testingJSON/user175/user175.json,idx_127
open,trainingSamples,raw_data/EMG-EPN612/testingJSON/user175/user175.json,idx_128
open,trainingSamples,raw_data/EMG-EPN612/testingJSON/user175/user175.json,idx_129
open,trainingSamples,raw_data/EMG-EPN612/testingJSON/user175/user175.json,idx_130
open,trainingSamples,raw_data/EMG-EPN612/testingJSON/user175/user175.json,idx_131
open,trainingSamples,raw_data/EMG-EPN612/testingJSON/user175/user175.json,idx_132
open,trainingSamples,raw_data/EMG-EPN612/testingJSON/user175/user175.json,idx_133
open,trainingSamples,raw_data/EMG-EPN612/testingJSON/user175/user175.json,idx_134
open,trainingSamples,raw_data/EMG-EPN612/testingJSON/user175/user175.json,idx_135
open,trainingSamples,raw_data/EMG-EPN612/testingJSON/user175/user175.json,idx_136
open,trainingSamples,raw_data/EMG-EPN612/testingJSON/user175/user175.json,idx_137
open,trainingSamples,raw_data/EMG-EPN612/testingJSON/user175/user175.json,idx_138
open,trainingSamples,raw_data/EMG-EPN612/testingJSON/user175/user175.json,idx_139
open,trainingSamples,raw_data/EMG-EPN612/testingJSON/user175/user175.json,idx_140
open,trainingSamples,raw_data/EMG-EPN612/testingJSON/user175/user175.json,idx_141
open,trainingSamples,raw_data/EMG-EPN612/testingJSON/user175/user175.json,idx_142
open,trainingSamples,raw_data/EMG-EPN612/testingJSON/user175/user175.json,idx_143
open,trainingSamples,raw_data/EMG-EPN612/testingJSON/user175/user175.json,idx_144
open,trainingSamples,raw_data/EMG-EPN612/testingJSON/user175/user175.json,idx_145
open,trainingSamples,raw_data/EMG-EPN612/testingJSON/user175/user175.json,idx_146
open,trainingSamples,raw_data/EMG-EPN612/testingJSON/user175/user175.json,idx_147
open,trainingSamples,raw_data/EMG-EPN612/testingJSON/user175/user175.json,idx_148
open,trainingSamples,raw_data/EMG-EPN612/testingJSON/user175/user175.json,idx_149
open,trainingSamples,raw_data/EMG-EPN612/testingJSON/user175/user175.json,idx_150
noGesture,trainingSamples,raw_data/EMG-EPN612/testingJSON/user176/user176.json,idx_1
noGesture,trainingSamples,raw_data/EMG-EPN612/testingJSON/user176/user176.json,idx_2
noGesture,trainingSamples,raw_data/EMG-EPN612/testingJSON/user176/user176.json,idx_3
noGesture,trainingSamples,raw_data/EMG-EPN612/testingJSON/user176/user176.json,idx_4
noGesture,trainingSamples,raw_data/EMG-EPN612/testingJSON/user176/user176.json,idx_5
noGesture,trainingSamples,raw_data/EMG-EPN612/testingJSON/user176/user176.json,idx_6
noGesture,trainingSamples,raw_data/EMG-EPN612/testingJSON/user176/user176.json,idx_7
noGesture,trainingSamples,raw_data/EMG-EPN612/testingJSON/user176/user176.json,idx_8
noGesture,trainingSamples,raw_data/EMG-EPN612/testingJSON/user176/user176.json,idx_9
noGesture,trainingSamples,raw_data/EMG-EPN612/testingJSON/user176/user176.json,idx_10
noGesture,trainingSamples,raw_data/EMG-EPN612/testingJSON/user176/user176.json,idx_11
noGesture,trainingSamples,raw_data/EMG-EPN612/testingJSON/user176/user176.json,idx_12
noGesture,trainingSamples,raw_data/EMG-EPN612/testingJSON/user176/user176.json,idx_13
noGesture,trainingSamples,raw_data/EMG-EPN612/testingJSON/user176/user176.json,idx_14
noGesture,trainingSamples,raw_data/EMG-EPN612/testingJSON/user176/user176.json,idx_15
noGesture,trainingSamples,raw_data/EMG-EPN612/testingJSON/user176/user176.json,idx_16
noGesture,trainingSamples,raw_data/EMG-EPN612/testingJSON/user176/user176.json,idx_17
noGesture,trainingSamples,raw_data/EMG-EPN612/testingJSON/user176/user176.json,idx_18
noGesture,trainingSamples,raw_data/EMG-EPN612/testingJSON/user176/user176.json,idx_19
noGesture,trainingSamples,raw_data/EMG-EPN612/testingJSON/user176/user176.json,idx_20
noGesture,trainingSamples,raw_data/EMG-EPN612/testingJSON/user176/user176.json,idx_21
noGesture,trainingSamples,raw_data/EMG-EPN612/testingJSON/user176/user176.json,idx_22
noGesture,trainingSamples,raw_data/EMG-EPN612/testingJSON/user176/user176.json,idx_23
noGesture,trainingSamples,raw_data/EMG-EPN612/testingJSON/user176/user176.json,idx_24
noGesture,trainingSamples,raw_data/EMG-EPN612/testingJSON/user176/user176.json,idx_25
waveOut,trainingSamples,raw_data/EMG-EPN612/testingJSON/user176/user176.json,idx_26
waveOut,trainingSamples,raw_data/EMG-EPN612/testingJSON/user176/user176.json,idx_27
waveOut,trainingSamples,raw_data/EMG-EPN612/testingJSON/user176/user176.json,idx_28
waveOut,trainingSamples,raw_data/EMG-EPN612/testingJSON/user176/user176.json,idx_29
waveOut,trainingSamples,raw_data/EMG-EPN612/testingJSON/user176/user176.json,idx_30
waveOut,trainingSamples,raw_data/EMG-EPN612/testingJSON/user176/user176.json,idx_31
waveOut,trainingSamples,raw_data/EMG-EPN612/testingJSON/user176/user176.json,idx_32
waveOut,trainingSamples,raw_data/EMG-EPN612/testingJSON/user176/user176.json,idx_33
waveOut,trainingSamples,raw_data/EMG-EPN612/testingJSON/user176/user176.json,idx_34
waveOut,trainingSamples,raw_data/EMG-EPN612/testingJSON/user176/user176.json,idx_35
waveOut,trainingSamples,raw_data/EMG-EPN612/testingJSON/user176/user176.json,idx_36
waveOut,trainingSamples,raw_data/EMG-EPN612/testingJSON/user176/user176.json,idx_37
waveOut,trainingSamples,raw_data/EMG-EPN612/testingJSON/user176/user176.json,idx_38
waveOut,trainingSamples,raw_data/EMG-EPN612/testingJSON/user176/user176.json,idx_39
waveOut,trainingSamples,raw_data/EMG-EPN612/testingJSON/user176/user176.json,idx_40
waveOut,trainingSamples,raw_data/EMG-EPN612/testingJSON/user176/user176.json,idx_41
waveOut,trainingSamples,raw_data/EMG-EPN612/testingJSON/user176/user176.json,idx_42
waveOut,trainingSamples,raw_data/EMG-EPN612/testingJSON/user176/user176.json,idx_43
waveOut,trainingSamples,raw_data/EMG-EPN612/testingJSON/user176/user176.json,idx_44
waveOut,trainingSamples,raw_data/EMG-EPN612/testingJSON/user176/user176.json,idx_45
waveOut,trainingSamples,raw_data/EMG-EPN612/testingJSON/user176/user176.json,idx_46
waveOut,trainingSamples,raw_data/EMG-EPN612/testingJSON/user176/user176.json,idx_47
waveOut,trainingSamples,raw_data/EMG-EPN612/testingJSON/user176/user176.json,idx_48
waveOut,trainingSamples,raw_data/EMG-EPN612/testingJSON/user176/user176.json,idx_49
waveOut,trainingSamples,raw_data/EMG-EPN612/testingJSON/user176/user176.json,idx_50
pinch,trainingSamples,raw_data/EMG-EPN612/testingJSON/user176/user176.json,idx_51
pinch,trainingSamples,raw_data/EMG-EPN612/testingJSON/user176/user176.json,idx_52
pinch,trainingSamples,raw_data/EMG-EPN612/testingJSON/user176/user176.json,idx_53
pinch,trainingSamples,raw_data/EMG-EPN612/testingJSON/user176/user176.json,idx_54
pinch,trainingSamples,raw_data/EMG-EPN612/testingJSON/user176/user176.json,idx_55
pinch,trainingSamples,raw_data/EMG-EPN612/testingJSON/user176/user176.json,idx_56
pinch,trainingSamples,raw_data/EMG-EPN612/testingJSON/user176/user176.json,idx_57
pinch,trainingSamples,raw_data/EMG-EPN612/testingJSON/user176/user176.json,idx_58
pinch,trainingSamples,raw_data/EMG-EPN612/testingJSON/user176/user176.json,idx_59
pinch,trainingSamples,raw_data/EMG-EPN612/testingJSON/user176/user176.json,idx_60
pinch,trainingSamples,raw_data/EMG-EPN612/testingJSON/user176/user176.json,idx_61
pinch,trainingSamples,raw_data/EMG-EPN612/testingJSON/user176/user176.json,idx_62
pinch,trainingSamples,raw_data/EMG-EPN612/testingJSON/user176/user176.json,idx_63
pinch,trainingSamples,raw_data/EMG-EPN612/testingJSON/user176/user176.json,idx_64
pinch,trainingSamples,raw_data/EMG-EPN612/testingJSON/user176/user176.json,idx_65
pinch,trainingSamples,raw_data/EMG-EPN612/testingJSON/user176/user176.json,idx_66
pinch,trainingSamples,raw_data/EMG-EPN612/testingJSON/user176/user176.json,idx_67
pinch,trainingSamples,raw_data/EMG-EPN612/testingJSON/user176/user176.json,idx_68
pinch,trainingSamples,raw_data/EMG-EPN612/testingJSON/user176/user176.json,idx_69
pinch,trainingSamples,raw_data/EMG-EPN612/testingJSON/user176/user176.json,idx_70
pinch,trainingSamples,raw_data/EMG-EPN612/testingJSON/user176/user176.json,idx_71
pinch,trainingSamples,raw_data/EMG-EPN612/testingJSON/user176/user176.json,idx_72
pinch,trainingSamples,raw_data/EMG-EPN612/testingJSON/user176/user176.json,idx_73
pinch,trainingSamples,raw_data/EMG-EPN612/testingJSON/user176/user176.json,idx_74
pinch,trainingSamples,raw_data/EMG-EPN612/testingJSON/user176/user176.json,idx_75
fist,trainingSamples,raw_data/EMG-EPN612/testingJSON/user176/user176.json,idx_76
fist,trainingSamples,raw_data/EMG-EPN612/testingJSON/user176/user176.json,idx_77
fist,trainingSamples,raw_data/EMG-EPN612/testingJSON/user176/user176.json,idx_78
fist,trainingSamples,raw_data/EMG-EPN612/testingJSON/user176/user176.json,idx_79
fist,trainingSamples,raw_data/EMG-EPN612/testingJSON/user176/user176.json,idx_80
fist,trainingSamples,raw_data/EMG-EPN612/testingJSON/user176/user176.json,idx_81
fist,trainingSamples,raw_data/EMG-EPN612/testingJSON/user176/user176.json,idx_82
fist,trainingSamples,raw_data/EMG-EPN612/testingJSON/user176/user176.json,idx_83
fist,trainingSamples,raw_data/EMG-EPN612/testingJSON/user176/user176.json,idx_84
fist,trainingSamples,raw_data/EMG-EPN612/testingJSON/user176/user176.json,idx_85
fist,trainingSamples,raw_data/EMG-EPN612/testingJSON/user176/user176.json,idx_86
fist,trainingSamples,raw_data/EMG-EPN612/testingJSON/user176/user176.json,idx_87
fist,trainingSamples,raw_data/EMG-EPN612/testingJSON/user176/user176.json,idx_88
fist,trainingSamples,raw_data/EMG-EPN612/testingJSON/user176/user176.json,idx_89
fist,trainingSamples,raw_data/EMG-EPN612/testingJSON/user176/user176.json,idx_90
fist,trainingSamples,raw_data/EMG-EPN612/testingJSON/user176/user176.json,idx_91
fist,trainingSamples,raw_data/EMG-EPN612/testingJSON/user176/user176.json,idx_92
fist,trainingSamples,raw_data/EMG-EPN612/testingJSON/user176/user176.json,idx_93
fist,trainingSamples,raw_data/EMG-EPN612/testingJSON/user176/user176.json,idx_94
fist,trainingSamples,raw_data/EMG-EPN612/testingJSON/user176/user176.json,idx_95
fist,trainingSamples,raw_data/EMG-EPN612/testingJSON/user176/user176.json,idx_96
fist,trainingSamples,raw_data/EMG-EPN612/testingJSON/user176/user176.json,idx_97
fist,trainingSamples,raw_data/EMG-EPN612/testingJSON/user176/user176.json,idx_98
fist,trainingSamples,raw_data/EMG-EPN612/testingJSON/user176/user176.json,idx_99
fist,trainingSamples,raw_data/EMG-EPN612/testingJSON/user176/user176.json,idx_100
waveIn,trainingSamples,raw_data/EMG-EPN612/testingJSON/user176/user176.json,idx_101
waveIn,trainingSamples,raw_data/EMG-EPN612/testingJSON/user176/user176.json,idx_102
waveIn,trainingSamples,raw_data/EMG-EPN612/testingJSON/user176/user176.json,idx_103
waveIn,trainingSamples,raw_data/EMG-EPN612/testingJSON/user176/user176.json,idx_104
waveIn,trainingSamples,raw_data/EMG-EPN612/testingJSON/user176/user176.json,idx_105
waveIn,trainingSamples,raw_data/EMG-EPN612/testingJSON/user176/user176.json,idx_106
waveIn,trainingSamples,raw_data/EMG-EPN612/testingJSON/user176/user176.json,idx_107
waveIn,trainingSamples,raw_data/EMG-EPN612/testingJSON/user176/user176.json,idx_108
waveIn,trainingSamples,raw_data/EMG-EPN612/testingJSON/user176/user176.json,idx_109
waveIn,trainingSamples,raw_data/EMG-EPN612/testingJSON/user176/user176.json,idx_110
waveIn,trainingSamples,raw_data/EMG-EPN612/testingJSON/user176/user176.json,idx_111
waveIn,trainingSamples,raw_data/EMG-EPN612/testingJSON/user176/user176.json,idx_112
waveIn,trainingSamples,raw_data/EMG-EPN612/testingJSON/user176/user176.json,idx_113
waveIn,trainingSamples,raw_data/EMG-EPN612/testingJSON/user176/user176.json,idx_114
waveIn,trainingSamples,raw_data/EMG-EPN612/testingJSON/user176/user176.json,idx_115
waveIn,trainingSamples,raw_data/EMG-EPN612/testingJSON/user176/user176.json,idx_116
waveIn,trainingSamples,raw_data/EMG-EPN612/testingJSON/user176/user176.json,idx_117
waveIn,trainingSamples,raw_data/EMG-EPN612/testingJSON/user176/user176.json,idx_118
waveIn,trainingSamples,raw_data/EMG-EPN612/testingJSON/user176/user176.json,idx_119
waveIn,trainingSamples,raw_data/EMG-EPN612/testingJSON/user176/user176.json,idx_120
waveIn,trainingSamples,raw_data/EMG-EPN612/testingJSON/user176/user176.json,idx_121
waveIn,trainingSamples,raw_data/EMG-EPN612/testingJSON/user176/user176.json,idx_122
waveIn,trainingSamples,raw_data/EMG-EPN612/testingJSON/user176/user176.json,idx_123
waveIn,trainingSamples,raw_data/EMG-EPN612/testingJSON/user176/user176.json,idx_124
waveIn,trainingSamples,raw_data/EMG-EPN612/testingJSON/user176/user176.json,idx_125
open,trainingSamples,raw_data/EMG-EPN612/testingJSON/user176/user176.json,idx_126
open,trainingSamples,raw_data/EMG-EPN612/testingJSON/user176/user176.json,idx_127
open,trainingSamples,raw_data/EMG-EPN612/testingJSON/user176/user176.json,idx_128
open,trainingSamples,raw_data/EMG-EPN612/testingJSON/user176/user176.json,idx_129
open,trainingSamples,raw_data/EMG-EPN612/testingJSON/user176/user176.json,idx_130
open,trainingSamples,raw_data/EMG-EPN612/testingJSON/user176/user176.json,idx_131
open,trainingSamples,raw_data/EMG-EPN612/testingJSON/user176/user176.json,idx_132
open,trainingSamples,raw_data/EMG-EPN612/testingJSON/user176/user176.json,idx_133
open,trainingSamples,raw_data/EMG-EPN612/testingJSON/user176/user176.json,idx_134
open,trainingSamples,raw_data/EMG-EPN612/testingJSON/user176/user176.json,idx_135
open,trainingSamples,raw_data/EMG-EPN612/testingJSON/user176/user176.json,idx_136
open,trainingSamples,raw_data/EMG-EPN612/testingJSON/user176/user176.json,idx_137
open,trainingSamples,raw_data/EMG-EPN612/testingJSON/user176/user176.json,idx_138
open,trainingSamples,raw_data/EMG-EPN612/testingJSON/user176/user176.json,idx_139
open,trainingSamples,raw_data/EMG-EPN612/testingJSON/user176/user176.json,idx_140
open,trainingSamples,raw_data/EMG-EPN612/testingJSON/user176/user176.json,idx_141
open,trainingSamples,raw_data/EMG-EPN612/testingJSON/user176/user176.json,idx_142
open,trainingSamples,raw_data/EMG-EPN612/testingJSON/user176/user176.json,idx_143
open,trainingSamples,raw_data/EMG-EPN612/testingJSON/user176/user176.json,idx_144
open,trainingSamples,raw_data/EMG-EPN612/testingJSON/user176/user176.json,idx_145
open,trainingSamples,raw_data/EMG-EPN612/testingJSON/user176/user176.json,idx_146
open,trainingSamples,raw_data/EMG-EPN612/testingJSON/user176/user176.json,idx_147
open,trainingSamples,raw_data/EMG-EPN612/testingJSON/user176/user176.json,idx_148
open,trainingSamples,raw_data/EMG-EPN612/testingJSON/user176/user176.json,idx_149
open,trainingSamples,raw_data/EMG-EPN612/testingJSON/user176/user176.json,idx_150
noGesture,trainingSamples,raw_data/EMG-EPN612/testingJSON/user177/user177.json,idx_1
noGesture,trainingSamples,raw_data/EMG-EPN612/testingJSON/user177/user177.json,idx_2
noGesture,trainingSamples,raw_data/EMG-EPN612/testingJSON/user177/user177.json,idx_3
noGesture,trainingSamples,raw_data/EMG-EPN612/testingJSON/user177/user177.json,idx_4
noGesture,trainingSamples,raw_data/EMG-EPN612/testingJSON/user177/user177.json,idx_5
noGesture,trainingSamples,raw_data/EMG-EPN612/testingJSON/user177/user177.json,idx_6
noGesture,trainingSamples,raw_data/EMG-EPN612/testingJSON/user177/user177.json,idx_7
noGesture,trainingSamples,raw_data/EMG-EPN612/testingJSON/user177/user177.json,idx_8
noGesture,trainingSamples,raw_data/EMG-EPN612/testingJSON/user177/user177.json,idx_9
noGesture,trainingSamples,raw_data/EMG-EPN612/testingJSON/user177/user177.json,idx_10
noGesture,trainingSamples,raw_data/EMG-EPN612/testingJSON/user177/user177.json,idx_11
noGesture,trainingSamples,raw_data/EMG-EPN612/testingJSON/user177/user177.json,idx_12
noGesture,trainingSamples,raw_data/EMG-EPN612/testingJSON/user177/user177.json,idx_13
noGesture,trainingSamples,raw_data/EMG-EPN612/testingJSON/user177/user177.json,idx_14
noGesture,trainingSamples,raw_data/EMG-EPN612/testingJSON/user177/user177.json,idx_15
noGesture,trainingSamples,raw_data/EMG-EPN612/testingJSON/user177/user177.json,idx_16
noGesture,trainingSamples,raw_data/EMG-EPN612/testingJSON/user177/user177.json,idx_17
noGesture,trainingSamples,raw_data/EMG-EPN612/testingJSON/user177/user177.json,idx_18
noGesture,trainingSamples,raw_data/EMG-EPN612/testingJSON/user177/user177.json,idx_19
noGesture,trainingSamples,raw_data/EMG-EPN612/testingJSON/user177/user177.json,idx_20
noGesture,trainingSamples,raw_data/EMG-EPN612/testingJSON/user177/user177.json,idx_21
noGesture,trainingSamples,raw_data/EMG-EPN612/testingJSON/user177/user177.json,idx_22
noGesture,trainingSamples,raw_data/EMG-EPN612/testingJSON/user177/user177.json,idx_23
noGesture,trainingSamples,raw_data/EMG-EPN612/testingJSON/user177/user177.json,idx_24
noGesture,trainingSamples,raw_data/EMG-EPN612/testingJSON/user177/user177.json,idx_25
open,trainingSamples,raw_data/EMG-EPN612/testingJSON/user177/user177.json,idx_26
open,trainingSamples,raw_data/EMG-EPN612/testingJSON/user177/user177.json,idx_27
open,trainingSamples,raw_data/EMG-EPN612/testingJSON/user177/user177.json,idx_28
open,trainingSamples,raw_data/EMG-EPN612/testingJSON/user177/user177.json,idx_29
open,trainingSamples,raw_data/EMG-EPN612/testingJSON/user177/user177.json,idx_30
open,trainingSamples,raw_data/EMG-EPN612/testingJSON/user177/user177.json,idx_31
open,trainingSamples,raw_data/EMG-EPN612/testingJSON/user177/user177.json,idx_32
open,trainingSamples,raw_data/EMG-EPN612/testingJSON/user177/user177.json,idx_33
open,trainingSamples,raw_data/EMG-EPN612/testingJSON/user177/user177.json,idx_34
open,trainingSamples,raw_data/EMG-EPN612/testingJSON/user177/user177.json,idx_35
open,trainingSamples,raw_data/EMG-EPN612/testingJSON/user177/user177.json,idx_36
open,trainingSamples,raw_data/EMG-EPN612/testingJSON/user177/user177.json,idx_37
open,trainingSamples,raw_data/EMG-EPN612/testingJSON/user177/user177.json,idx_38
open,trainingSamples,raw_data/EMG-EPN612/testingJSON/user177/user177.json,idx_39
open,trainingSamples,raw_data/EMG-EPN612/testingJSON/user177/user177.json,idx_40
open,trainingSamples,raw_data/EMG-EPN612/testingJSON/user177/user177.json,idx_41
open,trainingSamples,raw_data/EMG-EPN612/testingJSON/user177/user177.json,idx_42
open,trainingSamples,raw_data/EMG-EPN612/testingJSON/user177/user177.json,idx_43
open,trainingSamples,raw_data/EMG-EPN612/testingJSON/user177/user177.json,idx_44
open,trainingSamples,raw_data/EMG-EPN612/testingJSON/user177/user177.json,idx_45
open,trainingSamples,raw_data/EMG-EPN612/testingJSON/user177/user177.json,idx_46
open,trainingSamples,raw_data/EMG-EPN612/testingJSON/user177/user177.json,idx_47
open,trainingSamples,raw_data/EMG-EPN612/testingJSON/user177/user177.json,idx_48
open,trainingSamples,raw_data/EMG-EPN612/testingJSON/user177/user177.json,idx_49
open,trainingSamples,raw_data/EMG-EPN612/testingJSON/user177/user177.json,idx_50
pinch,trainingSamples,raw_data/EMG-EPN612/testingJSON/user177/user177.json,idx_51
pinch,trainingSamples,raw_data/EMG-EPN612/testingJSON/user177/user177.json,idx_52
pinch,trainingSamples,raw_data/EMG-EPN612/testingJSON/user177/user177.json,idx_53
pinch,trainingSamples,raw_data/EMG-EPN612/testingJSON/user177/user177.json,idx_54
pinch,trainingSamples,raw_data/EMG-EPN612/testingJSON/user177/user177.json,idx_55
pinch,trainingSamples,raw_data/EMG-EPN612/testingJSON/user177/user177.json,idx_56
pinch,trainingSamples,raw_data/EMG-EPN612/testingJSON/user177/user177.json,idx_57
pinch,trainingSamples,raw_data/EMG-EPN612/testingJSON/user177/user177.json,idx_58
pinch,trainingSamples,raw_data/EMG-EPN612/testingJSON/user177/user177.json,idx_59
pinch,trainingSamples,raw_data/EMG-EPN612/testingJSON/user177/user177.json,idx_60
pinch,trainingSamples,raw_data/EMG-EPN612/testingJSON/user177/user177.json,idx_61
pinch,trainingSamples,raw_data/EMG-EPN612/testingJSON/user177/user177.json,idx_62
pinch,trainingSamples,raw_data/EMG-EPN612/testingJSON/user177/user177.json,idx_63
pinch,trainingSamples,raw_data/EMG-EPN612/testingJSON/user177/user177.json,idx_64
pinch,trainingSamples,raw_data/EMG-EPN612/testingJSON/user177/user177.json,idx_65
pinch,trainingSamples,raw_data/EMG-EPN612/testingJSON/user177/user177.json,idx_66
pinch,trainingSamples,raw_data/EMG-EPN612/testingJSON/user177/user177.json,idx_67
pinch,trainingSamples,raw_data/EMG-EPN612/testingJSON/user177/user177.json,idx_68
pinch,trainingSamples,raw_data/EMG-EPN612/testingJSON/user177/user177.json,idx_69
pinch,trainingSamples,raw_data/EMG-EPN612/testingJSON/user177/user177.json,idx_70
pinch,trainingSamples,raw_data/EMG-EPN612/testingJSON/user177/user177.json,idx_71
pinch,trainingSamples,raw_data/EMG-EPN612/testingJSON/user177/user177.json,idx_72
pinch,trainingSamples,raw_data/EMG-EPN612/testingJSON/user177/user177.json,idx_73
pinch,trainingSamples,raw_data/EMG-EPN612/testingJSON/user177/user177.json,idx_74
pinch,trainingSamples,raw_data/EMG-EPN612/testingJSON/user177/user177.json,idx_75
waveIn,trainingSamples,raw_data/EMG-EPN612/testingJSON/user177/user177.json,idx_76
waveIn,trainingSamples,raw_data/EMG-EPN612/testingJSON/user177/user177.json,idx_77
waveIn,trainingSamples,raw_data/EMG-EPN612/testingJSON/user177/user177.json,idx_78
waveIn,trainingSamples,raw_data/EMG-EPN612/testingJSON/user177/user177.json,idx_79
waveIn,trainingSamples,raw_data/EMG-EPN612/testingJSON/user177/user177.json,idx_80
waveIn,trainingSamples,raw_data/EMG-EPN612/testingJSON/user177/user177.json,idx_81
waveIn,trainingSamples,raw_data/EMG-EPN612/testingJSON/user177/user177.json,idx_82
waveIn,trainingSamples,raw_data/EMG-EPN612/testingJSON/user177/user177.json,idx_83
waveIn,trainingSamples,raw_data/EMG-EPN612/testingJSON/user177/user177.json,idx_84
waveIn,trainingSamples,raw_data/EMG-EPN612/testingJSON/user177/user177.json,idx_85
waveIn,trainingSamples,raw_data/EMG-EPN612/testingJSON/user177/user177.json,idx_86
waveIn,trainingSamples,raw_data/EMG-EPN612/testingJSON/user177/user177.json,idx_87
waveIn,trainingSamples,raw_data/EMG-EPN612/testingJSON/user177/user177.json,idx_88
waveIn,trainingSamples,raw_data/EMG-EPN612/testingJSON/user177/user177.json,idx_89
waveIn,trainingSamples,raw_data/EMG-EPN612/testingJSON/user177/user177.json,idx_90
waveIn,trainingSamples,raw_data/EMG-EPN612/testingJSON/user177/user177.json,idx_91
waveIn,trainingSamples,raw_data/EMG-EPN612/testingJSON/user177/user177.json,idx_92
waveIn,trainingSamples,raw_data/EMG-EPN612/testingJSON/user177/user177.json,idx_93
waveIn,trainingSamples,raw_data/EMG-EPN612/testingJSON/user177/user177.json,idx_94
waveIn,trainingSamples,raw_data/EMG-EPN612/testingJSON/user177/user177.json,idx_95
waveIn,trainingSamples,raw_data/EMG-EPN612/testingJSON/user177/user177.json,idx_96
waveIn,trainingSamples,raw_data/EMG-EPN612/testingJSON/user177/user177.json,idx_97
waveIn,trainingSamples,raw_data/EMG-EPN612/testingJSON/user177/user177.json,idx_98
waveIn,trainingSamples,raw_data/EMG-EPN612/testingJSON/user177/user177.json,idx_99
waveIn,trainingSamples,raw_data/EMG-EPN612/testingJSON/user177/user177.json,idx_100
waveOut,trainingSamples,raw_data/EMG-EPN612/testingJSON/user177/user177.json,idx_101
waveOut,trainingSamples,raw_data/EMG-EPN612/testingJSON/user177/user177.json,idx_102
waveOut,trainingSamples,raw_data/EMG-EPN612/testingJSON/user177/user177.json,idx_103
waveOut,trainingSamples,raw_data/EMG-EPN612/testingJSON/user177/user177.json,idx_104
waveOut,trainingSamples,raw_data/EMG-EPN612/testingJSON/user177/user177.json,idx_105
waveOut,trainingSamples,raw_data/EMG-EPN612/testingJSON/user177/user177.json,idx_106
waveOut,trainingSamples,raw_data/EMG-EPN612/testingJSON/user177/user177.json,idx_107
waveOut,trainingSamples,raw_data/EMG-EPN612/testingJSON/user177/user177.json,idx_108
waveOut,trainingSamples,raw_data/EMG-EPN612/testingJSON/user177/user177.json,idx_109
waveOut,trainingSamples,raw_data/EMG-EPN612/testingJSON/user177/user177.json,idx_110
waveOut,trainingSamples,raw_data/EMG-EPN612/testingJSON/user177/user177.json,idx_111
waveOut,trainingSamples,raw_data/EMG-EPN612/testingJSON/user177/user177.json,idx_112
waveOut,trainingSamples,raw_data/EMG-EPN612/testingJSON/user177/user177.json,idx_113
waveOut,trainingSamples,raw_data/EMG-EPN612/testingJSON/user177/user177.json,idx_114
waveOut,trainingSamples,raw_data/EMG-EPN612/testingJSON/user177/user177.json,idx_115
waveOut,trainingSamples,raw_data/EMG-EPN612/testingJSON/user177/user177.json,idx_116
waveOut,trainingSamples,raw_data/EMG-EPN612/testingJSON/user177/user177.json,idx_117
waveOut,trainingSamples,raw_data/EMG-EPN612/testingJSON/user177/user177.json,idx_118
waveOut,trainingSamples,raw_data/EMG-EPN612/testingJSON/user177/user177.json,idx_119
waveOut,trainingSamples,raw_data/EMG-EPN612/testingJSON/user177/user177.json,idx_120
waveOut,trainingSamples,raw_data/EMG-EPN612/testingJSON/user177/user177.json,idx_121
waveOut,trainingSamples,raw_data/EMG-EPN612/testingJSON/user177/user177.json,idx_122
waveOut,trainingSamples,raw_data/EMG-EPN612/testingJSON/user177/user177.json,idx_123
waveOut,trainingSamples,raw_data/EMG-EPN612/testingJSON/user177/user177.json,idx_124
waveOut,trainingSamples,raw_data/EMG-EPN612/testingJSON/user177/user177.json,idx_125
fist,trainingSamples,raw_data/EMG-EPN612/testingJSON/user177/user177.json,idx_126
fist,trainingSamples,raw_data/EMG-EPN612/testingJSON/user177/user177.json,idx_127
fist,trainingSamples,raw_data/EMG-EPN612/testingJSON/user177/user177.json,idx_128
fist,trainingSamples,raw_data/EMG-EPN612/testingJSON/user177/user177.json,idx_129
fist,trainingSamples,raw_data/EMG-EPN612/testingJSON/user177/user177.json,idx_130
fist,trainingSamples,raw_data/EMG-EPN612/testingJSON/user177/user177.json,idx_131
fist,trainingSamples,raw_data/EMG-EPN612/testingJSON/user177/user177.json,idx_132
fist,trainingSamples,raw_data/EMG-EPN612/testingJSON/user177/user177.json,idx_133
fist,trainingSamples,raw_data/EMG-EPN612/testingJSON/user177/user177.json,idx_134
fist,trainingSamples,raw_data/EMG-EPN612/testingJSON/user177/user177.json,idx_135
fist,trainingSamples,raw_data/EMG-EPN612/testingJSON/user177/user177.json,idx_136
fist,trainingSamples,raw_data/EMG-EPN612/testingJSON/user177/user177.json,idx_137
fist,trainingSamples,raw_data/EMG-EPN612/testingJSON/user177/user177.json,idx_138
fist,trainingSamples,raw_data/EMG-EPN612/testingJSON/user177/user177.json,idx_139
fist,trainingSamples,raw_data/EMG-EPN612/testingJSON/user177/user177.json,idx_140
fist,trainingSamples,raw_data/EMG-EPN612/testingJSON/user177/user177.json,idx_141
fist,trainingSamples,raw_data/EMG-EPN612/testingJSON/user177/user177.json,idx_142
fist,trainingSamples,raw_data/EMG-EPN612/testingJSON/user177/user177.json,idx_143
fist,trainingSamples,raw_data/EMG-EPN612/testingJSON/user177/user177.json,idx_144
fist,trainingSamples,raw_data/EMG-EPN612/testingJSON/user177/user177.json,idx_145
fist,trainingSamples,raw_data/EMG-EPN612/testingJSON/user177/user177.json,idx_146
fist,trainingSamples,raw_data/EMG-EPN612/testingJSON/user177/user177.json,idx_147
fist,trainingSamples,raw_data/EMG-EPN612/testingJSON/user177/user177.json,idx_148
fist,trainingSamples,raw_data/EMG-EPN612/testingJSON/user177/user177.json,idx_149
fist,trainingSamples,raw_data/EMG-EPN612/testingJSON/user177/user177.json,idx_150
noGesture,trainingSamples,raw_data/EMG-EPN612/testingJSON/user178/user178.json,idx_1
noGesture,trainingSamples,raw_data/EMG-EPN612/testingJSON/user178/user178.json,idx_2
noGesture,trainingSamples,raw_data/EMG-EPN612/testingJSON/user178/user178.json,idx_3
noGesture,trainingSamples,raw_data/EMG-EPN612/testingJSON/user178/user178.json,idx_4
noGesture,trainingSamples,raw_data/EMG-EPN612/testingJSON/user178/user178.json,idx_5
noGesture,trainingSamples,raw_data/EMG-EPN612/testingJSON/user178/user178.json,idx_6
noGesture,trainingSamples,raw_data/EMG-EPN612/testingJSON/user178/user178.json,idx_7
noGesture,trainingSamples,raw_data/EMG-EPN612/testingJSON/user178/user178.json,idx_8
noGesture,trainingSamples,raw_data/EMG-EPN612/testingJSON/user178/user178.json,idx_9
noGesture,trainingSamples,raw_data/EMG-EPN612/testingJSON/user178/user178.json,idx_10
noGesture,trainingSamples,raw_data/EMG-EPN612/testingJSON/user178/user178.json,idx_11
noGesture,trainingSamples,raw_data/EMG-EPN612/testingJSON/user178/user178.json,idx_12
noGesture,trainingSamples,raw_data/EMG-EPN612/testingJSON/user178/user178.json,idx_13
noGesture,trainingSamples,raw_data/EMG-EPN612/testingJSON/user178/user178.json,idx_14
noGesture,trainingSamples,raw_data/EMG-EPN612/testingJSON/user178/user178.json,idx_15
noGesture,trainingSamples,raw_data/EMG-EPN612/testingJSON/user178/user178.json,idx_16
noGesture,trainingSamples,raw_data/EMG-EPN612/testingJSON/user178/user178.json,idx_17
noGesture,trainingSamples,raw_data/EMG-EPN612/testingJSON/user178/user178.json,idx_18
noGesture,trainingSamples,raw_data/EMG-EPN612/testingJSON/user178/user178.json,idx_19
noGesture,trainingSamples,raw_data/EMG-EPN612/testingJSON/user178/user178.json,idx_20
noGesture,trainingSamples,raw_data/EMG-EPN612/testingJSON/user178/user178.json,idx_21
noGesture,trainingSamples,raw_data/EMG-EPN612/testingJSON/user178/user178.json,idx_22
noGesture,trainingSamples,raw_data/EMG-EPN612/testingJSON/user178/user178.json,idx_23
noGesture,trainingSamples,raw_data/EMG-EPN612/testingJSON/user178/user178.json,idx_24
noGesture,trainingSamples,raw_data/EMG-EPN612/testingJSON/user178/user178.json,idx_25
waveOut,trainingSamples,raw_data/EMG-EPN612/testingJSON/user178/user178.json,idx_26
waveOut,trainingSamples,raw_data/EMG-EPN612/testingJSON/user178/user178.json,idx_27
waveOut,trainingSamples,raw_data/EMG-EPN612/testingJSON/user178/user178.json,idx_28
waveOut,trainingSamples,raw_data/EMG-EPN612/testingJSON/user178/user178.json,idx_29
waveOut,trainingSamples,raw_data/EMG-EPN612/testingJSON/user178/user178.json,idx_30
waveOut,trainingSamples,raw_data/EMG-EPN612/testingJSON/user178/user178.json,idx_31
waveOut,trainingSamples,raw_data/EMG-EPN612/testingJSON/user178/user178.json,idx_32
waveOut,trainingSamples,raw_data/EMG-EPN612/testingJSON/user178/user178.json,idx_33
waveOut,trainingSamples,raw_data/EMG-EPN612/testingJSON/user178/user178.json,idx_34
waveOut,trainingSamples,raw_data/EMG-EPN612/testingJSON/user178/user178.json,idx_35
waveOut,trainingSamples,raw_data/EMG-EPN612/testingJSON/user178/user178.json,idx_36
waveOut,trainingSamples,raw_data/EMG-EPN612/testingJSON/user178/user178.json,idx_37
waveOut,trainingSamples,raw_data/EMG-EPN612/testingJSON/user178/user178.json,idx_38
waveOut,trainingSamples,raw_data/EMG-EPN612/testingJSON/user178/user178.json,idx_39
waveOut,trainingSamples,raw_data/EMG-EPN612/testingJSON/user178/user178.json,idx_40
waveOut,trainingSamples,raw_data/EMG-EPN612/testingJSON/user178/user178.json,idx_41
waveOut,trainingSamples,raw_data/EMG-EPN612/testingJSON/user178/user178.json,idx_42
waveOut,trainingSamples,raw_data/EMG-EPN612/testingJSON/user178/user178.json,idx_43
waveOut,trainingSamples,raw_data/EMG-EPN612/testingJSON/user178/user178.json,idx_44
waveOut,trainingSamples,raw_data/EMG-EPN612/testingJSON/user178/user178.json,idx_45
waveOut,trainingSamples,raw_data/EMG-EPN612/testingJSON/user178/user178.json,idx_46
waveOut,trainingSamples,raw_data/EMG-EPN612/testingJSON/user178/user178.json,idx_47
waveOut,trainingSamples,raw_data/EMG-EPN612/testingJSON/user178/user178.json,idx_48
waveOut,trainingSamples,raw_data/EMG-EPN612/testingJSON/user178/user178.json,idx_49
waveOut,trainingSamples,raw_data/EMG-EPN612/testingJSON/user178/user178.json,idx_50
pinch,trainingSamples,raw_data/EMG-EPN612/testingJSON/user178/user178.json,idx_51
pinch,trainingSamples,raw_data/EMG-EPN612/testingJSON/user178/user178.json,idx_52
pinch,trainingSamples,raw_data/EMG-EPN612/testingJSON/user178/user178.json,idx_53
pinch,trainingSamples,raw_data/EMG-EPN612/testingJSON/user178/user178.json,idx_54
pinch,trainingSamples,raw_data/EMG-EPN612/testingJSON/user178/user178.json,idx_55
pinch,trainingSamples,raw_data/EMG-EPN612/testingJSON/user178/user178.json,idx_56
pinch,trainingSamples,raw_data/EMG-EPN612/testingJSON/user178/user178.json,idx_57
pinch,trainingSamples,raw_data/EMG-EPN612/testingJSON/user178/user178.json,idx_58
pinch,trainingSamples,raw_data/EMG-EPN612/testingJSON/user178/user178.json,idx_59
pinch,trainingSamples,raw_data/EMG-EPN612/testingJSON/user178/user178.json,idx_60
pinch,trainingSamples,raw_data/EMG-EPN612/testingJSON/user178/user178.json,idx_61
pinch,trainingSamples,raw_data/EMG-EPN612/testingJSON/user178/user178.json,idx_62
pinch,trainingSamples,raw_data/EMG-EPN612/testingJSON/user178/user178.json,idx_63
pinch,trainingSamples,raw_data/EMG-EPN612/testingJSON/user178/user178.json,idx_64
pinch,trainingSamples,raw_data/EMG-EPN612/testingJSON/user178/user178.json,idx_65
pinch,trainingSamples,raw_data/EMG-EPN612/testingJSON/user178/user178.json,idx_66
pinch,trainingSamples,raw_data/EMG-EPN612/testingJSON/user178/user178.json,idx_67
pinch,trainingSamples,raw_data/EMG-EPN612/testingJSON/user178/user178.json,idx_68
pinch,trainingSamples,raw_data/EMG-EPN612/testingJSON/user178/user178.json,idx_69
pinch,trainingSamples,raw_data/EMG-EPN612/testingJSON/user178/user178.json,idx_70
pinch,trainingSamples,raw_data/EMG-EPN612/testingJSON/user178/user178.json,idx_71
pinch,trainingSamples,raw_data/EMG-EPN612/testingJSON/user178/user178.json,idx_72
pinch,trainingSamples,raw_data/EMG-EPN612/testingJSON/user178/user178.json,idx_73
pinch,trainingSamples,raw_data/EMG-EPN612/testingJSON/user178/user178.json,idx_74
pinch,trainingSamples,raw_data/EMG-EPN612/testingJSON/user178/user178.json,idx_75
fist,trainingSamples,raw_data/EMG-EPN612/testingJSON/user178/user178.json,idx_76
fist,trainingSamples,raw_data/EMG-EPN612/testingJSON/user178/user178.json,idx_77
fist,trainingSamples,raw_data/EMG-EPN612/testingJSON/user178/user178.json,idx_78
fist,trainingSamples,raw_data/EMG-EPN612/testingJSON/user178/user178.json,idx_79
fist,trainingSamples,raw_data/EMG-EPN612/testingJSON/user178/user178.json,idx_80
fist,trainingSamples,raw_data/EMG-EPN612/testingJSON/user178/user178.json,idx_81
fist,trainingSamples,raw_data/EMG-EPN612/testingJSON/user178/user178.json,idx_82
fist,trainingSamples,raw_data/EMG-EPN612/testingJSON/user178/user178.json,idx_83
fist,trainingSamples,raw_data/EMG-EPN612/testingJSON/user178/user178.json,idx_84
fist,trainingSamples,raw_data/EMG-EPN612/testingJSON/user178/user178.json,idx_85
fist,trainingSamples,raw_data/EMG-EPN612/testingJSON/user178/user178.json,idx_86
fist,trainingSamples,raw_data/EMG-EPN612/testingJSON/user178/user178.json,idx_87
fist,trainingSamples,raw_data/EMG-EPN612/testingJSON/user178/user178.json,idx_88
fist,trainingSamples,raw_data/EMG-EPN612/testingJSON/user178/user178.json,idx_89
fist,trainingSamples,raw_data/EMG-EPN612/testingJSON/user178/user178.json,idx_90
fist,trainingSamples,raw_data/EMG-EPN612/testingJSON/user178/user178.json,idx_91
fist,trainingSamples,raw_data/EMG-EPN612/testingJSON/user178/user178.json,idx_92
fist,trainingSamples,raw_data/EMG-EPN612/testingJSON/user178/user178.json,idx_93
fist,trainingSamples,raw_data/EMG-EPN612/testingJSON/user178/user178.json,idx_94
fist,trainingSamples,raw_data/EMG-EPN612/testingJSON/user178/user178.json,idx_95
fist,trainingSamples,raw_data/EMG-EPN612/testingJSON/user178/user178.json,idx_96
fist,trainingSamples,raw_data/EMG-EPN612/testingJSON/user178/user178.json,idx_97
fist,trainingSamples,raw_data/EMG-EPN612/testingJSON/user178/user178.json,idx_98
fist,trainingSamples,raw_data/EMG-EPN612/testingJSON/user178/user178.json,idx_99
fist,trainingSamples,raw_data/EMG-EPN612/testingJSON/user178/user178.json,idx_100
waveIn,trainingSamples,raw_data/EMG-EPN612/testingJSON/user178/user178.json,idx_101
waveIn,trainingSamples,raw_data/EMG-EPN612/testingJSON/user178/user178.json,idx_102
waveIn,trainingSamples,raw_data/EMG-EPN612/testingJSON/user178/user178.json,idx_103
waveIn,trainingSamples,raw_data/EMG-EPN612/testingJSON/user178/user178.json,idx_104
waveIn,trainingSamples,raw_data/EMG-EPN612/testingJSON/user178/user178.json,idx_105
waveIn,trainingSamples,raw_data/EMG-EPN612/testingJSON/user178/user178.json,idx_106
waveIn,trainingSamples,raw_data/EMG-EPN612/testingJSON/user178/user178.json,idx_107
waveIn,trainingSamples,raw_data/EMG-EPN612/testingJSON/user178/user178.json,idx_108
waveIn,trainingSamples,raw_data/EMG-EPN612/testingJSON/user178/user178.json,idx_109
waveIn,trainingSamples,raw_data/EMG-EPN612/testingJSON/user178/user178.json,idx_110
waveIn,trainingSamples,raw_data/EMG-EPN612/testingJSON/user178/user178.json,idx_111
waveIn,trainingSamples,raw_data/EMG-EPN612/testingJSON/user178/user178.json,idx_112
waveIn,trainingSamples,raw_data/EMG-EPN612/testingJSON/user178/user178.json,idx_113
waveIn,trainingSamples,raw_data/EMG-EPN612/testingJSON/user178/user178.json,idx_114
waveIn,trainingSamples,raw_data/EMG-EPN612/testingJSON/user178/user178.json,idx_115
waveIn,trainingSamples,raw_data/EMG-EPN612/testingJSON/user178/user178.json,idx_116
waveIn,trainingSamples,raw_data/EMG-EPN612/testingJSON/user178/user178.json,idx_117
waveIn,trainingSamples,raw_data/EMG-EPN612/testingJSON/user178/user178.json,idx_118
waveIn,trainingSamples,raw_data/EMG-EPN612/testingJSON/user178/user178.json,idx_119
waveIn,trainingSamples,raw_data/EMG-EPN612/testingJSON/user178/user178.json,idx_120
waveIn,trainingSamples,raw_data/EMG-EPN612/testingJSON/user178/user178.json,idx_121
waveIn,trainingSamples,raw_data/EMG-EPN612/testingJSON/user178/user178.json,idx_122
waveIn,trainingSamples,raw_data/EMG-EPN612/testingJSON/user178/user178.json,idx_123
waveIn,trainingSamples,raw_data/EMG-EPN612/testingJSON/user178/user178.json,idx_124
waveIn,trainingSamples,raw_data/EMG-EPN612/testingJSON/user178/user178.json,idx_125
open,trainingSamples,raw_data/EMG-EPN612/testingJSON/user178/user178.json,idx_126
open,trainingSamples,raw_data/EMG-EPN612/testingJSON/user178/user178.json,idx_127
open,trainingSamples,raw_data/EMG-EPN612/testingJSON/user178/user178.json,idx_128
open,trainingSamples,raw_data/EMG-EPN612/testingJSON/user178/user178.json,idx_129
open,trainingSamples,raw_data/EMG-EPN612/testingJSON/user178/user178.json,idx_130
open,trainingSamples,raw_data/EMG-EPN612/testingJSON/user178/user178.json,idx_131
open,trainingSamples,raw_data/EMG-EPN612/testingJSON/user178/user178.json,idx_132
open,trainingSamples,raw_data/EMG-EPN612/testingJSON/user178/user178.json,idx_133
open,trainingSamples,raw_data/EMG-EPN612/testingJSON/user178/user178.json,idx_134
open,trainingSamples,raw_data/EMG-EPN612/testingJSON/user178/user178.json,idx_135
open,trainingSamples,raw_data/EMG-EPN612/testingJSON/user178/user178.json,idx_136
open,trainingSamples,raw_data/EMG-EPN612/testingJSON/user178/user178.json,idx_137
open,trainingSamples,raw_data/EMG-EPN612/testingJSON/user178/user178.json,idx_138
open,trainingSamples,raw_data/EMG-EPN612/testingJSON/user178/user178.json,idx_139
open,trainingSamples,raw_data/EMG-EPN612/testingJSON/user178/user178.json,idx_140
open,trainingSamples,raw_data/EMG-EPN612/testingJSON/user178/user178.json,idx_141
open,trainingSamples,raw_data/EMG-EPN612/testingJSON/user178/user178.json,idx_142
open,trainingSamples,raw_data/EMG-EPN612/testingJSON/user178/user178.json,idx_143
open,trainingSamples,raw_data/EMG-EPN612/testingJSON/user178/user178.json,idx_144
open,trainingSamples,raw_data/EMG-EPN612/testingJSON/user178/user178.json,idx_145
open,trainingSamples,raw_data/EMG-EPN612/testingJSON/user178/user178.json,idx_146
open,trainingSamples,raw_data/EMG-EPN612/testingJSON/user178/user178.json,idx_147
open,trainingSamples,raw_data/EMG-EPN612/testingJSON/user178/user178.json,idx_148
open,trainingSamples,raw_data/EMG-EPN612/testingJSON/user178/user178.json,idx_149
open,trainingSamples,raw_data/EMG-EPN612/testingJSON/user178/user178.json,idx_150
noGesture,trainingSamples,raw_data/EMG-EPN612/testingJSON/user179/user179.json,idx_1
noGesture,trainingSamples,raw_data/EMG-EPN612/testingJSON/user179/user179.json,idx_2
noGesture,trainingSamples,raw_data/EMG-EPN612/testingJSON/user179/user179.json,idx_3
noGesture,trainingSamples,raw_data/EMG-EPN612/testingJSON/user179/user179.json,idx_4
noGesture,trainingSamples,raw_data/EMG-EPN612/testingJSON/user179/user179.json,idx_5
noGesture,trainingSamples,raw_data/EMG-EPN612/testingJSON/user179/user179.json,idx_6
noGesture,trainingSamples,raw_data/EMG-EPN612/testingJSON/user179/user179.json,idx_7
noGesture,trainingSamples,raw_data/EMG-EPN612/testingJSON/user179/user179.json,idx_8
noGesture,trainingSamples,raw_data/EMG-EPN612/testingJSON/user179/user179.json,idx_9
noGesture,trainingSamples,raw_data/EMG-EPN612/testingJSON/user179/user179.json,idx_10
noGesture,trainingSamples,raw_data/EMG-EPN612/testingJSON/user179/user179.json,idx_11
noGesture,trainingSamples,raw_data/EMG-EPN612/testingJSON/user179/user179.json,idx_12
noGesture,trainingSamples,raw_data/EMG-EPN612/testingJSON/user179/user179.json,idx_13
noGesture,trainingSamples,raw_data/EMG-EPN612/testingJSON/user179/user179.json,idx_14
noGesture,trainingSamples,raw_data/EMG-EPN612/testingJSON/user179/user179.json,idx_15
noGesture,trainingSamples,raw_data/EMG-EPN612/testingJSON/user179/user179.json,idx_16
noGesture,trainingSamples,raw_data/EMG-EPN612/testingJSON/user179/user179.json,idx_17
noGesture,trainingSamples,raw_data/EMG-EPN612/testingJSON/user179/user179.json,idx_18
noGesture,trainingSamples,raw_data/EMG-EPN612/testingJSON/user179/user179.json,idx_19
noGesture,trainingSamples,raw_data/EMG-EPN612/testingJSON/user179/user179.json,idx_20
noGesture,trainingSamples,raw_data/EMG-EPN612/testingJSON/user179/user179.json,idx_21
noGesture,trainingSamples,raw_data/EMG-EPN612/testingJSON/user179/user179.json,idx_22
noGesture,trainingSamples,raw_data/EMG-EPN612/testingJSON/user179/user179.json,idx_23
noGesture,trainingSamples,raw_data/EMG-EPN612/testingJSON/user179/user179.json,idx_24
noGesture,trainingSamples,raw_data/EMG-EPN612/testingJSON/user179/user179.json,idx_25
waveOut,trainingSamples,raw_data/EMG-EPN612/testingJSON/user179/user179.json,idx_26
waveOut,trainingSamples,raw_data/EMG-EPN612/testingJSON/user179/user179.json,idx_27
waveOut,trainingSamples,raw_data/EMG-EPN612/testingJSON/user179/user179.json,idx_28
waveOut,trainingSamples,raw_data/EMG-EPN612/testingJSON/user179/user179.json,idx_29
waveOut,trainingSamples,raw_data/EMG-EPN612/testingJSON/user179/user179.json,idx_30
waveOut,trainingSamples,raw_data/EMG-EPN612/testingJSON/user179/user179.json,idx_31
waveOut,trainingSamples,raw_data/EMG-EPN612/testingJSON/user179/user179.json,idx_32
waveOut,trainingSamples,raw_data/EMG-EPN612/testingJSON/user179/user179.json,idx_33
waveOut,trainingSamples,raw_data/EMG-EPN612/testingJSON/user179/user179.json,idx_34
waveOut,trainingSamples,raw_data/EMG-EPN612/testingJSON/user179/user179.json,idx_35
waveOut,trainingSamples,raw_data/EMG-EPN612/testingJSON/user179/user179.json,idx_36
waveOut,trainingSamples,raw_data/EMG-EPN612/testingJSON/user179/user179.json,idx_37
waveOut,trainingSamples,raw_data/EMG-EPN612/testingJSON/user179/user179.json,idx_38
waveOut,trainingSamples,raw_data/EMG-EPN612/testingJSON/user179/user179.json,idx_39
waveOut,trainingSamples,raw_data/EMG-EPN612/testingJSON/user179/user179.json,idx_40
waveOut,trainingSamples,raw_data/EMG-EPN612/testingJSON/user179/user179.json,idx_41
waveOut,trainingSamples,raw_data/EMG-EPN612/testingJSON/user179/user179.json,idx_42
waveOut,trainingSamples,raw_data/EMG-EPN612/testingJSON/user179/user179.json,idx_43
waveOut,trainingSamples,raw_data/EMG-EPN612/testingJSON/user179/user179.json,idx_44
waveOut,trainingSamples,raw_data/EMG-EPN612/testingJSON/user179/user179.json,idx_45
waveOut,trainingSamples,raw_data/EMG-EPN612/testingJSON/user179/user179.json,idx_46
waveOut,trainingSamples,raw_data/EMG-EPN612/testingJSON/user179/user179.json,idx_47
waveOut,trainingSamples,raw_data/EMG-EPN612/testingJSON/user179/user179.json,idx_48
waveOut,trainingSamples,raw_data/EMG-EPN612/testingJSON/user179/user179.json,idx_49
waveOut,trainingSamples,raw_data/EMG-EPN612/testingJSON/user179/user179.json,idx_50
pinch,trainingSamples,raw_data/EMG-EPN612/testingJSON/user179/user179.json,idx_51
pinch,trainingSamples,raw_data/EMG-EPN612/testingJSON/user179/user179.json,idx_52
pinch,trainingSamples,raw_data/EMG-EPN612/testingJSON/user179/user179.json,idx_53
pinch,trainingSamples,raw_data/EMG-EPN612/testingJSON/user179/user179.json,idx_54
pinch,trainingSamples,raw_data/EMG-EPN612/testingJSON/user179/user179.json,idx_55
pinch,trainingSamples,raw_data/EMG-EPN612/testingJSON/user179/user179.json,idx_56
pinch,trainingSamples,raw_data/EMG-EPN612/testingJSON/user179/user179.json,idx_57
pinch,trainingSamples,raw_data/EMG-EPN612/testingJSON/user179/user179.json,idx_58
pinch,trainingSamples,raw_data/EMG-EPN612/testingJSON/user179/user179.json,idx_59
pinch,trainingSamples,raw_data/EMG-EPN612/testingJSON/user179/user179.json,idx_60
pinch,trainingSamples,raw_data/EMG-EPN612/testingJSON/user179/user179.json,idx_61
pinch,trainingSamples,raw_data/EMG-EPN612/testingJSON/user179/user179.json,idx_62
pinch,trainingSamples,raw_data/EMG-EPN612/testingJSON/user179/user179.json,idx_63
pinch,trainingSamples,raw_data/EMG-EPN612/testingJSON/user179/user179.json,idx_64
pinch,trainingSamples,raw_data/EMG-EPN612/testingJSON/user179/user179.json,idx_65
pinch,trainingSamples,raw_data/EMG-EPN612/testingJSON/user179/user179.json,idx_66
pinch,trainingSamples,raw_data/EMG-EPN612/testingJSON/user179/user179.json,idx_67
pinch,trainingSamples,raw_data/EMG-EPN612/testingJSON/user179/user179.json,idx_68
pinch,trainingSamples,raw_data/EMG-EPN612/testingJSON/user179/user179.json,idx_69
pinch,trainingSamples,raw_data/EMG-EPN612/testingJSON/user179/user179.json,idx_70
pinch,trainingSamples,raw_data/EMG-EPN612/testingJSON/user179/user179.json,idx_71
pinch,trainingSamples,raw_data/EMG-EPN612/testingJSON/user179/user179.json,idx_72
pinch,trainingSamples,raw_data/EMG-EPN612/testingJSON/user179/user179.json,idx_73
pinch,trainingSamples,raw_data/EMG-EPN612/testingJSON/user179/user179.json,idx_74
pinch,trainingSamples,raw_data/EMG-EPN612/testingJSON/user179/user179.json,idx_75
fist,trainingSamples,raw_data/EMG-EPN612/testingJSON/user179/user179.json,idx_76
fist,trainingSamples,raw_data/EMG-EPN612/testingJSON/user179/user179.json,idx_77
fist,trainingSamples,raw_data/EMG-EPN612/testingJSON/user179/user179.json,idx_78
fist,trainingSamples,raw_data/EMG-EPN612/testingJSON/user179/user179.json,idx_79
fist,trainingSamples,raw_data/EMG-EPN612/testingJSON/user179/user179.json,idx_80
fist,trainingSamples,raw_data/EMG-EPN612/testingJSON/user179/user179.json,idx_81
fist,trainingSamples,raw_data/EMG-EPN612/testingJSON/user179/user179.json,idx_82
fist,trainingSamples,raw_data/EMG-EPN612/testingJSON/user179/user179.json,idx_83
fist,trainingSamples,raw_data/EMG-EPN612/testingJSON/user179/user179.json,idx_84
fist,trainingSamples,raw_data/EMG-EPN612/testingJSON/user179/user179.json,idx_85
fist,trainingSamples,raw_data/EMG-EPN612/testingJSON/user179/user179.json,idx_86
fist,trainingSamples,raw_data/EMG-EPN612/testingJSON/user179/user179.json,idx_87
fist,trainingSamples,raw_data/EMG-EPN612/testingJSON/user179/user179.json,idx_88
fist,trainingSamples,raw_data/EMG-EPN612/testingJSON/user179/user179.json,idx_89
fist,trainingSamples,raw_data/EMG-EPN612/testingJSON/user179/user179.json,idx_90
fist,trainingSamples,raw_data/EMG-EPN612/testingJSON/user179/user179.json,idx_91
fist,trainingSamples,raw_data/EMG-EPN612/testingJSON/user179/user179.json,idx_92
fist,trainingSamples,raw_data/EMG-EPN612/testingJSON/user179/user179.json,idx_93
fist,trainingSamples,raw_data/EMG-EPN612/testingJSON/user179/user179.json,idx_94
fist,trainingSamples,raw_data/EMG-EPN612/testingJSON/user179/user179.json,idx_95
fist,trainingSamples,raw_data/EMG-EPN612/testingJSON/user179/user179.json,idx_96
fist,trainingSamples,raw_data/EMG-EPN612/testingJSON/user179/user179.json,idx_97
fist,trainingSamples,raw_data/EMG-EPN612/testingJSON/user179/user179.json,idx_98
fist,trainingSamples,raw_data/EMG-EPN612/testingJSON/user179/user179.json,idx_99
fist,trainingSamples,raw_data/EMG-EPN612/testingJSON/user179/user179.json,idx_100
waveIn,trainingSamples,raw_data/EMG-EPN612/testingJSON/user179/user179.json,idx_101
waveIn,trainingSamples,raw_data/EMG-EPN612/testingJSON/user179/user179.json,idx_102
waveIn,trainingSamples,raw_data/EMG-EPN612/testingJSON/user179/user179.json,idx_103
waveIn,trainingSamples,raw_data/EMG-EPN612/testingJSON/user179/user179.json,idx_104
waveIn,trainingSamples,raw_data/EMG-EPN612/testingJSON/user179/user179.json,idx_105
waveIn,trainingSamples,raw_data/EMG-EPN612/testingJSON/user179/user179.json,idx_106
waveIn,trainingSamples,raw_data/EMG-EPN612/testingJSON/user179/user179.json,idx_107
waveIn,trainingSamples,raw_data/EMG-EPN612/testingJSON/user179/user179.json,idx_108
waveIn,trainingSamples,raw_data/EMG-EPN612/testingJSON/user179/user179.json,idx_109
waveIn,trainingSamples,raw_data/EMG-EPN612/testingJSON/user179/user179.json,idx_110
waveIn,trainingSamples,raw_data/EMG-EPN612/testingJSON/user179/user179.json,idx_111
waveIn,trainingSamples,raw_data/EMG-EPN612/testingJSON/user179/user179.json,idx_112
waveIn,trainingSamples,raw_data/EMG-EPN612/testingJSON/user179/user179.json,idx_113
waveIn,trainingSamples,raw_data/EMG-EPN612/testingJSON/user179/user179.json,idx_114
waveIn,trainingSamples,raw_data/EMG-EPN612/testingJSON/user179/user179.json,idx_115
waveIn,trainingSamples,raw_data/EMG-EPN612/testingJSON/user179/user179.json,idx_116
waveIn,trainingSamples,raw_data/EMG-EPN612/testingJSON/user179/user179.json,idx_117
waveIn,trainingSamples,raw_data/EMG-EPN612/testingJSON/user179/user179.json,idx_118
waveIn,trainingSamples,raw_data/EMG-EPN612/testingJSON/user179/user179.json,idx_119
waveIn,trainingSamples,raw_data/EMG-EPN612/testingJSON/user179/user179.json,idx_120
waveIn,trainingSamples,raw_data/EMG-EPN612/testingJSON/user179/user179.json,idx_121
waveIn,trainingSamples,raw_data/EMG-EPN612/testingJSON/user179/user179.json,idx_122
waveIn,trainingSamples,raw_data/EMG-EPN612/testingJSON/user179/user179.json,idx_123
waveIn,trainingSamples,raw_data/EMG-EPN612/testingJSON/user179/user179.json,idx_124
waveIn,trainingSamples,raw_data/EMG-EPN612/testingJSON/user179/user179.json,idx_125
open,trainingSamples,raw_data/EMG-EPN612/testingJSON/user179/user179.json,idx_126
open,trainingSamples,raw_data/EMG-EPN612/testingJSON/user179/user179.json,idx_127
open,trainingSamples,raw_data/EMG-EPN612/testingJSON/user179/user179.json,idx_128
open,trainingSamples,raw_data/EMG-EPN612/testingJSON/user179/user179.json,idx_129
open,trainingSamples,raw_data/EMG-EPN612/testingJSON/user179/user179.json,idx_130
open,trainingSamples,raw_data/EMG-EPN612/testingJSON/user179/user179.json,idx_131
open,trainingSamples,raw_data/EMG-EPN612/testingJSON/user179/user179.json,idx_132
open,trainingSamples,raw_data/EMG-EPN612/testingJSON/user179/user179.json,idx_133
open,trainingSamples,raw_data/EMG-EPN612/testingJSON/user179/user179.json,idx_134
open,trainingSamples,raw_data/EMG-EPN612/testingJSON/user179/user179.json,idx_135
open,trainingSamples,raw_data/EMG-EPN612/testingJSON/user179/user179.json,idx_136
open,trainingSamples,raw_data/EMG-EPN612/testingJSON/user179/user179.json,idx_137
open,trainingSamples,raw_data/EMG-EPN612/testingJSON/user179/user179.json,idx_138
open,trainingSamples,raw_data/EMG-EPN612/testingJSON/user179/user179.json,idx_139
open,trainingSamples,raw_data/EMG-EPN612/testingJSON/user179/user179.json,idx_140
open,trainingSamples,raw_data/EMG-EPN612/testingJSON/user179/user179.json,idx_141
open,trainingSamples,raw_data/EMG-EPN612/testingJSON/user179/user179.json,idx_142
open,trainingSamples,raw_data/EMG-EPN612/testingJSON/user179/user179.json,idx_143
open,trainingSamples,raw_data/EMG-EPN612/testingJSON/user179/user179.json,idx_144
open,trainingSamples,raw_data/EMG-EPN612/testingJSON/user179/user179.json,idx_145
open,trainingSamples,raw_data/EMG-EPN612/testingJSON/user179/user179.json,idx_146
open,trainingSamples,raw_data/EMG-EPN612/testingJSON/user179/user179.json,idx_147
open,trainingSamples,raw_data/EMG-EPN612/testingJSON/user179/user179.json,idx_148
open,trainingSamples,raw_data/EMG-EPN612/testingJSON/user179/user179.json,idx_149
open,trainingSamples,raw_data/EMG-EPN612/testingJSON/user179/user179.json,idx_150
noGesture,trainingSamples,raw_data/EMG-EPN612/testingJSON/user18/user18.json,idx_1
noGesture,trainingSamples,raw_data/EMG-EPN612/testingJSON/user18/user18.json,idx_2
noGesture,trainingSamples,raw_data/EMG-EPN612/testingJSON/user18/user18.json,idx_3
noGesture,trainingSamples,raw_data/EMG-EPN612/testingJSON/user18/user18.json,idx_4
noGesture,trainingSamples,raw_data/EMG-EPN612/testingJSON/user18/user18.json,idx_5
noGesture,trainingSamples,raw_data/EMG-EPN612/testingJSON/user18/user18.json,idx_6
noGesture,trainingSamples,raw_data/EMG-EPN612/testingJSON/user18/user18.json,idx_7
noGesture,trainingSamples,raw_data/EMG-EPN612/testingJSON/user18/user18.json,idx_8
noGesture,trainingSamples,raw_data/EMG-EPN612/testingJSON/user18/user18.json,idx_9
noGesture,trainingSamples,raw_data/EMG-EPN612/testingJSON/user18/user18.json,idx_10
noGesture,trainingSamples,raw_data/EMG-EPN612/testingJSON/user18/user18.json,idx_11
noGesture,trainingSamples,raw_data/EMG-EPN612/testingJSON/user18/user18.json,idx_12
noGesture,trainingSamples,raw_data/EMG-EPN612/testingJSON/user18/user18.json,idx_13
noGesture,trainingSamples,raw_data/EMG-EPN612/testingJSON/user18/user18.json,idx_14
noGesture,trainingSamples,raw_data/EMG-EPN612/testingJSON/user18/user18.json,idx_15
noGesture,trainingSamples,raw_data/EMG-EPN612/testingJSON/user18/user18.json,idx_16
noGesture,trainingSamples,raw_data/EMG-EPN612/testingJSON/user18/user18.json,idx_17
noGesture,trainingSamples,raw_data/EMG-EPN612/testingJSON/user18/user18.json,idx_18
noGesture,trainingSamples,raw_data/EMG-EPN612/testingJSON/user18/user18.json,idx_19
noGesture,trainingSamples,raw_data/EMG-EPN612/testingJSON/user18/user18.json,idx_20
noGesture,trainingSamples,raw_data/EMG-EPN612/testingJSON/user18/user18.json,idx_21
noGesture,trainingSamples,raw_data/EMG-EPN612/testingJSON/user18/user18.json,idx_22
noGesture,trainingSamples,raw_data/EMG-EPN612/testingJSON/user18/user18.json,idx_23
noGesture,trainingSamples,raw_data/EMG-EPN612/testingJSON/user18/user18.json,idx_24
noGesture,trainingSamples,raw_data/EMG-EPN612/testingJSON/user18/user18.json,idx_25
waveOut,trainingSamples,raw_data/EMG-EPN612/testingJSON/user18/user18.json,idx_26
waveOut,trainingSamples,raw_data/EMG-EPN612/testingJSON/user18/user18.json,idx_27
waveOut,trainingSamples,raw_data/EMG-EPN612/testingJSON/user18/user18.json,idx_28
waveOut,trainingSamples,raw_data/EMG-EPN612/testingJSON/user18/user18.json,idx_29
waveOut,trainingSamples,raw_data/EMG-EPN612/testingJSON/user18/user18.json,idx_30
waveOut,trainingSamples,raw_data/EMG-EPN612/testingJSON/user18/user18.json,idx_31
waveOut,trainingSamples,raw_data/EMG-EPN612/testingJSON/user18/user18.json,idx_32
waveOut,trainingSamples,raw_data/EMG-EPN612/testingJSON/user18/user18.json,idx_33
waveOut,trainingSamples,raw_data/EMG-EPN612/testingJSON/user18/user18.json,idx_34
waveOut,trainingSamples,raw_data/EMG-EPN612/testingJSON/user18/user18.json,idx_35
waveOut,trainingSamples,raw_data/EMG-EPN612/testingJSON/user18/user18.json,idx_36
waveOut,trainingSamples,raw_data/EMG-EPN612/testingJSON/user18/user18.json,idx_37
waveOut,trainingSamples,raw_data/EMG-EPN612/testingJSON/user18/user18.json,idx_38
waveOut,trainingSamples,raw_data/EMG-EPN612/testingJSON/user18/user18.json,idx_39
waveOut,trainingSamples,raw_data/EMG-EPN612/testingJSON/user18/user18.json,idx_40
waveOut,trainingSamples,raw_data/EMG-EPN612/testingJSON/user18/user18.json,idx_41
waveOut,trainingSamples,raw_data/EMG-EPN612/testingJSON/user18/user18.json,idx_42
waveOut,trainingSamples,raw_data/EMG-EPN612/testingJSON/user18/user18.json,idx_43
waveOut,trainingSamples,raw_data/EMG-EPN612/testingJSON/user18/user18.json,idx_44
waveOut,trainingSamples,raw_data/EMG-EPN612/testingJSON/user18/user18.json,idx_45
waveOut,trainingSamples,raw_data/EMG-EPN612/testingJSON/user18/user18.json,idx_46
waveOut,trainingSamples,raw_data/EMG-EPN612/testingJSON/user18/user18.json,idx_47
waveOut,trainingSamples,raw_data/EMG-EPN612/testingJSON/user18/user18.json,idx_48
waveOut,trainingSamples,raw_data/EMG-EPN612/testingJSON/user18/user18.json,idx_49
waveOut,trainingSamples,raw_data/EMG-EPN612/testingJSON/user18/user18.json,idx_50
pinch,trainingSamples,raw_data/EMG-EPN612/testingJSON/user18/user18.json,idx_51
pinch,trainingSamples,raw_data/EMG-EPN612/testingJSON/user18/user18.json,idx_52
pinch,trainingSamples,raw_data/EMG-EPN612/testingJSON/user18/user18.json,idx_53
pinch,trainingSamples,raw_data/EMG-EPN612/testingJSON/user18/user18.json,idx_54
pinch,trainingSamples,raw_data/EMG-EPN612/testingJSON/user18/user18.json,idx_55
pinch,trainingSamples,raw_data/EMG-EPN612/testingJSON/user18/user18.json,idx_56
pinch,trainingSamples,raw_data/EMG-EPN612/testingJSON/user18/user18.json,idx_57
pinch,trainingSamples,raw_data/EMG-EPN612/testingJSON/user18/user18.json,idx_58
pinch,trainingSamples,raw_data/EMG-EPN612/testingJSON/user18/user18.json,idx_59
pinch,trainingSamples,raw_data/EMG-EPN612/testingJSON/user18/user18.json,idx_60
pinch,trainingSamples,raw_data/EMG-EPN612/testingJSON/user18/user18.json,idx_61
pinch,trainingSamples,raw_data/EMG-EPN612/testingJSON/user18/user18.json,idx_62
pinch,trainingSamples,raw_data/EMG-EPN612/testingJSON/user18/user18.json,idx_63
pinch,trainingSamples,raw_data/EMG-EPN612/testingJSON/user18/user18.json,idx_64
pinch,trainingSamples,raw_data/EMG-EPN612/testingJSON/user18/user18.json,idx_65
pinch,trainingSamples,raw_data/EMG-EPN612/testingJSON/user18/user18.json,idx_66
pinch,trainingSamples,raw_data/EMG-EPN612/testingJSON/user18/user18.json,idx_67
pinch,trainingSamples,raw_data/EMG-EPN612/testingJSON/user18/user18.json,idx_68
pinch,trainingSamples,raw_data/EMG-EPN612/testingJSON/user18/user18.json,idx_69
pinch,trainingSamples,raw_data/EMG-EPN612/testingJSON/user18/user18.json,idx_70
pinch,trainingSamples,raw_data/EMG-EPN612/testingJSON/user18/user18.json,idx_71
pinch,trainingSamples,raw_data/EMG-EPN612/testingJSON/user18/user18.json,idx_72
pinch,trainingSamples,raw_data/EMG-EPN612/testingJSON/user18/user18.json,idx_73
pinch,trainingSamples,raw_data/EMG-EPN612/testingJSON/user18/user18.json,idx_74
pinch,trainingSamples,raw_data/EMG-EPN612/testingJSON/user18/user18.json,idx_75
fist,trainingSamples,raw_data/EMG-EPN612/testingJSON/user18/user18.json,idx_76
fist,trainingSamples,raw_data/EMG-EPN612/testingJSON/user18/user18.json,idx_77
fist,trainingSamples,raw_data/EMG-EPN612/testingJSON/user18/user18.json,idx_78
fist,trainingSamples,raw_data/EMG-EPN612/testingJSON/user18/user18.json,idx_79
fist,trainingSamples,raw_data/EMG-EPN612/testingJSON/user18/user18.json,idx_80
fist,trainingSamples,raw_data/EMG-EPN612/testingJSON/user18/user18.json,idx_81
fist,trainingSamples,raw_data/EMG-EPN612/testingJSON/user18/user18.json,idx_82
fist,trainingSamples,raw_data/EMG-EPN612/testingJSON/user18/user18.json,idx_83
fist,trainingSamples,raw_data/EMG-EPN612/testingJSON/user18/user18.json,idx_84
fist,trainingSamples,raw_data/EMG-EPN612/testingJSON/user18/user18.json,idx_85
fist,trainingSamples,raw_data/EMG-EPN612/testingJSON/user18/user18.json,idx_86
fist,trainingSamples,raw_data/EMG-EPN612/testingJSON/user18/user18.json,idx_87
fist,trainingSamples,raw_data/EMG-EPN612/testingJSON/user18/user18.json,idx_88
fist,trainingSamples,raw_data/EMG-EPN612/testingJSON/user18/user18.json,idx_89
fist,trainingSamples,raw_data/EMG-EPN612/testingJSON/user18/user18.json,idx_90
fist,trainingSamples,raw_data/EMG-EPN612/testingJSON/user18/user18.json,idx_91
fist,trainingSamples,raw_data/EMG-EPN612/testingJSON/user18/user18.json,idx_92
fist,trainingSamples,raw_data/EMG-EPN612/testingJSON/user18/user18.json,idx_93
fist,trainingSamples,raw_data/EMG-EPN612/testingJSON/user18/user18.json,idx_94
fist,trainingSamples,raw_data/EMG-EPN612/testingJSON/user18/user18.json,idx_95
fist,trainingSamples,raw_data/EMG-EPN612/testingJSON/user18/user18.json,idx_96
fist,trainingSamples,raw_data/EMG-EPN612/testingJSON/user18/user18.json,idx_97
fist,trainingSamples,raw_data/EMG-EPN612/testingJSON/user18/user18.json,idx_98
fist,trainingSamples,raw_data/EMG-EPN612/testingJSON/user18/user18.json,idx_99
fist,trainingSamples,raw_data/EMG-EPN612/testingJSON/user18/user18.json,idx_100
waveIn,trainingSamples,raw_data/EMG-EPN612/testingJSON/user18/user18.json,idx_101
waveIn,trainingSamples,raw_data/EMG-EPN612/testingJSON/user18/user18.json,idx_102
waveIn,trainingSamples,raw_data/EMG-EPN612/testingJSON/user18/user18.json,idx_103
waveIn,trainingSamples,raw_data/EMG-EPN612/testingJSON/user18/user18.json,idx_104
waveIn,trainingSamples,raw_data/EMG-EPN612/testingJSON/user18/user18.json,idx_105
waveIn,trainingSamples,raw_data/EMG-EPN612/testingJSON/user18/user18.json,idx_106
waveIn,trainingSamples,raw_data/EMG-EPN612/testingJSON/user18/user18.json,idx_107
waveIn,trainingSamples,raw_data/EMG-EPN612/testingJSON/user18/user18.json,idx_108
waveIn,trainingSamples,raw_data/EMG-EPN612/testingJSON/user18/user18.json,idx_109
waveIn,trainingSamples,raw_data/EMG-EPN612/testingJSON/user18/user18.json,idx_110
waveIn,trainingSamples,raw_data/EMG-EPN612/testingJSON/user18/user18.json,idx_111
waveIn,trainingSamples,raw_data/EMG-EPN612/testingJSON/user18/user18.json,idx_112
waveIn,trainingSamples,raw_data/EMG-EPN612/testingJSON/user18/user18.json,idx_113
waveIn,trainingSamples,raw_data/EMG-EPN612/testingJSON/user18/user18.json,idx_114
waveIn,trainingSamples,raw_data/EMG-EPN612/testingJSON/user18/user18.json,idx_115
waveIn,trainingSamples,raw_data/EMG-EPN612/testingJSON/user18/user18.json,idx_116
waveIn,trainingSamples,raw_data/EMG-EPN612/testingJSON/user18/user18.json,idx_117
waveIn,trainingSamples,raw_data/EMG-EPN612/testingJSON/user18/user18.json,idx_118
waveIn,trainingSamples,raw_data/EMG-EPN612/testingJSON/user18/user18.json,idx_119
waveIn,trainingSamples,raw_data/EMG-EPN612/testingJSON/user18/user18.json,idx_120
waveIn,trainingSamples,raw_data/EMG-EPN612/testingJSON/user18/user18.json,idx_121
waveIn,trainingSamples,raw_data/EMG-EPN612/testingJSON/user18/user18.json,idx_122
waveIn,trainingSamples,raw_data/EMG-EPN612/testingJSON/user18/user18.json,idx_123
waveIn,trainingSamples,raw_data/EMG-EPN612/testingJSON/user18/user18.json,idx_124
waveIn,trainingSamples,raw_data/EMG-EPN612/testingJSON/user18/user18.json,idx_125
open,trainingSamples,raw_data/EMG-EPN612/testingJSON/user18/user18.json,idx_126
open,trainingSamples,raw_data/EMG-EPN612/testingJSON/user18/user18.json,idx_127
open,trainingSamples,raw_data/EMG-EPN612/testingJSON/user18/user18.json,idx_128
open,trainingSamples,raw_data/EMG-EPN612/testingJSON/user18/user18.json,idx_129
open,trainingSamples,raw_data/EMG-EPN612/testingJSON/user18/user18.json,idx_130
open,trainingSamples,raw_data/EMG-EPN612/testingJSON/user18/user18.json,idx_131
open,trainingSamples,raw_data/EMG-EPN612/testingJSON/user18/user18.json,idx_132
open,trainingSamples,raw_data/EMG-EPN612/testingJSON/user18/user18.json,idx_133
open,trainingSamples,raw_data/EMG-EPN612/testingJSON/user18/user18.json,idx_134
open,trainingSamples,raw_data/EMG-EPN612/testingJSON/user18/user18.json,idx_135
open,trainingSamples,raw_data/EMG-EPN612/testingJSON/user18/user18.json,idx_136
open,trainingSamples,raw_data/EMG-EPN612/testingJSON/user18/user18.json,idx_137
open,trainingSamples,raw_data/EMG-EPN612/testingJSON/user18/user18.json,idx_138
open,trainingSamples,raw_data/EMG-EPN612/testingJSON/user18/user18.json,idx_139
open,trainingSamples,raw_data/EMG-EPN612/testingJSON/user18/user18.json,idx_140
open,trainingSamples,raw_data/EMG-EPN612/testingJSON/user18/user18.json,idx_141
open,trainingSamples,raw_data/EMG-EPN612/testingJSON/user18/user18.json,idx_142
open,trainingSamples,raw_data/EMG-EPN612/testingJSON/user18/user18.json,idx_143
open,trainingSamples,raw_data/EMG-EPN612/testingJSON/user18/user18.json,idx_144
open,trainingSamples,raw_data/EMG-EPN612/testingJSON/user18/user18.json,idx_145
open,trainingSamples,raw_data/EMG-EPN612/testingJSON/user18/user18.json,idx_146
open,trainingSamples,raw_data/EMG-EPN612/testingJSON/user18/user18.json,idx_147
open,trainingSamples,raw_data/EMG-EPN612/testingJSON/user18/user18.json,idx_148
open,trainingSamples,raw_data/EMG-EPN612/testingJSON/user18/user18.json,idx_149
open,trainingSamples,raw_data/EMG-EPN612/testingJSON/user18/user18.json,idx_150
noGesture,trainingSamples,raw_data/EMG-EPN612/testingJSON/user180/user180.json,idx_1
noGesture,trainingSamples,raw_data/EMG-EPN612/testingJSON/user180/user180.json,idx_2
noGesture,trainingSamples,raw_data/EMG-EPN612/testingJSON/user180/user180.json,idx_3
noGesture,trainingSamples,raw_data/EMG-EPN612/testingJSON/user180/user180.json,idx_4
noGesture,trainingSamples,raw_data/EMG-EPN612/testingJSON/user180/user180.json,idx_5
noGesture,trainingSamples,raw_data/EMG-EPN612/testingJSON/user180/user180.json,idx_6
noGesture,trainingSamples,raw_data/EMG-EPN612/testingJSON/user180/user180.json,idx_7
noGesture,trainingSamples,raw_data/EMG-EPN612/testingJSON/user180/user180.json,idx_8
noGesture,trainingSamples,raw_data/EMG-EPN612/testingJSON/user180/user180.json,idx_9
noGesture,trainingSamples,raw_data/EMG-EPN612/testingJSON/user180/user180.json,idx_10
noGesture,trainingSamples,raw_data/EMG-EPN612/testingJSON/user180/user180.json,idx_11
noGesture,trainingSamples,raw_data/EMG-EPN612/testingJSON/user180/user180.json,idx_12
noGesture,trainingSamples,raw_data/EMG-EPN612/testingJSON/user180/user180.json,idx_13
noGesture,trainingSamples,raw_data/EMG-EPN612/testingJSON/user180/user180.json,idx_14
noGesture,trainingSamples,raw_data/EMG-EPN612/testingJSON/user180/user180.json,idx_15
noGesture,trainingSamples,raw_data/EMG-EPN612/testingJSON/user180/user180.json,idx_16
noGesture,trainingSamples,raw_data/EMG-EPN612/testingJSON/user180/user180.json,idx_17
noGesture,trainingSamples,raw_data/EMG-EPN612/testingJSON/user180/user180.json,idx_18
noGesture,trainingSamples,raw_data/EMG-EPN612/testingJSON/user180/user180.json,idx_19
noGesture,trainingSamples,raw_data/EMG-EPN612/testingJSON/user180/user180.json,idx_20
noGesture,trainingSamples,raw_data/EMG-EPN612/testingJSON/user180/user180.json,idx_21
noGesture,trainingSamples,raw_data/EMG-EPN612/testingJSON/user180/user180.json,idx_22
noGesture,trainingSamples,raw_data/EMG-EPN612/testingJSON/user180/user180.json,idx_23
noGesture,trainingSamples,raw_data/EMG-EPN612/testingJSON/user180/user180.json,idx_24
noGesture,trainingSamples,raw_data/EMG-EPN612/testingJSON/user180/user180.json,idx_25
fist,trainingSamples,raw_data/EMG-EPN612/testingJSON/user180/user180.json,idx_26
fist,trainingSamples,raw_data/EMG-EPN612/testingJSON/user180/user180.json,idx_27
fist,trainingSamples,raw_data/EMG-EPN612/testingJSON/user180/user180.json,idx_28
fist,trainingSamples,raw_data/EMG-EPN612/testingJSON/user180/user180.json,idx_29
fist,trainingSamples,raw_data/EMG-EPN612/testingJSON/user180/user180.json,idx_30
fist,trainingSamples,raw_data/EMG-EPN612/testingJSON/user180/user180.json,idx_31
fist,trainingSamples,raw_data/EMG-EPN612/testingJSON/user180/user180.json,idx_32
fist,trainingSamples,raw_data/EMG-EPN612/testingJSON/user180/user180.json,idx_33
fist,trainingSamples,raw_data/EMG-EPN612/testingJSON/user180/user180.json,idx_34
fist,trainingSamples,raw_data/EMG-EPN612/testingJSON/user180/user180.json,idx_35
fist,trainingSamples,raw_data/EMG-EPN612/testingJSON/user180/user180.json,idx_36
fist,trainingSamples,raw_data/EMG-EPN612/testingJSON/user180/user180.json,idx_37
fist,trainingSamples,raw_data/EMG-EPN612/testingJSON/user180/user180.json,idx_38
fist,trainingSamples,raw_data/EMG-EPN612/testingJSON/user180/user180.json,idx_39
fist,trainingSamples,raw_data/EMG-EPN612/testingJSON/user180/user180.json,idx_40
fist,trainingSamples,raw_data/EMG-EPN612/testingJSON/user180/user180.json,idx_41
fist,trainingSamples,raw_data/EMG-EPN612/testingJSON/user180/user180.json,idx_42
fist,trainingSamples,raw_data/EMG-EPN612/testingJSON/user180/user180.json,idx_43
fist,trainingSamples,raw_data/EMG-EPN612/testingJSON/user180/user180.json,idx_44
fist,trainingSamples,raw_data/EMG-EPN612/testingJSON/user180/user180.json,idx_45
fist,trainingSamples,raw_data/EMG-EPN612/testingJSON/user180/user180.json,idx_46
fist,trainingSamples,raw_data/EMG-EPN612/testingJSON/user180/user180.json,idx_47
fist,trainingSamples,raw_data/EMG-EPN612/testingJSON/user180/user180.json,idx_48
fist,trainingSamples,raw_data/EMG-EPN612/testingJSON/user180/user180.json,idx_49
fist,trainingSamples,raw_data/EMG-EPN612/testingJSON/user180/user180.json,idx_50
open,trainingSamples,raw_data/EMG-EPN612/testingJSON/user180/user180.json,idx_51
open,trainingSamples,raw_data/EMG-EPN612/testingJSON/user180/user180.json,idx_52
open,trainingSamples,raw_data/EMG-EPN612/testingJSON/user180/user180.json,idx_53
open,trainingSamples,raw_data/EMG-EPN612/testingJSON/user180/user180.json,idx_54
open,trainingSamples,raw_data/EMG-EPN612/testingJSON/user180/user180.json,idx_55
open,trainingSamples,raw_data/EMG-EPN612/testingJSON/user180/user180.json,idx_56
open,trainingSamples,raw_data/EMG-EPN612/testingJSON/user180/user180.json,idx_57
open,trainingSamples,raw_data/EMG-EPN612/testingJSON/user180/user180.json,idx_58
open,trainingSamples,raw_data/EMG-EPN612/testingJSON/user180/user180.json,idx_59
open,trainingSamples,raw_data/EMG-EPN612/testingJSON/user180/user180.json,idx_60
open,trainingSamples,raw_data/EMG-EPN612/testingJSON/user180/user180.json,idx_61
open,trainingSamples,raw_data/EMG-EPN612/testingJSON/user180/user180.json,idx_62
open,trainingSamples,raw_data/EMG-EPN612/testingJSON/user180/user180.json,idx_63
open,trainingSamples,raw_data/EMG-EPN612/testingJSON/user180/user180.json,idx_64
open,trainingSamples,raw_data/EMG-EPN612/testingJSON/user180/user180.json,idx_65
open,trainingSamples,raw_data/EMG-EPN612/testingJSON/user180/user180.json,idx_66
open,trainingSamples,raw_data/EMG-EPN612/testingJSON/user180/user180.json,idx_67
open,trainingSamples,raw_data/EMG-EPN612/testingJSON/user180/user180.json,idx_68
open,trainingSamples,raw_data/EMG-EPN612/testingJSON/user180/user180.json,idx_69
open,trainingSamples,raw_data/EMG-EPN612/testingJSON/user180/user180.json,idx_70
open,trainingSamples,raw_data/EMG-EPN612/testingJSON/user180/user180.json,idx_71
open,trainingSamples,raw_data/EMG-EPN612/testingJSON/user180/user180.json,idx_72
open,trainingSamples,raw_data/EMG-EPN612/testingJSON/user180/user180.json,idx_73
open,trainingSamples,raw_data/EMG-EPN612/testingJSON/user180/user180.json,idx_74
open,trainingSamples,raw_data/EMG-EPN612/testingJSON/user180/user180.json,idx_75
pinch,trainingSamples,raw_data/EMG-EPN612/testingJSON/user180/user180.json,idx_76
pinch,trainingSamples,raw_data/EMG-EPN612/testingJSON/user180/user180.json,idx_77
pinch,trainingSamples,raw_data/EMG-EPN612/testingJSON/user180/user180.json,idx_78
pinch,trainingSamples,raw_data/EMG-EPN612/testingJSON/user180/user180.json,idx_79
pinch,trainingSamples,raw_data/EMG-EPN612/testingJSON/user180/user180.json,idx_80
pinch,trainingSamples,raw_data/EMG-EPN612/testingJSON/user180/user180.json,idx_81
pinch,trainingSamples,raw_data/EMG-EPN612/testingJSON/user180/user180.json,idx_82
pinch,trainingSamples,raw_data/EMG-EPN612/testingJSON/user180/user180.json,idx_83
pinch,trainingSamples,raw_data/EMG-EPN612/testingJSON/user180/user180.json,idx_84
pinch,trainingSamples,raw_data/EMG-EPN612/testingJSON/user180/user180.json,idx_85
pinch,trainingSamples,raw_data/EMG-EPN612/testingJSON/user180/user180.json,idx_86
pinch,trainingSamples,raw_data/EMG-EPN612/testingJSON/user180/user180.json,idx_87
pinch,trainingSamples,raw_data/EMG-EPN612/testingJSON/user180/user180.json,idx_88
pinch,trainingSamples,raw_data/EMG-EPN612/testingJSON/user180/user180.json,idx_89
pinch,trainingSamples,raw_data/EMG-EPN612/testingJSON/user180/user180.json,idx_90
pinch,trainingSamples,raw_data/EMG-EPN612/testingJSON/user180/user180.json,idx_91
pinch,trainingSamples,raw_data/EMG-EPN612/testingJSON/user180/user180.json,idx_92
pinch,trainingSamples,raw_data/EMG-EPN612/testingJSON/user180/user180.json,idx_93
pinch,trainingSamples,raw_data/EMG-EPN612/testingJSON/user180/user180.json,idx_94
pinch,trainingSamples,raw_data/EMG-EPN612/testingJSON/user180/user180.json,idx_95
pinch,trainingSamples,raw_data/EMG-EPN612/testingJSON/user180/user180.json,idx_96
pinch,trainingSamples,raw_data/EMG-EPN612/testingJSON/user180/user180.json,idx_97
pinch,trainingSamples,raw_data/EMG-EPN612/testingJSON/user180/user180.json,idx_98
pinch,trainingSamples,raw_data/EMG-EPN612/testingJSON/user180/user180.json,idx_99
pinch,trainingSamples,raw_data/EMG-EPN612/testingJSON/user180/user180.json,idx_100
waveOut,trainingSamples,raw_data/EMG-EPN612/testingJSON/user180/user180.json,idx_101
waveOut,trainingSamples,raw_data/EMG-EPN612/testingJSON/user180/user180.json,idx_102
waveOut,trainingSamples,raw_data/EMG-EPN612/testingJSON/user180/user180.json,idx_103
waveOut,trainingSamples,raw_data/EMG-EPN612/testingJSON/user180/user180.json,idx_104
waveOut,trainingSamples,raw_data/EMG-EPN612/testingJSON/user180/user180.json,idx_105
waveOut,trainingSamples,raw_data/EMG-EPN612/testingJSON/user180/user180.json,idx_106
waveOut,trainingSamples,raw_data/EMG-EPN612/testingJSON/user180/user180.json,idx_107
waveOut,trainingSamples,raw_data/EMG-EPN612/testingJSON/user180/user180.json,idx_108
waveOut,trainingSamples,raw_data/EMG-EPN612/testingJSON/user180/user180.json,idx_109
waveOut,trainingSamples,raw_data/EMG-EPN612/testingJSON/user180/user180.json,idx_110
waveOut,trainingSamples,raw_data/EMG-EPN612/testingJSON/user180/user180.json,idx_111
waveOut,trainingSamples,raw_data/EMG-EPN612/testingJSON/user180/user180.json,idx_112
waveOut,trainingSamples,raw_data/EMG-EPN612/testingJSON/user180/user180.json,idx_113
waveOut,trainingSamples,raw_data/EMG-EPN612/testingJSON/user180/user180.json,idx_114
waveOut,trainingSamples,raw_data/EMG-EPN612/testingJSON/user180/user180.json,idx_115
waveOut,trainingSamples,raw_data/EMG-EPN612/testingJSON/user180/user180.json,idx_116
waveOut,trainingSamples,raw_data/EMG-EPN612/testingJSON/user180/user180.json,idx_117
waveOut,trainingSamples,raw_data/EMG-EPN612/testingJSON/user180/user180.json,idx_118
waveOut,trainingSamples,raw_data/EMG-EPN612/testingJSON/user180/user180.json,idx_119
waveOut,trainingSamples,raw_data/EMG-EPN612/testingJSON/user180/user180.json,idx_120
waveOut,trainingSamples,raw_data/EMG-EPN612/testingJSON/user180/user180.json,idx_121
waveOut,trainingSamples,raw_data/EMG-EPN612/testingJSON/user180/user180.json,idx_122
waveOut,trainingSamples,raw_data/EMG-EPN612/testingJSON/user180/user180.json,idx_123
waveOut,trainingSamples,raw_data/EMG-EPN612/testingJSON/user180/user180.json,idx_124
waveOut,trainingSamples,raw_data/EMG-EPN612/testingJSON/user180/user180.json,idx_125
waveIn,trainingSamples,raw_data/EMG-EPN612/testingJSON/user180/user180.json,idx_126
waveIn,trainingSamples,raw_data/EMG-EPN612/testingJSON/user180/user180.json,idx_127
waveIn,trainingSamples,raw_data/EMG-EPN612/testingJSON/user180/user180.json,idx_128
waveIn,trainingSamples,raw_data/EMG-EPN612/testingJSON/user180/user180.json,idx_129
waveIn,trainingSamples,raw_data/EMG-EPN612/testingJSON/user180/user180.json,idx_130
waveIn,trainingSamples,raw_data/EMG-EPN612/testingJSON/user180/user180.json,idx_131
waveIn,trainingSamples,raw_data/EMG-EPN612/testingJSON/user180/user180.json,idx_132
waveIn,trainingSamples,raw_data/EMG-EPN612/testingJSON/user180/user180.json,idx_133
waveIn,trainingSamples,raw_data/EMG-EPN612/testingJSON/user180/user180.json,idx_134
waveIn,trainingSamples,raw_data/EMG-EPN612/testingJSON/user180/user180.json,idx_135
waveIn,trainingSamples,raw_data/EMG-EPN612/testingJSON/user180/user180.json,idx_136
waveIn,trainingSamples,raw_data/EMG-EPN612/testingJSON/user180/user180.json,idx_137
waveIn,trainingSamples,raw_data/EMG-EPN612/testingJSON/user180/user180.json,idx_138
waveIn,trainingSamples,raw_data/EMG-EPN612/testingJSON/user180/user180.json,idx_139
waveIn,trainingSamples,raw_data/EMG-EPN612/testingJSON/user180/user180.json,idx_140
waveIn,trainingSamples,raw_data/EMG-EPN612/testingJSON/user180/user180.json,idx_141
waveIn,trainingSamples,raw_data/EMG-EPN612/testingJSON/user180/user180.json,idx_142
waveIn,trainingSamples,raw_data/EMG-EPN612/testingJSON/user180/user180.json,idx_143
waveIn,trainingSamples,raw_data/EMG-EPN612/testingJSON/user180/user180.json,idx_144
waveIn,trainingSamples,raw_data/EMG-EPN612/testingJSON/user180/user180.json,idx_145
waveIn,trainingSamples,raw_data/EMG-EPN612/testingJSON/user180/user180.json,idx_146
waveIn,trainingSamples,raw_data/EMG-EPN612/testingJSON/user180/user180.json,idx_147
waveIn,trainingSamples,raw_data/EMG-EPN612/testingJSON/user180/user180.json,idx_148
waveIn,trainingSamples,raw_data/EMG-EPN612/testingJSON/user180/user180.json,idx_149
waveIn,trainingSamples,raw_data/EMG-EPN612/testingJSON/user180/user180.json,idx_150
noGesture,trainingSamples,raw_data/EMG-EPN612/testingJSON/user181/user181.json,idx_1
noGesture,trainingSamples,raw_data/EMG-EPN612/testingJSON/user181/user181.json,idx_2
noGesture,trainingSamples,raw_data/EMG-EPN612/testingJSON/user181/user181.json,idx_3
noGesture,trainingSamples,raw_data/EMG-EPN612/testingJSON/user181/user181.json,idx_4
noGesture,trainingSamples,raw_data/EMG-EPN612/testingJSON/user181/user181.json,idx_5
noGesture,trainingSamples,raw_data/EMG-EPN612/testingJSON/user181/user181.json,idx_6
noGesture,trainingSamples,raw_data/EMG-EPN612/testingJSON/user181/user181.json,idx_7
noGesture,trainingSamples,raw_data/EMG-EPN612/testingJSON/user181/user181.json,idx_8
noGesture,trainingSamples,raw_data/EMG-EPN612/testingJSON/user181/user181.json,idx_9
noGesture,trainingSamples,raw_data/EMG-EPN612/testingJSON/user181/user181.json,idx_10
noGesture,trainingSamples,raw_data/EMG-EPN612/testingJSON/user181/user181.json,idx_11
noGesture,trainingSamples,raw_data/EMG-EPN612/testingJSON/user181/user181.json,idx_12
noGesture,trainingSamples,raw_data/EMG-EPN612/testingJSON/user181/user181.json,idx_13
noGesture,trainingSamples,raw_data/EMG-EPN612/testingJSON/user181/user181.json,idx_14
noGesture,trainingSamples,raw_data/EMG-EPN612/testingJSON/user181/user181.json,idx_15
noGesture,trainingSamples,raw_data/EMG-EPN612/testingJSON/user181/user181.json,idx_16
noGesture,trainingSamples,raw_data/EMG-EPN612/testingJSON/user181/user181.json,idx_17
noGesture,trainingSamples,raw_data/EMG-EPN612/testingJSON/user181/user181.json,idx_18
noGesture,trainingSamples,raw_data/EMG-EPN612/testingJSON/user181/user181.json,idx_19
noGesture,trainingSamples,raw_data/EMG-EPN612/testingJSON/user181/user181.json,idx_20
noGesture,trainingSamples,raw_data/EMG-EPN612/testingJSON/user181/user181.json,idx_21
noGesture,trainingSamples,raw_data/EMG-EPN612/testingJSON/user181/user181.json,idx_22
noGesture,trainingSamples,raw_data/EMG-EPN612/testingJSON/user181/user181.json,idx_23
noGesture,trainingSamples,raw_data/EMG-EPN612/testingJSON/user181/user181.json,idx_24
noGesture,trainingSamples,raw_data/EMG-EPN612/testingJSON/user181/user181.json,idx_25
waveOut,trainingSamples,raw_data/EMG-EPN612/testingJSON/user181/user181.json,idx_26
waveOut,trainingSamples,raw_data/EMG-EPN612/testingJSON/user181/user181.json,idx_27
waveOut,trainingSamples,raw_data/EMG-EPN612/testingJSON/user181/user181.json,idx_28
waveOut,trainingSamples,raw_data/EMG-EPN612/testingJSON/user181/user181.json,idx_29
waveOut,trainingSamples,raw_data/EMG-EPN612/testingJSON/user181/user181.json,idx_30
waveOut,trainingSamples,raw_data/EMG-EPN612/testingJSON/user181/user181.json,idx_31
waveOut,trainingSamples,raw_data/EMG-EPN612/testingJSON/user181/user181.json,idx_32
waveOut,trainingSamples,raw_data/EMG-EPN612/testingJSON/user181/user181.json,idx_33
waveOut,trainingSamples,raw_data/EMG-EPN612/testingJSON/user181/user181.json,idx_34
waveOut,trainingSamples,raw_data/EMG-EPN612/testingJSON/user181/user181.json,idx_35
waveOut,trainingSamples,raw_data/EMG-EPN612/testingJSON/user181/user181.json,idx_36
waveOut,trainingSamples,raw_data/EMG-EPN612/testingJSON/user181/user181.json,idx_37
waveOut,trainingSamples,raw_data/EMG-EPN612/testingJSON/user181/user181.json,idx_38
waveOut,trainingSamples,raw_data/EMG-EPN612/testingJSON/user181/user181.json,idx_39
waveOut,trainingSamples,raw_data/EMG-EPN612/testingJSON/user181/user181.json,idx_40
waveOut,trainingSamples,raw_data/EMG-EPN612/testingJSON/user181/user181.json,idx_41
waveOut,trainingSamples,raw_data/EMG-EPN612/testingJSON/user181/user181.json,idx_42
waveOut,trainingSamples,raw_data/EMG-EPN612/testingJSON/user181/user181.json,idx_43
waveOut,trainingSamples,raw_data/EMG-EPN612/testingJSON/user181/user181.json,idx_44
waveOut,trainingSamples,raw_data/EMG-EPN612/testingJSON/user181/user181.json,idx_45
waveOut,trainingSamples,raw_data/EMG-EPN612/testingJSON/user181/user181.json,idx_46
waveOut,trainingSamples,raw_data/EMG-EPN612/testingJSON/user181/user181.json,idx_47
waveOut,trainingSamples,raw_data/EMG-EPN612/testingJSON/user181/user181.json,idx_48
waveOut,trainingSamples,raw_data/EMG-EPN612/testingJSON/user181/user181.json,idx_49
waveOut,trainingSamples,raw_data/EMG-EPN612/testingJSON/user181/user181.json,idx_50
pinch,trainingSamples,raw_data/EMG-EPN612/testingJSON/user181/user181.json,idx_51
pinch,trainingSamples,raw_data/EMG-EPN612/testingJSON/user181/user181.json,idx_52
pinch,trainingSamples,raw_data/EMG-EPN612/testingJSON/user181/user181.json,idx_53
pinch,trainingSamples,raw_data/EMG-EPN612/testingJSON/user181/user181.json,idx_54
pinch,trainingSamples,raw_data/EMG-EPN612/testingJSON/user181/user181.json,idx_55
pinch,trainingSamples,raw_data/EMG-EPN612/testingJSON/user181/user181.json,idx_56
pinch,trainingSamples,raw_data/EMG-EPN612/testingJSON/user181/user181.json,idx_57
pinch,trainingSamples,raw_data/EMG-EPN612/testingJSON/user181/user181.json,idx_58
pinch,trainingSamples,raw_data/EMG-EPN612/testingJSON/user181/user181.json,idx_59
pinch,trainingSamples,raw_data/EMG-EPN612/testingJSON/user181/user181.json,idx_60
pinch,trainingSamples,raw_data/EMG-EPN612/testingJSON/user181/user181.json,idx_61
pinch,trainingSamples,raw_data/EMG-EPN612/testingJSON/user181/user181.json,idx_62
pinch,trainingSamples,raw_data/EMG-EPN612/testingJSON/user181/user181.json,idx_63
pinch,trainingSamples,raw_data/EMG-EPN612/testingJSON/user181/user181.json,idx_64
pinch,trainingSamples,raw_data/EMG-EPN612/testingJSON/user181/user181.json,idx_65
pinch,trainingSamples,raw_data/EMG-EPN612/testingJSON/user181/user181.json,idx_66
pinch,trainingSamples,raw_data/EMG-EPN612/testingJSON/user181/user181.json,idx_67
pinch,trainingSamples,raw_data/EMG-EPN612/testingJSON/user181/user181.json,idx_68
pinch,trainingSamples,raw_data/EMG-EPN612/testingJSON/user181/user181.json,idx_69
pinch,trainingSamples,raw_data/EMG-EPN612/testingJSON/user181/user181.json,idx_70
pinch,trainingSamples,raw_data/EMG-EPN612/testingJSON/user181/user181.json,idx_71
pinch,trainingSamples,raw_data/EMG-EPN612/testingJSON/user181/user181.json,idx_72
pinch,trainingSamples,raw_data/EMG-EPN612/testingJSON/user181/user181.json,idx_73
pinch,trainingSamples,raw_data/EMG-EPN612/testingJSON/user181/user181.json,idx_74
pinch,trainingSamples,raw_data/EMG-EPN612/testingJSON/user181/user181.json,idx_75
fist,trainingSamples,raw_data/EMG-EPN612/testingJSON/user181/user181.json,idx_76
fist,trainingSamples,raw_data/EMG-EPN612/testingJSON/user181/user181.json,idx_77
fist,trainingSamples,raw_data/EMG-EPN612/testingJSON/user181/user181.json,idx_78
fist,trainingSamples,raw_data/EMG-EPN612/testingJSON/user181/user181.json,idx_79
fist,trainingSamples,raw_data/EMG-EPN612/testingJSON/user181/user181.json,idx_80
fist,trainingSamples,raw_data/EMG-EPN612/testingJSON/user181/user181.json,idx_81
fist,trainingSamples,raw_data/EMG-EPN612/testingJSON/user181/user181.json,idx_82
fist,trainingSamples,raw_data/EMG-EPN612/testingJSON/user181/user181.json,idx_83
fist,trainingSamples,raw_data/EMG-EPN612/testingJSON/user181/user181.json,idx_84
fist,trainingSamples,raw_data/EMG-EPN612/testingJSON/user181/user181.json,idx_85
fist,trainingSamples,raw_data/EMG-EPN612/testingJSON/user181/user181.json,idx_86
fist,trainingSamples,raw_data/EMG-EPN612/testingJSON/user181/user181.json,idx_87
fist,trainingSamples,raw_data/EMG-EPN612/testingJSON/user181/user181.json,idx_88
fist,trainingSamples,raw_data/EMG-EPN612/testingJSON/user181/user181.json,idx_89
fist,trainingSamples,raw_data/EMG-EPN612/testingJSON/user181/user181.json,idx_90
fist,trainingSamples,raw_data/EMG-EPN612/testingJSON/user181/user181.json,idx_91
fist,trainingSamples,raw_data/EMG-EPN612/testingJSON/user181/user181.json,idx_92
fist,trainingSamples,raw_data/EMG-EPN612/testingJSON/user181/user181.json,idx_93
fist,trainingSamples,raw_data/EMG-EPN612/testingJSON/user181/user181.json,idx_94
fist,trainingSamples,raw_data/EMG-EPN612/testingJSON/user181/user181.json,idx_95
fist,trainingSamples,raw_data/EMG-EPN612/testingJSON/user181/user181.json,idx_96
fist,trainingSamples,raw_data/EMG-EPN612/testingJSON/user181/user181.json,idx_97
fist,trainingSamples,raw_data/EMG-EPN612/testingJSON/user181/user181.json,idx_98
fist,trainingSamples,raw_data/EMG-EPN612/testingJSON/user181/user181.json,idx_99
fist,trainingSamples,raw_data/EMG-EPN612/testingJSON/user181/user181.json,idx_100
waveIn,trainingSamples,raw_data/EMG-EPN612/testingJSON/user181/user181.json,idx_101
waveIn,trainingSamples,raw_data/EMG-EPN612/testingJSON/user181/user181.json,idx_102
waveIn,trainingSamples,raw_data/EMG-EPN612/testingJSON/user181/user181.json,idx_103
waveIn,trainingSamples,raw_data/EMG-EPN612/testingJSON/user181/user181.json,idx_104
waveIn,trainingSamples,raw_data/EMG-EPN612/testingJSON/user181/user181.json,idx_105
waveIn,trainingSamples,raw_data/EMG-EPN612/testingJSON/user181/user181.json,idx_106
waveIn,trainingSamples,raw_data/EMG-EPN612/testingJSON/user181/user181.json,idx_107
waveIn,trainingSamples,raw_data/EMG-EPN612/testingJSON/user181/user181.json,idx_108
waveIn,trainingSamples,raw_data/EMG-EPN612/testingJSON/user181/user181.json,idx_109
waveIn,trainingSamples,raw_data/EMG-EPN612/testingJSON/user181/user181.json,idx_110
waveIn,trainingSamples,raw_data/EMG-EPN612/testingJSON/user181/user181.json,idx_111
waveIn,trainingSamples,raw_data/EMG-EPN612/testingJSON/user181/user181.json,idx_112
waveIn,trainingSamples,raw_data/EMG-EPN612/testingJSON/user181/user181.json,idx_113
waveIn,trainingSamples,raw_data/EMG-EPN612/testingJSON/user181/user181.json,idx_114
waveIn,trainingSamples,raw_data/EMG-EPN612/testingJSON/user181/user181.json,idx_115
waveIn,trainingSamples,raw_data/EMG-EPN612/testingJSON/user181/user181.json,idx_116
waveIn,trainingSamples,raw_data/EMG-EPN612/testingJSON/user181/user181.json,idx_117
waveIn,trainingSamples,raw_data/EMG-EPN612/testingJSON/user181/user181.json,idx_118
waveIn,trainingSamples,raw_data/EMG-EPN612/testingJSON/user181/user181.json,idx_119
waveIn,trainingSamples,raw_data/EMG-EPN612/testingJSON/user181/user181.json,idx_120
waveIn,trainingSamples,raw_data/EMG-EPN612/testingJSON/user181/user181.json,idx_121
waveIn,trainingSamples,raw_data/EMG-EPN612/testingJSON/user181/user181.json,idx_122
waveIn,trainingSamples,raw_data/EMG-EPN612/testingJSON/user181/user181.json,idx_123
waveIn,trainingSamples,raw_data/EMG-EPN612/testingJSON/user181/user181.json,idx_124
waveIn,trainingSamples,raw_data/EMG-EPN612/testingJSON/user181/user181.json,idx_125
open,trainingSamples,raw_data/EMG-EPN612/testingJSON/user181/user181.json,idx_126
open,trainingSamples,raw_data/EMG-EPN612/testingJSON/user181/user181.json,idx_127
open,trainingSamples,raw_data/EMG-EPN612/testingJSON/user181/user181.json,idx_128
open,trainingSamples,raw_data/EMG-EPN612/testingJSON/user181/user181.json,idx_129
open,trainingSamples,raw_data/EMG-EPN612/testingJSON/user181/user181.json,idx_130
open,trainingSamples,raw_data/EMG-EPN612/testingJSON/user181/user181.json,idx_131
open,trainingSamples,raw_data/EMG-EPN612/testingJSON/user181/user181.json,idx_132
open,trainingSamples,raw_data/EMG-EPN612/testingJSON/user181/user181.json,idx_133
open,trainingSamples,raw_data/EMG-EPN612/testingJSON/user181/user181.json,idx_134
open,trainingSamples,raw_data/EMG-EPN612/testingJSON/user181/user181.json,idx_135
open,trainingSamples,raw_data/EMG-EPN612/testingJSON/user181/user181.json,idx_136
open,trainingSamples,raw_data/EMG-EPN612/testingJSON/user181/user181.json,idx_137
open,trainingSamples,raw_data/EMG-EPN612/testingJSON/user181/user181.json,idx_138
open,trainingSamples,raw_data/EMG-EPN612/testingJSON/user181/user181.json,idx_139
open,trainingSamples,raw_data/EMG-EPN612/testingJSON/user181/user181.json,idx_140
open,trainingSamples,raw_data/EMG-EPN612/testingJSON/user181/user181.json,idx_141
open,trainingSamples,raw_data/EMG-EPN612/testingJSON/user181/user181.json,idx_142
open,trainingSamples,raw_data/EMG-EPN612/testingJSON/user181/user181.json,idx_143
open,trainingSamples,raw_data/EMG-EPN612/testingJSON/user181/user181.json,idx_144
open,trainingSamples,raw_data/EMG-EPN612/testingJSON/user181/user181.json,idx_145
open,trainingSamples,raw_data/EMG-EPN612/testingJSON/user181/user181.json,idx_146
open,trainingSamples,raw_data/EMG-EPN612/testingJSON/user181/user181.json,idx_147
open,trainingSamples,raw_data/EMG-EPN612/testingJSON/user181/user181.json,idx_148
open,trainingSamples,raw_data/EMG-EPN612/testingJSON/user181/user181.json,idx_149
open,trainingSamples,raw_data/EMG-EPN612/testingJSON/user181/user181.json,idx_150
noGesture,trainingSamples,raw_data/EMG-EPN612/testingJSON/user182/user182.json,idx_1
noGesture,trainingSamples,raw_data/EMG-EPN612/testingJSON/user182/user182.json,idx_2
noGesture,trainingSamples,raw_data/EMG-EPN612/testingJSON/user182/user182.json,idx_3
noGesture,trainingSamples,raw_data/EMG-EPN612/testingJSON/user182/user182.json,idx_4
noGesture,trainingSamples,raw_data/EMG-EPN612/testingJSON/user182/user182.json,idx_5
noGesture,trainingSamples,raw_data/EMG-EPN612/testingJSON/user182/user182.json,idx_6
noGesture,trainingSamples,raw_data/EMG-EPN612/testingJSON/user182/user182.json,idx_7
noGesture,trainingSamples,raw_data/EMG-EPN612/testingJSON/user182/user182.json,idx_8
noGesture,trainingSamples,raw_data/EMG-EPN612/testingJSON/user182/user182.json,idx_9
noGesture,trainingSamples,raw_data/EMG-EPN612/testingJSON/user182/user182.json,idx_10
noGesture,trainingSamples,raw_data/EMG-EPN612/testingJSON/user182/user182.json,idx_11
noGesture,trainingSamples,raw_data/EMG-EPN612/testingJSON/user182/user182.json,idx_12
noGesture,trainingSamples,raw_data/EMG-EPN612/testingJSON/user182/user182.json,idx_13
noGesture,trainingSamples,raw_data/EMG-EPN612/testingJSON/user182/user182.json,idx_14
noGesture,trainingSamples,raw_data/EMG-EPN612/testingJSON/user182/user182.json,idx_15
noGesture,trainingSamples,raw_data/EMG-EPN612/testingJSON/user182/user182.json,idx_16
noGesture,trainingSamples,raw_data/EMG-EPN612/testingJSON/user182/user182.json,idx_17
noGesture,trainingSamples,raw_data/EMG-EPN612/testingJSON/user182/user182.json,idx_18
noGesture,trainingSamples,raw_data/EMG-EPN612/testingJSON/user182/user182.json,idx_19
noGesture,trainingSamples,raw_data/EMG-EPN612/testingJSON/user182/user182.json,idx_20
noGesture,trainingSamples,raw_data/EMG-EPN612/testingJSON/user182/user182.json,idx_21
noGesture,trainingSamples,raw_data/EMG-EPN612/testingJSON/user182/user182.json,idx_22
noGesture,trainingSamples,raw_data/EMG-EPN612/testingJSON/user182/user182.json,idx_23
noGesture,trainingSamples,raw_data/EMG-EPN612/testingJSON/user182/user182.json,idx_24
noGesture,trainingSamples,raw_data/EMG-EPN612/testingJSON/user182/user182.json,idx_25
waveOut,trainingSamples,raw_data/EMG-EPN612/testingJSON/user182/user182.json,idx_26
waveOut,trainingSamples,raw_data/EMG-EPN612/testingJSON/user182/user182.json,idx_27
waveOut,trainingSamples,raw_data/EMG-EPN612/testingJSON/user182/user182.json,idx_28
waveOut,trainingSamples,raw_data/EMG-EPN612/testingJSON/user182/user182.json,idx_29
waveOut,trainingSamples,raw_data/EMG-EPN612/testingJSON/user182/user182.json,idx_30
waveOut,trainingSamples,raw_data/EMG-EPN612/testingJSON/user182/user182.json,idx_31
waveOut,trainingSamples,raw_data/EMG-EPN612/testingJSON/user182/user182.json,idx_32
waveOut,trainingSamples,raw_data/EMG-EPN612/testingJSON/user182/user182.json,idx_33
waveOut,trainingSamples,raw_data/EMG-EPN612/testingJSON/user182/user182.json,idx_34
waveOut,trainingSamples,raw_data/EMG-EPN612/testingJSON/user182/user182.json,idx_35
waveOut,trainingSamples,raw_data/EMG-EPN612/testingJSON/user182/user182.json,idx_36
waveOut,trainingSamples,raw_data/EMG-EPN612/testingJSON/user182/user182.json,idx_37
waveOut,trainingSamples,raw_data/EMG-EPN612/testingJSON/user182/user182.json,idx_38
waveOut,trainingSamples,raw_data/EMG-EPN612/testingJSON/user182/user182.json,idx_39
waveOut,trainingSamples,raw_data/EMG-EPN612/testingJSON/user182/user182.json,idx_40
waveOut,trainingSamples,raw_data/EMG-EPN612/testingJSON/user182/user182.json,idx_41
waveOut,trainingSamples,raw_data/EMG-EPN612/testingJSON/user182/user182.json,idx_42
waveOut,trainingSamples,raw_data/EMG-EPN612/testingJSON/user182/user182.json,idx_43
waveOut,trainingSamples,raw_data/EMG-EPN612/testingJSON/user182/user182.json,idx_44
waveOut,trainingSamples,raw_data/EMG-EPN612/testingJSON/user182/user182.json,idx_45
waveOut,trainingSamples,raw_data/EMG-EPN612/testingJSON/user182/user182.json,idx_46
waveOut,trainingSamples,raw_data/EMG-EPN612/testingJSON/user182/user182.json,idx_47
waveOut,trainingSamples,raw_data/EMG-EPN612/testingJSON/user182/user182.json,idx_48
waveOut,trainingSamples,raw_data/EMG-EPN612/testingJSON/user182/user182.json,idx_49
waveOut,trainingSamples,raw_data/EMG-EPN612/testingJSON/user182/user182.json,idx_50
pinch,trainingSamples,raw_data/EMG-EPN612/testingJSON/user182/user182.json,idx_51
pinch,trainingSamples,raw_data/EMG-EPN612/testingJSON/user182/user182.json,idx_52
pinch,trainingSamples,raw_data/EMG-EPN612/testingJSON/user182/user182.json,idx_53
pinch,trainingSamples,raw_data/EMG-EPN612/testingJSON/user182/user182.json,idx_54
pinch,trainingSamples,raw_data/EMG-EPN612/testingJSON/user182/user182.json,idx_55
pinch,trainingSamples,raw_data/EMG-EPN612/testingJSON/user182/user182.json,idx_56
pinch,trainingSamples,raw_data/EMG-EPN612/testingJSON/user182/user182.json,idx_57
pinch,trainingSamples,raw_data/EMG-EPN612/testingJSON/user182/user182.json,idx_58
pinch,trainingSamples,raw_data/EMG-EPN612/testingJSON/user182/user182.json,idx_59
pinch,trainingSamples,raw_data/EMG-EPN612/testingJSON/user182/user182.json,idx_60
pinch,trainingSamples,raw_data/EMG-EPN612/testingJSON/user182/user182.json,idx_61
pinch,trainingSamples,raw_data/EMG-EPN612/testingJSON/user182/user182.json,idx_62
pinch,trainingSamples,raw_data/EMG-EPN612/testingJSON/user182/user182.json,idx_63
pinch,trainingSamples,raw_data/EMG-EPN612/testingJSON/user182/user182.json,idx_64
pinch,trainingSamples,raw_data/EMG-EPN612/testingJSON/user182/user182.json,idx_65
pinch,trainingSamples,raw_data/EMG-EPN612/testingJSON/user182/user182.json,idx_66
pinch,trainingSamples,raw_data/EMG-EPN612/testingJSON/user182/user182.json,idx_67
pinch,trainingSamples,raw_data/EMG-EPN612/testingJSON/user182/user182.json,idx_68
pinch,trainingSamples,raw_data/EMG-EPN612/testingJSON/user182/user182.json,idx_69
pinch,trainingSamples,raw_data/EMG-EPN612/testingJSON/user182/user182.json,idx_70
pinch,trainingSamples,raw_data/EMG-EPN612/testingJSON/user182/user182.json,idx_71
pinch,trainingSamples,raw_data/EMG-EPN612/testingJSON/user182/user182.json,idx_72
pinch,trainingSamples,raw_data/EMG-EPN612/testingJSON/user182/user182.json,idx_73
pinch,trainingSamples,raw_data/EMG-EPN612/testingJSON/user182/user182.json,idx_74
pinch,trainingSamples,raw_data/EMG-EPN612/testingJSON/user182/user182.json,idx_75
fist,trainingSamples,raw_data/EMG-EPN612/testingJSON/user182/user182.json,idx_76
fist,trainingSamples,raw_data/EMG-EPN612/testingJSON/user182/user182.json,idx_77
fist,trainingSamples,raw_data/EMG-EPN612/testingJSON/user182/user182.json,idx_78
fist,trainingSamples,raw_data/EMG-EPN612/testingJSON/user182/user182.json,idx_79
fist,trainingSamples,raw_data/EMG-EPN612/testingJSON/user182/user182.json,idx_80
fist,trainingSamples,raw_data/EMG-EPN612/testingJSON/user182/user182.json,idx_81
fist,trainingSamples,raw_data/EMG-EPN612/testingJSON/user182/user182.json,idx_82
fist,trainingSamples,raw_data/EMG-EPN612/testingJSON/user182/user182.json,idx_83
fist,trainingSamples,raw_data/EMG-EPN612/testingJSON/user182/user182.json,idx_84
fist,trainingSamples,raw_data/EMG-EPN612/testingJSON/user182/user182.json,idx_85
fist,trainingSamples,raw_data/EMG-EPN612/testingJSON/user182/user182.json,idx_86
fist,trainingSamples,raw_data/EMG-EPN612/testingJSON/user182/user182.json,idx_87
fist,trainingSamples,raw_data/EMG-EPN612/testingJSON/user182/user182.json,idx_88
fist,trainingSamples,raw_data/EMG-EPN612/testingJSON/user182/user182.json,idx_89
fist,trainingSamples,raw_data/EMG-EPN612/testingJSON/user182/user182.json,idx_90
fist,trainingSamples,raw_data/EMG-EPN612/testingJSON/user182/user182.json,idx_91
fist,trainingSamples,raw_data/EMG-EPN612/testingJSON/user182/user182.json,idx_92
fist,trainingSamples,raw_data/EMG-EPN612/testingJSON/user182/user182.json,idx_93
fist,trainingSamples,raw_data/EMG-EPN612/testingJSON/user182/user182.json,idx_94
fist,trainingSamples,raw_data/EMG-EPN612/testingJSON/user182/user182.json,idx_95
fist,trainingSamples,raw_data/EMG-EPN612/testingJSON/user182/user182.json,idx_96
fist,trainingSamples,raw_data/EMG-EPN612/testingJSON/user182/user182.json,idx_97
fist,trainingSamples,raw_data/EMG-EPN612/testingJSON/user182/user182.json,idx_98
fist,trainingSamples,raw_data/EMG-EPN612/testingJSON/user182/user182.json,idx_99
fist,trainingSamples,raw_data/EMG-EPN612/testingJSON/user182/user182.json,idx_100
waveIn,trainingSamples,raw_data/EMG-EPN612/testingJSON/user182/user182.json,idx_101
waveIn,trainingSamples,raw_data/EMG-EPN612/testingJSON/user182/user182.json,idx_102
waveIn,trainingSamples,raw_data/EMG-EPN612/testingJSON/user182/user182.json,idx_103
waveIn,trainingSamples,raw_data/EMG-EPN612/testingJSON/user182/user182.json,idx_104
waveIn,trainingSamples,raw_data/EMG-EPN612/testingJSON/user182/user182.json,idx_105
waveIn,trainingSamples,raw_data/EMG-EPN612/testingJSON/user182/user182.json,idx_106
waveIn,trainingSamples,raw_data/EMG-EPN612/testingJSON/user182/user182.json,idx_107
waveIn,trainingSamples,raw_data/EMG-EPN612/testingJSON/user182/user182.json,idx_108
waveIn,trainingSamples,raw_data/EMG-EPN612/testingJSON/user182/user182.json,idx_109
waveIn,trainingSamples,raw_data/EMG-EPN612/testingJSON/user182/user182.json,idx_110
waveIn,trainingSamples,raw_data/EMG-EPN612/testingJSON/user182/user182.json,idx_111
waveIn,trainingSamples,raw_data/EMG-EPN612/testingJSON/user182/user182.json,idx_112
waveIn,trainingSamples,raw_data/EMG-EPN612/testingJSON/user182/user182.json,idx_113
waveIn,trainingSamples,raw_data/EMG-EPN612/testingJSON/user182/user182.json,idx_114
waveIn,trainingSamples,raw_data/EMG-EPN612/testingJSON/user182/user182.json,idx_115
waveIn,trainingSamples,raw_data/EMG-EPN612/testingJSON/user182/user182.json,idx_116
waveIn,trainingSamples,raw_data/EMG-EPN612/testingJSON/user182/user182.json,idx_117
waveIn,trainingSamples,raw_data/EMG-EPN612/testingJSON/user182/user182.json,idx_118
waveIn,trainingSamples,raw_data/EMG-EPN612/testingJSON/user182/user182.json,idx_119
waveIn,trainingSamples,raw_data/EMG-EPN612/testingJSON/user182/user182.json,idx_120
waveIn,trainingSamples,raw_data/EMG-EPN612/testingJSON/user182/user182.json,idx_121
waveIn,trainingSamples,raw_data/EMG-EPN612/testingJSON/user182/user182.json,idx_122
waveIn,trainingSamples,raw_data/EMG-EPN612/testingJSON/user182/user182.json,idx_123
waveIn,trainingSamples,raw_data/EMG-EPN612/testingJSON/user182/user182.json,idx_124
waveIn,trainingSamples,raw_data/EMG-EPN612/testingJSON/user182/user182.json,idx_125
open,trainingSamples,raw_data/EMG-EPN612/testingJSON/user182/user182.json,idx_126
open,trainingSamples,raw_data/EMG-EPN612/testingJSON/user182/user182.json,idx_127
open,trainingSamples,raw_data/EMG-EPN612/testingJSON/user182/user182.json,idx_128
open,trainingSamples,raw_data/EMG-EPN612/testingJSON/user182/user182.json,idx_129
open,trainingSamples,raw_data/EMG-EPN612/testingJSON/user182/user182.json,idx_130
open,trainingSamples,raw_data/EMG-EPN612/testingJSON/user182/user182.json,idx_131
open,trainingSamples,raw_data/EMG-EPN612/testingJSON/user182/user182.json,idx_132
open,trainingSamples,raw_data/EMG-EPN612/testingJSON/user182/user182.json,idx_133
open,trainingSamples,raw_data/EMG-EPN612/testingJSON/user182/user182.json,idx_134
open,trainingSamples,raw_data/EMG-EPN612/testingJSON/user182/user182.json,idx_135
open,trainingSamples,raw_data/EMG-EPN612/testingJSON/user182/user182.json,idx_136
open,trainingSamples,raw_data/EMG-EPN612/testingJSON/user182/user182.json,idx_137
open,trainingSamples,raw_data/EMG-EPN612/testingJSON/user182/user182.json,idx_138
open,trainingSamples,raw_data/EMG-EPN612/testingJSON/user182/user182.json,idx_139
open,trainingSamples,raw_data/EMG-EPN612/testingJSON/user182/user182.json,idx_140
open,trainingSamples,raw_data/EMG-EPN612/testingJSON/user182/user182.json,idx_141
open,trainingSamples,raw_data/EMG-EPN612/testingJSON/user182/user182.json,idx_142
open,trainingSamples,raw_data/EMG-EPN612/testingJSON/user182/user182.json,idx_143
open,trainingSamples,raw_data/EMG-EPN612/testingJSON/user182/user182.json,idx_144
open,trainingSamples,raw_data/EMG-EPN612/testingJSON/user182/user182.json,idx_145
open,trainingSamples,raw_data/EMG-EPN612/testingJSON/user182/user182.json,idx_146
open,trainingSamples,raw_data/EMG-EPN612/testingJSON/user182/user182.json,idx_147
open,trainingSamples,raw_data/EMG-EPN612/testingJSON/user182/user182.json,idx_148
open,trainingSamples,raw_data/EMG-EPN612/testingJSON/user182/user182.json,idx_149
open,trainingSamples,raw_data/EMG-EPN612/testingJSON/user182/user182.json,idx_150
noGesture,trainingSamples,raw_data/EMG-EPN612/testingJSON/user183/user183.json,idx_1
noGesture,trainingSamples,raw_data/EMG-EPN612/testingJSON/user183/user183.json,idx_2
noGesture,trainingSamples,raw_data/EMG-EPN612/testingJSON/user183/user183.json,idx_3
noGesture,trainingSamples,raw_data/EMG-EPN612/testingJSON/user183/user183.json,idx_4
noGesture,trainingSamples,raw_data/EMG-EPN612/testingJSON/user183/user183.json,idx_5
noGesture,trainingSamples,raw_data/EMG-EPN612/testingJSON/user183/user183.json,idx_6
noGesture,trainingSamples,raw_data/EMG-EPN612/testingJSON/user183/user183.json,idx_7
noGesture,trainingSamples,raw_data/EMG-EPN612/testingJSON/user183/user183.json,idx_8
noGesture,trainingSamples,raw_data/EMG-EPN612/testingJSON/user183/user183.json,idx_9
noGesture,trainingSamples,raw_data/EMG-EPN612/testingJSON/user183/user183.json,idx_10
noGesture,trainingSamples,raw_data/EMG-EPN612/testingJSON/user183/user183.json,idx_11
noGesture,trainingSamples,raw_data/EMG-EPN612/testingJSON/user183/user183.json,idx_12
noGesture,trainingSamples,raw_data/EMG-EPN612/testingJSON/user183/user183.json,idx_13
noGesture,trainingSamples,raw_data/EMG-EPN612/testingJSON/user183/user183.json,idx_14
noGesture,trainingSamples,raw_data/EMG-EPN612/testingJSON/user183/user183.json,idx_15
noGesture,trainingSamples,raw_data/EMG-EPN612/testingJSON/user183/user183.json,idx_16
noGesture,trainingSamples,raw_data/EMG-EPN612/testingJSON/user183/user183.json,idx_17
noGesture,trainingSamples,raw_data/EMG-EPN612/testingJSON/user183/user183.json,idx_18
noGesture,trainingSamples,raw_data/EMG-EPN612/testingJSON/user183/user183.json,idx_19
noGesture,trainingSamples,raw_data/EMG-EPN612/testingJSON/user183/user183.json,idx_20
noGesture,trainingSamples,raw_data/EMG-EPN612/testingJSON/user183/user183.json,idx_21
noGesture,trainingSamples,raw_data/EMG-EPN612/testingJSON/user183/user183.json,idx_22
noGesture,trainingSamples,raw_data/EMG-EPN612/testingJSON/user183/user183.json,idx_23
noGesture,trainingSamples,raw_data/EMG-EPN612/testingJSON/user183/user183.json,idx_24
noGesture,trainingSamples,raw_data/EMG-EPN612/testingJSON/user183/user183.json,idx_25
waveOut,trainingSamples,raw_data/EMG-EPN612/testingJSON/user183/user183.json,idx_26
waveOut,trainingSamples,raw_data/EMG-EPN612/testingJSON/user183/user183.json,idx_27
waveOut,trainingSamples,raw_data/EMG-EPN612/testingJSON/user183/user183.json,idx_28
waveOut,trainingSamples,raw_data/EMG-EPN612/testingJSON/user183/user183.json,idx_29
waveOut,trainingSamples,raw_data/EMG-EPN612/testingJSON/user183/user183.json,idx_30
waveOut,trainingSamples,raw_data/EMG-EPN612/testingJSON/user183/user183.json,idx_31
waveOut,trainingSamples,raw_data/EMG-EPN612/testingJSON/user183/user183.json,idx_32
waveOut,trainingSamples,raw_data/EMG-EPN612/testingJSON/user183/user183.json,idx_33
waveOut,trainingSamples,raw_data/EMG-EPN612/testingJSON/user183/user183.json,idx_34
waveOut,trainingSamples,raw_data/EMG-EPN612/testingJSON/user183/user183.json,idx_35
waveOut,trainingSamples,raw_data/EMG-EPN612/testingJSON/user183/user183.json,idx_36
waveOut,trainingSamples,raw_data/EMG-EPN612/testingJSON/user183/user183.json,idx_37
waveOut,trainingSamples,raw_data/EMG-EPN612/testingJSON/user183/user183.json,idx_38
waveOut,trainingSamples,raw_data/EMG-EPN612/testingJSON/user183/user183.json,idx_39
waveOut,trainingSamples,raw_data/EMG-EPN612/testingJSON/user183/user183.json,idx_40
waveOut,trainingSamples,raw_data/EMG-EPN612/testingJSON/user183/user183.json,idx_41
waveOut,trainingSamples,raw_data/EMG-EPN612/testingJSON/user183/user183.json,idx_42
waveOut,trainingSamples,raw_data/EMG-EPN612/testingJSON/user183/user183.json,idx_43
waveOut,trainingSamples,raw_data/EMG-EPN612/testingJSON/user183/user183.json,idx_44
waveOut,trainingSamples,raw_data/EMG-EPN612/testingJSON/user183/user183.json,idx_45
waveOut,trainingSamples,raw_data/EMG-EPN612/testingJSON/user183/user183.json,idx_46
waveOut,trainingSamples,raw_data/EMG-EPN612/testingJSON/user183/user183.json,idx_47
waveOut,trainingSamples,raw_data/EMG-EPN612/testingJSON/user183/user183.json,idx_48
waveOut,trainingSamples,raw_data/EMG-EPN612/testingJSON/user183/user183.json,idx_49
waveOut,trainingSamples,raw_data/EMG-EPN612/testingJSON/user183/user183.json,idx_50
pinch,trainingSamples,raw_data/EMG-EPN612/testingJSON/user183/user183.json,idx_51
pinch,trainingSamples,raw_data/EMG-EPN612/testingJSON/user183/user183.json,idx_52
pinch,trainingSamples,raw_data/EMG-EPN612/testingJSON/user183/user183.json,idx_53
pinch,trainingSamples,raw_data/EMG-EPN612/testingJSON/user183/user183.json,idx_54
pinch,trainingSamples,raw_data/EMG-EPN612/testingJSON/user183/user183.json,idx_55
pinch,trainingSamples,raw_data/EMG-EPN612/testingJSON/user183/user183.json,idx_56
pinch,trainingSamples,raw_data/EMG-EPN612/testingJSON/user183/user183.json,idx_57
pinch,trainingSamples,raw_data/EMG-EPN612/testingJSON/user183/user183.json,idx_58
pinch,trainingSamples,raw_data/EMG-EPN612/testingJSON/user183/user183.json,idx_59
pinch,trainingSamples,raw_data/EMG-EPN612/testingJSON/user183/user183.json,idx_60
pinch,trainingSamples,raw_data/EMG-EPN612/testingJSON/user183/user183.json,idx_61
pinch,trainingSamples,raw_data/EMG-EPN612/testingJSON/user183/user183.json,idx_62
pinch,trainingSamples,raw_data/EMG-EPN612/testingJSON/user183/user183.json,idx_63
pinch,trainingSamples,raw_data/EMG-EPN612/testingJSON/user183/user183.json,idx_64
pinch,trainingSamples,raw_data/EMG-EPN612/testingJSON/user183/user183.json,idx_65
pinch,trainingSamples,raw_data/EMG-EPN612/testingJSON/user183/user183.json,idx_66
pinch,trainingSamples,raw_data/EMG-EPN612/testingJSON/user183/user183.json,idx_67
pinch,trainingSamples,raw_data/EMG-EPN612/testingJSON/user183/user183.json,idx_68
pinch,trainingSamples,raw_data/EMG-EPN612/testingJSON/user183/user183.json,idx_69
pinch,trainingSamples,raw_data/EMG-EPN612/testingJSON/user183/user183.json,idx_70
pinch,trainingSamples,raw_data/EMG-EPN612/testingJSON/user183/user183.json,idx_71
pinch,trainingSamples,raw_data/EMG-EPN612/testingJSON/user183/user183.json,idx_72
pinch,trainingSamples,raw_data/EMG-EPN612/testingJSON/user183/user183.json,idx_73
pinch,trainingSamples,raw_data/EMG-EPN612/testingJSON/user183/user183.json,idx_74
pinch,trainingSamples,raw_data/EMG-EPN612/testingJSON/user183/user183.json,idx_75
fist,trainingSamples,raw_data/EMG-EPN612/testingJSON/user183/user183.json,idx_76
fist,trainingSamples,raw_data/EMG-EPN612/testingJSON/user183/user183.json,idx_77
fist,trainingSamples,raw_data/EMG-EPN612/testingJSON/user183/user183.json,idx_78
fist,trainingSamples,raw_data/EMG-EPN612/testingJSON/user183/user183.json,idx_79
fist,trainingSamples,raw_data/EMG-EPN612/testingJSON/user183/user183.json,idx_80
fist,trainingSamples,raw_data/EMG-EPN612/testingJSON/user183/user183.json,idx_81
fist,trainingSamples,raw_data/EMG-EPN612/testingJSON/user183/user183.json,idx_82
fist,trainingSamples,raw_data/EMG-EPN612/testingJSON/user183/user183.json,idx_83
fist,trainingSamples,raw_data/EMG-EPN612/testingJSON/user183/user183.json,idx_84
fist,trainingSamples,raw_data/EMG-EPN612/testingJSON/user183/user183.json,idx_85
fist,trainingSamples,raw_data/EMG-EPN612/testingJSON/user183/user183.json,idx_86
fist,trainingSamples,raw_data/EMG-EPN612/testingJSON/user183/user183.json,idx_87
fist,trainingSamples,raw_data/EMG-EPN612/testingJSON/user183/user183.json,idx_88
fist,trainingSamples,raw_data/EMG-EPN612/testingJSON/user183/user183.json,idx_89
fist,trainingSamples,raw_data/EMG-EPN612/testingJSON/user183/user183.json,idx_90
fist,trainingSamples,raw_data/EMG-EPN612/testingJSON/user183/user183.json,idx_91
fist,trainingSamples,raw_data/EMG-EPN612/testingJSON/user183/user183.json,idx_92
fist,trainingSamples,raw_data/EMG-EPN612/testingJSON/user183/user183.json,idx_93
fist,trainingSamples,raw_data/EMG-EPN612/testingJSON/user183/user183.json,idx_94
fist,trainingSamples,raw_data/EMG-EPN612/testingJSON/user183/user183.json,idx_95
fist,trainingSamples,raw_data/EMG-EPN612/testingJSON/user183/user183.json,idx_96
fist,trainingSamples,raw_data/EMG-EPN612/testingJSON/user183/user183.json,idx_97
fist,trainingSamples,raw_data/EMG-EPN612/testingJSON/user183/user183.json,idx_98
fist,trainingSamples,raw_data/EMG-EPN612/testingJSON/user183/user183.json,idx_99
fist,trainingSamples,raw_data/EMG-EPN612/testingJSON/user183/user183.json,idx_100
waveIn,trainingSamples,raw_data/EMG-EPN612/testingJSON/user183/user183.json,idx_101
waveIn,trainingSamples,raw_data/EMG-EPN612/testingJSON/user183/user183.json,idx_102
waveIn,trainingSamples,raw_data/EMG-EPN612/testingJSON/user183/user183.json,idx_103
waveIn,trainingSamples,raw_data/EMG-EPN612/testingJSON/user183/user183.json,idx_104
waveIn,trainingSamples,raw_data/EMG-EPN612/testingJSON/user183/user183.json,idx_105
waveIn,trainingSamples,raw_data/EMG-EPN612/testingJSON/user183/user183.json,idx_106
waveIn,trainingSamples,raw_data/EMG-EPN612/testingJSON/user183/user183.json,idx_107
waveIn,trainingSamples,raw_data/EMG-EPN612/testingJSON/user183/user183.json,idx_108
waveIn,trainingSamples,raw_data/EMG-EPN612/testingJSON/user183/user183.json,idx_109
waveIn,trainingSamples,raw_data/EMG-EPN612/testingJSON/user183/user183.json,idx_110
waveIn,trainingSamples,raw_data/EMG-EPN612/testingJSON/user183/user183.json,idx_111
waveIn,trainingSamples,raw_data/EMG-EPN612/testingJSON/user183/user183.json,idx_112
waveIn,trainingSamples,raw_data/EMG-EPN612/testingJSON/user183/user183.json,idx_113
waveIn,trainingSamples,raw_data/EMG-EPN612/testingJSON/user183/user183.json,idx_114
waveIn,trainingSamples,raw_data/EMG-EPN612/testingJSON/user183/user183.json,idx_115
waveIn,trainingSamples,raw_data/EMG-EPN612/testingJSON/user183/user183.json,idx_116
waveIn,trainingSamples,raw_data/EMG-EPN612/testingJSON/user183/user183.json,idx_117
waveIn,trainingSamples,raw_data/EMG-EPN612/testingJSON/user183/user183.json,idx_118
waveIn,trainingSamples,raw_data/EMG-EPN612/testingJSON/user183/user183.json,idx_119
waveIn,trainingSamples,raw_data/EMG-EPN612/testingJSON/user183/user183.json,idx_120
waveIn,trainingSamples,raw_data/EMG-EPN612/testingJSON/user183/user183.json,idx_121
waveIn,trainingSamples,raw_data/EMG-EPN612/testingJSON/user183/user183.json,idx_122
waveIn,trainingSamples,raw_data/EMG-EPN612/testingJSON/user183/user183.json,idx_123
waveIn,trainingSamples,raw_data/EMG-EPN612/testingJSON/user183/user183.json,idx_124
waveIn,trainingSamples,raw_data/EMG-EPN612/testingJSON/user183/user183.json,idx_125
open,trainingSamples,raw_data/EMG-EPN612/testingJSON/user183/user183.json,idx_126
open,trainingSamples,raw_data/EMG-EPN612/testingJSON/user183/user183.json,idx_127
open,trainingSamples,raw_data/EMG-EPN612/testingJSON/user183/user183.json,idx_128
open,trainingSamples,raw_data/EMG-EPN612/testingJSON/user183/user183.json,idx_129
open,trainingSamples,raw_data/EMG-EPN612/testingJSON/user183/user183.json,idx_130
open,trainingSamples,raw_data/EMG-EPN612/testingJSON/user183/user183.json,idx_131
open,trainingSamples,raw_data/EMG-EPN612/testingJSON/user183/user183.json,idx_132
open,trainingSamples,raw_data/EMG-EPN612/testingJSON/user183/user183.json,idx_133
open,trainingSamples,raw_data/EMG-EPN612/testingJSON/user183/user183.json,idx_134
open,trainingSamples,raw_data/EMG-EPN612/testingJSON/user183/user183.json,idx_135
open,trainingSamples,raw_data/EMG-EPN612/testingJSON/user183/user183.json,idx_136
open,trainingSamples,raw_data/EMG-EPN612/testingJSON/user183/user183.json,idx_137
open,trainingSamples,raw_data/EMG-EPN612/testingJSON/user183/user183.json,idx_138
open,trainingSamples,raw_data/EMG-EPN612/testingJSON/user183/user183.json,idx_139
open,trainingSamples,raw_data/EMG-EPN612/testingJSON/user183/user183.json,idx_140
open,trainingSamples,raw_data/EMG-EPN612/testingJSON/user183/user183.json,idx_141
open,trainingSamples,raw_data/EMG-EPN612/testingJSON/user183/user183.json,idx_142
open,trainingSamples,raw_data/EMG-EPN612/testingJSON/user183/user183.json,idx_143
open,trainingSamples,raw_data/EMG-EPN612/testingJSON/user183/user183.json,idx_144
open,trainingSamples,raw_data/EMG-EPN612/testingJSON/user183/user183.json,idx_145
open,trainingSamples,raw_data/EMG-EPN612/testingJSON/user183/user183.json,idx_146
open,trainingSamples,raw_data/EMG-EPN612/testingJSON/user183/user183.json,idx_147
open,trainingSamples,raw_data/EMG-EPN612/testingJSON/user183/user183.json,idx_148
open,trainingSamples,raw_data/EMG-EPN612/testingJSON/user183/user183.json,idx_149
open,trainingSamples,raw_data/EMG-EPN612/testingJSON/user183/user183.json,idx_150
noGesture,trainingSamples,raw_data/EMG-EPN612/testingJSON/user184/user184.json,idx_1
noGesture,trainingSamples,raw_data/EMG-EPN612/testingJSON/user184/user184.json,idx_2
noGesture,trainingSamples,raw_data/EMG-EPN612/testingJSON/user184/user184.json,idx_3
noGesture,trainingSamples,raw_data/EMG-EPN612/testingJSON/user184/user184.json,idx_4
noGesture,trainingSamples,raw_data/EMG-EPN612/testingJSON/user184/user184.json,idx_5
noGesture,trainingSamples,raw_data/EMG-EPN612/testingJSON/user184/user184.json,idx_6
noGesture,trainingSamples,raw_data/EMG-EPN612/testingJSON/user184/user184.json,idx_7
noGesture,trainingSamples,raw_data/EMG-EPN612/testingJSON/user184/user184.json,idx_8
noGesture,trainingSamples,raw_data/EMG-EPN612/testingJSON/user184/user184.json,idx_9
noGesture,trainingSamples,raw_data/EMG-EPN612/testingJSON/user184/user184.json,idx_10
noGesture,trainingSamples,raw_data/EMG-EPN612/testingJSON/user184/user184.json,idx_11
noGesture,trainingSamples,raw_data/EMG-EPN612/testingJSON/user184/user184.json,idx_12
noGesture,trainingSamples,raw_data/EMG-EPN612/testingJSON/user184/user184.json,idx_13
noGesture,trainingSamples,raw_data/EMG-EPN612/testingJSON/user184/user184.json,idx_14
noGesture,trainingSamples,raw_data/EMG-EPN612/testingJSON/user184/user184.json,idx_15
noGesture,trainingSamples,raw_data/EMG-EPN612/testingJSON/user184/user184.json,idx_16
noGesture,trainingSamples,raw_data/EMG-EPN612/testingJSON/user184/user184.json,idx_17
noGesture,trainingSamples,raw_data/EMG-EPN612/testingJSON/user184/user184.json,idx_18
noGesture,trainingSamples,raw_data/EMG-EPN612/testingJSON/user184/user184.json,idx_19
noGesture,trainingSamples,raw_data/EMG-EPN612/testingJSON/user184/user184.json,idx_20
noGesture,trainingSamples,raw_data/EMG-EPN612/testingJSON/user184/user184.json,idx_21
noGesture,trainingSamples,raw_data/EMG-EPN612/testingJSON/user184/user184.json,idx_22
noGesture,trainingSamples,raw_data/EMG-EPN612/testingJSON/user184/user184.json,idx_23
noGesture,trainingSamples,raw_data/EMG-EPN612/testingJSON/user184/user184.json,idx_24
noGesture,trainingSamples,raw_data/EMG-EPN612/testingJSON/user184/user184.json,idx_25
waveOut,trainingSamples,raw_data/EMG-EPN612/testingJSON/user184/user184.json,idx_26
waveOut,trainingSamples,raw_data/EMG-EPN612/testingJSON/user184/user184.json,idx_27
waveOut,trainingSamples,raw_data/EMG-EPN612/testingJSON/user184/user184.json,idx_28
waveOut,trainingSamples,raw_data/EMG-EPN612/testingJSON/user184/user184.json,idx_29
waveOut,trainingSamples,raw_data/EMG-EPN612/testingJSON/user184/user184.json,idx_30
waveOut,trainingSamples,raw_data/EMG-EPN612/testingJSON/user184/user184.json,idx_31
waveOut,trainingSamples,raw_data/EMG-EPN612/testingJSON/user184/user184.json,idx_32
waveOut,trainingSamples,raw_data/EMG-EPN612/testingJSON/user184/user184.json,idx_33
waveOut,trainingSamples,raw_data/EMG-EPN612/testingJSON/user184/user184.json,idx_34
waveOut,trainingSamples,raw_data/EMG-EPN612/testingJSON/user184/user184.json,idx_35
waveOut,trainingSamples,raw_data/EMG-EPN612/testingJSON/user184/user184.json,idx_36
waveOut,trainingSamples,raw_data/EMG-EPN612/testingJSON/user184/user184.json,idx_37
waveOut,trainingSamples,raw_data/EMG-EPN612/testingJSON/user184/user184.json,idx_38
waveOut,trainingSamples,raw_data/EMG-EPN612/testingJSON/user184/user184.json,idx_39
waveOut,trainingSamples,raw_data/EMG-EPN612/testingJSON/user184/user184.json,idx_40
waveOut,trainingSamples,raw_data/EMG-EPN612/testingJSON/user184/user184.json,idx_41
waveOut,trainingSamples,raw_data/EMG-EPN612/testingJSON/user184/user184.json,idx_42
waveOut,trainingSamples,raw_data/EMG-EPN612/testingJSON/user184/user184.json,idx_43
waveOut,trainingSamples,raw_data/EMG-EPN612/testingJSON/user184/user184.json,idx_44
waveOut,trainingSamples,raw_data/EMG-EPN612/testingJSON/user184/user184.json,idx_45
waveOut,trainingSamples,raw_data/EMG-EPN612/testingJSON/user184/user184.json,idx_46
waveOut,trainingSamples,raw_data/EMG-EPN612/testingJSON/user184/user184.json,idx_47
waveOut,trainingSamples,raw_data/EMG-EPN612/testingJSON/user184/user184.json,idx_48
waveOut,trainingSamples,raw_data/EMG-EPN612/testingJSON/user184/user184.json,idx_49
waveOut,trainingSamples,raw_data/EMG-EPN612/testingJSON/user184/user184.json,idx_50
pinch,trainingSamples,raw_data/EMG-EPN612/testingJSON/user184/user184.json,idx_51
pinch,trainingSamples,raw_data/EMG-EPN612/testingJSON/user184/user184.json,idx_52
pinch,trainingSamples,raw_data/EMG-EPN612/testingJSON/user184/user184.json,idx_53
pinch,trainingSamples,raw_data/EMG-EPN612/testingJSON/user184/user184.json,idx_54
pinch,trainingSamples,raw_data/EMG-EPN612/testingJSON/user184/user184.json,idx_55
pinch,trainingSamples,raw_data/EMG-EPN612/testingJSON/user184/user184.json,idx_56
pinch,trainingSamples,raw_data/EMG-EPN612/testingJSON/user184/user184.json,idx_57
pinch,trainingSamples,raw_data/EMG-EPN612/testingJSON/user184/user184.json,idx_58
pinch,trainingSamples,raw_data/EMG-EPN612/testingJSON/user184/user184.json,idx_59
pinch,trainingSamples,raw_data/EMG-EPN612/testingJSON/user184/user184.json,idx_60
pinch,trainingSamples,raw_data/EMG-EPN612/testingJSON/user184/user184.json,idx_61
pinch,trainingSamples,raw_data/EMG-EPN612/testingJSON/user184/user184.json,idx_62
pinch,trainingSamples,raw_data/EMG-EPN612/testingJSON/user184/user184.json,idx_63
pinch,trainingSamples,raw_data/EMG-EPN612/testingJSON/user184/user184.json,idx_64
pinch,trainingSamples,raw_data/EMG-EPN612/testingJSON/user184/user184.json,idx_65
pinch,trainingSamples,raw_data/EMG-EPN612/testingJSON/user184/user184.json,idx_66
pinch,trainingSamples,raw_data/EMG-EPN612/testingJSON/user184/user184.json,idx_67
pinch,trainingSamples,raw_data/EMG-EPN612/testingJSON/user184/user184.json,idx_68
pinch,trainingSamples,raw_data/EMG-EPN612/testingJSON/user184/user184.json,idx_69
pinch,trainingSamples,raw_data/EMG-EPN612/testingJSON/user184/user184.json,idx_70
pinch,trainingSamples,raw_data/EMG-EPN612/testingJSON/user184/user184.json,idx_71
pinch,trainingSamples,raw_data/EMG-EPN612/testingJSON/user184/user184.json,idx_72
pinch,trainingSamples,raw_data/EMG-EPN612/testingJSON/user184/user184.json,idx_73
pinch,trainingSamples,raw_data/EMG-EPN612/testingJSON/user184/user184.json,idx_74
pinch,trainingSamples,raw_data/EMG-EPN612/testingJSON/user184/user184.json,idx_75
fist,trainingSamples,raw_data/EMG-EPN612/testingJSON/user184/user184.json,idx_76
fist,trainingSamples,raw_data/EMG-EPN612/testingJSON/user184/user184.json,idx_77
fist,trainingSamples,raw_data/EMG-EPN612/testingJSON/user184/user184.json,idx_78
fist,trainingSamples,raw_data/EMG-EPN612/testingJSON/user184/user184.json,idx_79
fist,trainingSamples,raw_data/EMG-EPN612/testingJSON/user184/user184.json,idx_80
fist,trainingSamples,raw_data/EMG-EPN612/testingJSON/user184/user184.json,idx_81
fist,trainingSamples,raw_data/EMG-EPN612/testingJSON/user184/user184.json,idx_82
fist,trainingSamples,raw_data/EMG-EPN612/testingJSON/user184/user184.json,idx_83
fist,trainingSamples,raw_data/EMG-EPN612/testingJSON/user184/user184.json,idx_84
fist,trainingSamples,raw_data/EMG-EPN612/testingJSON/user184/user184.json,idx_85
fist,trainingSamples,raw_data/EMG-EPN612/testingJSON/user184/user184.json,idx_86
fist,trainingSamples,raw_data/EMG-EPN612/testingJSON/user184/user184.json,idx_87
fist,trainingSamples,raw_data/EMG-EPN612/testingJSON/user184/user184.json,idx_88
fist,trainingSamples,raw_data/EMG-EPN612/testingJSON/user184/user184.json,idx_89
fist,trainingSamples,raw_data/EMG-EPN612/testingJSON/user184/user184.json,idx_90
fist,trainingSamples,raw_data/EMG-EPN612/testingJSON/user184/user184.json,idx_91
fist,trainingSamples,raw_data/EMG-EPN612/testingJSON/user184/user184.json,idx_92
fist,trainingSamples,raw_data/EMG-EPN612/testingJSON/user184/user184.json,idx_93
fist,trainingSamples,raw_data/EMG-EPN612/testingJSON/user184/user184.json,idx_94
fist,trainingSamples,raw_data/EMG-EPN612/testingJSON/user184/user184.json,idx_95
fist,trainingSamples,raw_data/EMG-EPN612/testingJSON/user184/user184.json,idx_96
fist,trainingSamples,raw_data/EMG-EPN612/testingJSON/user184/user184.json,idx_97
fist,trainingSamples,raw_data/EMG-EPN612/testingJSON/user184/user184.json,idx_98
fist,trainingSamples,raw_data/EMG-EPN612/testingJSON/user184/user184.json,idx_99
fist,trainingSamples,raw_data/EMG-EPN612/testingJSON/user184/user184.json,idx_100
waveIn,trainingSamples,raw_data/EMG-EPN612/testingJSON/user184/user184.json,idx_101
waveIn,trainingSamples,raw_data/EMG-EPN612/testingJSON/user184/user184.json,idx_102
waveIn,trainingSamples,raw_data/EMG-EPN612/testingJSON/user184/user184.json,idx_103
waveIn,trainingSamples,raw_data/EMG-EPN612/testingJSON/user184/user184.json,idx_104
waveIn,trainingSamples,raw_data/EMG-EPN612/testingJSON/user184/user184.json,idx_105
waveIn,trainingSamples,raw_data/EMG-EPN612/testingJSON/user184/user184.json,idx_106
waveIn,trainingSamples,raw_data/EMG-EPN612/testingJSON/user184/user184.json,idx_107
waveIn,trainingSamples,raw_data/EMG-EPN612/testingJSON/user184/user184.json,idx_108
waveIn,trainingSamples,raw_data/EMG-EPN612/testingJSON/user184/user184.json,idx_109
waveIn,trainingSamples,raw_data/EMG-EPN612/testingJSON/user184/user184.json,idx_110
waveIn,trainingSamples,raw_data/EMG-EPN612/testingJSON/user184/user184.json,idx_111
waveIn,trainingSamples,raw_data/EMG-EPN612/testingJSON/user184/user184.json,idx_112
waveIn,trainingSamples,raw_data/EMG-EPN612/testingJSON/user184/user184.json,idx_113
waveIn,trainingSamples,raw_data/EMG-EPN612/testingJSON/user184/user184.json,idx_114
waveIn,trainingSamples,raw_data/EMG-EPN612/testingJSON/user184/user184.json,idx_115
waveIn,trainingSamples,raw_data/EMG-EPN612/testingJSON/user184/user184.json,idx_116
waveIn,trainingSamples,raw_data/EMG-EPN612/testingJSON/user184/user184.json,idx_117
waveIn,trainingSamples,raw_data/EMG-EPN612/testingJSON/user184/user184.json,idx_118
waveIn,trainingSamples,raw_data/EMG-EPN612/testingJSON/user184/user184.json,idx_119
waveIn,trainingSamples,raw_data/EMG-EPN612/testingJSON/user184/user184.json,idx_120
waveIn,trainingSamples,raw_data/EMG-EPN612/testingJSON/user184/user184.json,idx_121
waveIn,trainingSamples,raw_data/EMG-EPN612/testingJSON/user184/user184.json,idx_122
waveIn,trainingSamples,raw_data/EMG-EPN612/testingJSON/user184/user184.json,idx_123
waveIn,trainingSamples,raw_data/EMG-EPN612/testingJSON/user184/user184.json,idx_124
waveIn,trainingSamples,raw_data/EMG-EPN612/testingJSON/user184/user184.json,idx_125
open,trainingSamples,raw_data/EMG-EPN612/testingJSON/user184/user184.json,idx_126
open,trainingSamples,raw_data/EMG-EPN612/testingJSON/user184/user184.json,idx_127
open,trainingSamples,raw_data/EMG-EPN612/testingJSON/user184/user184.json,idx_128
open,trainingSamples,raw_data/EMG-EPN612/testingJSON/user184/user184.json,idx_129
open,trainingSamples,raw_data/EMG-EPN612/testingJSON/user184/user184.json,idx_130
open,trainingSamples,raw_data/EMG-EPN612/testingJSON/user184/user184.json,idx_131
open,trainingSamples,raw_data/EMG-EPN612/testingJSON/user184/user184.json,idx_132
open,trainingSamples,raw_data/EMG-EPN612/testingJSON/user184/user184.json,idx_133
open,trainingSamples,raw_data/EMG-EPN612/testingJSON/user184/user184.json,idx_134
open,trainingSamples,raw_data/EMG-EPN612/testingJSON/user184/user184.json,idx_135
open,trainingSamples,raw_data/EMG-EPN612/testingJSON/user184/user184.json,idx_136
open,trainingSamples,raw_data/EMG-EPN612/testingJSON/user184/user184.json,idx_137
open,trainingSamples,raw_data/EMG-EPN612/testingJSON/user184/user184.json,idx_138
open,trainingSamples,raw_data/EMG-EPN612/testingJSON/user184/user184.json,idx_139
open,trainingSamples,raw_data/EMG-EPN612/testingJSON/user184/user184.json,idx_140
open,trainingSamples,raw_data/EMG-EPN612/testingJSON/user184/user184.json,idx_141
open,trainingSamples,raw_data/EMG-EPN612/testingJSON/user184/user184.json,idx_142
open,trainingSamples,raw_data/EMG-EPN612/testingJSON/user184/user184.json,idx_143
open,trainingSamples,raw_data/EMG-EPN612/testingJSON/user184/user184.json,idx_144
open,trainingSamples,raw_data/EMG-EPN612/testingJSON/user184/user184.json,idx_145
open,trainingSamples,raw_data/EMG-EPN612/testingJSON/user184/user184.json,idx_146
open,trainingSamples,raw_data/EMG-EPN612/testingJSON/user184/user184.json,idx_147
open,trainingSamples,raw_data/EMG-EPN612/testingJSON/user184/user184.json,idx_148
open,trainingSamples,raw_data/EMG-EPN612/testingJSON/user184/user184.json,idx_149
open,trainingSamples,raw_data/EMG-EPN612/testingJSON/user184/user184.json,idx_150
noGesture,trainingSamples,raw_data/EMG-EPN612/testingJSON/user185/user185.json,idx_1
noGesture,trainingSamples,raw_data/EMG-EPN612/testingJSON/user185/user185.json,idx_2
noGesture,trainingSamples,raw_data/EMG-EPN612/testingJSON/user185/user185.json,idx_3
noGesture,trainingSamples,raw_data/EMG-EPN612/testingJSON/user185/user185.json,idx_4
noGesture,trainingSamples,raw_data/EMG-EPN612/testingJSON/user185/user185.json,idx_5
noGesture,trainingSamples,raw_data/EMG-EPN612/testingJSON/user185/user185.json,idx_6
noGesture,trainingSamples,raw_data/EMG-EPN612/testingJSON/user185/user185.json,idx_7
noGesture,trainingSamples,raw_data/EMG-EPN612/testingJSON/user185/user185.json,idx_8
noGesture,trainingSamples,raw_data/EMG-EPN612/testingJSON/user185/user185.json,idx_9
noGesture,trainingSamples,raw_data/EMG-EPN612/testingJSON/user185/user185.json,idx_10
noGesture,trainingSamples,raw_data/EMG-EPN612/testingJSON/user185/user185.json,idx_11
noGesture,trainingSamples,raw_data/EMG-EPN612/testingJSON/user185/user185.json,idx_12
noGesture,trainingSamples,raw_data/EMG-EPN612/testingJSON/user185/user185.json,idx_13
noGesture,trainingSamples,raw_data/EMG-EPN612/testingJSON/user185/user185.json,idx_14
noGesture,trainingSamples,raw_data/EMG-EPN612/testingJSON/user185/user185.json,idx_15
noGesture,trainingSamples,raw_data/EMG-EPN612/testingJSON/user185/user185.json,idx_16
noGesture,trainingSamples,raw_data/EMG-EPN612/testingJSON/user185/user185.json,idx_17
noGesture,trainingSamples,raw_data/EMG-EPN612/testingJSON/user185/user185.json,idx_18
noGesture,trainingSamples,raw_data/EMG-EPN612/testingJSON/user185/user185.json,idx_19
noGesture,trainingSamples,raw_data/EMG-EPN612/testingJSON/user185/user185.json,idx_20
noGesture,trainingSamples,raw_data/EMG-EPN612/testingJSON/user185/user185.json,idx_21
noGesture,trainingSamples,raw_data/EMG-EPN612/testingJSON/user185/user185.json,idx_22
noGesture,trainingSamples,raw_data/EMG-EPN612/testingJSON/user185/user185.json,idx_23
noGesture,trainingSamples,raw_data/EMG-EPN612/testingJSON/user185/user185.json,idx_24
noGesture,trainingSamples,raw_data/EMG-EPN612/testingJSON/user185/user185.json,idx_25
pinch,trainingSamples,raw_data/EMG-EPN612/testingJSON/user185/user185.json,idx_26
pinch,trainingSamples,raw_data/EMG-EPN612/testingJSON/user185/user185.json,idx_27
pinch,trainingSamples,raw_data/EMG-EPN612/testingJSON/user185/user185.json,idx_28
pinch,trainingSamples,raw_data/EMG-EPN612/testingJSON/user185/user185.json,idx_29
pinch,trainingSamples,raw_data/EMG-EPN612/testingJSON/user185/user185.json,idx_30
pinch,trainingSamples,raw_data/EMG-EPN612/testingJSON/user185/user185.json,idx_31
pinch,trainingSamples,raw_data/EMG-EPN612/testingJSON/user185/user185.json,idx_32
pinch,trainingSamples,raw_data/EMG-EPN612/testingJSON/user185/user185.json,idx_33
pinch,trainingSamples,raw_data/EMG-EPN612/testingJSON/user185/user185.json,idx_34
pinch,trainingSamples,raw_data/EMG-EPN612/testingJSON/user185/user185.json,idx_35
pinch,trainingSamples,raw_data/EMG-EPN612/testingJSON/user185/user185.json,idx_36
pinch,trainingSamples,raw_data/EMG-EPN612/testingJSON/user185/user185.json,idx_37
pinch,trainingSamples,raw_data/EMG-EPN612/testingJSON/user185/user185.json,idx_38
pinch,trainingSamples,raw_data/EMG-EPN612/testingJSON/user185/user185.json,idx_39
pinch,trainingSamples,raw_data/EMG-EPN612/testingJSON/user185/user185.json,idx_40
pinch,trainingSamples,raw_data/EMG-EPN612/testingJSON/user185/user185.json,idx_41
pinch,trainingSamples,raw_data/EMG-EPN612/testingJSON/user185/user185.json,idx_42
pinch,trainingSamples,raw_data/EMG-EPN612/testingJSON/user185/user185.json,idx_43
pinch,trainingSamples,raw_data/EMG-EPN612/testingJSON/user185/user185.json,idx_44
pinch,trainingSamples,raw_data/EMG-EPN612/testingJSON/user185/user185.json,idx_45
pinch,trainingSamples,raw_data/EMG-EPN612/testingJSON/user185/user185.json,idx_46
pinch,trainingSamples,raw_data/EMG-EPN612/testingJSON/user185/user185.json,idx_47
pinch,trainingSamples,raw_data/EMG-EPN612/testingJSON/user185/user185.json,idx_48
pinch,trainingSamples,raw_data/EMG-EPN612/testingJSON/user185/user185.json,idx_49
pinch,trainingSamples,raw_data/EMG-EPN612/testingJSON/user185/user185.json,idx_50
waveOut,trainingSamples,raw_data/EMG-EPN612/testingJSON/user185/user185.json,idx_51
waveOut,trainingSamples,raw_data/EMG-EPN612/testingJSON/user185/user185.json,idx_52
waveOut,trainingSamples,raw_data/EMG-EPN612/testingJSON/user185/user185.json,idx_53
waveOut,trainingSamples,raw_data/EMG-EPN612/testingJSON/user185/user185.json,idx_54
waveOut,trainingSamples,raw_data/EMG-EPN612/testingJSON/user185/user185.json,idx_55
waveOut,trainingSamples,raw_data/EMG-EPN612/testingJSON/user185/user185.json,idx_56
waveOut,trainingSamples,raw_data/EMG-EPN612/testingJSON/user185/user185.json,idx_57
waveOut,trainingSamples,raw_data/EMG-EPN612/testingJSON/user185/user185.json,idx_58
waveOut,trainingSamples,raw_data/EMG-EPN612/testingJSON/user185/user185.json,idx_59
waveOut,trainingSamples,raw_data/EMG-EPN612/testingJSON/user185/user185.json,idx_60
waveOut,trainingSamples,raw_data/EMG-EPN612/testingJSON/user185/user185.json,idx_61
waveOut,trainingSamples,raw_data/EMG-EPN612/testingJSON/user185/user185.json,idx_62
waveOut,trainingSamples,raw_data/EMG-EPN612/testingJSON/user185/user185.json,idx_63
waveOut,trainingSamples,raw_data/EMG-EPN612/testingJSON/user185/user185.json,idx_64
waveOut,trainingSamples,raw_data/EMG-EPN612/testingJSON/user185/user185.json,idx_65
waveOut,trainingSamples,raw_data/EMG-EPN612/testingJSON/user185/user185.json,idx_66
waveOut,trainingSamples,raw_data/EMG-EPN612/testingJSON/user185/user185.json,idx_67
waveOut,trainingSamples,raw_data/EMG-EPN612/testingJSON/user185/user185.json,idx_68
waveOut,trainingSamples,raw_data/EMG-EPN612/testingJSON/user185/user185.json,idx_69
waveOut,trainingSamples,raw_data/EMG-EPN612/testingJSON/user185/user185.json,idx_70
waveOut,trainingSamples,raw_data/EMG-EPN612/testingJSON/user185/user185.json,idx_71
waveOut,trainingSamples,raw_data/EMG-EPN612/testingJSON/user185/user185.json,idx_72
waveOut,trainingSamples,raw_data/EMG-EPN612/testingJSON/user185/user185.json,idx_73
waveOut,trainingSamples,raw_data/EMG-EPN612/testingJSON/user185/user185.json,idx_74
waveOut,trainingSamples,raw_data/EMG-EPN612/testingJSON/user185/user185.json,idx_75
open,trainingSamples,raw_data/EMG-EPN612/testingJSON/user185/user185.json,idx_76
open,trainingSamples,raw_data/EMG-EPN612/testingJSON/user185/user185.json,idx_77
open,trainingSamples,raw_data/EMG-EPN612/testingJSON/user185/user185.json,idx_78
open,trainingSamples,raw_data/EMG-EPN612/testingJSON/user185/user185.json,idx_79
open,trainingSamples,raw_data/EMG-EPN612/testingJSON/user185/user185.json,idx_80
open,trainingSamples,raw_data/EMG-EPN612/testingJSON/user185/user185.json,idx_81
open,trainingSamples,raw_data/EMG-EPN612/testingJSON/user185/user185.json,idx_82
open,trainingSamples,raw_data/EMG-EPN612/testingJSON/user185/user185.json,idx_83
open,trainingSamples,raw_data/EMG-EPN612/testingJSON/user185/user185.json,idx_84
open,trainingSamples,raw_data/EMG-EPN612/testingJSON/user185/user185.json,idx_85
open,trainingSamples,raw_data/EMG-EPN612/testingJSON/user185/user185.json,idx_86
open,trainingSamples,raw_data/EMG-EPN612/testingJSON/user185/user185.json,idx_87
open,trainingSamples,raw_data/EMG-EPN612/testingJSON/user185/user185.json,idx_88
open,trainingSamples,raw_data/EMG-EPN612/testingJSON/user185/user185.json,idx_89
open,trainingSamples,raw_data/EMG-EPN612/testingJSON/user185/user185.json,idx_90
open,trainingSamples,raw_data/EMG-EPN612/testingJSON/user185/user185.json,idx_91
open,trainingSamples,raw_data/EMG-EPN612/testingJSON/user185/user185.json,idx_92
open,trainingSamples,raw_data/EMG-EPN612/testingJSON/user185/user185.json,idx_93
open,trainingSamples,raw_data/EMG-EPN612/testingJSON/user185/user185.json,idx_94
open,trainingSamples,raw_data/EMG-EPN612/testingJSON/user185/user185.json,idx_95
open,trainingSamples,raw_data/EMG-EPN612/testingJSON/user185/user185.json,idx_96
open,trainingSamples,raw_data/EMG-EPN612/testingJSON/user185/user185.json,idx_97
open,trainingSamples,raw_data/EMG-EPN612/testingJSON/user185/user185.json,idx_98
open,trainingSamples,raw_data/EMG-EPN612/testingJSON/user185/user185.json,idx_99
open,trainingSamples,raw_data/EMG-EPN612/testingJSON/user185/user185.json,idx_100
waveIn,trainingSamples,raw_data/EMG-EPN612/testingJSON/user185/user185.json,idx_101
waveIn,trainingSamples,raw_data/EMG-EPN612/testingJSON/user185/user185.json,idx_102
waveIn,trainingSamples,raw_data/EMG-EPN612/testingJSON/user185/user185.json,idx_103
waveIn,trainingSamples,raw_data/EMG-EPN612/testingJSON/user185/user185.json,idx_104
waveIn,trainingSamples,raw_data/EMG-EPN612/testingJSON/user185/user185.json,idx_105
waveIn,trainingSamples,raw_data/EMG-EPN612/testingJSON/user185/user185.json,idx_106
waveIn,trainingSamples,raw_data/EMG-EPN612/testingJSON/user185/user185.json,idx_107
waveIn,trainingSamples,raw_data/EMG-EPN612/testingJSON/user185/user185.json,idx_108
waveIn,trainingSamples,raw_data/EMG-EPN612/testingJSON/user185/user185.json,idx_109
waveIn,trainingSamples,raw_data/EMG-EPN612/testingJSON/user185/user185.json,idx_110
waveIn,trainingSamples,raw_data/EMG-EPN612/testingJSON/user185/user185.json,idx_111
waveIn,trainingSamples,raw_data/EMG-EPN612/testingJSON/user185/user185.json,idx_112
waveIn,trainingSamples,raw_data/EMG-EPN612/testingJSON/user185/user185.json,idx_113
waveIn,trainingSamples,raw_data/EMG-EPN612/testingJSON/user185/user185.json,idx_114
waveIn,trainingSamples,raw_data/EMG-EPN612/testingJSON/user185/user185.json,idx_115
waveIn,trainingSamples,raw_data/EMG-EPN612/testingJSON/user185/user185.json,idx_116
waveIn,trainingSamples,raw_data/EMG-EPN612/testingJSON/user185/user185.json,idx_117
waveIn,trainingSamples,raw_data/EMG-EPN612/testingJSON/user185/user185.json,idx_118
waveIn,trainingSamples,raw_data/EMG-EPN612/testingJSON/user185/user185.json,idx_119
waveIn,trainingSamples,raw_data/EMG-EPN612/testingJSON/user185/user185.json,idx_120
waveIn,trainingSamples,raw_data/EMG-EPN612/testingJSON/user185/user185.json,idx_121
waveIn,trainingSamples,raw_data/EMG-EPN612/testingJSON/user185/user185.json,idx_122
waveIn,trainingSamples,raw_data/EMG-EPN612/testingJSON/user185/user185.json,idx_123
waveIn,trainingSamples,raw_data/EMG-EPN612/testingJSON/user185/user185.json,idx_124
waveIn,trainingSamples,raw_data/EMG-EPN612/testingJSON/user185/user185.json,idx_125
fist,trainingSamples,raw_data/EMG-EPN612/testingJSON/user185/user185.json,idx_126
fist,trainingSamples,raw_data/EMG-EPN612/testingJSON/user185/user185.json,idx_127
fist,trainingSamples,raw_data/EMG-EPN612/testingJSON/user185/user185.json,idx_128
fist,trainingSamples,raw_data/EMG-EPN612/testingJSON/user185/user185.json,idx_129
fist,trainingSamples,raw_data/EMG-EPN612/testingJSON/user185/user185.json,idx_130
fist,trainingSamples,raw_data/EMG-EPN612/testingJSON/user185/user185.json,idx_131
fist,trainingSamples,raw_data/EMG-EPN612/testingJSON/user185/user185.json,idx_132
fist,trainingSamples,raw_data/EMG-EPN612/testingJSON/user185/user185.json,idx_133
fist,trainingSamples,raw_data/EMG-EPN612/testingJSON/user185/user185.json,idx_134
fist,trainingSamples,raw_data/EMG-EPN612/testingJSON/user185/user185.json,idx_135
fist,trainingSamples,raw_data/EMG-EPN612/testingJSON/user185/user185.json,idx_136
fist,trainingSamples,raw_data/EMG-EPN612/testingJSON/user185/user185.json,idx_137
fist,trainingSamples,raw_data/EMG-EPN612/testingJSON/user185/user185.json,idx_138
fist,trainingSamples,raw_data/EMG-EPN612/testingJSON/user185/user185.json,idx_139
fist,trainingSamples,raw_data/EMG-EPN612/testingJSON/user185/user185.json,idx_140
fist,trainingSamples,raw_data/EMG-EPN612/testingJSON/user185/user185.json,idx_141
fist,trainingSamples,raw_data/EMG-EPN612/testingJSON/user185/user185.json,idx_142
fist,trainingSamples,raw_data/EMG-EPN612/testingJSON/user185/user185.json,idx_143
fist,trainingSamples,raw_data/EMG-EPN612/testingJSON/user185/user185.json,idx_144
fist,trainingSamples,raw_data/EMG-EPN612/testingJSON/user185/user185.json,idx_145
fist,trainingSamples,raw_data/EMG-EPN612/testingJSON/user185/user185.json,idx_146
fist,trainingSamples,raw_data/EMG-EPN612/testingJSON/user185/user185.json,idx_147
fist,trainingSamples,raw_data/EMG-EPN612/testingJSON/user185/user185.json,idx_148
fist,trainingSamples,raw_data/EMG-EPN612/testingJSON/user185/user185.json,idx_149
fist,trainingSamples,raw_data/EMG-EPN612/testingJSON/user185/user185.json,idx_150
noGesture,trainingSamples,raw_data/EMG-EPN612/testingJSON/user186/user186.json,idx_1
noGesture,trainingSamples,raw_data/EMG-EPN612/testingJSON/user186/user186.json,idx_2
noGesture,trainingSamples,raw_data/EMG-EPN612/testingJSON/user186/user186.json,idx_3
noGesture,trainingSamples,raw_data/EMG-EPN612/testingJSON/user186/user186.json,idx_4
noGesture,trainingSamples,raw_data/EMG-EPN612/testingJSON/user186/user186.json,idx_5
noGesture,trainingSamples,raw_data/EMG-EPN612/testingJSON/user186/user186.json,idx_6
noGesture,trainingSamples,raw_data/EMG-EPN612/testingJSON/user186/user186.json,idx_7
noGesture,trainingSamples,raw_data/EMG-EPN612/testingJSON/user186/user186.json,idx_8
noGesture,trainingSamples,raw_data/EMG-EPN612/testingJSON/user186/user186.json,idx_9
noGesture,trainingSamples,raw_data/EMG-EPN612/testingJSON/user186/user186.json,idx_10
noGesture,trainingSamples,raw_data/EMG-EPN612/testingJSON/user186/user186.json,idx_11
noGesture,trainingSamples,raw_data/EMG-EPN612/testingJSON/user186/user186.json,idx_12
noGesture,trainingSamples,raw_data/EMG-EPN612/testingJSON/user186/user186.json,idx_13
noGesture,trainingSamples,raw_data/EMG-EPN612/testingJSON/user186/user186.json,idx_14
noGesture,trainingSamples,raw_data/EMG-EPN612/testingJSON/user186/user186.json,idx_15
noGesture,trainingSamples,raw_data/EMG-EPN612/testingJSON/user186/user186.json,idx_16
noGesture,trainingSamples,raw_data/EMG-EPN612/testingJSON/user186/user186.json,idx_17
noGesture,trainingSamples,raw_data/EMG-EPN612/testingJSON/user186/user186.json,idx_18
noGesture,trainingSamples,raw_data/EMG-EPN612/testingJSON/user186/user186.json,idx_19
noGesture,trainingSamples,raw_data/EMG-EPN612/testingJSON/user186/user186.json,idx_20
noGesture,trainingSamples,raw_data/EMG-EPN612/testingJSON/user186/user186.json,idx_21
noGesture,trainingSamples,raw_data/EMG-EPN612/testingJSON/user186/user186.json,idx_22
noGesture,trainingSamples,raw_data/EMG-EPN612/testingJSON/user186/user186.json,idx_23
noGesture,trainingSamples,raw_data/EMG-EPN612/testingJSON/user186/user186.json,idx_24
noGesture,trainingSamples,raw_data/EMG-EPN612/testingJSON/user186/user186.json,idx_25
waveOut,trainingSamples,raw_data/EMG-EPN612/testingJSON/user186/user186.json,idx_26
waveOut,trainingSamples,raw_data/EMG-EPN612/testingJSON/user186/user186.json,idx_27
waveOut,trainingSamples,raw_data/EMG-EPN612/testingJSON/user186/user186.json,idx_28
waveOut,trainingSamples,raw_data/EMG-EPN612/testingJSON/user186/user186.json,idx_29
waveOut,trainingSamples,raw_data/EMG-EPN612/testingJSON/user186/user186.json,idx_30
waveOut,trainingSamples,raw_data/EMG-EPN612/testingJSON/user186/user186.json,idx_31
waveOut,trainingSamples,raw_data/EMG-EPN612/testingJSON/user186/user186.json,idx_32
waveOut,trainingSamples,raw_data/EMG-EPN612/testingJSON/user186/user186.json,idx_33
waveOut,trainingSamples,raw_data/EMG-EPN612/testingJSON/user186/user186.json,idx_34
waveOut,trainingSamples,raw_data/EMG-EPN612/testingJSON/user186/user186.json,idx_35
waveOut,trainingSamples,raw_data/EMG-EPN612/testingJSON/user186/user186.json,idx_36
waveOut,trainingSamples,raw_data/EMG-EPN612/testingJSON/user186/user186.json,idx_37
waveOut,trainingSamples,raw_data/EMG-EPN612/testingJSON/user186/user186.json,idx_38
waveOut,trainingSamples,raw_data/EMG-EPN612/testingJSON/user186/user186.json,idx_39
waveOut,trainingSamples,raw_data/EMG-EPN612/testingJSON/user186/user186.json,idx_40
waveOut,trainingSamples,raw_data/EMG-EPN612/testingJSON/user186/user186.json,idx_41
waveOut,trainingSamples,raw_data/EMG-EPN612/testingJSON/user186/user186.json,idx_42
waveOut,trainingSamples,raw_data/EMG-EPN612/testingJSON/user186/user186.json,idx_43
waveOut,trainingSamples,raw_data/EMG-EPN612/testingJSON/user186/user186.json,idx_44
waveOut,trainingSamples,raw_data/EMG-EPN612/testingJSON/user186/user186.json,idx_45
waveOut,trainingSamples,raw_data/EMG-EPN612/testingJSON/user186/user186.json,idx_46
waveOut,trainingSamples,raw_data/EMG-EPN612/testingJSON/user186/user186.json,idx_47
waveOut,trainingSamples,raw_data/EMG-EPN612/testingJSON/user186/user186.json,idx_48
waveOut,trainingSamples,raw_data/EMG-EPN612/testingJSON/user186/user186.json,idx_49
waveOut,trainingSamples,raw_data/EMG-EPN612/testingJSON/user186/user186.json,idx_50
pinch,trainingSamples,raw_data/EMG-EPN612/testingJSON/user186/user186.json,idx_51
pinch,trainingSamples,raw_data/EMG-EPN612/testingJSON/user186/user186.json,idx_52
pinch,trainingSamples,raw_data/EMG-EPN612/testingJSON/user186/user186.json,idx_53
pinch,trainingSamples,raw_data/EMG-EPN612/testingJSON/user186/user186.json,idx_54
pinch,trainingSamples,raw_data/EMG-EPN612/testingJSON/user186/user186.json,idx_55
pinch,trainingSamples,raw_data/EMG-EPN612/testingJSON/user186/user186.json,idx_56
pinch,trainingSamples,raw_data/EMG-EPN612/testingJSON/user186/user186.json,idx_57
pinch,trainingSamples,raw_data/EMG-EPN612/testingJSON/user186/user186.json,idx_58
pinch,trainingSamples,raw_data/EMG-EPN612/testingJSON/user186/user186.json,idx_59
pinch,trainingSamples,raw_data/EMG-EPN612/testingJSON/user186/user186.json,idx_60
pinch,trainingSamples,raw_data/EMG-EPN612/testingJSON/user186/user186.json,idx_61
pinch,trainingSamples,raw_data/EMG-EPN612/testingJSON/user186/user186.json,idx_62
pinch,trainingSamples,raw_data/EMG-EPN612/testingJSON/user186/user186.json,idx_63
pinch,trainingSamples,raw_data/EMG-EPN612/testingJSON/user186/user186.json,idx_64
pinch,trainingSamples,raw_data/EMG-EPN612/testingJSON/user186/user186.json,idx_65
pinch,trainingSamples,raw_data/EMG-EPN612/testingJSON/user186/user186.json,idx_66
pinch,trainingSamples,raw_data/EMG-EPN612/testingJSON/user186/user186.json,idx_67
pinch,trainingSamples,raw_data/EMG-EPN612/testingJSON/user186/user186.json,idx_68
pinch,trainingSamples,raw_data/EMG-EPN612/testingJSON/user186/user186.json,idx_69
pinch,trainingSamples,raw_data/EMG-EPN612/testingJSON/user186/user186.json,idx_70
pinch,trainingSamples,raw_data/EMG-EPN612/testingJSON/user186/user186.json,idx_71
pinch,trainingSamples,raw_data/EMG-EPN612/testingJSON/user186/user186.json,idx_72
pinch,trainingSamples,raw_data/EMG-EPN612/testingJSON/user186/user186.json,idx_73
pinch,trainingSamples,raw_data/EMG-EPN612/testingJSON/user186/user186.json,idx_74
pinch,trainingSamples,raw_data/EMG-EPN612/testingJSON/user186/user186.json,idx_75
fist,trainingSamples,raw_data/EMG-EPN612/testingJSON/user186/user186.json,idx_76
fist,trainingSamples,raw_data/EMG-EPN612/testingJSON/user186/user186.json,idx_77
fist,trainingSamples,raw_data/EMG-EPN612/testingJSON/user186/user186.json,idx_78
fist,trainingSamples,raw_data/EMG-EPN612/testingJSON/user186/user186.json,idx_79
fist,trainingSamples,raw_data/EMG-EPN612/testingJSON/user186/user186.json,idx_80
fist,trainingSamples,raw_data/EMG-EPN612/testingJSON/user186/user186.json,idx_81
fist,trainingSamples,raw_data/EMG-EPN612/testingJSON/user186/user186.json,idx_82
fist,trainingSamples,raw_data/EMG-EPN612/testingJSON/user186/user186.json,idx_83
fist,trainingSamples,raw_data/EMG-EPN612/testingJSON/user186/user186.json,idx_84
fist,trainingSamples,raw_data/EMG-EPN612/testingJSON/user186/user186.json,idx_85
fist,trainingSamples,raw_data/EMG-EPN612/testingJSON/user186/user186.json,idx_86
fist,trainingSamples,raw_data/EMG-EPN612/testingJSON/user186/user186.json,idx_87
fist,trainingSamples,raw_data/EMG-EPN612/testingJSON/user186/user186.json,idx_88
fist,trainingSamples,raw_data/EMG-EPN612/testingJSON/user186/user186.json,idx_89
fist,trainingSamples,raw_data/EMG-EPN612/testingJSON/user186/user186.json,idx_90
fist,trainingSamples,raw_data/EMG-EPN612/testingJSON/user186/user186.json,idx_91
fist,trainingSamples,raw_data/EMG-EPN612/testingJSON/user186/user186.json,idx_92
fist,trainingSamples,raw_data/EMG-EPN612/testingJSON/user186/user186.json,idx_93
fist,trainingSamples,raw_data/EMG-EPN612/testingJSON/user186/user186.json,idx_94
fist,trainingSamples,raw_data/EMG-EPN612/testingJSON/user186/user186.json,idx_95
fist,trainingSamples,raw_data/EMG-EPN612/testingJSON/user186/user186.json,idx_96
fist,trainingSamples,raw_data/EMG-EPN612/testingJSON/user186/user186.json,idx_97
fist,trainingSamples,raw_data/EMG-EPN612/testingJSON/user186/user186.json,idx_98
fist,trainingSamples,raw_data/EMG-EPN612/testingJSON/user186/user186.json,idx_99
fist,trainingSamples,raw_data/EMG-EPN612/testingJSON/user186/user186.json,idx_100
waveIn,trainingSamples,raw_data/EMG-EPN612/testingJSON/user186/user186.json,idx_101
waveIn,trainingSamples,raw_data/EMG-EPN612/testingJSON/user186/user186.json,idx_102
waveIn,trainingSamples,raw_data/EMG-EPN612/testingJSON/user186/user186.json,idx_103
waveIn,trainingSamples,raw_data/EMG-EPN612/testingJSON/user186/user186.json,idx_104
waveIn,trainingSamples,raw_data/EMG-EPN612/testingJSON/user186/user186.json,idx_105
waveIn,trainingSamples,raw_data/EMG-EPN612/testingJSON/user186/user186.json,idx_106
waveIn,trainingSamples,raw_data/EMG-EPN612/testingJSON/user186/user186.json,idx_107
waveIn,trainingSamples,raw_data/EMG-EPN612/testingJSON/user186/user186.json,idx_108
waveIn,trainingSamples,raw_data/EMG-EPN612/testingJSON/user186/user186.json,idx_109
waveIn,trainingSamples,raw_data/EMG-EPN612/testingJSON/user186/user186.json,idx_110
waveIn,trainingSamples,raw_data/EMG-EPN612/testingJSON/user186/user186.json,idx_111
waveIn,trainingSamples,raw_data/EMG-EPN612/testingJSON/user186/user186.json,idx_112
waveIn,trainingSamples,raw_data/EMG-EPN612/testingJSON/user186/user186.json,idx_113
waveIn,trainingSamples,raw_data/EMG-EPN612/testingJSON/user186/user186.json,idx_114
waveIn,trainingSamples,raw_data/EMG-EPN612/testingJSON/user186/user186.json,idx_115
waveIn,trainingSamples,raw_data/EMG-EPN612/testingJSON/user186/user186.json,idx_116
waveIn,trainingSamples,raw_data/EMG-EPN612/testingJSON/user186/user186.json,idx_117
waveIn,trainingSamples,raw_data/EMG-EPN612/testingJSON/user186/user186.json,idx_118
waveIn,trainingSamples,raw_data/EMG-EPN612/testingJSON/user186/user186.json,idx_119
waveIn,trainingSamples,raw_data/EMG-EPN612/testingJSON/user186/user186.json,idx_120
waveIn,trainingSamples,raw_data/EMG-EPN612/testingJSON/user186/user186.json,idx_121
waveIn,trainingSamples,raw_data/EMG-EPN612/testingJSON/user186/user186.json,idx_122
waveIn,trainingSamples,raw_data/EMG-EPN612/testingJSON/user186/user186.json,idx_123
waveIn,trainingSamples,raw_data/EMG-EPN612/testingJSON/user186/user186.json,idx_124
waveIn,trainingSamples,raw_data/EMG-EPN612/testingJSON/user186/user186.json,idx_125
open,trainingSamples,raw_data/EMG-EPN612/testingJSON/user186/user186.json,idx_126
open,trainingSamples,raw_data/EMG-EPN612/testingJSON/user186/user186.json,idx_127
open,trainingSamples,raw_data/EMG-EPN612/testingJSON/user186/user186.json,idx_128
open,trainingSamples,raw_data/EMG-EPN612/testingJSON/user186/user186.json,idx_129
open,trainingSamples,raw_data/EMG-EPN612/testingJSON/user186/user186.json,idx_130
open,trainingSamples,raw_data/EMG-EPN612/testingJSON/user186/user186.json,idx_131
open,trainingSamples,raw_data/EMG-EPN612/testingJSON/user186/user186.json,idx_132
open,trainingSamples,raw_data/EMG-EPN612/testingJSON/user186/user186.json,idx_133
open,trainingSamples,raw_data/EMG-EPN612/testingJSON/user186/user186.json,idx_134
open,trainingSamples,raw_data/EMG-EPN612/testingJSON/user186/user186.json,idx_135
open,trainingSamples,raw_data/EMG-EPN612/testingJSON/user186/user186.json,idx_136
open,trainingSamples,raw_data/EMG-EPN612/testingJSON/user186/user186.json,idx_137
open,trainingSamples,raw_data/EMG-EPN612/testingJSON/user186/user186.json,idx_138
open,trainingSamples,raw_data/EMG-EPN612/testingJSON/user186/user186.json,idx_139
open,trainingSamples,raw_data/EMG-EPN612/testingJSON/user186/user186.json,idx_140
open,trainingSamples,raw_data/EMG-EPN612/testingJSON/user186/user186.json,idx_141
open,trainingSamples,raw_data/EMG-EPN612/testingJSON/user186/user186.json,idx_142
open,trainingSamples,raw_data/EMG-EPN612/testingJSON/user186/user186.json,idx_143
open,trainingSamples,raw_data/EMG-EPN612/testingJSON/user186/user186.json,idx_144
open,trainingSamples,raw_data/EMG-EPN612/testingJSON/user186/user186.json,idx_145
open,trainingSamples,raw_data/EMG-EPN612/testingJSON/user186/user186.json,idx_146
open,trainingSamples,raw_data/EMG-EPN612/testingJSON/user186/user186.json,idx_147
open,trainingSamples,raw_data/EMG-EPN612/testingJSON/user186/user186.json,idx_148
open,trainingSamples,raw_data/EMG-EPN612/testingJSON/user186/user186.json,idx_149
open,trainingSamples,raw_data/EMG-EPN612/testingJSON/user186/user186.json,idx_150
noGesture,trainingSamples,raw_data/EMG-EPN612/testingJSON/user187/user187.json,idx_1
noGesture,trainingSamples,raw_data/EMG-EPN612/testingJSON/user187/user187.json,idx_2
noGesture,trainingSamples,raw_data/EMG-EPN612/testingJSON/user187/user187.json,idx_3
noGesture,trainingSamples,raw_data/EMG-EPN612/testingJSON/user187/user187.json,idx_4
noGesture,trainingSamples,raw_data/EMG-EPN612/testingJSON/user187/user187.json,idx_5
noGesture,trainingSamples,raw_data/EMG-EPN612/testingJSON/user187/user187.json,idx_6
noGesture,trainingSamples,raw_data/EMG-EPN612/testingJSON/user187/user187.json,idx_7
noGesture,trainingSamples,raw_data/EMG-EPN612/testingJSON/user187/user187.json,idx_8
noGesture,trainingSamples,raw_data/EMG-EPN612/testingJSON/user187/user187.json,idx_9
noGesture,trainingSamples,raw_data/EMG-EPN612/testingJSON/user187/user187.json,idx_10
noGesture,trainingSamples,raw_data/EMG-EPN612/testingJSON/user187/user187.json,idx_11
noGesture,trainingSamples,raw_data/EMG-EPN612/testingJSON/user187/user187.json,idx_12
noGesture,trainingSamples,raw_data/EMG-EPN612/testingJSON/user187/user187.json,idx_13
noGesture,trainingSamples,raw_data/EMG-EPN612/testingJSON/user187/user187.json,idx_14
noGesture,trainingSamples,raw_data/EMG-EPN612/testingJSON/user187/user187.json,idx_15
noGesture,trainingSamples,raw_data/EMG-EPN612/testingJSON/user187/user187.json,idx_16
noGesture,trainingSamples,raw_data/EMG-EPN612/testingJSON/user187/user187.json,idx_17
noGesture,trainingSamples,raw_data/EMG-EPN612/testingJSON/user187/user187.json,idx_18
noGesture,trainingSamples,raw_data/EMG-EPN612/testingJSON/user187/user187.json,idx_19
noGesture,trainingSamples,raw_data/EMG-EPN612/testingJSON/user187/user187.json,idx_20
noGesture,trainingSamples,raw_data/EMG-EPN612/testingJSON/user187/user187.json,idx_21
noGesture,trainingSamples,raw_data/EMG-EPN612/testingJSON/user187/user187.json,idx_22
noGesture,trainingSamples,raw_data/EMG-EPN612/testingJSON/user187/user187.json,idx_23
noGesture,trainingSamples,raw_data/EMG-EPN612/testingJSON/user187/user187.json,idx_24
noGesture,trainingSamples,raw_data/EMG-EPN612/testingJSON/user187/user187.json,idx_25
waveOut,trainingSamples,raw_data/EMG-EPN612/testingJSON/user187/user187.json,idx_26
waveOut,trainingSamples,raw_data/EMG-EPN612/testingJSON/user187/user187.json,idx_27
waveOut,trainingSamples,raw_data/EMG-EPN612/testingJSON/user187/user187.json,idx_28
waveOut,trainingSamples,raw_data/EMG-EPN612/testingJSON/user187/user187.json,idx_29
waveOut,trainingSamples,raw_data/EMG-EPN612/testingJSON/user187/user187.json,idx_30
waveOut,trainingSamples,raw_data/EMG-EPN612/testingJSON/user187/user187.json,idx_31
waveOut,trainingSamples,raw_data/EMG-EPN612/testingJSON/user187/user187.json,idx_32
waveOut,trainingSamples,raw_data/EMG-EPN612/testingJSON/user187/user187.json,idx_33
waveOut,trainingSamples,raw_data/EMG-EPN612/testingJSON/user187/user187.json,idx_34
waveOut,trainingSamples,raw_data/EMG-EPN612/testingJSON/user187/user187.json,idx_35
waveOut,trainingSamples,raw_data/EMG-EPN612/testingJSON/user187/user187.json,idx_36
waveOut,trainingSamples,raw_data/EMG-EPN612/testingJSON/user187/user187.json,idx_37
waveOut,trainingSamples,raw_data/EMG-EPN612/testingJSON/user187/user187.json,idx_38
waveOut,trainingSamples,raw_data/EMG-EPN612/testingJSON/user187/user187.json,idx_39
waveOut,trainingSamples,raw_data/EMG-EPN612/testingJSON/user187/user187.json,idx_40
waveOut,trainingSamples,raw_data/EMG-EPN612/testingJSON/user187/user187.json,idx_41
waveOut,trainingSamples,raw_data/EMG-EPN612/testingJSON/user187/user187.json,idx_42
waveOut,trainingSamples,raw_data/EMG-EPN612/testingJSON/user187/user187.json,idx_43
waveOut,trainingSamples,raw_data/EMG-EPN612/testingJSON/user187/user187.json,idx_44
waveOut,trainingSamples,raw_data/EMG-EPN612/testingJSON/user187/user187.json,idx_45
waveOut,trainingSamples,raw_data/EMG-EPN612/testingJSON/user187/user187.json,idx_46
waveOut,trainingSamples,raw_data/EMG-EPN612/testingJSON/user187/user187.json,idx_47
waveOut,trainingSamples,raw_data/EMG-EPN612/testingJSON/user187/user187.json,idx_48
waveOut,trainingSamples,raw_data/EMG-EPN612/testingJSON/user187/user187.json,idx_49
waveOut,trainingSamples,raw_data/EMG-EPN612/testingJSON/user187/user187.json,idx_50
pinch,trainingSamples,raw_data/EMG-EPN612/testingJSON/user187/user187.json,idx_51
pinch,trainingSamples,raw_data/EMG-EPN612/testingJSON/user187/user187.json,idx_52
pinch,trainingSamples,raw_data/EMG-EPN612/testingJSON/user187/user187.json,idx_53
pinch,trainingSamples,raw_data/EMG-EPN612/testingJSON/user187/user187.json,idx_54
pinch,trainingSamples,raw_data/EMG-EPN612/testingJSON/user187/user187.json,idx_55
pinch,trainingSamples,raw_data/EMG-EPN612/testingJSON/user187/user187.json,idx_56
pinch,trainingSamples,raw_data/EMG-EPN612/testingJSON/user187/user187.json,idx_57
pinch,trainingSamples,raw_data/EMG-EPN612/testingJSON/user187/user187.json,idx_58
pinch,trainingSamples,raw_data/EMG-EPN612/testingJSON/user187/user187.json,idx_59
pinch,trainingSamples,raw_data/EMG-EPN612/testingJSON/user187/user187.json,idx_60
pinch,trainingSamples,raw_data/EMG-EPN612/testingJSON/user187/user187.json,idx_61
pinch,trainingSamples,raw_data/EMG-EPN612/testingJSON/user187/user187.json,idx_62
pinch,trainingSamples,raw_data/EMG-EPN612/testingJSON/user187/user187.json,idx_63
pinch,trainingSamples,raw_data/EMG-EPN612/testingJSON/user187/user187.json,idx_64
pinch,trainingSamples,raw_data/EMG-EPN612/testingJSON/user187/user187.json,idx_65
pinch,trainingSamples,raw_data/EMG-EPN612/testingJSON/user187/user187.json,idx_66
pinch,trainingSamples,raw_data/EMG-EPN612/testingJSON/user187/user187.json,idx_67
pinch,trainingSamples,raw_data/EMG-EPN612/testingJSON/user187/user187.json,idx_68
pinch,trainingSamples,raw_data/EMG-EPN612/testingJSON/user187/user187.json,idx_69
pinch,trainingSamples,raw_data/EMG-EPN612/testingJSON/user187/user187.json,idx_70
pinch,trainingSamples,raw_data/EMG-EPN612/testingJSON/user187/user187.json,idx_71
pinch,trainingSamples,raw_data/EMG-EPN612/testingJSON/user187/user187.json,idx_72
pinch,trainingSamples,raw_data/EMG-EPN612/testingJSON/user187/user187.json,idx_73
pinch,trainingSamples,raw_data/EMG-EPN612/testingJSON/user187/user187.json,idx_74
pinch,trainingSamples,raw_data/EMG-EPN612/testingJSON/user187/user187.json,idx_75
fist,trainingSamples,raw_data/EMG-EPN612/testingJSON/user187/user187.json,idx_76
fist,trainingSamples,raw_data/EMG-EPN612/testingJSON/user187/user187.json,idx_77
fist,trainingSamples,raw_data/EMG-EPN612/testingJSON/user187/user187.json,idx_78
fist,trainingSamples,raw_data/EMG-EPN612/testingJSON/user187/user187.json,idx_79
fist,trainingSamples,raw_data/EMG-EPN612/testingJSON/user187/user187.json,idx_80
fist,trainingSamples,raw_data/EMG-EPN612/testingJSON/user187/user187.json,idx_81
fist,trainingSamples,raw_data/EMG-EPN612/testingJSON/user187/user187.json,idx_82
fist,trainingSamples,raw_data/EMG-EPN612/testingJSON/user187/user187.json,idx_83
fist,trainingSamples,raw_data/EMG-EPN612/testingJSON/user187/user187.json,idx_84
fist,trainingSamples,raw_data/EMG-EPN612/testingJSON/user187/user187.json,idx_85
fist,trainingSamples,raw_data/EMG-EPN612/testingJSON/user187/user187.json,idx_86
fist,trainingSamples,raw_data/EMG-EPN612/testingJSON/user187/user187.json,idx_87
fist,trainingSamples,raw_data/EMG-EPN612/testingJSON/user187/user187.json,idx_88
fist,trainingSamples,raw_data/EMG-EPN612/testingJSON/user187/user187.json,idx_89
fist,trainingSamples,raw_data/EMG-EPN612/testingJSON/user187/user187.json,idx_90
fist,trainingSamples,raw_data/EMG-EPN612/testingJSON/user187/user187.json,idx_91
fist,trainingSamples,raw_data/EMG-EPN612/testingJSON/user187/user187.json,idx_92
fist,trainingSamples,raw_data/EMG-EPN612/testingJSON/user187/user187.json,idx_93
fist,trainingSamples,raw_data/EMG-EPN612/testingJSON/user187/user187.json,idx_94
fist,trainingSamples,raw_data/EMG-EPN612/testingJSON/user187/user187.json,idx_95
fist,trainingSamples,raw_data/EMG-EPN612/testingJSON/user187/user187.json,idx_96
fist,trainingSamples,raw_data/EMG-EPN612/testingJSON/user187/user187.json,idx_97
fist,trainingSamples,raw_data/EMG-EPN612/testingJSON/user187/user187.json,idx_98
fist,trainingSamples,raw_data/EMG-EPN612/testingJSON/user187/user187.json,idx_99
fist,trainingSamples,raw_data/EMG-EPN612/testingJSON/user187/user187.json,idx_100
waveIn,trainingSamples,raw_data/EMG-EPN612/testingJSON/user187/user187.json,idx_101
waveIn,trainingSamples,raw_data/EMG-EPN612/testingJSON/user187/user187.json,idx_102
waveIn,trainingSamples,raw_data/EMG-EPN612/testingJSON/user187/user187.json,idx_103
waveIn,trainingSamples,raw_data/EMG-EPN612/testingJSON/user187/user187.json,idx_104
waveIn,trainingSamples,raw_data/EMG-EPN612/testingJSON/user187/user187.json,idx_105
waveIn,trainingSamples,raw_data/EMG-EPN612/testingJSON/user187/user187.json,idx_106
waveIn,trainingSamples,raw_data/EMG-EPN612/testingJSON/user187/user187.json,idx_107
waveIn,trainingSamples,raw_data/EMG-EPN612/testingJSON/user187/user187.json,idx_108
waveIn,trainingSamples,raw_data/EMG-EPN612/testingJSON/user187/user187.json,idx_109
waveIn,trainingSamples,raw_data/EMG-EPN612/testingJSON/user187/user187.json,idx_110
waveIn,trainingSamples,raw_data/EMG-EPN612/testingJSON/user187/user187.json,idx_111
waveIn,trainingSamples,raw_data/EMG-EPN612/testingJSON/user187/user187.json,idx_112
waveIn,trainingSamples,raw_data/EMG-EPN612/testingJSON/user187/user187.json,idx_113
waveIn,trainingSamples,raw_data/EMG-EPN612/testingJSON/user187/user187.json,idx_114
waveIn,trainingSamples,raw_data/EMG-EPN612/testingJSON/user187/user187.json,idx_115
waveIn,trainingSamples,raw_data/EMG-EPN612/testingJSON/user187/user187.json,idx_116
waveIn,trainingSamples,raw_data/EMG-EPN612/testingJSON/user187/user187.json,idx_117
waveIn,trainingSamples,raw_data/EMG-EPN612/testingJSON/user187/user187.json,idx_118
waveIn,trainingSamples,raw_data/EMG-EPN612/testingJSON/user187/user187.json,idx_119
waveIn,trainingSamples,raw_data/EMG-EPN612/testingJSON/user187/user187.json,idx_120
waveIn,trainingSamples,raw_data/EMG-EPN612/testingJSON/user187/user187.json,idx_121
waveIn,trainingSamples,raw_data/EMG-EPN612/testingJSON/user187/user187.json,idx_122
waveIn,trainingSamples,raw_data/EMG-EPN612/testingJSON/user187/user187.json,idx_123
waveIn,trainingSamples,raw_data/EMG-EPN612/testingJSON/user187/user187.json,idx_124
waveIn,trainingSamples,raw_data/EMG-EPN612/testingJSON/user187/user187.json,idx_125
open,trainingSamples,raw_data/EMG-EPN612/testingJSON/user187/user187.json,idx_126
open,trainingSamples,raw_data/EMG-EPN612/testingJSON/user187/user187.json,idx_127
open,trainingSamples,raw_data/EMG-EPN612/testingJSON/user187/user187.json,idx_128
open,trainingSamples,raw_data/EMG-EPN612/testingJSON/user187/user187.json,idx_129
open,trainingSamples,raw_data/EMG-EPN612/testingJSON/user187/user187.json,idx_130
open,trainingSamples,raw_data/EMG-EPN612/testingJSON/user187/user187.json,idx_131
open,trainingSamples,raw_data/EMG-EPN612/testingJSON/user187/user187.json,idx_132
open,trainingSamples,raw_data/EMG-EPN612/testingJSON/user187/user187.json,idx_133
open,trainingSamples,raw_data/EMG-EPN612/testingJSON/user187/user187.json,idx_134
open,trainingSamples,raw_data/EMG-EPN612/testingJSON/user187/user187.json,idx_135
open,trainingSamples,raw_data/EMG-EPN612/testingJSON/user187/user187.json,idx_136
open,trainingSamples,raw_data/EMG-EPN612/testingJSON/user187/user187.json,idx_137
open,trainingSamples,raw_data/EMG-EPN612/testingJSON/user187/user187.json,idx_138
open,trainingSamples,raw_data/EMG-EPN612/testingJSON/user187/user187.json,idx_139
open,trainingSamples,raw_data/EMG-EPN612/testingJSON/user187/user187.json,idx_140
open,trainingSamples,raw_data/EMG-EPN612/testingJSON/user187/user187.json,idx_141
open,trainingSamples,raw_data/EMG-EPN612/testingJSON/user187/user187.json,idx_142
open,trainingSamples,raw_data/EMG-EPN612/testingJSON/user187/user187.json,idx_143
open,trainingSamples,raw_data/EMG-EPN612/testingJSON/user187/user187.json,idx_144
open,trainingSamples,raw_data/EMG-EPN612/testingJSON/user187/user187.json,idx_145
open,trainingSamples,raw_data/EMG-EPN612/testingJSON/user187/user187.json,idx_146
open,trainingSamples,raw_data/EMG-EPN612/testingJSON/user187/user187.json,idx_147
open,trainingSamples,raw_data/EMG-EPN612/testingJSON/user187/user187.json,idx_148
open,trainingSamples,raw_data/EMG-EPN612/testingJSON/user187/user187.json,idx_149
open,trainingSamples,raw_data/EMG-EPN612/testingJSON/user187/user187.json,idx_150
noGesture,trainingSamples,raw_data/EMG-EPN612/testingJSON/user188/user188.json,idx_1
noGesture,trainingSamples,raw_data/EMG-EPN612/testingJSON/user188/user188.json,idx_2
noGesture,trainingSamples,raw_data/EMG-EPN612/testingJSON/user188/user188.json,idx_3
noGesture,trainingSamples,raw_data/EMG-EPN612/testingJSON/user188/user188.json,idx_4
noGesture,trainingSamples,raw_data/EMG-EPN612/testingJSON/user188/user188.json,idx_5
noGesture,trainingSamples,raw_data/EMG-EPN612/testingJSON/user188/user188.json,idx_6
noGesture,trainingSamples,raw_data/EMG-EPN612/testingJSON/user188/user188.json,idx_7
noGesture,trainingSamples,raw_data/EMG-EPN612/testingJSON/user188/user188.json,idx_8
noGesture,trainingSamples,raw_data/EMG-EPN612/testingJSON/user188/user188.json,idx_9
noGesture,trainingSamples,raw_data/EMG-EPN612/testingJSON/user188/user188.json,idx_10
noGesture,trainingSamples,raw_data/EMG-EPN612/testingJSON/user188/user188.json,idx_11
noGesture,trainingSamples,raw_data/EMG-EPN612/testingJSON/user188/user188.json,idx_12
noGesture,trainingSamples,raw_data/EMG-EPN612/testingJSON/user188/user188.json,idx_13
noGesture,trainingSamples,raw_data/EMG-EPN612/testingJSON/user188/user188.json,idx_14
noGesture,trainingSamples,raw_data/EMG-EPN612/testingJSON/user188/user188.json,idx_15
noGesture,trainingSamples,raw_data/EMG-EPN612/testingJSON/user188/user188.json,idx_16
noGesture,trainingSamples,raw_data/EMG-EPN612/testingJSON/user188/user188.json,idx_17
noGesture,trainingSamples,raw_data/EMG-EPN612/testingJSON/user188/user188.json,idx_18
noGesture,trainingSamples,raw_data/EMG-EPN612/testingJSON/user188/user188.json,idx_19
noGesture,trainingSamples,raw_data/EMG-EPN612/testingJSON/user188/user188.json,idx_20
noGesture,trainingSamples,raw_data/EMG-EPN612/testingJSON/user188/user188.json,idx_21
noGesture,trainingSamples,raw_data/EMG-EPN612/testingJSON/user188/user188.json,idx_22
noGesture,trainingSamples,raw_data/EMG-EPN612/testingJSON/user188/user188.json,idx_23
noGesture,trainingSamples,raw_data/EMG-EPN612/testingJSON/user188/user188.json,idx_24
noGesture,trainingSamples,raw_data/EMG-EPN612/testingJSON/user188/user188.json,idx_25
fist,trainingSamples,raw_data/EMG-EPN612/testingJSON/user188/user188.json,idx_26
fist,trainingSamples,raw_data/EMG-EPN612/testingJSON/user188/user188.json,idx_27
fist,trainingSamples,raw_data/EMG-EPN612/testingJSON/user188/user188.json,idx_28
fist,trainingSamples,raw_data/EMG-EPN612/testingJSON/user188/user188.json,idx_29
fist,trainingSamples,raw_data/EMG-EPN612/testingJSON/user188/user188.json,idx_30
fist,trainingSamples,raw_data/EMG-EPN612/testingJSON/user188/user188.json,idx_31
fist,trainingSamples,raw_data/EMG-EPN612/testingJSON/user188/user188.json,idx_32
fist,trainingSamples,raw_data/EMG-EPN612/testingJSON/user188/user188.json,idx_33
fist,trainingSamples,raw_data/EMG-EPN612/testingJSON/user188/user188.json,idx_34
fist,trainingSamples,raw_data/EMG-EPN612/testingJSON/user188/user188.json,idx_35
fist,trainingSamples,raw_data/EMG-EPN612/testingJSON/user188/user188.json,idx_36
fist,trainingSamples,raw_data/EMG-EPN612/testingJSON/user188/user188.json,idx_37
fist,trainingSamples,raw_data/EMG-EPN612/testingJSON/user188/user188.json,idx_38
fist,trainingSamples,raw_data/EMG-EPN612/testingJSON/user188/user188.json,idx_39
fist,trainingSamples,raw_data/EMG-EPN612/testingJSON/user188/user188.json,idx_40
fist,trainingSamples,raw_data/EMG-EPN612/testingJSON/user188/user188.json,idx_41
fist,trainingSamples,raw_data/EMG-EPN612/testingJSON/user188/user188.json,idx_42
fist,trainingSamples,raw_data/EMG-EPN612/testingJSON/user188/user188.json,idx_43
fist,trainingSamples,raw_data/EMG-EPN612/testingJSON/user188/user188.json,idx_44
fist,trainingSamples,raw_data/EMG-EPN612/testingJSON/user188/user188.json,idx_45
fist,trainingSamples,raw_data/EMG-EPN612/testingJSON/user188/user188.json,idx_46
fist,trainingSamples,raw_data/EMG-EPN612/testingJSON/user188/user188.json,idx_47
fist,trainingSamples,raw_data/EMG-EPN612/testingJSON/user188/user188.json,idx_48
fist,trainingSamples,raw_data/EMG-EPN612/testingJSON/user188/user188.json,idx_49
fist,trainingSamples,raw_data/EMG-EPN612/testingJSON/user188/user188.json,idx_50
open,trainingSamples,raw_data/EMG-EPN612/testingJSON/user188/user188.json,idx_51
open,trainingSamples,raw_data/EMG-EPN612/testingJSON/user188/user188.json,idx_52
open,trainingSamples,raw_data/EMG-EPN612/testingJSON/user188/user188.json,idx_53
open,trainingSamples,raw_data/EMG-EPN612/testingJSON/user188/user188.json,idx_54
open,trainingSamples,raw_data/EMG-EPN612/testingJSON/user188/user188.json,idx_55
open,trainingSamples,raw_data/EMG-EPN612/testingJSON/user188/user188.json,idx_56
open,trainingSamples,raw_data/EMG-EPN612/testingJSON/user188/user188.json,idx_57
open,trainingSamples,raw_data/EMG-EPN612/testingJSON/user188/user188.json,idx_58
open,trainingSamples,raw_data/EMG-EPN612/testingJSON/user188/user188.json,idx_59
open,trainingSamples,raw_data/EMG-EPN612/testingJSON/user188/user188.json,idx_60
open,trainingSamples,raw_data/EMG-EPN612/testingJSON/user188/user188.json,idx_61
open,trainingSamples,raw_data/EMG-EPN612/testingJSON/user188/user188.json,idx_62
open,trainingSamples,raw_data/EMG-EPN612/testingJSON/user188/user188.json,idx_63
open,trainingSamples,raw_data/EMG-EPN612/testingJSON/user188/user188.json,idx_64
open,trainingSamples,raw_data/EMG-EPN612/testingJSON/user188/user188.json,idx_65
open,trainingSamples,raw_data/EMG-EPN612/testingJSON/user188/user188.json,idx_66
open,trainingSamples,raw_data/EMG-EPN612/testingJSON/user188/user188.json,idx_67
open,trainingSamples,raw_data/EMG-EPN612/testingJSON/user188/user188.json,idx_68
open,trainingSamples,raw_data/EMG-EPN612/testingJSON/user188/user188.json,idx_69
open,trainingSamples,raw_data/EMG-EPN612/testingJSON/user188/user188.json,idx_70
open,trainingSamples,raw_data/EMG-EPN612/testingJSON/user188/user188.json,idx_71
open,trainingSamples,raw_data/EMG-EPN612/testingJSON/user188/user188.json,idx_72
open,trainingSamples,raw_data/EMG-EPN612/testingJSON/user188/user188.json,idx_73
open,trainingSamples,raw_data/EMG-EPN612/testingJSON/user188/user188.json,idx_74
open,trainingSamples,raw_data/EMG-EPN612/testingJSON/user188/user188.json,idx_75
pinch,trainingSamples,raw_data/EMG-EPN612/testingJSON/user188/user188.json,idx_76
pinch,trainingSamples,raw_data/EMG-EPN612/testingJSON/user188/user188.json,idx_77
pinch,trainingSamples,raw_data/EMG-EPN612/testingJSON/user188/user188.json,idx_78
pinch,trainingSamples,raw_data/EMG-EPN612/testingJSON/user188/user188.json,idx_79
pinch,trainingSamples,raw_data/EMG-EPN612/testingJSON/user188/user188.json,idx_80
pinch,trainingSamples,raw_data/EMG-EPN612/testingJSON/user188/user188.json,idx_81
pinch,trainingSamples,raw_data/EMG-EPN612/testingJSON/user188/user188.json,idx_82
pinch,trainingSamples,raw_data/EMG-EPN612/testingJSON/user188/user188.json,idx_83
pinch,trainingSamples,raw_data/EMG-EPN612/testingJSON/user188/user188.json,idx_84
pinch,trainingSamples,raw_data/EMG-EPN612/testingJSON/user188/user188.json,idx_85
pinch,trainingSamples,raw_data/EMG-EPN612/testingJSON/user188/user188.json,idx_86
pinch,trainingSamples,raw_data/EMG-EPN612/testingJSON/user188/user188.json,idx_87
pinch,trainingSamples,raw_data/EMG-EPN612/testingJSON/user188/user188.json,idx_88
pinch,trainingSamples,raw_data/EMG-EPN612/testingJSON/user188/user188.json,idx_89
pinch,trainingSamples,raw_data/EMG-EPN612/testingJSON/user188/user188.json,idx_90
pinch,trainingSamples,raw_data/EMG-EPN612/testingJSON/user188/user188.json,idx_91
pinch,trainingSamples,raw_data/EMG-EPN612/testingJSON/user188/user188.json,idx_92
pinch,trainingSamples,raw_data/EMG-EPN612/testingJSON/user188/user188.json,idx_93
pinch,trainingSamples,raw_data/EMG-EPN612/testingJSON/user188/user188.json,idx_94
pinch,trainingSamples,raw_data/EMG-EPN612/testingJSON/user188/user188.json,idx_95
pinch,trainingSamples,raw_data/EMG-EPN612/testingJSON/user188/user188.json,idx_96
pinch,trainingSamples,raw_data/EMG-EPN612/testingJSON/user188/user188.json,idx_97
pinch,trainingSamples,raw_data/EMG-EPN612/testingJSON/user188/user188.json,idx_98
pinch,trainingSamples,raw_data/EMG-EPN612/testingJSON/user188/user188.json,idx_99
pinch,trainingSamples,raw_data/EMG-EPN612/testingJSON/user188/user188.json,idx_100
waveIn,trainingSamples,raw_data/EMG-EPN612/testingJSON/user188/user188.json,idx_101
waveIn,trainingSamples,raw_data/EMG-EPN612/testingJSON/user188/user188.json,idx_102
waveIn,trainingSamples,raw_data/EMG-EPN612/testingJSON/user188/user188.json,idx_103
waveIn,trainingSamples,raw_data/EMG-EPN612/testingJSON/user188/user188.json,idx_104
waveIn,trainingSamples,raw_data/EMG-EPN612/testingJSON/user188/user188.json,idx_105
waveIn,trainingSamples,raw_data/EMG-EPN612/testingJSON/user188/user188.json,idx_106
waveIn,trainingSamples,raw_data/EMG-EPN612/testingJSON/user188/user188.json,idx_107
waveIn,trainingSamples,raw_data/EMG-EPN612/testingJSON/user188/user188.json,idx_108
waveIn,trainingSamples,raw_data/EMG-EPN612/testingJSON/user188/user188.json,idx_109
waveIn,trainingSamples,raw_data/EMG-EPN612/testingJSON/user188/user188.json,idx_110
waveIn,trainingSamples,raw_data/EMG-EPN612/testingJSON/user188/user188.json,idx_111
waveIn,trainingSamples,raw_data/EMG-EPN612/testingJSON/user188/user188.json,idx_112
waveIn,trainingSamples,raw_data/EMG-EPN612/testingJSON/user188/user188.json,idx_113
waveIn,trainingSamples,raw_data/EMG-EPN612/testingJSON/user188/user188.json,idx_114
waveIn,trainingSamples,raw_data/EMG-EPN612/testingJSON/user188/user188.json,idx_115
waveIn,trainingSamples,raw_data/EMG-EPN612/testingJSON/user188/user188.json,idx_116
waveIn,trainingSamples,raw_data/EMG-EPN612/testingJSON/user188/user188.json,idx_117
waveIn,trainingSamples,raw_data/EMG-EPN612/testingJSON/user188/user188.json,idx_118
waveIn,trainingSamples,raw_data/EMG-EPN612/testingJSON/user188/user188.json,idx_119
waveIn,trainingSamples,raw_data/EMG-EPN612/testingJSON/user188/user188.json,idx_120
waveIn,trainingSamples,raw_data/EMG-EPN612/testingJSON/user188/user188.json,idx_121
waveIn,trainingSamples,raw_data/EMG-EPN612/testingJSON/user188/user188.json,idx_122
waveIn,trainingSamples,raw_data/EMG-EPN612/testingJSON/user188/user188.json,idx_123
waveIn,trainingSamples,raw_data/EMG-EPN612/testingJSON/user188/user188.json,idx_124
waveIn,trainingSamples,raw_data/EMG-EPN612/testingJSON/user188/user188.json,idx_125
waveOut,trainingSamples,raw_data/EMG-EPN612/testingJSON/user188/user188.json,idx_126
waveOut,trainingSamples,raw_data/EMG-EPN612/testingJSON/user188/user188.json,idx_127
waveOut,trainingSamples,raw_data/EMG-EPN612/testingJSON/user188/user188.json,idx_128
waveOut,trainingSamples,raw_data/EMG-EPN612/testingJSON/user188/user188.json,idx_129
waveOut,trainingSamples,raw_data/EMG-EPN612/testingJSON/user188/user188.json,idx_130
waveOut,trainingSamples,raw_data/EMG-EPN612/testingJSON/user188/user188.json,idx_131
waveOut,trainingSamples,raw_data/EMG-EPN612/testingJSON/user188/user188.json,idx_132
waveOut,trainingSamples,raw_data/EMG-EPN612/testingJSON/user188/user188.json,idx_133
waveOut,trainingSamples,raw_data/EMG-EPN612/testingJSON/user188/user188.json,idx_134
waveOut,trainingSamples,raw_data/EMG-EPN612/testingJSON/user188/user188.json,idx_135
waveOut,trainingSamples,raw_data/EMG-EPN612/testingJSON/user188/user188.json,idx_136
waveOut,trainingSamples,raw_data/EMG-EPN612/testingJSON/user188/user188.json,idx_137
waveOut,trainingSamples,raw_data/EMG-EPN612/testingJSON/user188/user188.json,idx_138
waveOut,trainingSamples,raw_data/EMG-EPN612/testingJSON/user188/user188.json,idx_139
waveOut,trainingSamples,raw_data/EMG-EPN612/testingJSON/user188/user188.json,idx_140
waveOut,trainingSamples,raw_data/EMG-EPN612/testingJSON/user188/user188.json,idx_141
waveOut,trainingSamples,raw_data/EMG-EPN612/testingJSON/user188/user188.json,idx_142
waveOut,trainingSamples,raw_data/EMG-EPN612/testingJSON/user188/user188.json,idx_143
waveOut,trainingSamples,raw_data/EMG-EPN612/testingJSON/user188/user188.json,idx_144
waveOut,trainingSamples,raw_data/EMG-EPN612/testingJSON/user188/user188.json,idx_145
waveOut,trainingSamples,raw_data/EMG-EPN612/testingJSON/user188/user188.json,idx_146
waveOut,trainingSamples,raw_data/EMG-EPN612/testingJSON/user188/user188.json,idx_147
waveOut,trainingSamples,raw_data/EMG-EPN612/testingJSON/user188/user188.json,idx_148
waveOut,trainingSamples,raw_data/EMG-EPN612/testingJSON/user188/user188.json,idx_149
waveOut,trainingSamples,raw_data/EMG-EPN612/testingJSON/user188/user188.json,idx_150
noGesture,trainingSamples,raw_data/EMG-EPN612/testingJSON/user189/user189.json,idx_1
noGesture,trainingSamples,raw_data/EMG-EPN612/testingJSON/user189/user189.json,idx_2
noGesture,trainingSamples,raw_data/EMG-EPN612/testingJSON/user189/user189.json,idx_3
noGesture,trainingSamples,raw_data/EMG-EPN612/testingJSON/user189/user189.json,idx_4
noGesture,trainingSamples,raw_data/EMG-EPN612/testingJSON/user189/user189.json,idx_5
noGesture,trainingSamples,raw_data/EMG-EPN612/testingJSON/user189/user189.json,idx_6
noGesture,trainingSamples,raw_data/EMG-EPN612/testingJSON/user189/user189.json,idx_7
noGesture,trainingSamples,raw_data/EMG-EPN612/testingJSON/user189/user189.json,idx_8
noGesture,trainingSamples,raw_data/EMG-EPN612/testingJSON/user189/user189.json,idx_9
noGesture,trainingSamples,raw_data/EMG-EPN612/testingJSON/user189/user189.json,idx_10
noGesture,trainingSamples,raw_data/EMG-EPN612/testingJSON/user189/user189.json,idx_11
noGesture,trainingSamples,raw_data/EMG-EPN612/testingJSON/user189/user189.json,idx_12
noGesture,trainingSamples,raw_data/EMG-EPN612/testingJSON/user189/user189.json,idx_13
noGesture,trainingSamples,raw_data/EMG-EPN612/testingJSON/user189/user189.json,idx_14
noGesture,trainingSamples,raw_data/EMG-EPN612/testingJSON/user189/user189.json,idx_15
noGesture,trainingSamples,raw_data/EMG-EPN612/testingJSON/user189/user189.json,idx_16
noGesture,trainingSamples,raw_data/EMG-EPN612/testingJSON/user189/user189.json,idx_17
noGesture,trainingSamples,raw_data/EMG-EPN612/testingJSON/user189/user189.json,idx_18
noGesture,trainingSamples,raw_data/EMG-EPN612/testingJSON/user189/user189.json,idx_19
noGesture,trainingSamples,raw_data/EMG-EPN612/testingJSON/user189/user189.json,idx_20
noGesture,trainingSamples,raw_data/EMG-EPN612/testingJSON/user189/user189.json,idx_21
noGesture,trainingSamples,raw_data/EMG-EPN612/testingJSON/user189/user189.json,idx_22
noGesture,trainingSamples,raw_data/EMG-EPN612/testingJSON/user189/user189.json,idx_23
noGesture,trainingSamples,raw_data/EMG-EPN612/testingJSON/user189/user189.json,idx_24
noGesture,trainingSamples,raw_data/EMG-EPN612/testingJSON/user189/user189.json,idx_25
waveOut,trainingSamples,raw_data/EMG-EPN612/testingJSON/user189/user189.json,idx_26
waveOut,trainingSamples,raw_data/EMG-EPN612/testingJSON/user189/user189.json,idx_27
waveOut,trainingSamples,raw_data/EMG-EPN612/testingJSON/user189/user189.json,idx_28
waveOut,trainingSamples,raw_data/EMG-EPN612/testingJSON/user189/user189.json,idx_29
waveOut,trainingSamples,raw_data/EMG-EPN612/testingJSON/user189/user189.json,idx_30
waveOut,trainingSamples,raw_data/EMG-EPN612/testingJSON/user189/user189.json,idx_31
waveOut,trainingSamples,raw_data/EMG-EPN612/testingJSON/user189/user189.json,idx_32
waveOut,trainingSamples,raw_data/EMG-EPN612/testingJSON/user189/user189.json,idx_33
waveOut,trainingSamples,raw_data/EMG-EPN612/testingJSON/user189/user189.json,idx_34
waveOut,trainingSamples,raw_data/EMG-EPN612/testingJSON/user189/user189.json,idx_35
waveOut,trainingSamples,raw_data/EMG-EPN612/testingJSON/user189/user189.json,idx_36
waveOut,trainingSamples,raw_data/EMG-EPN612/testingJSON/user189/user189.json,idx_37
waveOut,trainingSamples,raw_data/EMG-EPN612/testingJSON/user189/user189.json,idx_38
waveOut,trainingSamples,raw_data/EMG-EPN612/testingJSON/user189/user189.json,idx_39
waveOut,trainingSamples,raw_data/EMG-EPN612/testingJSON/user189/user189.json,idx_40
waveOut,trainingSamples,raw_data/EMG-EPN612/testingJSON/user189/user189.json,idx_41
waveOut,trainingSamples,raw_data/EMG-EPN612/testingJSON/user189/user189.json,idx_42
waveOut,trainingSamples,raw_data/EMG-EPN612/testingJSON/user189/user189.json,idx_43
waveOut,trainingSamples,raw_data/EMG-EPN612/testingJSON/user189/user189.json,idx_44
waveOut,trainingSamples,raw_data/EMG-EPN612/testingJSON/user189/user189.json,idx_45
waveOut,trainingSamples,raw_data/EMG-EPN612/testingJSON/user189/user189.json,idx_46
waveOut,trainingSamples,raw_data/EMG-EPN612/testingJSON/user189/user189.json,idx_47
waveOut,trainingSamples,raw_data/EMG-EPN612/testingJSON/user189/user189.json,idx_48
waveOut,trainingSamples,raw_data/EMG-EPN612/testingJSON/user189/user189.json,idx_49
waveOut,trainingSamples,raw_data/EMG-EPN612/testingJSON/user189/user189.json,idx_50
pinch,trainingSamples,raw_data/EMG-EPN612/testingJSON/user189/user189.json,idx_51
pinch,trainingSamples,raw_data/EMG-EPN612/testingJSON/user189/user189.json,idx_52
pinch,trainingSamples,raw_data/EMG-EPN612/testingJSON/user189/user189.json,idx_53
pinch,trainingSamples,raw_data/EMG-EPN612/testingJSON/user189/user189.json,idx_54
pinch,trainingSamples,raw_data/EMG-EPN612/testingJSON/user189/user189.json,idx_55
pinch,trainingSamples,raw_data/EMG-EPN612/testingJSON/user189/user189.json,idx_56
pinch,trainingSamples,raw_data/EMG-EPN612/testingJSON/user189/user189.json,idx_57
pinch,trainingSamples,raw_data/EMG-EPN612/testingJSON/user189/user189.json,idx_58
pinch,trainingSamples,raw_data/EMG-EPN612/testingJSON/user189/user189.json,idx_59
pinch,trainingSamples,raw_data/EMG-EPN612/testingJSON/user189/user189.json,idx_60
pinch,trainingSamples,raw_data/EMG-EPN612/testingJSON/user189/user189.json,idx_61
pinch,trainingSamples,raw_data/EMG-EPN612/testingJSON/user189/user189.json,idx_62
pinch,trainingSamples,raw_data/EMG-EPN612/testingJSON/user189/user189.json,idx_63
pinch,trainingSamples,raw_data/EMG-EPN612/testingJSON/user189/user189.json,idx_64
pinch,trainingSamples,raw_data/EMG-EPN612/testingJSON/user189/user189.json,idx_65
pinch,trainingSamples,raw_data/EMG-EPN612/testingJSON/user189/user189.json,idx_66
pinch,trainingSamples,raw_data/EMG-EPN612/testingJSON/user189/user189.json,idx_67
pinch,trainingSamples,raw_data/EMG-EPN612/testingJSON/user189/user189.json,idx_68
pinch,trainingSamples,raw_data/EMG-EPN612/testingJSON/user189/user189.json,idx_69
pinch,trainingSamples,raw_data/EMG-EPN612/testingJSON/user189/user189.json,idx_70
pinch,trainingSamples,raw_data/EMG-EPN612/testingJSON/user189/user189.json,idx_71
pinch,trainingSamples,raw_data/EMG-EPN612/testingJSON/user189/user189.json,idx_72
pinch,trainingSamples,raw_data/EMG-EPN612/testingJSON/user189/user189.json,idx_73
pinch,trainingSamples,raw_data/EMG-EPN612/testingJSON/user189/user189.json,idx_74
pinch,trainingSamples,raw_data/EMG-EPN612/testingJSON/user189/user189.json,idx_75
fist,trainingSamples,raw_data/EMG-EPN612/testingJSON/user189/user189.json,idx_76
fist,trainingSamples,raw_data/EMG-EPN612/testingJSON/user189/user189.json,idx_77
fist,trainingSamples,raw_data/EMG-EPN612/testingJSON/user189/user189.json,idx_78
fist,trainingSamples,raw_data/EMG-EPN612/testingJSON/user189/user189.json,idx_79
fist,trainingSamples,raw_data/EMG-EPN612/testingJSON/user189/user189.json,idx_80
fist,trainingSamples,raw_data/EMG-EPN612/testingJSON/user189/user189.json,idx_81
fist,trainingSamples,raw_data/EMG-EPN612/testingJSON/user189/user189.json,idx_82
fist,trainingSamples,raw_data/EMG-EPN612/testingJSON/user189/user189.json,idx_83
fist,trainingSamples,raw_data/EMG-EPN612/testingJSON/user189/user189.json,idx_84
fist,trainingSamples,raw_data/EMG-EPN612/testingJSON/user189/user189.json,idx_85
fist,trainingSamples,raw_data/EMG-EPN612/testingJSON/user189/user189.json,idx_86
fist,trainingSamples,raw_data/EMG-EPN612/testingJSON/user189/user189.json,idx_87
fist,trainingSamples,raw_data/EMG-EPN612/testingJSON/user189/user189.json,idx_88
fist,trainingSamples,raw_data/EMG-EPN612/testingJSON/user189/user189.json,idx_89
fist,trainingSamples,raw_data/EMG-EPN612/testingJSON/user189/user189.json,idx_90
fist,trainingSamples,raw_data/EMG-EPN612/testingJSON/user189/user189.json,idx_91
fist,trainingSamples,raw_data/EMG-EPN612/testingJSON/user189/user189.json,idx_92
fist,trainingSamples,raw_data/EMG-EPN612/testingJSON/user189/user189.json,idx_93
fist,trainingSamples,raw_data/EMG-EPN612/testingJSON/user189/user189.json,idx_94
fist,trainingSamples,raw_data/EMG-EPN612/testingJSON/user189/user189.json,idx_95
fist,trainingSamples,raw_data/EMG-EPN612/testingJSON/user189/user189.json,idx_96
fist,trainingSamples,raw_data/EMG-EPN612/testingJSON/user189/user189.json,idx_97
fist,trainingSamples,raw_data/EMG-EPN612/testingJSON/user189/user189.json,idx_98
fist,trainingSamples,raw_data/EMG-EPN612/testingJSON/user189/user189.json,idx_99
fist,trainingSamples,raw_data/EMG-EPN612/testingJSON/user189/user189.json,idx_100
waveIn,trainingSamples,raw_data/EMG-EPN612/testingJSON/user189/user189.json,idx_101
waveIn,trainingSamples,raw_data/EMG-EPN612/testingJSON/user189/user189.json,idx_102
waveIn,trainingSamples,raw_data/EMG-EPN612/testingJSON/user189/user189.json,idx_103
waveIn,trainingSamples,raw_data/EMG-EPN612/testingJSON/user189/user189.json,idx_104
waveIn,trainingSamples,raw_data/EMG-EPN612/testingJSON/user189/user189.json,idx_105
waveIn,trainingSamples,raw_data/EMG-EPN612/testingJSON/user189/user189.json,idx_106
waveIn,trainingSamples,raw_data/EMG-EPN612/testingJSON/user189/user189.json,idx_107
waveIn,trainingSamples,raw_data/EMG-EPN612/testingJSON/user189/user189.json,idx_108
waveIn,trainingSamples,raw_data/EMG-EPN612/testingJSON/user189/user189.json,idx_109
waveIn,trainingSamples,raw_data/EMG-EPN612/testingJSON/user189/user189.json,idx_110
waveIn,trainingSamples,raw_data/EMG-EPN612/testingJSON/user189/user189.json,idx_111
waveIn,trainingSamples,raw_data/EMG-EPN612/testingJSON/user189/user189.json,idx_112
waveIn,trainingSamples,raw_data/EMG-EPN612/testingJSON/user189/user189.json,idx_113
waveIn,trainingSamples,raw_data/EMG-EPN612/testingJSON/user189/user189.json,idx_114
waveIn,trainingSamples,raw_data/EMG-EPN612/testingJSON/user189/user189.json,idx_115
waveIn,trainingSamples,raw_data/EMG-EPN612/testingJSON/user189/user189.json,idx_116
waveIn,trainingSamples,raw_data/EMG-EPN612/testingJSON/user189/user189.json,idx_117
waveIn,trainingSamples,raw_data/EMG-EPN612/testingJSON/user189/user189.json,idx_118
waveIn,trainingSamples,raw_data/EMG-EPN612/testingJSON/user189/user189.json,idx_119
waveIn,trainingSamples,raw_data/EMG-EPN612/testingJSON/user189/user189.json,idx_120
waveIn,trainingSamples,raw_data/EMG-EPN612/testingJSON/user189/user189.json,idx_121
waveIn,trainingSamples,raw_data/EMG-EPN612/testingJSON/user189/user189.json,idx_122
waveIn,trainingSamples,raw_data/EMG-EPN612/testingJSON/user189/user189.json,idx_123
waveIn,trainingSamples,raw_data/EMG-EPN612/testingJSON/user189/user189.json,idx_124
waveIn,trainingSamples,raw_data/EMG-EPN612/testingJSON/user189/user189.json,idx_125
open,trainingSamples,raw_data/EMG-EPN612/testingJSON/user189/user189.json,idx_126
open,trainingSamples,raw_data/EMG-EPN612/testingJSON/user189/user189.json,idx_127
open,trainingSamples,raw_data/EMG-EPN612/testingJSON/user189/user189.json,idx_128
open,trainingSamples,raw_data/EMG-EPN612/testingJSON/user189/user189.json,idx_129
open,trainingSamples,raw_data/EMG-EPN612/testingJSON/user189/user189.json,idx_130
open,trainingSamples,raw_data/EMG-EPN612/testingJSON/user189/user189.json,idx_131
open,trainingSamples,raw_data/EMG-EPN612/testingJSON/user189/user189.json,idx_132
open,trainingSamples,raw_data/EMG-EPN612/testingJSON/user189/user189.json,idx_133
open,trainingSamples,raw_data/EMG-EPN612/testingJSON/user189/user189.json,idx_134
open,trainingSamples,raw_data/EMG-EPN612/testingJSON/user189/user189.json,idx_135
open,trainingSamples,raw_data/EMG-EPN612/testingJSON/user189/user189.json,idx_136
open,trainingSamples,raw_data/EMG-EPN612/testingJSON/user189/user189.json,idx_137
open,trainingSamples,raw_data/EMG-EPN612/testingJSON/user189/user189.json,idx_138
open,trainingSamples,raw_data/EMG-EPN612/testingJSON/user189/user189.json,idx_139
open,trainingSamples,raw_data/EMG-EPN612/testingJSON/user189/user189.json,idx_140
open,trainingSamples,raw_data/EMG-EPN612/testingJSON/user189/user189.json,idx_141
open,trainingSamples,raw_data/EMG-EPN612/testingJSON/user189/user189.json,idx_142
open,trainingSamples,raw_data/EMG-EPN612/testingJSON/user189/user189.json,idx_143
open,trainingSamples,raw_data/EMG-EPN612/testingJSON/user189/user189.json,idx_144
open,trainingSamples,raw_data/EMG-EPN612/testingJSON/user189/user189.json,idx_145
open,trainingSamples,raw_data/EMG-EPN612/testingJSON/user189/user189.json,idx_146
open,trainingSamples,raw_data/EMG-EPN612/testingJSON/user189/user189.json,idx_147
open,trainingSamples,raw_data/EMG-EPN612/testingJSON/user189/user189.json,idx_148
open,trainingSamples,raw_data/EMG-EPN612/testingJSON/user189/user189.json,idx_149
open,trainingSamples,raw_data/EMG-EPN612/testingJSON/user189/user189.json,idx_150
noGesture,trainingSamples,raw_data/EMG-EPN612/testingJSON/user19/user19.json,idx_1
noGesture,trainingSamples,raw_data/EMG-EPN612/testingJSON/user19/user19.json,idx_2
noGesture,trainingSamples,raw_data/EMG-EPN612/testingJSON/user19/user19.json,idx_3
noGesture,trainingSamples,raw_data/EMG-EPN612/testingJSON/user19/user19.json,idx_4
noGesture,trainingSamples,raw_data/EMG-EPN612/testingJSON/user19/user19.json,idx_5
noGesture,trainingSamples,raw_data/EMG-EPN612/testingJSON/user19/user19.json,idx_6
noGesture,trainingSamples,raw_data/EMG-EPN612/testingJSON/user19/user19.json,idx_7
noGesture,trainingSamples,raw_data/EMG-EPN612/testingJSON/user19/user19.json,idx_8
noGesture,trainingSamples,raw_data/EMG-EPN612/testingJSON/user19/user19.json,idx_9
noGesture,trainingSamples,raw_data/EMG-EPN612/testingJSON/user19/user19.json,idx_10
noGesture,trainingSamples,raw_data/EMG-EPN612/testingJSON/user19/user19.json,idx_11
noGesture,trainingSamples,raw_data/EMG-EPN612/testingJSON/user19/user19.json,idx_12
noGesture,trainingSamples,raw_data/EMG-EPN612/testingJSON/user19/user19.json,idx_13
noGesture,trainingSamples,raw_data/EMG-EPN612/testingJSON/user19/user19.json,idx_14
noGesture,trainingSamples,raw_data/EMG-EPN612/testingJSON/user19/user19.json,idx_15
noGesture,trainingSamples,raw_data/EMG-EPN612/testingJSON/user19/user19.json,idx_16
noGesture,trainingSamples,raw_data/EMG-EPN612/testingJSON/user19/user19.json,idx_17
noGesture,trainingSamples,raw_data/EMG-EPN612/testingJSON/user19/user19.json,idx_18
noGesture,trainingSamples,raw_data/EMG-EPN612/testingJSON/user19/user19.json,idx_19
noGesture,trainingSamples,raw_data/EMG-EPN612/testingJSON/user19/user19.json,idx_20
noGesture,trainingSamples,raw_data/EMG-EPN612/testingJSON/user19/user19.json,idx_21
noGesture,trainingSamples,raw_data/EMG-EPN612/testingJSON/user19/user19.json,idx_22
noGesture,trainingSamples,raw_data/EMG-EPN612/testingJSON/user19/user19.json,idx_23
noGesture,trainingSamples,raw_data/EMG-EPN612/testingJSON/user19/user19.json,idx_24
noGesture,trainingSamples,raw_data/EMG-EPN612/testingJSON/user19/user19.json,idx_25
waveOut,trainingSamples,raw_data/EMG-EPN612/testingJSON/user19/user19.json,idx_26
waveOut,trainingSamples,raw_data/EMG-EPN612/testingJSON/user19/user19.json,idx_27
waveOut,trainingSamples,raw_data/EMG-EPN612/testingJSON/user19/user19.json,idx_28
waveOut,trainingSamples,raw_data/EMG-EPN612/testingJSON/user19/user19.json,idx_29
waveOut,trainingSamples,raw_data/EMG-EPN612/testingJSON/user19/user19.json,idx_30
waveOut,trainingSamples,raw_data/EMG-EPN612/testingJSON/user19/user19.json,idx_31
waveOut,trainingSamples,raw_data/EMG-EPN612/testingJSON/user19/user19.json,idx_32
waveOut,trainingSamples,raw_data/EMG-EPN612/testingJSON/user19/user19.json,idx_33
waveOut,trainingSamples,raw_data/EMG-EPN612/testingJSON/user19/user19.json,idx_34
waveOut,trainingSamples,raw_data/EMG-EPN612/testingJSON/user19/user19.json,idx_35
waveOut,trainingSamples,raw_data/EMG-EPN612/testingJSON/user19/user19.json,idx_36
waveOut,trainingSamples,raw_data/EMG-EPN612/testingJSON/user19/user19.json,idx_37
waveOut,trainingSamples,raw_data/EMG-EPN612/testingJSON/user19/user19.json,idx_38
waveOut,trainingSamples,raw_data/EMG-EPN612/testingJSON/user19/user19.json,idx_39
waveOut,trainingSamples,raw_data/EMG-EPN612/testingJSON/user19/user19.json,idx_40
waveOut,trainingSamples,raw_data/EMG-EPN612/testingJSON/user19/user19.json,idx_41
waveOut,trainingSamples,raw_data/EMG-EPN612/testingJSON/user19/user19.json,idx_42
waveOut,trainingSamples,raw_data/EMG-EPN612/testingJSON/user19/user19.json,idx_43
waveOut,trainingSamples,raw_data/EMG-EPN612/testingJSON/user19/user19.json,idx_44
waveOut,trainingSamples,raw_data/EMG-EPN612/testingJSON/user19/user19.json,idx_45
waveOut,trainingSamples,raw_data/EMG-EPN612/testingJSON/user19/user19.json,idx_46
waveOut,trainingSamples,raw_data/EMG-EPN612/testingJSON/user19/user19.json,idx_47
waveOut,trainingSamples,raw_data/EMG-EPN612/testingJSON/user19/user19.json,idx_48
waveOut,trainingSamples,raw_data/EMG-EPN612/testingJSON/user19/user19.json,idx_49
waveOut,trainingSamples,raw_data/EMG-EPN612/testingJSON/user19/user19.json,idx_50
pinch,trainingSamples,raw_data/EMG-EPN612/testingJSON/user19/user19.json,idx_51
pinch,trainingSamples,raw_data/EMG-EPN612/testingJSON/user19/user19.json,idx_52
pinch,trainingSamples,raw_data/EMG-EPN612/testingJSON/user19/user19.json,idx_53
pinch,trainingSamples,raw_data/EMG-EPN612/testingJSON/user19/user19.json,idx_54
pinch,trainingSamples,raw_data/EMG-EPN612/testingJSON/user19/user19.json,idx_55
pinch,trainingSamples,raw_data/EMG-EPN612/testingJSON/user19/user19.json,idx_56
pinch,trainingSamples,raw_data/EMG-EPN612/testingJSON/user19/user19.json,idx_57
pinch,trainingSamples,raw_data/EMG-EPN612/testingJSON/user19/user19.json,idx_58
pinch,trainingSamples,raw_data/EMG-EPN612/testingJSON/user19/user19.json,idx_59
pinch,trainingSamples,raw_data/EMG-EPN612/testingJSON/user19/user19.json,idx_60
pinch,trainingSamples,raw_data/EMG-EPN612/testingJSON/user19/user19.json,idx_61
pinch,trainingSamples,raw_data/EMG-EPN612/testingJSON/user19/user19.json,idx_62
pinch,trainingSamples,raw_data/EMG-EPN612/testingJSON/user19/user19.json,idx_63
pinch,trainingSamples,raw_data/EMG-EPN612/testingJSON/user19/user19.json,idx_64
pinch,trainingSamples,raw_data/EMG-EPN612/testingJSON/user19/user19.json,idx_65
pinch,trainingSamples,raw_data/EMG-EPN612/testingJSON/user19/user19.json,idx_66
pinch,trainingSamples,raw_data/EMG-EPN612/testingJSON/user19/user19.json,idx_67
pinch,trainingSamples,raw_data/EMG-EPN612/testingJSON/user19/user19.json,idx_68
pinch,trainingSamples,raw_data/EMG-EPN612/testingJSON/user19/user19.json,idx_69
pinch,trainingSamples,raw_data/EMG-EPN612/testingJSON/user19/user19.json,idx_70
pinch,trainingSamples,raw_data/EMG-EPN612/testingJSON/user19/user19.json,idx_71
pinch,trainingSamples,raw_data/EMG-EPN612/testingJSON/user19/user19.json,idx_72
pinch,trainingSamples,raw_data/EMG-EPN612/testingJSON/user19/user19.json,idx_73
pinch,trainingSamples,raw_data/EMG-EPN612/testingJSON/user19/user19.json,idx_74
pinch,trainingSamples,raw_data/EMG-EPN612/testingJSON/user19/user19.json,idx_75
fist,trainingSamples,raw_data/EMG-EPN612/testingJSON/user19/user19.json,idx_76
fist,trainingSamples,raw_data/EMG-EPN612/testingJSON/user19/user19.json,idx_77
fist,trainingSamples,raw_data/EMG-EPN612/testingJSON/user19/user19.json,idx_78
fist,trainingSamples,raw_data/EMG-EPN612/testingJSON/user19/user19.json,idx_79
fist,trainingSamples,raw_data/EMG-EPN612/testingJSON/user19/user19.json,idx_80
fist,trainingSamples,raw_data/EMG-EPN612/testingJSON/user19/user19.json,idx_81
fist,trainingSamples,raw_data/EMG-EPN612/testingJSON/user19/user19.json,idx_82
fist,trainingSamples,raw_data/EMG-EPN612/testingJSON/user19/user19.json,idx_83
fist,trainingSamples,raw_data/EMG-EPN612/testingJSON/user19/user19.json,idx_84
fist,trainingSamples,raw_data/EMG-EPN612/testingJSON/user19/user19.json,idx_85
fist,trainingSamples,raw_data/EMG-EPN612/testingJSON/user19/user19.json,idx_86
fist,trainingSamples,raw_data/EMG-EPN612/testingJSON/user19/user19.json,idx_87
fist,trainingSamples,raw_data/EMG-EPN612/testingJSON/user19/user19.json,idx_88
fist,trainingSamples,raw_data/EMG-EPN612/testingJSON/user19/user19.json,idx_89
fist,trainingSamples,raw_data/EMG-EPN612/testingJSON/user19/user19.json,idx_90
fist,trainingSamples,raw_data/EMG-EPN612/testingJSON/user19/user19.json,idx_91
fist,trainingSamples,raw_data/EMG-EPN612/testingJSON/user19/user19.json,idx_92
fist,trainingSamples,raw_data/EMG-EPN612/testingJSON/user19/user19.json,idx_93
fist,trainingSamples,raw_data/EMG-EPN612/testingJSON/user19/user19.json,idx_94
fist,trainingSamples,raw_data/EMG-EPN612/testingJSON/user19/user19.json,idx_95
fist,trainingSamples,raw_data/EMG-EPN612/testingJSON/user19/user19.json,idx_96
fist,trainingSamples,raw_data/EMG-EPN612/testingJSON/user19/user19.json,idx_97
fist,trainingSamples,raw_data/EMG-EPN612/testingJSON/user19/user19.json,idx_98
fist,trainingSamples,raw_data/EMG-EPN612/testingJSON/user19/user19.json,idx_99
fist,trainingSamples,raw_data/EMG-EPN612/testingJSON/user19/user19.json,idx_100
waveIn,trainingSamples,raw_data/EMG-EPN612/testingJSON/user19/user19.json,idx_101
waveIn,trainingSamples,raw_data/EMG-EPN612/testingJSON/user19/user19.json,idx_102
waveIn,trainingSamples,raw_data/EMG-EPN612/testingJSON/user19/user19.json,idx_103
waveIn,trainingSamples,raw_data/EMG-EPN612/testingJSON/user19/user19.json,idx_104
waveIn,trainingSamples,raw_data/EMG-EPN612/testingJSON/user19/user19.json,idx_105
waveIn,trainingSamples,raw_data/EMG-EPN612/testingJSON/user19/user19.json,idx_106
waveIn,trainingSamples,raw_data/EMG-EPN612/testingJSON/user19/user19.json,idx_107
waveIn,trainingSamples,raw_data/EMG-EPN612/testingJSON/user19/user19.json,idx_108
waveIn,trainingSamples,raw_data/EMG-EPN612/testingJSON/user19/user19.json,idx_109
waveIn,trainingSamples,raw_data/EMG-EPN612/testingJSON/user19/user19.json,idx_110
waveIn,trainingSamples,raw_data/EMG-EPN612/testingJSON/user19/user19.json,idx_111
waveIn,trainingSamples,raw_data/EMG-EPN612/testingJSON/user19/user19.json,idx_112
waveIn,trainingSamples,raw_data/EMG-EPN612/testingJSON/user19/user19.json,idx_113
waveIn,trainingSamples,raw_data/EMG-EPN612/testingJSON/user19/user19.json,idx_114
waveIn,trainingSamples,raw_data/EMG-EPN612/testingJSON/user19/user19.json,idx_115
waveIn,trainingSamples,raw_data/EMG-EPN612/testingJSON/user19/user19.json,idx_116
waveIn,trainingSamples,raw_data/EMG-EPN612/testingJSON/user19/user19.json,idx_117
waveIn,trainingSamples,raw_data/EMG-EPN612/testingJSON/user19/user19.json,idx_118
waveIn,trainingSamples,raw_data/EMG-EPN612/testingJSON/user19/user19.json,idx_119
waveIn,trainingSamples,raw_data/EMG-EPN612/testingJSON/user19/user19.json,idx_120
waveIn,trainingSamples,raw_data/EMG-EPN612/testingJSON/user19/user19.json,idx_121
waveIn,trainingSamples,raw_data/EMG-EPN612/testingJSON/user19/user19.json,idx_122
waveIn,trainingSamples,raw_data/EMG-EPN612/testingJSON/user19/user19.json,idx_123
waveIn,trainingSamples,raw_data/EMG-EPN612/testingJSON/user19/user19.json,idx_124
waveIn,trainingSamples,raw_data/EMG-EPN612/testingJSON/user19/user19.json,idx_125
open,trainingSamples,raw_data/EMG-EPN612/testingJSON/user19/user19.json,idx_126
open,trainingSamples,raw_data/EMG-EPN612/testingJSON/user19/user19.json,idx_127
open,trainingSamples,raw_data/EMG-EPN612/testingJSON/user19/user19.json,idx_128
open,trainingSamples,raw_data/EMG-EPN612/testingJSON/user19/user19.json,idx_129
open,trainingSamples,raw_data/EMG-EPN612/testingJSON/user19/user19.json,idx_130
open,trainingSamples,raw_data/EMG-EPN612/testingJSON/user19/user19.json,idx_131
open,trainingSamples,raw_data/EMG-EPN612/testingJSON/user19/user19.json,idx_132
open,trainingSamples,raw_data/EMG-EPN612/testingJSON/user19/user19.json,idx_133
open,trainingSamples,raw_data/EMG-EPN612/testingJSON/user19/user19.json,idx_134
open,trainingSamples,raw_data/EMG-EPN612/testingJSON/user19/user19.json,idx_135
open,trainingSamples,raw_data/EMG-EPN612/testingJSON/user19/user19.json,idx_136
open,trainingSamples,raw_data/EMG-EPN612/testingJSON/user19/user19.json,idx_137
open,trainingSamples,raw_data/EMG-EPN612/testingJSON/user19/user19.json,idx_138
open,trainingSamples,raw_data/EMG-EPN612/testingJSON/user19/user19.json,idx_139
open,trainingSamples,raw_data/EMG-EPN612/testingJSON/user19/user19.json,idx_140
open,trainingSamples,raw_data/EMG-EPN612/testingJSON/user19/user19.json,idx_141
open,trainingSamples,raw_data/EMG-EPN612/testingJSON/user19/user19.json,idx_142
open,trainingSamples,raw_data/EMG-EPN612/testingJSON/user19/user19.json,idx_143
open,trainingSamples,raw_data/EMG-EPN612/testingJSON/user19/user19.json,idx_144
open,trainingSamples,raw_data/EMG-EPN612/testingJSON/user19/user19.json,idx_145
open,trainingSamples,raw_data/EMG-EPN612/testingJSON/user19/user19.json,idx_146
open,trainingSamples,raw_data/EMG-EPN612/testingJSON/user19/user19.json,idx_147
open,trainingSamples,raw_data/EMG-EPN612/testingJSON/user19/user19.json,idx_148
open,trainingSamples,raw_data/EMG-EPN612/testingJSON/user19/user19.json,idx_149
open,trainingSamples,raw_data/EMG-EPN612/testingJSON/user19/user19.json,idx_150
noGesture,trainingSamples,raw_data/EMG-EPN612/testingJSON/user190/user190.json,idx_1
noGesture,trainingSamples,raw_data/EMG-EPN612/testingJSON/user190/user190.json,idx_2
noGesture,trainingSamples,raw_data/EMG-EPN612/testingJSON/user190/user190.json,idx_3
noGesture,trainingSamples,raw_data/EMG-EPN612/testingJSON/user190/user190.json,idx_4
noGesture,trainingSamples,raw_data/EMG-EPN612/testingJSON/user190/user190.json,idx_5
noGesture,trainingSamples,raw_data/EMG-EPN612/testingJSON/user190/user190.json,idx_6
noGesture,trainingSamples,raw_data/EMG-EPN612/testingJSON/user190/user190.json,idx_7
noGesture,trainingSamples,raw_data/EMG-EPN612/testingJSON/user190/user190.json,idx_8
noGesture,trainingSamples,raw_data/EMG-EPN612/testingJSON/user190/user190.json,idx_9
noGesture,trainingSamples,raw_data/EMG-EPN612/testingJSON/user190/user190.json,idx_10
noGesture,trainingSamples,raw_data/EMG-EPN612/testingJSON/user190/user190.json,idx_11
noGesture,trainingSamples,raw_data/EMG-EPN612/testingJSON/user190/user190.json,idx_12
noGesture,trainingSamples,raw_data/EMG-EPN612/testingJSON/user190/user190.json,idx_13
noGesture,trainingSamples,raw_data/EMG-EPN612/testingJSON/user190/user190.json,idx_14
noGesture,trainingSamples,raw_data/EMG-EPN612/testingJSON/user190/user190.json,idx_15
noGesture,trainingSamples,raw_data/EMG-EPN612/testingJSON/user190/user190.json,idx_16
noGesture,trainingSamples,raw_data/EMG-EPN612/testingJSON/user190/user190.json,idx_17
noGesture,trainingSamples,raw_data/EMG-EPN612/testingJSON/user190/user190.json,idx_18
noGesture,trainingSamples,raw_data/EMG-EPN612/testingJSON/user190/user190.json,idx_19
noGesture,trainingSamples,raw_data/EMG-EPN612/testingJSON/user190/user190.json,idx_20
noGesture,trainingSamples,raw_data/EMG-EPN612/testingJSON/user190/user190.json,idx_21
noGesture,trainingSamples,raw_data/EMG-EPN612/testingJSON/user190/user190.json,idx_22
noGesture,trainingSamples,raw_data/EMG-EPN612/testingJSON/user190/user190.json,idx_23
noGesture,trainingSamples,raw_data/EMG-EPN612/testingJSON/user190/user190.json,idx_24
noGesture,trainingSamples,raw_data/EMG-EPN612/testingJSON/user190/user190.json,idx_25
waveOut,trainingSamples,raw_data/EMG-EPN612/testingJSON/user190/user190.json,idx_26
waveOut,trainingSamples,raw_data/EMG-EPN612/testingJSON/user190/user190.json,idx_27
waveOut,trainingSamples,raw_data/EMG-EPN612/testingJSON/user190/user190.json,idx_28
waveOut,trainingSamples,raw_data/EMG-EPN612/testingJSON/user190/user190.json,idx_29
waveOut,trainingSamples,raw_data/EMG-EPN612/testingJSON/user190/user190.json,idx_30
waveOut,trainingSamples,raw_data/EMG-EPN612/testingJSON/user190/user190.json,idx_31
waveOut,trainingSamples,raw_data/EMG-EPN612/testingJSON/user190/user190.json,idx_32
waveOut,trainingSamples,raw_data/EMG-EPN612/testingJSON/user190/user190.json,idx_33
waveOut,trainingSamples,raw_data/EMG-EPN612/testingJSON/user190/user190.json,idx_34
waveOut,trainingSamples,raw_data/EMG-EPN612/testingJSON/user190/user190.json,idx_35
waveOut,trainingSamples,raw_data/EMG-EPN612/testingJSON/user190/user190.json,idx_36
waveOut,trainingSamples,raw_data/EMG-EPN612/testingJSON/user190/user190.json,idx_37
waveOut,trainingSamples,raw_data/EMG-EPN612/testingJSON/user190/user190.json,idx_38
waveOut,trainingSamples,raw_data/EMG-EPN612/testingJSON/user190/user190.json,idx_39
waveOut,trainingSamples,raw_data/EMG-EPN612/testingJSON/user190/user190.json,idx_40
waveOut,trainingSamples,raw_data/EMG-EPN612/testingJSON/user190/user190.json,idx_41
waveOut,trainingSamples,raw_data/EMG-EPN612/testingJSON/user190/user190.json,idx_42
waveOut,trainingSamples,raw_data/EMG-EPN612/testingJSON/user190/user190.json,idx_43
waveOut,trainingSamples,raw_data/EMG-EPN612/testingJSON/user190/user190.json,idx_44
waveOut,trainingSamples,raw_data/EMG-EPN612/testingJSON/user190/user190.json,idx_45
waveOut,trainingSamples,raw_data/EMG-EPN612/testingJSON/user190/user190.json,idx_46
waveOut,trainingSamples,raw_data/EMG-EPN612/testingJSON/user190/user190.json,idx_47
waveOut,trainingSamples,raw_data/EMG-EPN612/testingJSON/user190/user190.json,idx_48
waveOut,trainingSamples,raw_data/EMG-EPN612/testingJSON/user190/user190.json,idx_49
waveOut,trainingSamples,raw_data/EMG-EPN612/testingJSON/user190/user190.json,idx_50
pinch,trainingSamples,raw_data/EMG-EPN612/testingJSON/user190/user190.json,idx_51
pinch,trainingSamples,raw_data/EMG-EPN612/testingJSON/user190/user190.json,idx_52
pinch,trainingSamples,raw_data/EMG-EPN612/testingJSON/user190/user190.json,idx_53
pinch,trainingSamples,raw_data/EMG-EPN612/testingJSON/user190/user190.json,idx_54
pinch,trainingSamples,raw_data/EMG-EPN612/testingJSON/user190/user190.json,idx_55
pinch,trainingSamples,raw_data/EMG-EPN612/testingJSON/user190/user190.json,idx_56
pinch,trainingSamples,raw_data/EMG-EPN612/testingJSON/user190/user190.json,idx_57
pinch,trainingSamples,raw_data/EMG-EPN612/testingJSON/user190/user190.json,idx_58
pinch,trainingSamples,raw_data/EMG-EPN612/testingJSON/user190/user190.json,idx_59
pinch,trainingSamples,raw_data/EMG-EPN612/testingJSON/user190/user190.json,idx_60
pinch,trainingSamples,raw_data/EMG-EPN612/testingJSON/user190/user190.json,idx_61
pinch,trainingSamples,raw_data/EMG-EPN612/testingJSON/user190/user190.json,idx_62
pinch,trainingSamples,raw_data/EMG-EPN612/testingJSON/user190/user190.json,idx_63
pinch,trainingSamples,raw_data/EMG-EPN612/testingJSON/user190/user190.json,idx_64
pinch,trainingSamples,raw_data/EMG-EPN612/testingJSON/user190/user190.json,idx_65
pinch,trainingSamples,raw_data/EMG-EPN612/testingJSON/user190/user190.json,idx_66
pinch,trainingSamples,raw_data/EMG-EPN612/testingJSON/user190/user190.json,idx_67
pinch,trainingSamples,raw_data/EMG-EPN612/testingJSON/user190/user190.json,idx_68
pinch,trainingSamples,raw_data/EMG-EPN612/testingJSON/user190/user190.json,idx_69
pinch,trainingSamples,raw_data/EMG-EPN612/testingJSON/user190/user190.json,idx_70
pinch,trainingSamples,raw_data/EMG-EPN612/testingJSON/user190/user190.json,idx_71
pinch,trainingSamples,raw_data/EMG-EPN612/testingJSON/user190/user190.json,idx_72
pinch,trainingSamples,raw_data/EMG-EPN612/testingJSON/user190/user190.json,idx_73
pinch,trainingSamples,raw_data/EMG-EPN612/testingJSON/user190/user190.json,idx_74
pinch,trainingSamples,raw_data/EMG-EPN612/testingJSON/user190/user190.json,idx_75
fist,trainingSamples,raw_data/EMG-EPN612/testingJSON/user190/user190.json,idx_76
fist,trainingSamples,raw_data/EMG-EPN612/testingJSON/user190/user190.json,idx_77
fist,trainingSamples,raw_data/EMG-EPN612/testingJSON/user190/user190.json,idx_78
fist,trainingSamples,raw_data/EMG-EPN612/testingJSON/user190/user190.json,idx_79
fist,trainingSamples,raw_data/EMG-EPN612/testingJSON/user190/user190.json,idx_80
fist,trainingSamples,raw_data/EMG-EPN612/testingJSON/user190/user190.json,idx_81
fist,trainingSamples,raw_data/EMG-EPN612/testingJSON/user190/user190.json,idx_82
fist,trainingSamples,raw_data/EMG-EPN612/testingJSON/user190/user190.json,idx_83
fist,trainingSamples,raw_data/EMG-EPN612/testingJSON/user190/user190.json,idx_84
fist,trainingSamples,raw_data/EMG-EPN612/testingJSON/user190/user190.json,idx_85
fist,trainingSamples,raw_data/EMG-EPN612/testingJSON/user190/user190.json,idx_86
fist,trainingSamples,raw_data/EMG-EPN612/testingJSON/user190/user190.json,idx_87
fist,trainingSamples,raw_data/EMG-EPN612/testingJSON/user190/user190.json,idx_88
fist,trainingSamples,raw_data/EMG-EPN612/testingJSON/user190/user190.json,idx_89
fist,trainingSamples,raw_data/EMG-EPN612/testingJSON/user190/user190.json,idx_90
fist,trainingSamples,raw_data/EMG-EPN612/testingJSON/user190/user190.json,idx_91
fist,trainingSamples,raw_data/EMG-EPN612/testingJSON/user190/user190.json,idx_92
fist,trainingSamples,raw_data/EMG-EPN612/testingJSON/user190/user190.json,idx_93
fist,trainingSamples,raw_data/EMG-EPN612/testingJSON/user190/user190.json,idx_94
fist,trainingSamples,raw_data/EMG-EPN612/testingJSON/user190/user190.json,idx_95
fist,trainingSamples,raw_data/EMG-EPN612/testingJSON/user190/user190.json,idx_96
fist,trainingSamples,raw_data/EMG-EPN612/testingJSON/user190/user190.json,idx_97
fist,trainingSamples,raw_data/EMG-EPN612/testingJSON/user190/user190.json,idx_98
fist,trainingSamples,raw_data/EMG-EPN612/testingJSON/user190/user190.json,idx_99
fist,trainingSamples,raw_data/EMG-EPN612/testingJSON/user190/user190.json,idx_100
waveIn,trainingSamples,raw_data/EMG-EPN612/testingJSON/user190/user190.json,idx_101
waveIn,trainingSamples,raw_data/EMG-EPN612/testingJSON/user190/user190.json,idx_102
waveIn,trainingSamples,raw_data/EMG-EPN612/testingJSON/user190/user190.json,idx_103
waveIn,trainingSamples,raw_data/EMG-EPN612/testingJSON/user190/user190.json,idx_104
waveIn,trainingSamples,raw_data/EMG-EPN612/testingJSON/user190/user190.json,idx_105
waveIn,trainingSamples,raw_data/EMG-EPN612/testingJSON/user190/user190.json,idx_106
waveIn,trainingSamples,raw_data/EMG-EPN612/testingJSON/user190/user190.json,idx_107
waveIn,trainingSamples,raw_data/EMG-EPN612/testingJSON/user190/user190.json,idx_108
waveIn,trainingSamples,raw_data/EMG-EPN612/testingJSON/user190/user190.json,idx_109
waveIn,trainingSamples,raw_data/EMG-EPN612/testingJSON/user190/user190.json,idx_110
waveIn,trainingSamples,raw_data/EMG-EPN612/testingJSON/user190/user190.json,idx_111
waveIn,trainingSamples,raw_data/EMG-EPN612/testingJSON/user190/user190.json,idx_112
waveIn,trainingSamples,raw_data/EMG-EPN612/testingJSON/user190/user190.json,idx_113
waveIn,trainingSamples,raw_data/EMG-EPN612/testingJSON/user190/user190.json,idx_114
waveIn,trainingSamples,raw_data/EMG-EPN612/testingJSON/user190/user190.json,idx_115
waveIn,trainingSamples,raw_data/EMG-EPN612/testingJSON/user190/user190.json,idx_116
waveIn,trainingSamples,raw_data/EMG-EPN612/testingJSON/user190/user190.json,idx_117
waveIn,trainingSamples,raw_data/EMG-EPN612/testingJSON/user190/user190.json,idx_118
waveIn,trainingSamples,raw_data/EMG-EPN612/testingJSON/user190/user190.json,idx_119
waveIn,trainingSamples,raw_data/EMG-EPN612/testingJSON/user190/user190.json,idx_120
waveIn,trainingSamples,raw_data/EMG-EPN612/testingJSON/user190/user190.json,idx_121
waveIn,trainingSamples,raw_data/EMG-EPN612/testingJSON/user190/user190.json,idx_122
waveIn,trainingSamples,raw_data/EMG-EPN612/testingJSON/user190/user190.json,idx_123
waveIn,trainingSamples,raw_data/EMG-EPN612/testingJSON/user190/user190.json,idx_124
waveIn,trainingSamples,raw_data/EMG-EPN612/testingJSON/user190/user190.json,idx_125
open,trainingSamples,raw_data/EMG-EPN612/testingJSON/user190/user190.json,idx_126
open,trainingSamples,raw_data/EMG-EPN612/testingJSON/user190/user190.json,idx_127
open,trainingSamples,raw_data/EMG-EPN612/testingJSON/user190/user190.json,idx_128
open,trainingSamples,raw_data/EMG-EPN612/testingJSON/user190/user190.json,idx_129
open,trainingSamples,raw_data/EMG-EPN612/testingJSON/user190/user190.json,idx_130
open,trainingSamples,raw_data/EMG-EPN612/testingJSON/user190/user190.json,idx_131
open,trainingSamples,raw_data/EMG-EPN612/testingJSON/user190/user190.json,idx_132
open,trainingSamples,raw_data/EMG-EPN612/testingJSON/user190/user190.json,idx_133
open,trainingSamples,raw_data/EMG-EPN612/testingJSON/user190/user190.json,idx_134
open,trainingSamples,raw_data/EMG-EPN612/testingJSON/user190/user190.json,idx_135
open,trainingSamples,raw_data/EMG-EPN612/testingJSON/user190/user190.json,idx_136
open,trainingSamples,raw_data/EMG-EPN612/testingJSON/user190/user190.json,idx_137
open,trainingSamples,raw_data/EMG-EPN612/testingJSON/user190/user190.json,idx_138
open,trainingSamples,raw_data/EMG-EPN612/testingJSON/user190/user190.json,idx_139
open,trainingSamples,raw_data/EMG-EPN612/testingJSON/user190/user190.json,idx_140
open,trainingSamples,raw_data/EMG-EPN612/testingJSON/user190/user190.json,idx_141
open,trainingSamples,raw_data/EMG-EPN612/testingJSON/user190/user190.json,idx_142
open,trainingSamples,raw_data/EMG-EPN612/testingJSON/user190/user190.json,idx_143
open,trainingSamples,raw_data/EMG-EPN612/testingJSON/user190/user190.json,idx_144
open,trainingSamples,raw_data/EMG-EPN612/testingJSON/user190/user190.json,idx_145
open,trainingSamples,raw_data/EMG-EPN612/testingJSON/user190/user190.json,idx_146
open,trainingSamples,raw_data/EMG-EPN612/testingJSON/user190/user190.json,idx_147
open,trainingSamples,raw_data/EMG-EPN612/testingJSON/user190/user190.json,idx_148
open,trainingSamples,raw_data/EMG-EPN612/testingJSON/user190/user190.json,idx_149
open,trainingSamples,raw_data/EMG-EPN612/testingJSON/user190/user190.json,idx_150
noGesture,trainingSamples,raw_data/EMG-EPN612/testingJSON/user191/user191.json,idx_1
noGesture,trainingSamples,raw_data/EMG-EPN612/testingJSON/user191/user191.json,idx_2
noGesture,trainingSamples,raw_data/EMG-EPN612/testingJSON/user191/user191.json,idx_3
noGesture,trainingSamples,raw_data/EMG-EPN612/testingJSON/user191/user191.json,idx_4
noGesture,trainingSamples,raw_data/EMG-EPN612/testingJSON/user191/user191.json,idx_5
noGesture,trainingSamples,raw_data/EMG-EPN612/testingJSON/user191/user191.json,idx_6
noGesture,trainingSamples,raw_data/EMG-EPN612/testingJSON/user191/user191.json,idx_7
noGesture,trainingSamples,raw_data/EMG-EPN612/testingJSON/user191/user191.json,idx_8
noGesture,trainingSamples,raw_data/EMG-EPN612/testingJSON/user191/user191.json,idx_9
noGesture,trainingSamples,raw_data/EMG-EPN612/testingJSON/user191/user191.json,idx_10
noGesture,trainingSamples,raw_data/EMG-EPN612/testingJSON/user191/user191.json,idx_11
noGesture,trainingSamples,raw_data/EMG-EPN612/testingJSON/user191/user191.json,idx_12
noGesture,trainingSamples,raw_data/EMG-EPN612/testingJSON/user191/user191.json,idx_13
noGesture,trainingSamples,raw_data/EMG-EPN612/testingJSON/user191/user191.json,idx_14
noGesture,trainingSamples,raw_data/EMG-EPN612/testingJSON/user191/user191.json,idx_15
noGesture,trainingSamples,raw_data/EMG-EPN612/testingJSON/user191/user191.json,idx_16
noGesture,trainingSamples,raw_data/EMG-EPN612/testingJSON/user191/user191.json,idx_17
noGesture,trainingSamples,raw_data/EMG-EPN612/testingJSON/user191/user191.json,idx_18
noGesture,trainingSamples,raw_data/EMG-EPN612/testingJSON/user191/user191.json,idx_19
noGesture,trainingSamples,raw_data/EMG-EPN612/testingJSON/user191/user191.json,idx_20
noGesture,trainingSamples,raw_data/EMG-EPN612/testingJSON/user191/user191.json,idx_21
noGesture,trainingSamples,raw_data/EMG-EPN612/testingJSON/user191/user191.json,idx_22
noGesture,trainingSamples,raw_data/EMG-EPN612/testingJSON/user191/user191.json,idx_23
noGesture,trainingSamples,raw_data/EMG-EPN612/testingJSON/user191/user191.json,idx_24
noGesture,trainingSamples,raw_data/EMG-EPN612/testingJSON/user191/user191.json,idx_25
waveOut,trainingSamples,raw_data/EMG-EPN612/testingJSON/user191/user191.json,idx_26
waveOut,trainingSamples,raw_data/EMG-EPN612/testingJSON/user191/user191.json,idx_27
waveOut,trainingSamples,raw_data/EMG-EPN612/testingJSON/user191/user191.json,idx_28
waveOut,trainingSamples,raw_data/EMG-EPN612/testingJSON/user191/user191.json,idx_29
waveOut,trainingSamples,raw_data/EMG-EPN612/testingJSON/user191/user191.json,idx_30
waveOut,trainingSamples,raw_data/EMG-EPN612/testingJSON/user191/user191.json,idx_31
waveOut,trainingSamples,raw_data/EMG-EPN612/testingJSON/user191/user191.json,idx_32
waveOut,trainingSamples,raw_data/EMG-EPN612/testingJSON/user191/user191.json,idx_33
waveOut,trainingSamples,raw_data/EMG-EPN612/testingJSON/user191/user191.json,idx_34
waveOut,trainingSamples,raw_data/EMG-EPN612/testingJSON/user191/user191.json,idx_35
waveOut,trainingSamples,raw_data/EMG-EPN612/testingJSON/user191/user191.json,idx_36
waveOut,trainingSamples,raw_data/EMG-EPN612/testingJSON/user191/user191.json,idx_37
waveOut,trainingSamples,raw_data/EMG-EPN612/testingJSON/user191/user191.json,idx_38
waveOut,trainingSamples,raw_data/EMG-EPN612/testingJSON/user191/user191.json,idx_39
waveOut,trainingSamples,raw_data/EMG-EPN612/testingJSON/user191/user191.json,idx_40
waveOut,trainingSamples,raw_data/EMG-EPN612/testingJSON/user191/user191.json,idx_41
waveOut,trainingSamples,raw_data/EMG-EPN612/testingJSON/user191/user191.json,idx_42
waveOut,trainingSamples,raw_data/EMG-EPN612/testingJSON/user191/user191.json,idx_43
waveOut,trainingSamples,raw_data/EMG-EPN612/testingJSON/user191/user191.json,idx_44
waveOut,trainingSamples,raw_data/EMG-EPN612/testingJSON/user191/user191.json,idx_45
waveOut,trainingSamples,raw_data/EMG-EPN612/testingJSON/user191/user191.json,idx_46
waveOut,trainingSamples,raw_data/EMG-EPN612/testingJSON/user191/user191.json,idx_47
waveOut,trainingSamples,raw_data/EMG-EPN612/testingJSON/user191/user191.json,idx_48
waveOut,trainingSamples,raw_data/EMG-EPN612/testingJSON/user191/user191.json,idx_49
waveOut,trainingSamples,raw_data/EMG-EPN612/testingJSON/user191/user191.json,idx_50
pinch,trainingSamples,raw_data/EMG-EPN612/testingJSON/user191/user191.json,idx_51
pinch,trainingSamples,raw_data/EMG-EPN612/testingJSON/user191/user191.json,idx_52
pinch,trainingSamples,raw_data/EMG-EPN612/testingJSON/user191/user191.json,idx_53
pinch,trainingSamples,raw_data/EMG-EPN612/testingJSON/user191/user191.json,idx_54
pinch,trainingSamples,raw_data/EMG-EPN612/testingJSON/user191/user191.json,idx_55
pinch,trainingSamples,raw_data/EMG-EPN612/testingJSON/user191/user191.json,idx_56
pinch,trainingSamples,raw_data/EMG-EPN612/testingJSON/user191/user191.json,idx_57
pinch,trainingSamples,raw_data/EMG-EPN612/testingJSON/user191/user191.json,idx_58
pinch,trainingSamples,raw_data/EMG-EPN612/testingJSON/user191/user191.json,idx_59
pinch,trainingSamples,raw_data/EMG-EPN612/testingJSON/user191/user191.json,idx_60
pinch,trainingSamples,raw_data/EMG-EPN612/testingJSON/user191/user191.json,idx_61
pinch,trainingSamples,raw_data/EMG-EPN612/testingJSON/user191/user191.json,idx_62
pinch,trainingSamples,raw_data/EMG-EPN612/testingJSON/user191/user191.json,idx_63
pinch,trainingSamples,raw_data/EMG-EPN612/testingJSON/user191/user191.json,idx_64
pinch,trainingSamples,raw_data/EMG-EPN612/testingJSON/user191/user191.json,idx_65
pinch,trainingSamples,raw_data/EMG-EPN612/testingJSON/user191/user191.json,idx_66
pinch,trainingSamples,raw_data/EMG-EPN612/testingJSON/user191/user191.json,idx_67
pinch,trainingSamples,raw_data/EMG-EPN612/testingJSON/user191/user191.json,idx_68
pinch,trainingSamples,raw_data/EMG-EPN612/testingJSON/user191/user191.json,idx_69
pinch,trainingSamples,raw_data/EMG-EPN612/testingJSON/user191/user191.json,idx_70
pinch,trainingSamples,raw_data/EMG-EPN612/testingJSON/user191/user191.json,idx_71
pinch,trainingSamples,raw_data/EMG-EPN612/testingJSON/user191/user191.json,idx_72
pinch,trainingSamples,raw_data/EMG-EPN612/testingJSON/user191/user191.json,idx_73
pinch,trainingSamples,raw_data/EMG-EPN612/testingJSON/user191/user191.json,idx_74
pinch,trainingSamples,raw_data/EMG-EPN612/testingJSON/user191/user191.json,idx_75
fist,trainingSamples,raw_data/EMG-EPN612/testingJSON/user191/user191.json,idx_76
fist,trainingSamples,raw_data/EMG-EPN612/testingJSON/user191/user191.json,idx_77
fist,trainingSamples,raw_data/EMG-EPN612/testingJSON/user191/user191.json,idx_78
fist,trainingSamples,raw_data/EMG-EPN612/testingJSON/user191/user191.json,idx_79
fist,trainingSamples,raw_data/EMG-EPN612/testingJSON/user191/user191.json,idx_80
fist,trainingSamples,raw_data/EMG-EPN612/testingJSON/user191/user191.json,idx_81
fist,trainingSamples,raw_data/EMG-EPN612/testingJSON/user191/user191.json,idx_82
fist,trainingSamples,raw_data/EMG-EPN612/testingJSON/user191/user191.json,idx_83
fist,trainingSamples,raw_data/EMG-EPN612/testingJSON/user191/user191.json,idx_84
fist,trainingSamples,raw_data/EMG-EPN612/testingJSON/user191/user191.json,idx_85
fist,trainingSamples,raw_data/EMG-EPN612/testingJSON/user191/user191.json,idx_86
fist,trainingSamples,raw_data/EMG-EPN612/testingJSON/user191/user191.json,idx_87
fist,trainingSamples,raw_data/EMG-EPN612/testingJSON/user191/user191.json,idx_88
fist,trainingSamples,raw_data/EMG-EPN612/testingJSON/user191/user191.json,idx_89
fist,trainingSamples,raw_data/EMG-EPN612/testingJSON/user191/user191.json,idx_90
fist,trainingSamples,raw_data/EMG-EPN612/testingJSON/user191/user191.json,idx_91
fist,trainingSamples,raw_data/EMG-EPN612/testingJSON/user191/user191.json,idx_92
fist,trainingSamples,raw_data/EMG-EPN612/testingJSON/user191/user191.json,idx_93
fist,trainingSamples,raw_data/EMG-EPN612/testingJSON/user191/user191.json,idx_94
fist,trainingSamples,raw_data/EMG-EPN612/testingJSON/user191/user191.json,idx_95
fist,trainingSamples,raw_data/EMG-EPN612/testingJSON/user191/user191.json,idx_96
fist,trainingSamples,raw_data/EMG-EPN612/testingJSON/user191/user191.json,idx_97
fist,trainingSamples,raw_data/EMG-EPN612/testingJSON/user191/user191.json,idx_98
fist,trainingSamples,raw_data/EMG-EPN612/testingJSON/user191/user191.json,idx_99
fist,trainingSamples,raw_data/EMG-EPN612/testingJSON/user191/user191.json,idx_100
waveIn,trainingSamples,raw_data/EMG-EPN612/testingJSON/user191/user191.json,idx_101
waveIn,trainingSamples,raw_data/EMG-EPN612/testingJSON/user191/user191.json,idx_102
waveIn,trainingSamples,raw_data/EMG-EPN612/testingJSON/user191/user191.json,idx_103
waveIn,trainingSamples,raw_data/EMG-EPN612/testingJSON/user191/user191.json,idx_104
waveIn,trainingSamples,raw_data/EMG-EPN612/testingJSON/user191/user191.json,idx_105
waveIn,trainingSamples,raw_data/EMG-EPN612/testingJSON/user191/user191.json,idx_106
waveIn,trainingSamples,raw_data/EMG-EPN612/testingJSON/user191/user191.json,idx_107
waveIn,trainingSamples,raw_data/EMG-EPN612/testingJSON/user191/user191.json,idx_108
waveIn,trainingSamples,raw_data/EMG-EPN612/testingJSON/user191/user191.json,idx_109
waveIn,trainingSamples,raw_data/EMG-EPN612/testingJSON/user191/user191.json,idx_110
waveIn,trainingSamples,raw_data/EMG-EPN612/testingJSON/user191/user191.json,idx_111
waveIn,trainingSamples,raw_data/EMG-EPN612/testingJSON/user191/user191.json,idx_112
waveIn,trainingSamples,raw_data/EMG-EPN612/testingJSON/user191/user191.json,idx_113
waveIn,trainingSamples,raw_data/EMG-EPN612/testingJSON/user191/user191.json,idx_114
waveIn,trainingSamples,raw_data/EMG-EPN612/testingJSON/user191/user191.json,idx_115
waveIn,trainingSamples,raw_data/EMG-EPN612/testingJSON/user191/user191.json,idx_116
waveIn,trainingSamples,raw_data/EMG-EPN612/testingJSON/user191/user191.json,idx_117
waveIn,trainingSamples,raw_data/EMG-EPN612/testingJSON/user191/user191.json,idx_118
waveIn,trainingSamples,raw_data/EMG-EPN612/testingJSON/user191/user191.json,idx_119
waveIn,trainingSamples,raw_data/EMG-EPN612/testingJSON/user191/user191.json,idx_120
waveIn,trainingSamples,raw_data/EMG-EPN612/testingJSON/user191/user191.json,idx_121
waveIn,trainingSamples,raw_data/EMG-EPN612/testingJSON/user191/user191.json,idx_122
waveIn,trainingSamples,raw_data/EMG-EPN612/testingJSON/user191/user191.json,idx_123
waveIn,trainingSamples,raw_data/EMG-EPN612/testingJSON/user191/user191.json,idx_124
waveIn,trainingSamples,raw_data/EMG-EPN612/testingJSON/user191/user191.json,idx_125
open,trainingSamples,raw_data/EMG-EPN612/testingJSON/user191/user191.json,idx_126
open,trainingSamples,raw_data/EMG-EPN612/testingJSON/user191/user191.json,idx_127
open,trainingSamples,raw_data/EMG-EPN612/testingJSON/user191/user191.json,idx_128
open,trainingSamples,raw_data/EMG-EPN612/testingJSON/user191/user191.json,idx_129
open,trainingSamples,raw_data/EMG-EPN612/testingJSON/user191/user191.json,idx_130
open,trainingSamples,raw_data/EMG-EPN612/testingJSON/user191/user191.json,idx_131
open,trainingSamples,raw_data/EMG-EPN612/testingJSON/user191/user191.json,idx_132
open,trainingSamples,raw_data/EMG-EPN612/testingJSON/user191/user191.json,idx_133
open,trainingSamples,raw_data/EMG-EPN612/testingJSON/user191/user191.json,idx_134
open,trainingSamples,raw_data/EMG-EPN612/testingJSON/user191/user191.json,idx_135
open,trainingSamples,raw_data/EMG-EPN612/testingJSON/user191/user191.json,idx_136
open,trainingSamples,raw_data/EMG-EPN612/testingJSON/user191/user191.json,idx_137
open,trainingSamples,raw_data/EMG-EPN612/testingJSON/user191/user191.json,idx_138
open,trainingSamples,raw_data/EMG-EPN612/testingJSON/user191/user191.json,idx_139
open,trainingSamples,raw_data/EMG-EPN612/testingJSON/user191/user191.json,idx_140
open,trainingSamples,raw_data/EMG-EPN612/testingJSON/user191/user191.json,idx_141
open,trainingSamples,raw_data/EMG-EPN612/testingJSON/user191/user191.json,idx_142
open,trainingSamples,raw_data/EMG-EPN612/testingJSON/user191/user191.json,idx_143
open,trainingSamples,raw_data/EMG-EPN612/testingJSON/user191/user191.json,idx_144
open,trainingSamples,raw_data/EMG-EPN612/testingJSON/user191/user191.json,idx_145
open,trainingSamples,raw_data/EMG-EPN612/testingJSON/user191/user191.json,idx_146
open,trainingSamples,raw_data/EMG-EPN612/testingJSON/user191/user191.json,idx_147
open,trainingSamples,raw_data/EMG-EPN612/testingJSON/user191/user191.json,idx_148
open,trainingSamples,raw_data/EMG-EPN612/testingJSON/user191/user191.json,idx_149
open,trainingSamples,raw_data/EMG-EPN612/testingJSON/user191/user191.json,idx_150
noGesture,trainingSamples,raw_data/EMG-EPN612/testingJSON/user192/user192.json,idx_1
noGesture,trainingSamples,raw_data/EMG-EPN612/testingJSON/user192/user192.json,idx_2
noGesture,trainingSamples,raw_data/EMG-EPN612/testingJSON/user192/user192.json,idx_3
noGesture,trainingSamples,raw_data/EMG-EPN612/testingJSON/user192/user192.json,idx_4
noGesture,trainingSamples,raw_data/EMG-EPN612/testingJSON/user192/user192.json,idx_5
noGesture,trainingSamples,raw_data/EMG-EPN612/testingJSON/user192/user192.json,idx_6
noGesture,trainingSamples,raw_data/EMG-EPN612/testingJSON/user192/user192.json,idx_7
noGesture,trainingSamples,raw_data/EMG-EPN612/testingJSON/user192/user192.json,idx_8
noGesture,trainingSamples,raw_data/EMG-EPN612/testingJSON/user192/user192.json,idx_9
noGesture,trainingSamples,raw_data/EMG-EPN612/testingJSON/user192/user192.json,idx_10
noGesture,trainingSamples,raw_data/EMG-EPN612/testingJSON/user192/user192.json,idx_11
noGesture,trainingSamples,raw_data/EMG-EPN612/testingJSON/user192/user192.json,idx_12
noGesture,trainingSamples,raw_data/EMG-EPN612/testingJSON/user192/user192.json,idx_13
noGesture,trainingSamples,raw_data/EMG-EPN612/testingJSON/user192/user192.json,idx_14
noGesture,trainingSamples,raw_data/EMG-EPN612/testingJSON/user192/user192.json,idx_15
noGesture,trainingSamples,raw_data/EMG-EPN612/testingJSON/user192/user192.json,idx_16
noGesture,trainingSamples,raw_data/EMG-EPN612/testingJSON/user192/user192.json,idx_17
noGesture,trainingSamples,raw_data/EMG-EPN612/testingJSON/user192/user192.json,idx_18
noGesture,trainingSamples,raw_data/EMG-EPN612/testingJSON/user192/user192.json,idx_19
noGesture,trainingSamples,raw_data/EMG-EPN612/testingJSON/user192/user192.json,idx_20
noGesture,trainingSamples,raw_data/EMG-EPN612/testingJSON/user192/user192.json,idx_21
noGesture,trainingSamples,raw_data/EMG-EPN612/testingJSON/user192/user192.json,idx_22
noGesture,trainingSamples,raw_data/EMG-EPN612/testingJSON/user192/user192.json,idx_23
noGesture,trainingSamples,raw_data/EMG-EPN612/testingJSON/user192/user192.json,idx_24
noGesture,trainingSamples,raw_data/EMG-EPN612/testingJSON/user192/user192.json,idx_25
waveOut,trainingSamples,raw_data/EMG-EPN612/testingJSON/user192/user192.json,idx_26
waveOut,trainingSamples,raw_data/EMG-EPN612/testingJSON/user192/user192.json,idx_27
waveOut,trainingSamples,raw_data/EMG-EPN612/testingJSON/user192/user192.json,idx_28
waveOut,trainingSamples,raw_data/EMG-EPN612/testingJSON/user192/user192.json,idx_29
waveOut,trainingSamples,raw_data/EMG-EPN612/testingJSON/user192/user192.json,idx_30
waveOut,trainingSamples,raw_data/EMG-EPN612/testingJSON/user192/user192.json,idx_31
waveOut,trainingSamples,raw_data/EMG-EPN612/testingJSON/user192/user192.json,idx_32
waveOut,trainingSamples,raw_data/EMG-EPN612/testingJSON/user192/user192.json,idx_33
waveOut,trainingSamples,raw_data/EMG-EPN612/testingJSON/user192/user192.json,idx_34
waveOut,trainingSamples,raw_data/EMG-EPN612/testingJSON/user192/user192.json,idx_35
waveOut,trainingSamples,raw_data/EMG-EPN612/testingJSON/user192/user192.json,idx_36
waveOut,trainingSamples,raw_data/EMG-EPN612/testingJSON/user192/user192.json,idx_37
waveOut,trainingSamples,raw_data/EMG-EPN612/testingJSON/user192/user192.json,idx_38
waveOut,trainingSamples,raw_data/EMG-EPN612/testingJSON/user192/user192.json,idx_39
waveOut,trainingSamples,raw_data/EMG-EPN612/testingJSON/user192/user192.json,idx_40
waveOut,trainingSamples,raw_data/EMG-EPN612/testingJSON/user192/user192.json,idx_41
waveOut,trainingSamples,raw_data/EMG-EPN612/testingJSON/user192/user192.json,idx_42
waveOut,trainingSamples,raw_data/EMG-EPN612/testingJSON/user192/user192.json,idx_43
waveOut,trainingSamples,raw_data/EMG-EPN612/testingJSON/user192/user192.json,idx_44
waveOut,trainingSamples,raw_data/EMG-EPN612/testingJSON/user192/user192.json,idx_45
waveOut,trainingSamples,raw_data/EMG-EPN612/testingJSON/user192/user192.json,idx_46
waveOut,trainingSamples,raw_data/EMG-EPN612/testingJSON/user192/user192.json,idx_47
waveOut,trainingSamples,raw_data/EMG-EPN612/testingJSON/user192/user192.json,idx_48
waveOut,trainingSamples,raw_data/EMG-EPN612/testingJSON/user192/user192.json,idx_49
waveOut,trainingSamples,raw_data/EMG-EPN612/testingJSON/user192/user192.json,idx_50
pinch,trainingSamples,raw_data/EMG-EPN612/testingJSON/user192/user192.json,idx_51
pinch,trainingSamples,raw_data/EMG-EPN612/testingJSON/user192/user192.json,idx_52
pinch,trainingSamples,raw_data/EMG-EPN612/testingJSON/user192/user192.json,idx_53
pinch,trainingSamples,raw_data/EMG-EPN612/testingJSON/user192/user192.json,idx_54
pinch,trainingSamples,raw_data/EMG-EPN612/testingJSON/user192/user192.json,idx_55
pinch,trainingSamples,raw_data/EMG-EPN612/testingJSON/user192/user192.json,idx_56
pinch,trainingSamples,raw_data/EMG-EPN612/testingJSON/user192/user192.json,idx_57
pinch,trainingSamples,raw_data/EMG-EPN612/testingJSON/user192/user192.json,idx_58
pinch,trainingSamples,raw_data/EMG-EPN612/testingJSON/user192/user192.json,idx_59
pinch,trainingSamples,raw_data/EMG-EPN612/testingJSON/user192/user192.json,idx_60
pinch,trainingSamples,raw_data/EMG-EPN612/testingJSON/user192/user192.json,idx_61
pinch,trainingSamples,raw_data/EMG-EPN612/testingJSON/user192/user192.json,idx_62
pinch,trainingSamples,raw_data/EMG-EPN612/testingJSON/user192/user192.json,idx_63
pinch,trainingSamples,raw_data/EMG-EPN612/testingJSON/user192/user192.json,idx_64
pinch,trainingSamples,raw_data/EMG-EPN612/testingJSON/user192/user192.json,idx_65
pinch,trainingSamples,raw_data/EMG-EPN612/testingJSON/user192/user192.json,idx_66
pinch,trainingSamples,raw_data/EMG-EPN612/testingJSON/user192/user192.json,idx_67
pinch,trainingSamples,raw_data/EMG-EPN612/testingJSON/user192/user192.json,idx_68
pinch,trainingSamples,raw_data/EMG-EPN612/testingJSON/user192/user192.json,idx_69
pinch,trainingSamples,raw_data/EMG-EPN612/testingJSON/user192/user192.json,idx_70
pinch,trainingSamples,raw_data/EMG-EPN612/testingJSON/user192/user192.json,idx_71
pinch,trainingSamples,raw_data/EMG-EPN612/testingJSON/user192/user192.json,idx_72
pinch,trainingSamples,raw_data/EMG-EPN612/testingJSON/user192/user192.json,idx_73
pinch,trainingSamples,raw_data/EMG-EPN612/testingJSON/user192/user192.json,idx_74
pinch,trainingSamples,raw_data/EMG-EPN612/testingJSON/user192/user192.json,idx_75
fist,trainingSamples,raw_data/EMG-EPN612/testingJSON/user192/user192.json,idx_76
fist,trainingSamples,raw_data/EMG-EPN612/testingJSON/user192/user192.json,idx_77
fist,trainingSamples,raw_data/EMG-EPN612/testingJSON/user192/user192.json,idx_78
fist,trainingSamples,raw_data/EMG-EPN612/testingJSON/user192/user192.json,idx_79
fist,trainingSamples,raw_data/EMG-EPN612/testingJSON/user192/user192.json,idx_80
fist,trainingSamples,raw_data/EMG-EPN612/testingJSON/user192/user192.json,idx_81
fist,trainingSamples,raw_data/EMG-EPN612/testingJSON/user192/user192.json,idx_82
fist,trainingSamples,raw_data/EMG-EPN612/testingJSON/user192/user192.json,idx_83
fist,trainingSamples,raw_data/EMG-EPN612/testingJSON/user192/user192.json,idx_84
fist,trainingSamples,raw_data/EMG-EPN612/testingJSON/user192/user192.json,idx_85
fist,trainingSamples,raw_data/EMG-EPN612/testingJSON/user192/user192.json,idx_86
fist,trainingSamples,raw_data/EMG-EPN612/testingJSON/user192/user192.json,idx_87
fist,trainingSamples,raw_data/EMG-EPN612/testingJSON/user192/user192.json,idx_88
fist,trainingSamples,raw_data/EMG-EPN612/testingJSON/user192/user192.json,idx_89
fist,trainingSamples,raw_data/EMG-EPN612/testingJSON/user192/user192.json,idx_90
fist,trainingSamples,raw_data/EMG-EPN612/testingJSON/user192/user192.json,idx_91
fist,trainingSamples,raw_data/EMG-EPN612/testingJSON/user192/user192.json,idx_92
fist,trainingSamples,raw_data/EMG-EPN612/testingJSON/user192/user192.json,idx_93
fist,trainingSamples,raw_data/EMG-EPN612/testingJSON/user192/user192.json,idx_94
fist,trainingSamples,raw_data/EMG-EPN612/testingJSON/user192/user192.json,idx_95
fist,trainingSamples,raw_data/EMG-EPN612/testingJSON/user192/user192.json,idx_96
fist,trainingSamples,raw_data/EMG-EPN612/testingJSON/user192/user192.json,idx_97
fist,trainingSamples,raw_data/EMG-EPN612/testingJSON/user192/user192.json,idx_98
fist,trainingSamples,raw_data/EMG-EPN612/testingJSON/user192/user192.json,idx_99
fist,trainingSamples,raw_data/EMG-EPN612/testingJSON/user192/user192.json,idx_100
waveIn,trainingSamples,raw_data/EMG-EPN612/testingJSON/user192/user192.json,idx_101
waveIn,trainingSamples,raw_data/EMG-EPN612/testingJSON/user192/user192.json,idx_102
waveIn,trainingSamples,raw_data/EMG-EPN612/testingJSON/user192/user192.json,idx_103
waveIn,trainingSamples,raw_data/EMG-EPN612/testingJSON/user192/user192.json,idx_104
waveIn,trainingSamples,raw_data/EMG-EPN612/testingJSON/user192/user192.json,idx_105
waveIn,trainingSamples,raw_data/EMG-EPN612/testingJSON/user192/user192.json,idx_106
waveIn,trainingSamples,raw_data/EMG-EPN612/testingJSON/user192/user192.json,idx_107
waveIn,trainingSamples,raw_data/EMG-EPN612/testingJSON/user192/user192.json,idx_108
waveIn,trainingSamples,raw_data/EMG-EPN612/testingJSON/user192/user192.json,idx_109
waveIn,trainingSamples,raw_data/EMG-EPN612/testingJSON/user192/user192.json,idx_110
waveIn,trainingSamples,raw_data/EMG-EPN612/testingJSON/user192/user192.json,idx_111
waveIn,trainingSamples,raw_data/EMG-EPN612/testingJSON/user192/user192.json,idx_112
waveIn,trainingSamples,raw_data/EMG-EPN612/testingJSON/user192/user192.json,idx_113
waveIn,trainingSamples,raw_data/EMG-EPN612/testingJSON/user192/user192.json,idx_114
waveIn,trainingSamples,raw_data/EMG-EPN612/testingJSON/user192/user192.json,idx_115
waveIn,trainingSamples,raw_data/EMG-EPN612/testingJSON/user192/user192.json,idx_116
waveIn,trainingSamples,raw_data/EMG-EPN612/testingJSON/user192/user192.json,idx_117
waveIn,trainingSamples,raw_data/EMG-EPN612/testingJSON/user192/user192.json,idx_118
waveIn,trainingSamples,raw_data/EMG-EPN612/testingJSON/user192/user192.json,idx_119
waveIn,trainingSamples,raw_data/EMG-EPN612/testingJSON/user192/user192.json,idx_120
waveIn,trainingSamples,raw_data/EMG-EPN612/testingJSON/user192/user192.json,idx_121
waveIn,trainingSamples,raw_data/EMG-EPN612/testingJSON/user192/user192.json,idx_122
waveIn,trainingSamples,raw_data/EMG-EPN612/testingJSON/user192/user192.json,idx_123
waveIn,trainingSamples,raw_data/EMG-EPN612/testingJSON/user192/user192.json,idx_124
waveIn,trainingSamples,raw_data/EMG-EPN612/testingJSON/user192/user192.json,idx_125
open,trainingSamples,raw_data/EMG-EPN612/testingJSON/user192/user192.json,idx_126
open,trainingSamples,raw_data/EMG-EPN612/testingJSON/user192/user192.json,idx_127
open,trainingSamples,raw_data/EMG-EPN612/testingJSON/user192/user192.json,idx_128
open,trainingSamples,raw_data/EMG-EPN612/testingJSON/user192/user192.json,idx_129
open,trainingSamples,raw_data/EMG-EPN612/testingJSON/user192/user192.json,idx_130
open,trainingSamples,raw_data/EMG-EPN612/testingJSON/user192/user192.json,idx_131
open,trainingSamples,raw_data/EMG-EPN612/testingJSON/user192/user192.json,idx_132
open,trainingSamples,raw_data/EMG-EPN612/testingJSON/user192/user192.json,idx_133
open,trainingSamples,raw_data/EMG-EPN612/testingJSON/user192/user192.json,idx_134
open,trainingSamples,raw_data/EMG-EPN612/testingJSON/user192/user192.json,idx_135
open,trainingSamples,raw_data/EMG-EPN612/testingJSON/user192/user192.json,idx_136
open,trainingSamples,raw_data/EMG-EPN612/testingJSON/user192/user192.json,idx_137
open,trainingSamples,raw_data/EMG-EPN612/testingJSON/user192/user192.json,idx_138
open,trainingSamples,raw_data/EMG-EPN612/testingJSON/user192/user192.json,idx_139
open,trainingSamples,raw_data/EMG-EPN612/testingJSON/user192/user192.json,idx_140
open,trainingSamples,raw_data/EMG-EPN612/testingJSON/user192/user192.json,idx_141
open,trainingSamples,raw_data/EMG-EPN612/testingJSON/user192/user192.json,idx_142
open,trainingSamples,raw_data/EMG-EPN612/testingJSON/user192/user192.json,idx_143
open,trainingSamples,raw_data/EMG-EPN612/testingJSON/user192/user192.json,idx_144
open,trainingSamples,raw_data/EMG-EPN612/testingJSON/user192/user192.json,idx_145
open,trainingSamples,raw_data/EMG-EPN612/testingJSON/user192/user192.json,idx_146
open,trainingSamples,raw_data/EMG-EPN612/testingJSON/user192/user192.json,idx_147
open,trainingSamples,raw_data/EMG-EPN612/testingJSON/user192/user192.json,idx_148
open,trainingSamples,raw_data/EMG-EPN612/testingJSON/user192/user192.json,idx_149
open,trainingSamples,raw_data/EMG-EPN612/testingJSON/user192/user192.json,idx_150
noGesture,trainingSamples,raw_data/EMG-EPN612/testingJSON/user193/user193.json,idx_1
noGesture,trainingSamples,raw_data/EMG-EPN612/testingJSON/user193/user193.json,idx_2
noGesture,trainingSamples,raw_data/EMG-EPN612/testingJSON/user193/user193.json,idx_3
noGesture,trainingSamples,raw_data/EMG-EPN612/testingJSON/user193/user193.json,idx_4
noGesture,trainingSamples,raw_data/EMG-EPN612/testingJSON/user193/user193.json,idx_5
noGesture,trainingSamples,raw_data/EMG-EPN612/testingJSON/user193/user193.json,idx_6
noGesture,trainingSamples,raw_data/EMG-EPN612/testingJSON/user193/user193.json,idx_7
noGesture,trainingSamples,raw_data/EMG-EPN612/testingJSON/user193/user193.json,idx_8
noGesture,trainingSamples,raw_data/EMG-EPN612/testingJSON/user193/user193.json,idx_9
noGesture,trainingSamples,raw_data/EMG-EPN612/testingJSON/user193/user193.json,idx_10
noGesture,trainingSamples,raw_data/EMG-EPN612/testingJSON/user193/user193.json,idx_11
noGesture,trainingSamples,raw_data/EMG-EPN612/testingJSON/user193/user193.json,idx_12
noGesture,trainingSamples,raw_data/EMG-EPN612/testingJSON/user193/user193.json,idx_13
noGesture,trainingSamples,raw_data/EMG-EPN612/testingJSON/user193/user193.json,idx_14
noGesture,trainingSamples,raw_data/EMG-EPN612/testingJSON/user193/user193.json,idx_15
noGesture,trainingSamples,raw_data/EMG-EPN612/testingJSON/user193/user193.json,idx_16
noGesture,trainingSamples,raw_data/EMG-EPN612/testingJSON/user193/user193.json,idx_17
noGesture,trainingSamples,raw_data/EMG-EPN612/testingJSON/user193/user193.json,idx_18
noGesture,trainingSamples,raw_data/EMG-EPN612/testingJSON/user193/user193.json,idx_19
noGesture,trainingSamples,raw_data/EMG-EPN612/testingJSON/user193/user193.json,idx_20
noGesture,trainingSamples,raw_data/EMG-EPN612/testingJSON/user193/user193.json,idx_21
noGesture,trainingSamples,raw_data/EMG-EPN612/testingJSON/user193/user193.json,idx_22
noGesture,trainingSamples,raw_data/EMG-EPN612/testingJSON/user193/user193.json,idx_23
noGesture,trainingSamples,raw_data/EMG-EPN612/testingJSON/user193/user193.json,idx_24
noGesture,trainingSamples,raw_data/EMG-EPN612/testingJSON/user193/user193.json,idx_25
waveOut,trainingSamples,raw_data/EMG-EPN612/testingJSON/user193/user193.json,idx_26
waveOut,trainingSamples,raw_data/EMG-EPN612/testingJSON/user193/user193.json,idx_27
waveOut,trainingSamples,raw_data/EMG-EPN612/testingJSON/user193/user193.json,idx_28
waveOut,trainingSamples,raw_data/EMG-EPN612/testingJSON/user193/user193.json,idx_29
waveOut,trainingSamples,raw_data/EMG-EPN612/testingJSON/user193/user193.json,idx_30
waveOut,trainingSamples,raw_data/EMG-EPN612/testingJSON/user193/user193.json,idx_31
waveOut,trainingSamples,raw_data/EMG-EPN612/testingJSON/user193/user193.json,idx_32
waveOut,trainingSamples,raw_data/EMG-EPN612/testingJSON/user193/user193.json,idx_33
waveOut,trainingSamples,raw_data/EMG-EPN612/testingJSON/user193/user193.json,idx_34
waveOut,trainingSamples,raw_data/EMG-EPN612/testingJSON/user193/user193.json,idx_35
waveOut,trainingSamples,raw_data/EMG-EPN612/testingJSON/user193/user193.json,idx_36
waveOut,trainingSamples,raw_data/EMG-EPN612/testingJSON/user193/user193.json,idx_37
waveOut,trainingSamples,raw_data/EMG-EPN612/testingJSON/user193/user193.json,idx_38
waveOut,trainingSamples,raw_data/EMG-EPN612/testingJSON/user193/user193.json,idx_39
waveOut,trainingSamples,raw_data/EMG-EPN612/testingJSON/user193/user193.json,idx_40
waveOut,trainingSamples,raw_data/EMG-EPN612/testingJSON/user193/user193.json,idx_41
waveOut,trainingSamples,raw_data/EMG-EPN612/testingJSON/user193/user193.json,idx_42
waveOut,trainingSamples,raw_data/EMG-EPN612/testingJSON/user193/user193.json,idx_43
waveOut,trainingSamples,raw_data/EMG-EPN612/testingJSON/user193/user193.json,idx_44
waveOut,trainingSamples,raw_data/EMG-EPN612/testingJSON/user193/user193.json,idx_45
waveOut,trainingSamples,raw_data/EMG-EPN612/testingJSON/user193/user193.json,idx_46
waveOut,trainingSamples,raw_data/EMG-EPN612/testingJSON/user193/user193.json,idx_47
waveOut,trainingSamples,raw_data/EMG-EPN612/testingJSON/user193/user193.json,idx_48
waveOut,trainingSamples,raw_data/EMG-EPN612/testingJSON/user193/user193.json,idx_49
waveOut,trainingSamples,raw_data/EMG-EPN612/testingJSON/user193/user193.json,idx_50
pinch,trainingSamples,raw_data/EMG-EPN612/testingJSON/user193/user193.json,idx_51
pinch,trainingSamples,raw_data/EMG-EPN612/testingJSON/user193/user193.json,idx_52
pinch,trainingSamples,raw_data/EMG-EPN612/testingJSON/user193/user193.json,idx_53
pinch,trainingSamples,raw_data/EMG-EPN612/testingJSON/user193/user193.json,idx_54
pinch,trainingSamples,raw_data/EMG-EPN612/testingJSON/user193/user193.json,idx_55
pinch,trainingSamples,raw_data/EMG-EPN612/testingJSON/user193/user193.json,idx_56
pinch,trainingSamples,raw_data/EMG-EPN612/testingJSON/user193/user193.json,idx_57
pinch,trainingSamples,raw_data/EMG-EPN612/testingJSON/user193/user193.json,idx_58
pinch,trainingSamples,raw_data/EMG-EPN612/testingJSON/user193/user193.json,idx_59
pinch,trainingSamples,raw_data/EMG-EPN612/testingJSON/user193/user193.json,idx_60
pinch,trainingSamples,raw_data/EMG-EPN612/testingJSON/user193/user193.json,idx_61
pinch,trainingSamples,raw_data/EMG-EPN612/testingJSON/user193/user193.json,idx_62
pinch,trainingSamples,raw_data/EMG-EPN612/testingJSON/user193/user193.json,idx_63
pinch,trainingSamples,raw_data/EMG-EPN612/testingJSON/user193/user193.json,idx_64
pinch,trainingSamples,raw_data/EMG-EPN612/testingJSON/user193/user193.json,idx_65
pinch,trainingSamples,raw_data/EMG-EPN612/testingJSON/user193/user193.json,idx_66
pinch,trainingSamples,raw_data/EMG-EPN612/testingJSON/user193/user193.json,idx_67
pinch,trainingSamples,raw_data/EMG-EPN612/testingJSON/user193/user193.json,idx_68
pinch,trainingSamples,raw_data/EMG-EPN612/testingJSON/user193/user193.json,idx_69
pinch,trainingSamples,raw_data/EMG-EPN612/testingJSON/user193/user193.json,idx_70
pinch,trainingSamples,raw_data/EMG-EPN612/testingJSON/user193/user193.json,idx_71
pinch,trainingSamples,raw_data/EMG-EPN612/testingJSON/user193/user193.json,idx_72
pinch,trainingSamples,raw_data/EMG-EPN612/testingJSON/user193/user193.json,idx_73
pinch,trainingSamples,raw_data/EMG-EPN612/testingJSON/user193/user193.json,idx_74
pinch,trainingSamples,raw_data/EMG-EPN612/testingJSON/user193/user193.json,idx_75
fist,trainingSamples,raw_data/EMG-EPN612/testingJSON/user193/user193.json,idx_76
fist,trainingSamples,raw_data/EMG-EPN612/testingJSON/user193/user193.json,idx_77
fist,trainingSamples,raw_data/EMG-EPN612/testingJSON/user193/user193.json,idx_78
fist,trainingSamples,raw_data/EMG-EPN612/testingJSON/user193/user193.json,idx_79
fist,trainingSamples,raw_data/EMG-EPN612/testingJSON/user193/user193.json,idx_80
fist,trainingSamples,raw_data/EMG-EPN612/testingJSON/user193/user193.json,idx_81
fist,trainingSamples,raw_data/EMG-EPN612/testingJSON/user193/user193.json,idx_82
fist,trainingSamples,raw_data/EMG-EPN612/testingJSON/user193/user193.json,idx_83
fist,trainingSamples,raw_data/EMG-EPN612/testingJSON/user193/user193.json,idx_84
fist,trainingSamples,raw_data/EMG-EPN612/testingJSON/user193/user193.json,idx_85
fist,trainingSamples,raw_data/EMG-EPN612/testingJSON/user193/user193.json,idx_86
fist,trainingSamples,raw_data/EMG-EPN612/testingJSON/user193/user193.json,idx_87
fist,trainingSamples,raw_data/EMG-EPN612/testingJSON/user193/user193.json,idx_88
fist,trainingSamples,raw_data/EMG-EPN612/testingJSON/user193/user193.json,idx_89
fist,trainingSamples,raw_data/EMG-EPN612/testingJSON/user193/user193.json,idx_90
fist,trainingSamples,raw_data/EMG-EPN612/testingJSON/user193/user193.json,idx_91
fist,trainingSamples,raw_data/EMG-EPN612/testingJSON/user193/user193.json,idx_92
fist,trainingSamples,raw_data/EMG-EPN612/testingJSON/user193/user193.json,idx_93
fist,trainingSamples,raw_data/EMG-EPN612/testingJSON/user193/user193.json,idx_94
fist,trainingSamples,raw_data/EMG-EPN612/testingJSON/user193/user193.json,idx_95
fist,trainingSamples,raw_data/EMG-EPN612/testingJSON/user193/user193.json,idx_96
fist,trainingSamples,raw_data/EMG-EPN612/testingJSON/user193/user193.json,idx_97
fist,trainingSamples,raw_data/EMG-EPN612/testingJSON/user193/user193.json,idx_98
fist,trainingSamples,raw_data/EMG-EPN612/testingJSON/user193/user193.json,idx_99
fist,trainingSamples,raw_data/EMG-EPN612/testingJSON/user193/user193.json,idx_100
waveIn,trainingSamples,raw_data/EMG-EPN612/testingJSON/user193/user193.json,idx_101
waveIn,trainingSamples,raw_data/EMG-EPN612/testingJSON/user193/user193.json,idx_102
waveIn,trainingSamples,raw_data/EMG-EPN612/testingJSON/user193/user193.json,idx_103
waveIn,trainingSamples,raw_data/EMG-EPN612/testingJSON/user193/user193.json,idx_104
waveIn,trainingSamples,raw_data/EMG-EPN612/testingJSON/user193/user193.json,idx_105
waveIn,trainingSamples,raw_data/EMG-EPN612/testingJSON/user193/user193.json,idx_106
waveIn,trainingSamples,raw_data/EMG-EPN612/testingJSON/user193/user193.json,idx_107
waveIn,trainingSamples,raw_data/EMG-EPN612/testingJSON/user193/user193.json,idx_108
waveIn,trainingSamples,raw_data/EMG-EPN612/testingJSON/user193/user193.json,idx_109
waveIn,trainingSamples,raw_data/EMG-EPN612/testingJSON/user193/user193.json,idx_110
waveIn,trainingSamples,raw_data/EMG-EPN612/testingJSON/user193/user193.json,idx_111
waveIn,trainingSamples,raw_data/EMG-EPN612/testingJSON/user193/user193.json,idx_112
waveIn,trainingSamples,raw_data/EMG-EPN612/testingJSON/user193/user193.json,idx_113
waveIn,trainingSamples,raw_data/EMG-EPN612/testingJSON/user193/user193.json,idx_114
waveIn,trainingSamples,raw_data/EMG-EPN612/testingJSON/user193/user193.json,idx_115
waveIn,trainingSamples,raw_data/EMG-EPN612/testingJSON/user193/user193.json,idx_116
waveIn,trainingSamples,raw_data/EMG-EPN612/testingJSON/user193/user193.json,idx_117
waveIn,trainingSamples,raw_data/EMG-EPN612/testingJSON/user193/user193.json,idx_118
waveIn,trainingSamples,raw_data/EMG-EPN612/testingJSON/user193/user193.json,idx_119
waveIn,trainingSamples,raw_data/EMG-EPN612/testingJSON/user193/user193.json,idx_120
waveIn,trainingSamples,raw_data/EMG-EPN612/testingJSON/user193/user193.json,idx_121
waveIn,trainingSamples,raw_data/EMG-EPN612/testingJSON/user193/user193.json,idx_122
waveIn,trainingSamples,raw_data/EMG-EPN612/testingJSON/user193/user193.json,idx_123
waveIn,trainingSamples,raw_data/EMG-EPN612/testingJSON/user193/user193.json,idx_124
waveIn,trainingSamples,raw_data/EMG-EPN612/testingJSON/user193/user193.json,idx_125
open,trainingSamples,raw_data/EMG-EPN612/testingJSON/user193/user193.json,idx_126
open,trainingSamples,raw_data/EMG-EPN612/testingJSON/user193/user193.json,idx_127
open,trainingSamples,raw_data/EMG-EPN612/testingJSON/user193/user193.json,idx_128
open,trainingSamples,raw_data/EMG-EPN612/testingJSON/user193/user193.json,idx_129
open,trainingSamples,raw_data/EMG-EPN612/testingJSON/user193/user193.json,idx_130
open,trainingSamples,raw_data/EMG-EPN612/testingJSON/user193/user193.json,idx_131
open,trainingSamples,raw_data/EMG-EPN612/testingJSON/user193/user193.json,idx_132
open,trainingSamples,raw_data/EMG-EPN612/testingJSON/user193/user193.json,idx_133
open,trainingSamples,raw_data/EMG-EPN612/testingJSON/user193/user193.json,idx_134
open,trainingSamples,raw_data/EMG-EPN612/testingJSON/user193/user193.json,idx_135
open,trainingSamples,raw_data/EMG-EPN612/testingJSON/user193/user193.json,idx_136
open,trainingSamples,raw_data/EMG-EPN612/testingJSON/user193/user193.json,idx_137
open,trainingSamples,raw_data/EMG-EPN612/testingJSON/user193/user193.json,idx_138
open,trainingSamples,raw_data/EMG-EPN612/testingJSON/user193/user193.json,idx_139
open,trainingSamples,raw_data/EMG-EPN612/testingJSON/user193/user193.json,idx_140
open,trainingSamples,raw_data/EMG-EPN612/testingJSON/user193/user193.json,idx_141
open,trainingSamples,raw_data/EMG-EPN612/testingJSON/user193/user193.json,idx_142
open,trainingSamples,raw_data/EMG-EPN612/testingJSON/user193/user193.json,idx_143
open,trainingSamples,raw_data/EMG-EPN612/testingJSON/user193/user193.json,idx_144
open,trainingSamples,raw_data/EMG-EPN612/testingJSON/user193/user193.json,idx_145
open,trainingSamples,raw_data/EMG-EPN612/testingJSON/user193/user193.json,idx_146
open,trainingSamples,raw_data/EMG-EPN612/testingJSON/user193/user193.json,idx_147
open,trainingSamples,raw_data/EMG-EPN612/testingJSON/user193/user193.json,idx_148
open,trainingSamples,raw_data/EMG-EPN612/testingJSON/user193/user193.json,idx_149
open,trainingSamples,raw_data/EMG-EPN612/testingJSON/user193/user193.json,idx_150
noGesture,trainingSamples,raw_data/EMG-EPN612/testingJSON/user194/user194.json,idx_1
noGesture,trainingSamples,raw_data/EMG-EPN612/testingJSON/user194/user194.json,idx_2
noGesture,trainingSamples,raw_data/EMG-EPN612/testingJSON/user194/user194.json,idx_3
noGesture,trainingSamples,raw_data/EMG-EPN612/testingJSON/user194/user194.json,idx_4
noGesture,trainingSamples,raw_data/EMG-EPN612/testingJSON/user194/user194.json,idx_5
noGesture,trainingSamples,raw_data/EMG-EPN612/testingJSON/user194/user194.json,idx_6
noGesture,trainingSamples,raw_data/EMG-EPN612/testingJSON/user194/user194.json,idx_7
noGesture,trainingSamples,raw_data/EMG-EPN612/testingJSON/user194/user194.json,idx_8
noGesture,trainingSamples,raw_data/EMG-EPN612/testingJSON/user194/user194.json,idx_9
noGesture,trainingSamples,raw_data/EMG-EPN612/testingJSON/user194/user194.json,idx_10
noGesture,trainingSamples,raw_data/EMG-EPN612/testingJSON/user194/user194.json,idx_11
noGesture,trainingSamples,raw_data/EMG-EPN612/testingJSON/user194/user194.json,idx_12
noGesture,trainingSamples,raw_data/EMG-EPN612/testingJSON/user194/user194.json,idx_13
noGesture,trainingSamples,raw_data/EMG-EPN612/testingJSON/user194/user194.json,idx_14
noGesture,trainingSamples,raw_data/EMG-EPN612/testingJSON/user194/user194.json,idx_15
noGesture,trainingSamples,raw_data/EMG-EPN612/testingJSON/user194/user194.json,idx_16
noGesture,trainingSamples,raw_data/EMG-EPN612/testingJSON/user194/user194.json,idx_17
noGesture,trainingSamples,raw_data/EMG-EPN612/testingJSON/user194/user194.json,idx_18
noGesture,trainingSamples,raw_data/EMG-EPN612/testingJSON/user194/user194.json,idx_19
noGesture,trainingSamples,raw_data/EMG-EPN612/testingJSON/user194/user194.json,idx_20
noGesture,trainingSamples,raw_data/EMG-EPN612/testingJSON/user194/user194.json,idx_21
noGesture,trainingSamples,raw_data/EMG-EPN612/testingJSON/user194/user194.json,idx_22
noGesture,trainingSamples,raw_data/EMG-EPN612/testingJSON/user194/user194.json,idx_23
noGesture,trainingSamples,raw_data/EMG-EPN612/testingJSON/user194/user194.json,idx_24
noGesture,trainingSamples,raw_data/EMG-EPN612/testingJSON/user194/user194.json,idx_25
fist,trainingSamples,raw_data/EMG-EPN612/testingJSON/user194/user194.json,idx_26
fist,trainingSamples,raw_data/EMG-EPN612/testingJSON/user194/user194.json,idx_27
fist,trainingSamples,raw_data/EMG-EPN612/testingJSON/user194/user194.json,idx_28
fist,trainingSamples,raw_data/EMG-EPN612/testingJSON/user194/user194.json,idx_29
fist,trainingSamples,raw_data/EMG-EPN612/testingJSON/user194/user194.json,idx_30
fist,trainingSamples,raw_data/EMG-EPN612/testingJSON/user194/user194.json,idx_31
fist,trainingSamples,raw_data/EMG-EPN612/testingJSON/user194/user194.json,idx_32
fist,trainingSamples,raw_data/EMG-EPN612/testingJSON/user194/user194.json,idx_33
fist,trainingSamples,raw_data/EMG-EPN612/testingJSON/user194/user194.json,idx_34
fist,trainingSamples,raw_data/EMG-EPN612/testingJSON/user194/user194.json,idx_35
fist,trainingSamples,raw_data/EMG-EPN612/testingJSON/user194/user194.json,idx_36
fist,trainingSamples,raw_data/EMG-EPN612/testingJSON/user194/user194.json,idx_37
fist,trainingSamples,raw_data/EMG-EPN612/testingJSON/user194/user194.json,idx_38
fist,trainingSamples,raw_data/EMG-EPN612/testingJSON/user194/user194.json,idx_39
fist,trainingSamples,raw_data/EMG-EPN612/testingJSON/user194/user194.json,idx_40
fist,trainingSamples,raw_data/EMG-EPN612/testingJSON/user194/user194.json,idx_41
fist,trainingSamples,raw_data/EMG-EPN612/testingJSON/user194/user194.json,idx_42
fist,trainingSamples,raw_data/EMG-EPN612/testingJSON/user194/user194.json,idx_43
fist,trainingSamples,raw_data/EMG-EPN612/testingJSON/user194/user194.json,idx_44
fist,trainingSamples,raw_data/EMG-EPN612/testingJSON/user194/user194.json,idx_45
fist,trainingSamples,raw_data/EMG-EPN612/testingJSON/user194/user194.json,idx_46
fist,trainingSamples,raw_data/EMG-EPN612/testingJSON/user194/user194.json,idx_47
fist,trainingSamples,raw_data/EMG-EPN612/testingJSON/user194/user194.json,idx_48
fist,trainingSamples,raw_data/EMG-EPN612/testingJSON/user194/user194.json,idx_49
fist,trainingSamples,raw_data/EMG-EPN612/testingJSON/user194/user194.json,idx_50
open,trainingSamples,raw_data/EMG-EPN612/testingJSON/user194/user194.json,idx_51
open,trainingSamples,raw_data/EMG-EPN612/testingJSON/user194/user194.json,idx_52
open,trainingSamples,raw_data/EMG-EPN612/testingJSON/user194/user194.json,idx_53
open,trainingSamples,raw_data/EMG-EPN612/testingJSON/user194/user194.json,idx_54
open,trainingSamples,raw_data/EMG-EPN612/testingJSON/user194/user194.json,idx_55
open,trainingSamples,raw_data/EMG-EPN612/testingJSON/user194/user194.json,idx_56
open,trainingSamples,raw_data/EMG-EPN612/testingJSON/user194/user194.json,idx_57
open,trainingSamples,raw_data/EMG-EPN612/testingJSON/user194/user194.json,idx_58
open,trainingSamples,raw_data/EMG-EPN612/testingJSON/user194/user194.json,idx_59
open,trainingSamples,raw_data/EMG-EPN612/testingJSON/user194/user194.json,idx_60
open,trainingSamples,raw_data/EMG-EPN612/testingJSON/user194/user194.json,idx_61
open,trainingSamples,raw_data/EMG-EPN612/testingJSON/user194/user194.json,idx_62
open,trainingSamples,raw_data/EMG-EPN612/testingJSON/user194/user194.json,idx_63
open,trainingSamples,raw_data/EMG-EPN612/testingJSON/user194/user194.json,idx_64
open,trainingSamples,raw_data/EMG-EPN612/testingJSON/user194/user194.json,idx_65
open,trainingSamples,raw_data/EMG-EPN612/testingJSON/user194/user194.json,idx_66
open,trainingSamples,raw_data/EMG-EPN612/testingJSON/user194/user194.json,idx_67
open,trainingSamples,raw_data/EMG-EPN612/testingJSON/user194/user194.json,idx_68
open,trainingSamples,raw_data/EMG-EPN612/testingJSON/user194/user194.json,idx_69
open,trainingSamples,raw_data/EMG-EPN612/testingJSON/user194/user194.json,idx_70
open,trainingSamples,raw_data/EMG-EPN612/testingJSON/user194/user194.json,idx_71
open,trainingSamples,raw_data/EMG-EPN612/testingJSON/user194/user194.json,idx_72
open,trainingSamples,raw_data/EMG-EPN612/testingJSON/user194/user194.json,idx_73
open,trainingSamples,raw_data/EMG-EPN612/testingJSON/user194/user194.json,idx_74
open,trainingSamples,raw_data/EMG-EPN612/testingJSON/user194/user194.json,idx_75
pinch,trainingSamples,raw_data/EMG-EPN612/testingJSON/user194/user194.json,idx_76
pinch,trainingSamples,raw_data/EMG-EPN612/testingJSON/user194/user194.json,idx_77
pinch,trainingSamples,raw_data/EMG-EPN612/testingJSON/user194/user194.json,idx_78
pinch,trainingSamples,raw_data/EMG-EPN612/testingJSON/user194/user194.json,idx_79
pinch,trainingSamples,raw_data/EMG-EPN612/testingJSON/user194/user194.json,idx_80
pinch,trainingSamples,raw_data/EMG-EPN612/testingJSON/user194/user194.json,idx_81
pinch,trainingSamples,raw_data/EMG-EPN612/testingJSON/user194/user194.json,idx_82
pinch,trainingSamples,raw_data/EMG-EPN612/testingJSON/user194/user194.json,idx_83
pinch,trainingSamples,raw_data/EMG-EPN612/testingJSON/user194/user194.json,idx_84
pinch,trainingSamples,raw_data/EMG-EPN612/testingJSON/user194/user194.json,idx_85
pinch,trainingSamples,raw_data/EMG-EPN612/testingJSON/user194/user194.json,idx_86
pinch,trainingSamples,raw_data/EMG-EPN612/testingJSON/user194/user194.json,idx_87
pinch,trainingSamples,raw_data/EMG-EPN612/testingJSON/user194/user194.json,idx_88
pinch,trainingSamples,raw_data/EMG-EPN612/testingJSON/user194/user194.json,idx_89
pinch,trainingSamples,raw_data/EMG-EPN612/testingJSON/user194/user194.json,idx_90
pinch,trainingSamples,raw_data/EMG-EPN612/testingJSON/user194/user194.json,idx_91
pinch,trainingSamples,raw_data/EMG-EPN612/testingJSON/user194/user194.json,idx_92
pinch,trainingSamples,raw_data/EMG-EPN612/testingJSON/user194/user194.json,idx_93
pinch,trainingSamples,raw_data/EMG-EPN612/testingJSON/user194/user194.json,idx_94
pinch,trainingSamples,raw_data/EMG-EPN612/testingJSON/user194/user194.json,idx_95
pinch,trainingSamples,raw_data/EMG-EPN612/testingJSON/user194/user194.json,idx_96
pinch,trainingSamples,raw_data/EMG-EPN612/testingJSON/user194/user194.json,idx_97
pinch,trainingSamples,raw_data/EMG-EPN612/testingJSON/user194/user194.json,idx_98
pinch,trainingSamples,raw_data/EMG-EPN612/testingJSON/user194/user194.json,idx_99
pinch,trainingSamples,raw_data/EMG-EPN612/testingJSON/user194/user194.json,idx_100
waveOut,trainingSamples,raw_data/EMG-EPN612/testingJSON/user194/user194.json,idx_101
waveOut,trainingSamples,raw_data/EMG-EPN612/testingJSON/user194/user194.json,idx_102
waveOut,trainingSamples,raw_data/EMG-EPN612/testingJSON/user194/user194.json,idx_103
waveOut,trainingSamples,raw_data/EMG-EPN612/testingJSON/user194/user194.json,idx_104
waveOut,trainingSamples,raw_data/EMG-EPN612/testingJSON/user194/user194.json,idx_105
waveOut,trainingSamples,raw_data/EMG-EPN612/testingJSON/user194/user194.json,idx_106
waveOut,trainingSamples,raw_data/EMG-EPN612/testingJSON/user194/user194.json,idx_107
waveOut,trainingSamples,raw_data/EMG-EPN612/testingJSON/user194/user194.json,idx_108
waveOut,trainingSamples,raw_data/EMG-EPN612/testingJSON/user194/user194.json,idx_109
waveOut,trainingSamples,raw_data/EMG-EPN612/testingJSON/user194/user194.json,idx_110
waveOut,trainingSamples,raw_data/EMG-EPN612/testingJSON/user194/user194.json,idx_111
waveOut,trainingSamples,raw_data/EMG-EPN612/testingJSON/user194/user194.json,idx_112
waveOut,trainingSamples,raw_data/EMG-EPN612/testingJSON/user194/user194.json,idx_113
waveOut,trainingSamples,raw_data/EMG-EPN612/testingJSON/user194/user194.json,idx_114
waveOut,trainingSamples,raw_data/EMG-EPN612/testingJSON/user194/user194.json,idx_115
waveOut,trainingSamples,raw_data/EMG-EPN612/testingJSON/user194/user194.json,idx_116
waveOut,trainingSamples,raw_data/EMG-EPN612/testingJSON/user194/user194.json,idx_117
waveOut,trainingSamples,raw_data/EMG-EPN612/testingJSON/user194/user194.json,idx_118
waveOut,trainingSamples,raw_data/EMG-EPN612/testingJSON/user194/user194.json,idx_119
waveOut,trainingSamples,raw_data/EMG-EPN612/testingJSON/user194/user194.json,idx_120
waveOut,trainingSamples,raw_data/EMG-EPN612/testingJSON/user194/user194.json,idx_121
waveOut,trainingSamples,raw_data/EMG-EPN612/testingJSON/user194/user194.json,idx_122
waveOut,trainingSamples,raw_data/EMG-EPN612/testingJSON/user194/user194.json,idx_123
waveOut,trainingSamples,raw_data/EMG-EPN612/testingJSON/user194/user194.json,idx_124
waveOut,trainingSamples,raw_data/EMG-EPN612/testingJSON/user194/user194.json,idx_125
waveIn,trainingSamples,raw_data/EMG-EPN612/testingJSON/user194/user194.json,idx_126
waveIn,trainingSamples,raw_data/EMG-EPN612/testingJSON/user194/user194.json,idx_127
waveIn,trainingSamples,raw_data/EMG-EPN612/testingJSON/user194/user194.json,idx_128
waveIn,trainingSamples,raw_data/EMG-EPN612/testingJSON/user194/user194.json,idx_129
waveIn,trainingSamples,raw_data/EMG-EPN612/testingJSON/user194/user194.json,idx_130
waveIn,trainingSamples,raw_data/EMG-EPN612/testingJSON/user194/user194.json,idx_131
waveIn,trainingSamples,raw_data/EMG-EPN612/testingJSON/user194/user194.json,idx_132
waveIn,trainingSamples,raw_data/EMG-EPN612/testingJSON/user194/user194.json,idx_133
waveIn,trainingSamples,raw_data/EMG-EPN612/testingJSON/user194/user194.json,idx_134
waveIn,trainingSamples,raw_data/EMG-EPN612/testingJSON/user194/user194.json,idx_135
waveIn,trainingSamples,raw_data/EMG-EPN612/testingJSON/user194/user194.json,idx_136
waveIn,trainingSamples,raw_data/EMG-EPN612/testingJSON/user194/user194.json,idx_137
waveIn,trainingSamples,raw_data/EMG-EPN612/testingJSON/user194/user194.json,idx_138
waveIn,trainingSamples,raw_data/EMG-EPN612/testingJSON/user194/user194.json,idx_139
waveIn,trainingSamples,raw_data/EMG-EPN612/testingJSON/user194/user194.json,idx_140
waveIn,trainingSamples,raw_data/EMG-EPN612/testingJSON/user194/user194.json,idx_141
waveIn,trainingSamples,raw_data/EMG-EPN612/testingJSON/user194/user194.json,idx_142
waveIn,trainingSamples,raw_data/EMG-EPN612/testingJSON/user194/user194.json,idx_143
waveIn,trainingSamples,raw_data/EMG-EPN612/testingJSON/user194/user194.json,idx_144
waveIn,trainingSamples,raw_data/EMG-EPN612/testingJSON/user194/user194.json,idx_145
waveIn,trainingSamples,raw_data/EMG-EPN612/testingJSON/user194/user194.json,idx_146
waveIn,trainingSamples,raw_data/EMG-EPN612/testingJSON/user194/user194.json,idx_147
waveIn,trainingSamples,raw_data/EMG-EPN612/testingJSON/user194/user194.json,idx_148
waveIn,trainingSamples,raw_data/EMG-EPN612/testingJSON/user194/user194.json,idx_149
waveIn,trainingSamples,raw_data/EMG-EPN612/testingJSON/user194/user194.json,idx_150
noGesture,trainingSamples,raw_data/EMG-EPN612/testingJSON/user195/user195.json,idx_1
noGesture,trainingSamples,raw_data/EMG-EPN612/testingJSON/user195/user195.json,idx_2
noGesture,trainingSamples,raw_data/EMG-EPN612/testingJSON/user195/user195.json,idx_3
noGesture,trainingSamples,raw_data/EMG-EPN612/testingJSON/user195/user195.json,idx_4
noGesture,trainingSamples,raw_data/EMG-EPN612/testingJSON/user195/user195.json,idx_5
noGesture,trainingSamples,raw_data/EMG-EPN612/testingJSON/user195/user195.json,idx_6
noGesture,trainingSamples,raw_data/EMG-EPN612/testingJSON/user195/user195.json,idx_7
noGesture,trainingSamples,raw_data/EMG-EPN612/testingJSON/user195/user195.json,idx_8
noGesture,trainingSamples,raw_data/EMG-EPN612/testingJSON/user195/user195.json,idx_9
noGesture,trainingSamples,raw_data/EMG-EPN612/testingJSON/user195/user195.json,idx_10
noGesture,trainingSamples,raw_data/EMG-EPN612/testingJSON/user195/user195.json,idx_11
noGesture,trainingSamples,raw_data/EMG-EPN612/testingJSON/user195/user195.json,idx_12
noGesture,trainingSamples,raw_data/EMG-EPN612/testingJSON/user195/user195.json,idx_13
noGesture,trainingSamples,raw_data/EMG-EPN612/testingJSON/user195/user195.json,idx_14
noGesture,trainingSamples,raw_data/EMG-EPN612/testingJSON/user195/user195.json,idx_15
noGesture,trainingSamples,raw_data/EMG-EPN612/testingJSON/user195/user195.json,idx_16
noGesture,trainingSamples,raw_data/EMG-EPN612/testingJSON/user195/user195.json,idx_17
noGesture,trainingSamples,raw_data/EMG-EPN612/testingJSON/user195/user195.json,idx_18
noGesture,trainingSamples,raw_data/EMG-EPN612/testingJSON/user195/user195.json,idx_19
noGesture,trainingSamples,raw_data/EMG-EPN612/testingJSON/user195/user195.json,idx_20
noGesture,trainingSamples,raw_data/EMG-EPN612/testingJSON/user195/user195.json,idx_21
noGesture,trainingSamples,raw_data/EMG-EPN612/testingJSON/user195/user195.json,idx_22
noGesture,trainingSamples,raw_data/EMG-EPN612/testingJSON/user195/user195.json,idx_23
noGesture,trainingSamples,raw_data/EMG-EPN612/testingJSON/user195/user195.json,idx_24
noGesture,trainingSamples,raw_data/EMG-EPN612/testingJSON/user195/user195.json,idx_25
waveOut,trainingSamples,raw_data/EMG-EPN612/testingJSON/user195/user195.json,idx_26
waveOut,trainingSamples,raw_data/EMG-EPN612/testingJSON/user195/user195.json,idx_27
waveOut,trainingSamples,raw_data/EMG-EPN612/testingJSON/user195/user195.json,idx_28
waveOut,trainingSamples,raw_data/EMG-EPN612/testingJSON/user195/user195.json,idx_29
waveOut,trainingSamples,raw_data/EMG-EPN612/testingJSON/user195/user195.json,idx_30
waveOut,trainingSamples,raw_data/EMG-EPN612/testingJSON/user195/user195.json,idx_31
waveOut,trainingSamples,raw_data/EMG-EPN612/testingJSON/user195/user195.json,idx_32
waveOut,trainingSamples,raw_data/EMG-EPN612/testingJSON/user195/user195.json,idx_33
waveOut,trainingSamples,raw_data/EMG-EPN612/testingJSON/user195/user195.json,idx_34
waveOut,trainingSamples,raw_data/EMG-EPN612/testingJSON/user195/user195.json,idx_35
waveOut,trainingSamples,raw_data/EMG-EPN612/testingJSON/user195/user195.json,idx_36
waveOut,trainingSamples,raw_data/EMG-EPN612/testingJSON/user195/user195.json,idx_37
waveOut,trainingSamples,raw_data/EMG-EPN612/testingJSON/user195/user195.json,idx_38
waveOut,trainingSamples,raw_data/EMG-EPN612/testingJSON/user195/user195.json,idx_39
waveOut,trainingSamples,raw_data/EMG-EPN612/testingJSON/user195/user195.json,idx_40
waveOut,trainingSamples,raw_data/EMG-EPN612/testingJSON/user195/user195.json,idx_41
waveOut,trainingSamples,raw_data/EMG-EPN612/testingJSON/user195/user195.json,idx_42
waveOut,trainingSamples,raw_data/EMG-EPN612/testingJSON/user195/user195.json,idx_43
waveOut,trainingSamples,raw_data/EMG-EPN612/testingJSON/user195/user195.json,idx_44
waveOut,trainingSamples,raw_data/EMG-EPN612/testingJSON/user195/user195.json,idx_45
waveOut,trainingSamples,raw_data/EMG-EPN612/testingJSON/user195/user195.json,idx_46
waveOut,trainingSamples,raw_data/EMG-EPN612/testingJSON/user195/user195.json,idx_47
waveOut,trainingSamples,raw_data/EMG-EPN612/testingJSON/user195/user195.json,idx_48
waveOut,trainingSamples,raw_data/EMG-EPN612/testingJSON/user195/user195.json,idx_49
waveOut,trainingSamples,raw_data/EMG-EPN612/testingJSON/user195/user195.json,idx_50
pinch,trainingSamples,raw_data/EMG-EPN612/testingJSON/user195/user195.json,idx_51
pinch,trainingSamples,raw_data/EMG-EPN612/testingJSON/user195/user195.json,idx_52
pinch,trainingSamples,raw_data/EMG-EPN612/testingJSON/user195/user195.json,idx_53
pinch,trainingSamples,raw_data/EMG-EPN612/testingJSON/user195/user195.json,idx_54
pinch,trainingSamples,raw_data/EMG-EPN612/testingJSON/user195/user195.json,idx_55
pinch,trainingSamples,raw_data/EMG-EPN612/testingJSON/user195/user195.json,idx_56
pinch,trainingSamples,raw_data/EMG-EPN612/testingJSON/user195/user195.json,idx_57
pinch,trainingSamples,raw_data/EMG-EPN612/testingJSON/user195/user195.json,idx_58
pinch,trainingSamples,raw_data/EMG-EPN612/testingJSON/user195/user195.json,idx_59
pinch,trainingSamples,raw_data/EMG-EPN612/testingJSON/user195/user195.json,idx_60
pinch,trainingSamples,raw_data/EMG-EPN612/testingJSON/user195/user195.json,idx_61
pinch,trainingSamples,raw_data/EMG-EPN612/testingJSON/user195/user195.json,idx_62
pinch,trainingSamples,raw_data/EMG-EPN612/testingJSON/user195/user195.json,idx_63
pinch,trainingSamples,raw_data/EMG-EPN612/testingJSON/user195/user195.json,idx_64
pinch,trainingSamples,raw_data/EMG-EPN612/testingJSON/user195/user195.json,idx_65
pinch,trainingSamples,raw_data/EMG-EPN612/testingJSON/user195/user195.json,idx_66
pinch,trainingSamples,raw_data/EMG-EPN612/testingJSON/user195/user195.json,idx_67
pinch,trainingSamples,raw_data/EMG-EPN612/testingJSON/user195/user195.json,idx_68
pinch,trainingSamples,raw_data/EMG-EPN612/testingJSON/user195/user195.json,idx_69
pinch,trainingSamples,raw_data/EMG-EPN612/testingJSON/user195/user195.json,idx_70
pinch,trainingSamples,raw_data/EMG-EPN612/testingJSON/user195/user195.json,idx_71
pinch,trainingSamples,raw_data/EMG-EPN612/testingJSON/user195/user195.json,idx_72
pinch,trainingSamples,raw_data/EMG-EPN612/testingJSON/user195/user195.json,idx_73
pinch,trainingSamples,raw_data/EMG-EPN612/testingJSON/user195/user195.json,idx_74
pinch,trainingSamples,raw_data/EMG-EPN612/testingJSON/user195/user195.json,idx_75
fist,trainingSamples,raw_data/EMG-EPN612/testingJSON/user195/user195.json,idx_76
fist,trainingSamples,raw_data/EMG-EPN612/testingJSON/user195/user195.json,idx_77
fist,trainingSamples,raw_data/EMG-EPN612/testingJSON/user195/user195.json,idx_78
fist,trainingSamples,raw_data/EMG-EPN612/testingJSON/user195/user195.json,idx_79
fist,trainingSamples,raw_data/EMG-EPN612/testingJSON/user195/user195.json,idx_80
fist,trainingSamples,raw_data/EMG-EPN612/testingJSON/user195/user195.json,idx_81
fist,trainingSamples,raw_data/EMG-EPN612/testingJSON/user195/user195.json,idx_82
fist,trainingSamples,raw_data/EMG-EPN612/testingJSON/user195/user195.json,idx_83
fist,trainingSamples,raw_data/EMG-EPN612/testingJSON/user195/user195.json,idx_84
fist,trainingSamples,raw_data/EMG-EPN612/testingJSON/user195/user195.json,idx_85
fist,trainingSamples,raw_data/EMG-EPN612/testingJSON/user195/user195.json,idx_86
fist,trainingSamples,raw_data/EMG-EPN612/testingJSON/user195/user195.json,idx_87
fist,trainingSamples,raw_data/EMG-EPN612/testingJSON/user195/user195.json,idx_88
fist,trainingSamples,raw_data/EMG-EPN612/testingJSON/user195/user195.json,idx_89
fist,trainingSamples,raw_data/EMG-EPN612/testingJSON/user195/user195.json,idx_90
fist,trainingSamples,raw_data/EMG-EPN612/testingJSON/user195/user195.json,idx_91
fist,trainingSamples,raw_data/EMG-EPN612/testingJSON/user195/user195.json,idx_92
fist,trainingSamples,raw_data/EMG-EPN612/testingJSON/user195/user195.json,idx_93
fist,trainingSamples,raw_data/EMG-EPN612/testingJSON/user195/user195.json,idx_94
fist,trainingSamples,raw_data/EMG-EPN612/testingJSON/user195/user195.json,idx_95
fist,trainingSamples,raw_data/EMG-EPN612/testingJSON/user195/user195.json,idx_96
fist,trainingSamples,raw_data/EMG-EPN612/testingJSON/user195/user195.json,idx_97
fist,trainingSamples,raw_data/EMG-EPN612/testingJSON/user195/user195.json,idx_98
fist,trainingSamples,raw_data/EMG-EPN612/testingJSON/user195/user195.json,idx_99
fist,trainingSamples,raw_data/EMG-EPN612/testingJSON/user195/user195.json,idx_100
waveIn,trainingSamples,raw_data/EMG-EPN612/testingJSON/user195/user195.json,idx_101
waveIn,trainingSamples,raw_data/EMG-EPN612/testingJSON/user195/user195.json,idx_102
waveIn,trainingSamples,raw_data/EMG-EPN612/testingJSON/user195/user195.json,idx_103
waveIn,trainingSamples,raw_data/EMG-EPN612/testingJSON/user195/user195.json,idx_104
waveIn,trainingSamples,raw_data/EMG-EPN612/testingJSON/user195/user195.json,idx_105
waveIn,trainingSamples,raw_data/EMG-EPN612/testingJSON/user195/user195.json,idx_106
waveIn,trainingSamples,raw_data/EMG-EPN612/testingJSON/user195/user195.json,idx_107
waveIn,trainingSamples,raw_data/EMG-EPN612/testingJSON/user195/user195.json,idx_108
waveIn,trainingSamples,raw_data/EMG-EPN612/testingJSON/user195/user195.json,idx_109
waveIn,trainingSamples,raw_data/EMG-EPN612/testingJSON/user195/user195.json,idx_110
waveIn,trainingSamples,raw_data/EMG-EPN612/testingJSON/user195/user195.json,idx_111
waveIn,trainingSamples,raw_data/EMG-EPN612/testingJSON/user195/user195.json,idx_112
waveIn,trainingSamples,raw_data/EMG-EPN612/testingJSON/user195/user195.json,idx_113
waveIn,trainingSamples,raw_data/EMG-EPN612/testingJSON/user195/user195.json,idx_114
waveIn,trainingSamples,raw_data/EMG-EPN612/testingJSON/user195/user195.json,idx_115
waveIn,trainingSamples,raw_data/EMG-EPN612/testingJSON/user195/user195.json,idx_116
waveIn,trainingSamples,raw_data/EMG-EPN612/testingJSON/user195/user195.json,idx_117
waveIn,trainingSamples,raw_data/EMG-EPN612/testingJSON/user195/user195.json,idx_118
waveIn,trainingSamples,raw_data/EMG-EPN612/testingJSON/user195/user195.json,idx_119
waveIn,trainingSamples,raw_data/EMG-EPN612/testingJSON/user195/user195.json,idx_120
waveIn,trainingSamples,raw_data/EMG-EPN612/testingJSON/user195/user195.json,idx_121
waveIn,trainingSamples,raw_data/EMG-EPN612/testingJSON/user195/user195.json,idx_122
waveIn,trainingSamples,raw_data/EMG-EPN612/testingJSON/user195/user195.json,idx_123
waveIn,trainingSamples,raw_data/EMG-EPN612/testingJSON/user195/user195.json,idx_124
waveIn,trainingSamples,raw_data/EMG-EPN612/testingJSON/user195/user195.json,idx_125
open,trainingSamples,raw_data/EMG-EPN612/testingJSON/user195/user195.json,idx_126
open,trainingSamples,raw_data/EMG-EPN612/testingJSON/user195/user195.json,idx_127
open,trainingSamples,raw_data/EMG-EPN612/testingJSON/user195/user195.json,idx_128
open,trainingSamples,raw_data/EMG-EPN612/testingJSON/user195/user195.json,idx_129
open,trainingSamples,raw_data/EMG-EPN612/testingJSON/user195/user195.json,idx_130
open,trainingSamples,raw_data/EMG-EPN612/testingJSON/user195/user195.json,idx_131
open,trainingSamples,raw_data/EMG-EPN612/testingJSON/user195/user195.json,idx_132
open,trainingSamples,raw_data/EMG-EPN612/testingJSON/user195/user195.json,idx_133
open,trainingSamples,raw_data/EMG-EPN612/testingJSON/user195/user195.json,idx_134
open,trainingSamples,raw_data/EMG-EPN612/testingJSON/user195/user195.json,idx_135
open,trainingSamples,raw_data/EMG-EPN612/testingJSON/user195/user195.json,idx_136
open,trainingSamples,raw_data/EMG-EPN612/testingJSON/user195/user195.json,idx_137
open,trainingSamples,raw_data/EMG-EPN612/testingJSON/user195/user195.json,idx_138
open,trainingSamples,raw_data/EMG-EPN612/testingJSON/user195/user195.json,idx_139
open,trainingSamples,raw_data/EMG-EPN612/testingJSON/user195/user195.json,idx_140
open,trainingSamples,raw_data/EMG-EPN612/testingJSON/user195/user195.json,idx_141
open,trainingSamples,raw_data/EMG-EPN612/testingJSON/user195/user195.json,idx_142
open,trainingSamples,raw_data/EMG-EPN612/testingJSON/user195/user195.json,idx_143
open,trainingSamples,raw_data/EMG-EPN612/testingJSON/user195/user195.json,idx_144
open,trainingSamples,raw_data/EMG-EPN612/testingJSON/user195/user195.json,idx_145
open,trainingSamples,raw_data/EMG-EPN612/testingJSON/user195/user195.json,idx_146
open,trainingSamples,raw_data/EMG-EPN612/testingJSON/user195/user195.json,idx_147
open,trainingSamples,raw_data/EMG-EPN612/testingJSON/user195/user195.json,idx_148
open,trainingSamples,raw_data/EMG-EPN612/testingJSON/user195/user195.json,idx_149
open,trainingSamples,raw_data/EMG-EPN612/testingJSON/user195/user195.json,idx_150
noGesture,trainingSamples,raw_data/EMG-EPN612/testingJSON/user196/user196.json,idx_1
noGesture,trainingSamples,raw_data/EMG-EPN612/testingJSON/user196/user196.json,idx_2
noGesture,trainingSamples,raw_data/EMG-EPN612/testingJSON/user196/user196.json,idx_3
noGesture,trainingSamples,raw_data/EMG-EPN612/testingJSON/user196/user196.json,idx_4
noGesture,trainingSamples,raw_data/EMG-EPN612/testingJSON/user196/user196.json,idx_5
noGesture,trainingSamples,raw_data/EMG-EPN612/testingJSON/user196/user196.json,idx_6
noGesture,trainingSamples,raw_data/EMG-EPN612/testingJSON/user196/user196.json,idx_7
noGesture,trainingSamples,raw_data/EMG-EPN612/testingJSON/user196/user196.json,idx_8
noGesture,trainingSamples,raw_data/EMG-EPN612/testingJSON/user196/user196.json,idx_9
noGesture,trainingSamples,raw_data/EMG-EPN612/testingJSON/user196/user196.json,idx_10
noGesture,trainingSamples,raw_data/EMG-EPN612/testingJSON/user196/user196.json,idx_11
noGesture,trainingSamples,raw_data/EMG-EPN612/testingJSON/user196/user196.json,idx_12
noGesture,trainingSamples,raw_data/EMG-EPN612/testingJSON/user196/user196.json,idx_13
noGesture,trainingSamples,raw_data/EMG-EPN612/testingJSON/user196/user196.json,idx_14
noGesture,trainingSamples,raw_data/EMG-EPN612/testingJSON/user196/user196.json,idx_15
noGesture,trainingSamples,raw_data/EMG-EPN612/testingJSON/user196/user196.json,idx_16
noGesture,trainingSamples,raw_data/EMG-EPN612/testingJSON/user196/user196.json,idx_17
noGesture,trainingSamples,raw_data/EMG-EPN612/testingJSON/user196/user196.json,idx_18
noGesture,trainingSamples,raw_data/EMG-EPN612/testingJSON/user196/user196.json,idx_19
noGesture,trainingSamples,raw_data/EMG-EPN612/testingJSON/user196/user196.json,idx_20
noGesture,trainingSamples,raw_data/EMG-EPN612/testingJSON/user196/user196.json,idx_21
noGesture,trainingSamples,raw_data/EMG-EPN612/testingJSON/user196/user196.json,idx_22
noGesture,trainingSamples,raw_data/EMG-EPN612/testingJSON/user196/user196.json,idx_23
noGesture,trainingSamples,raw_data/EMG-EPN612/testingJSON/user196/user196.json,idx_24
noGesture,trainingSamples,raw_data/EMG-EPN612/testingJSON/user196/user196.json,idx_25
waveOut,trainingSamples,raw_data/EMG-EPN612/testingJSON/user196/user196.json,idx_26
waveOut,trainingSamples,raw_data/EMG-EPN612/testingJSON/user196/user196.json,idx_27
waveOut,trainingSamples,raw_data/EMG-EPN612/testingJSON/user196/user196.json,idx_28
waveOut,trainingSamples,raw_data/EMG-EPN612/testingJSON/user196/user196.json,idx_29
waveOut,trainingSamples,raw_data/EMG-EPN612/testingJSON/user196/user196.json,idx_30
waveOut,trainingSamples,raw_data/EMG-EPN612/testingJSON/user196/user196.json,idx_31
waveOut,trainingSamples,raw_data/EMG-EPN612/testingJSON/user196/user196.json,idx_32
waveOut,trainingSamples,raw_data/EMG-EPN612/testingJSON/user196/user196.json,idx_33
waveOut,trainingSamples,raw_data/EMG-EPN612/testingJSON/user196/user196.json,idx_34
waveOut,trainingSamples,raw_data/EMG-EPN612/testingJSON/user196/user196.json,idx_35
waveOut,trainingSamples,raw_data/EMG-EPN612/testingJSON/user196/user196.json,idx_36
waveOut,trainingSamples,raw_data/EMG-EPN612/testingJSON/user196/user196.json,idx_37
waveOut,trainingSamples,raw_data/EMG-EPN612/testingJSON/user196/user196.json,idx_38
waveOut,trainingSamples,raw_data/EMG-EPN612/testingJSON/user196/user196.json,idx_39
waveOut,trainingSamples,raw_data/EMG-EPN612/testingJSON/user196/user196.json,idx_40
waveOut,trainingSamples,raw_data/EMG-EPN612/testingJSON/user196/user196.json,idx_41
waveOut,trainingSamples,raw_data/EMG-EPN612/testingJSON/user196/user196.json,idx_42
waveOut,trainingSamples,raw_data/EMG-EPN612/testingJSON/user196/user196.json,idx_43
waveOut,trainingSamples,raw_data/EMG-EPN612/testingJSON/user196/user196.json,idx_44
waveOut,trainingSamples,raw_data/EMG-EPN612/testingJSON/user196/user196.json,idx_45
waveOut,trainingSamples,raw_data/EMG-EPN612/testingJSON/user196/user196.json,idx_46
waveOut,trainingSamples,raw_data/EMG-EPN612/testingJSON/user196/user196.json,idx_47
waveOut,trainingSamples,raw_data/EMG-EPN612/testingJSON/user196/user196.json,idx_48
waveOut,trainingSamples,raw_data/EMG-EPN612/testingJSON/user196/user196.json,idx_49
waveOut,trainingSamples,raw_data/EMG-EPN612/testingJSON/user196/user196.json,idx_50
pinch,trainingSamples,raw_data/EMG-EPN612/testingJSON/user196/user196.json,idx_51
pinch,trainingSamples,raw_data/EMG-EPN612/testingJSON/user196/user196.json,idx_52
pinch,trainingSamples,raw_data/EMG-EPN612/testingJSON/user196/user196.json,idx_53
pinch,trainingSamples,raw_data/EMG-EPN612/testingJSON/user196/user196.json,idx_54
pinch,trainingSamples,raw_data/EMG-EPN612/testingJSON/user196/user196.json,idx_55
pinch,trainingSamples,raw_data/EMG-EPN612/testingJSON/user196/user196.json,idx_56
pinch,trainingSamples,raw_data/EMG-EPN612/testingJSON/user196/user196.json,idx_57
pinch,trainingSamples,raw_data/EMG-EPN612/testingJSON/user196/user196.json,idx_58
pinch,trainingSamples,raw_data/EMG-EPN612/testingJSON/user196/user196.json,idx_59
pinch,trainingSamples,raw_data/EMG-EPN612/testingJSON/user196/user196.json,idx_60
pinch,trainingSamples,raw_data/EMG-EPN612/testingJSON/user196/user196.json,idx_61
pinch,trainingSamples,raw_data/EMG-EPN612/testingJSON/user196/user196.json,idx_62
pinch,trainingSamples,raw_data/EMG-EPN612/testingJSON/user196/user196.json,idx_63
pinch,trainingSamples,raw_data/EMG-EPN612/testingJSON/user196/user196.json,idx_64
pinch,trainingSamples,raw_data/EMG-EPN612/testingJSON/user196/user196.json,idx_65
pinch,trainingSamples,raw_data/EMG-EPN612/testingJSON/user196/user196.json,idx_66
pinch,trainingSamples,raw_data/EMG-EPN612/testingJSON/user196/user196.json,idx_67
pinch,trainingSamples,raw_data/EMG-EPN612/testingJSON/user196/user196.json,idx_68
pinch,trainingSamples,raw_data/EMG-EPN612/testingJSON/user196/user196.json,idx_69
pinch,trainingSamples,raw_data/EMG-EPN612/testingJSON/user196/user196.json,idx_70
pinch,trainingSamples,raw_data/EMG-EPN612/testingJSON/user196/user196.json,idx_71
pinch,trainingSamples,raw_data/EMG-EPN612/testingJSON/user196/user196.json,idx_72
pinch,trainingSamples,raw_data/EMG-EPN612/testingJSON/user196/user196.json,idx_73
pinch,trainingSamples,raw_data/EMG-EPN612/testingJSON/user196/user196.json,idx_74
pinch,trainingSamples,raw_data/EMG-EPN612/testingJSON/user196/user196.json,idx_75
fist,trainingSamples,raw_data/EMG-EPN612/testingJSON/user196/user196.json,idx_76
fist,trainingSamples,raw_data/EMG-EPN612/testingJSON/user196/user196.json,idx_77
fist,trainingSamples,raw_data/EMG-EPN612/testingJSON/user196/user196.json,idx_78
fist,trainingSamples,raw_data/EMG-EPN612/testingJSON/user196/user196.json,idx_79
fist,trainingSamples,raw_data/EMG-EPN612/testingJSON/user196/user196.json,idx_80
fist,trainingSamples,raw_data/EMG-EPN612/testingJSON/user196/user196.json,idx_81
fist,trainingSamples,raw_data/EMG-EPN612/testingJSON/user196/user196.json,idx_82
fist,trainingSamples,raw_data/EMG-EPN612/testingJSON/user196/user196.json,idx_83
fist,trainingSamples,raw_data/EMG-EPN612/testingJSON/user196/user196.json,idx_84
fist,trainingSamples,raw_data/EMG-EPN612/testingJSON/user196/user196.json,idx_85
fist,trainingSamples,raw_data/EMG-EPN612/testingJSON/user196/user196.json,idx_86
fist,trainingSamples,raw_data/EMG-EPN612/testingJSON/user196/user196.json,idx_87
fist,trainingSamples,raw_data/EMG-EPN612/testingJSON/user196/user196.json,idx_88
fist,trainingSamples,raw_data/EMG-EPN612/testingJSON/user196/user196.json,idx_89
fist,trainingSamples,raw_data/EMG-EPN612/testingJSON/user196/user196.json,idx_90
fist,trainingSamples,raw_data/EMG-EPN612/testingJSON/user196/user196.json,idx_91
fist,trainingSamples,raw_data/EMG-EPN612/testingJSON/user196/user196.json,idx_92
fist,trainingSamples,raw_data/EMG-EPN612/testingJSON/user196/user196.json,idx_93
fist,trainingSamples,raw_data/EMG-EPN612/testingJSON/user196/user196.json,idx_94
fist,trainingSamples,raw_data/EMG-EPN612/testingJSON/user196/user196.json,idx_95
fist,trainingSamples,raw_data/EMG-EPN612/testingJSON/user196/user196.json,idx_96
fist,trainingSamples,raw_data/EMG-EPN612/testingJSON/user196/user196.json,idx_97
fist,trainingSamples,raw_data/EMG-EPN612/testingJSON/user196/user196.json,idx_98
fist,trainingSamples,raw_data/EMG-EPN612/testingJSON/user196/user196.json,idx_99
fist,trainingSamples,raw_data/EMG-EPN612/testingJSON/user196/user196.json,idx_100
waveIn,trainingSamples,raw_data/EMG-EPN612/testingJSON/user196/user196.json,idx_101
waveIn,trainingSamples,raw_data/EMG-EPN612/testingJSON/user196/user196.json,idx_102
waveIn,trainingSamples,raw_data/EMG-EPN612/testingJSON/user196/user196.json,idx_103
waveIn,trainingSamples,raw_data/EMG-EPN612/testingJSON/user196/user196.json,idx_104
waveIn,trainingSamples,raw_data/EMG-EPN612/testingJSON/user196/user196.json,idx_105
waveIn,trainingSamples,raw_data/EMG-EPN612/testingJSON/user196/user196.json,idx_106
waveIn,trainingSamples,raw_data/EMG-EPN612/testingJSON/user196/user196.json,idx_107
waveIn,trainingSamples,raw_data/EMG-EPN612/testingJSON/user196/user196.json,idx_108
waveIn,trainingSamples,raw_data/EMG-EPN612/testingJSON/user196/user196.json,idx_109
waveIn,trainingSamples,raw_data/EMG-EPN612/testingJSON/user196/user196.json,idx_110
waveIn,trainingSamples,raw_data/EMG-EPN612/testingJSON/user196/user196.json,idx_111
waveIn,trainingSamples,raw_data/EMG-EPN612/testingJSON/user196/user196.json,idx_112
waveIn,trainingSamples,raw_data/EMG-EPN612/testingJSON/user196/user196.json,idx_113
waveIn,trainingSamples,raw_data/EMG-EPN612/testingJSON/user196/user196.json,idx_114
waveIn,trainingSamples,raw_data/EMG-EPN612/testingJSON/user196/user196.json,idx_115
waveIn,trainingSamples,raw_data/EMG-EPN612/testingJSON/user196/user196.json,idx_116
waveIn,trainingSamples,raw_data/EMG-EPN612/testingJSON/user196/user196.json,idx_117
waveIn,trainingSamples,raw_data/EMG-EPN612/testingJSON/user196/user196.json,idx_118
waveIn,trainingSamples,raw_data/EMG-EPN612/testingJSON/user196/user196.json,idx_119
waveIn,trainingSamples,raw_data/EMG-EPN612/testingJSON/user196/user196.json,idx_120
waveIn,trainingSamples,raw_data/EMG-EPN612/testingJSON/user196/user196.json,idx_121
waveIn,trainingSamples,raw_data/EMG-EPN612/testingJSON/user196/user196.json,idx_122
waveIn,trainingSamples,raw_data/EMG-EPN612/testingJSON/user196/user196.json,idx_123
waveIn,trainingSamples,raw_data/EMG-EPN612/testingJSON/user196/user196.json,idx_124
waveIn,trainingSamples,raw_data/EMG-EPN612/testingJSON/user196/user196.json,idx_125
open,trainingSamples,raw_data/EMG-EPN612/testingJSON/user196/user196.json,idx_126
open,trainingSamples,raw_data/EMG-EPN612/testingJSON/user196/user196.json,idx_127
open,trainingSamples,raw_data/EMG-EPN612/testingJSON/user196/user196.json,idx_128
open,trainingSamples,raw_data/EMG-EPN612/testingJSON/user196/user196.json,idx_129
open,trainingSamples,raw_data/EMG-EPN612/testingJSON/user196/user196.json,idx_130
open,trainingSamples,raw_data/EMG-EPN612/testingJSON/user196/user196.json,idx_131
open,trainingSamples,raw_data/EMG-EPN612/testingJSON/user196/user196.json,idx_132
open,trainingSamples,raw_data/EMG-EPN612/testingJSON/user196/user196.json,idx_133
open,trainingSamples,raw_data/EMG-EPN612/testingJSON/user196/user196.json,idx_134
open,trainingSamples,raw_data/EMG-EPN612/testingJSON/user196/user196.json,idx_135
open,trainingSamples,raw_data/EMG-EPN612/testingJSON/user196/user196.json,idx_136
open,trainingSamples,raw_data/EMG-EPN612/testingJSON/user196/user196.json,idx_137
open,trainingSamples,raw_data/EMG-EPN612/testingJSON/user196/user196.json,idx_138
open,trainingSamples,raw_data/EMG-EPN612/testingJSON/user196/user196.json,idx_139
open,trainingSamples,raw_data/EMG-EPN612/testingJSON/user196/user196.json,idx_140
open,trainingSamples,raw_data/EMG-EPN612/testingJSON/user196/user196.json,idx_141
open,trainingSamples,raw_data/EMG-EPN612/testingJSON/user196/user196.json,idx_142
open,trainingSamples,raw_data/EMG-EPN612/testingJSON/user196/user196.json,idx_143
open,trainingSamples,raw_data/EMG-EPN612/testingJSON/user196/user196.json,idx_144
open,trainingSamples,raw_data/EMG-EPN612/testingJSON/user196/user196.json,idx_145
open,trainingSamples,raw_data/EMG-EPN612/testingJSON/user196/user196.json,idx_146
open,trainingSamples,raw_data/EMG-EPN612/testingJSON/user196/user196.json,idx_147
open,trainingSamples,raw_data/EMG-EPN612/testingJSON/user196/user196.json,idx_148
open,trainingSamples,raw_data/EMG-EPN612/testingJSON/user196/user196.json,idx_149
open,trainingSamples,raw_data/EMG-EPN612/testingJSON/user196/user196.json,idx_150
noGesture,trainingSamples,raw_data/EMG-EPN612/testingJSON/user197/user197.json,idx_1
noGesture,trainingSamples,raw_data/EMG-EPN612/testingJSON/user197/user197.json,idx_2
noGesture,trainingSamples,raw_data/EMG-EPN612/testingJSON/user197/user197.json,idx_3
noGesture,trainingSamples,raw_data/EMG-EPN612/testingJSON/user197/user197.json,idx_4
noGesture,trainingSamples,raw_data/EMG-EPN612/testingJSON/user197/user197.json,idx_5
noGesture,trainingSamples,raw_data/EMG-EPN612/testingJSON/user197/user197.json,idx_6
noGesture,trainingSamples,raw_data/EMG-EPN612/testingJSON/user197/user197.json,idx_7
noGesture,trainingSamples,raw_data/EMG-EPN612/testingJSON/user197/user197.json,idx_8
noGesture,trainingSamples,raw_data/EMG-EPN612/testingJSON/user197/user197.json,idx_9
noGesture,trainingSamples,raw_data/EMG-EPN612/testingJSON/user197/user197.json,idx_10
noGesture,trainingSamples,raw_data/EMG-EPN612/testingJSON/user197/user197.json,idx_11
noGesture,trainingSamples,raw_data/EMG-EPN612/testingJSON/user197/user197.json,idx_12
noGesture,trainingSamples,raw_data/EMG-EPN612/testingJSON/user197/user197.json,idx_13
noGesture,trainingSamples,raw_data/EMG-EPN612/testingJSON/user197/user197.json,idx_14
noGesture,trainingSamples,raw_data/EMG-EPN612/testingJSON/user197/user197.json,idx_15
noGesture,trainingSamples,raw_data/EMG-EPN612/testingJSON/user197/user197.json,idx_16
noGesture,trainingSamples,raw_data/EMG-EPN612/testingJSON/user197/user197.json,idx_17
noGesture,trainingSamples,raw_data/EMG-EPN612/testingJSON/user197/user197.json,idx_18
noGesture,trainingSamples,raw_data/EMG-EPN612/testingJSON/user197/user197.json,idx_19
noGesture,trainingSamples,raw_data/EMG-EPN612/testingJSON/user197/user197.json,idx_20
noGesture,trainingSamples,raw_data/EMG-EPN612/testingJSON/user197/user197.json,idx_21
noGesture,trainingSamples,raw_data/EMG-EPN612/testingJSON/user197/user197.json,idx_22
noGesture,trainingSamples,raw_data/EMG-EPN612/testingJSON/user197/user197.json,idx_23
noGesture,trainingSamples,raw_data/EMG-EPN612/testingJSON/user197/user197.json,idx_24
noGesture,trainingSamples,raw_data/EMG-EPN612/testingJSON/user197/user197.json,idx_25
waveOut,trainingSamples,raw_data/EMG-EPN612/testingJSON/user197/user197.json,idx_26
waveOut,trainingSamples,raw_data/EMG-EPN612/testingJSON/user197/user197.json,idx_27
waveOut,trainingSamples,raw_data/EMG-EPN612/testingJSON/user197/user197.json,idx_28
waveOut,trainingSamples,raw_data/EMG-EPN612/testingJSON/user197/user197.json,idx_29
waveOut,trainingSamples,raw_data/EMG-EPN612/testingJSON/user197/user197.json,idx_30
waveOut,trainingSamples,raw_data/EMG-EPN612/testingJSON/user197/user197.json,idx_31
waveOut,trainingSamples,raw_data/EMG-EPN612/testingJSON/user197/user197.json,idx_32
waveOut,trainingSamples,raw_data/EMG-EPN612/testingJSON/user197/user197.json,idx_33
waveOut,trainingSamples,raw_data/EMG-EPN612/testingJSON/user197/user197.json,idx_34
waveOut,trainingSamples,raw_data/EMG-EPN612/testingJSON/user197/user197.json,idx_35
waveOut,trainingSamples,raw_data/EMG-EPN612/testingJSON/user197/user197.json,idx_36
waveOut,trainingSamples,raw_data/EMG-EPN612/testingJSON/user197/user197.json,idx_37
waveOut,trainingSamples,raw_data/EMG-EPN612/testingJSON/user197/user197.json,idx_38
waveOut,trainingSamples,raw_data/EMG-EPN612/testingJSON/user197/user197.json,idx_39
waveOut,trainingSamples,raw_data/EMG-EPN612/testingJSON/user197/user197.json,idx_40
waveOut,trainingSamples,raw_data/EMG-EPN612/testingJSON/user197/user197.json,idx_41
waveOut,trainingSamples,raw_data/EMG-EPN612/testingJSON/user197/user197.json,idx_42
waveOut,trainingSamples,raw_data/EMG-EPN612/testingJSON/user197/user197.json,idx_43
waveOut,trainingSamples,raw_data/EMG-EPN612/testingJSON/user197/user197.json,idx_44
waveOut,trainingSamples,raw_data/EMG-EPN612/testingJSON/user197/user197.json,idx_45
waveOut,trainingSamples,raw_data/EMG-EPN612/testingJSON/user197/user197.json,idx_46
waveOut,trainingSamples,raw_data/EMG-EPN612/testingJSON/user197/user197.json,idx_47
waveOut,trainingSamples,raw_data/EMG-EPN612/testingJSON/user197/user197.json,idx_48
waveOut,trainingSamples,raw_data/EMG-EPN612/testingJSON/user197/user197.json,idx_49
waveOut,trainingSamples,raw_data/EMG-EPN612/testingJSON/user197/user197.json,idx_50
pinch,trainingSamples,raw_data/EMG-EPN612/testingJSON/user197/user197.json,idx_51
pinch,trainingSamples,raw_data/EMG-EPN612/testingJSON/user197/user197.json,idx_52
pinch,trainingSamples,raw_data/EMG-EPN612/testingJSON/user197/user197.json,idx_53
pinch,trainingSamples,raw_data/EMG-EPN612/testingJSON/user197/user197.json,idx_54
pinch,trainingSamples,raw_data/EMG-EPN612/testingJSON/user197/user197.json,idx_55
pinch,trainingSamples,raw_data/EMG-EPN612/testingJSON/user197/user197.json,idx_56
pinch,trainingSamples,raw_data/EMG-EPN612/testingJSON/user197/user197.json,idx_57
pinch,trainingSamples,raw_data/EMG-EPN612/testingJSON/user197/user197.json,idx_58
pinch,trainingSamples,raw_data/EMG-EPN612/testingJSON/user197/user197.json,idx_59
pinch,trainingSamples,raw_data/EMG-EPN612/testingJSON/user197/user197.json,idx_60
pinch,trainingSamples,raw_data/EMG-EPN612/testingJSON/user197/user197.json,idx_61
pinch,trainingSamples,raw_data/EMG-EPN612/testingJSON/user197/user197.json,idx_62
pinch,trainingSamples,raw_data/EMG-EPN612/testingJSON/user197/user197.json,idx_63
pinch,trainingSamples,raw_data/EMG-EPN612/testingJSON/user197/user197.json,idx_64
pinch,trainingSamples,raw_data/EMG-EPN612/testingJSON/user197/user197.json,idx_65
pinch,trainingSamples,raw_data/EMG-EPN612/testingJSON/user197/user197.json,idx_66
pinch,trainingSamples,raw_data/EMG-EPN612/testingJSON/user197/user197.json,idx_67
pinch,trainingSamples,raw_data/EMG-EPN612/testingJSON/user197/user197.json,idx_68
pinch,trainingSamples,raw_data/EMG-EPN612/testingJSON/user197/user197.json,idx_69
pinch,trainingSamples,raw_data/EMG-EPN612/testingJSON/user197/user197.json,idx_70
pinch,trainingSamples,raw_data/EMG-EPN612/testingJSON/user197/user197.json,idx_71
pinch,trainingSamples,raw_data/EMG-EPN612/testingJSON/user197/user197.json,idx_72
pinch,trainingSamples,raw_data/EMG-EPN612/testingJSON/user197/user197.json,idx_73
pinch,trainingSamples,raw_data/EMG-EPN612/testingJSON/user197/user197.json,idx_74
pinch,trainingSamples,raw_data/EMG-EPN612/testingJSON/user197/user197.json,idx_75
fist,trainingSamples,raw_data/EMG-EPN612/testingJSON/user197/user197.json,idx_76
fist,trainingSamples,raw_data/EMG-EPN612/testingJSON/user197/user197.json,idx_77
fist,trainingSamples,raw_data/EMG-EPN612/testingJSON/user197/user197.json,idx_78
fist,trainingSamples,raw_data/EMG-EPN612/testingJSON/user197/user197.json,idx_79
fist,trainingSamples,raw_data/EMG-EPN612/testingJSON/user197/user197.json,idx_80
fist,trainingSamples,raw_data/EMG-EPN612/testingJSON/user197/user197.json,idx_81
fist,trainingSamples,raw_data/EMG-EPN612/testingJSON/user197/user197.json,idx_82
fist,trainingSamples,raw_data/EMG-EPN612/testingJSON/user197/user197.json,idx_83
fist,trainingSamples,raw_data/EMG-EPN612/testingJSON/user197/user197.json,idx_84
fist,trainingSamples,raw_data/EMG-EPN612/testingJSON/user197/user197.json,idx_85
fist,trainingSamples,raw_data/EMG-EPN612/testingJSON/user197/user197.json,idx_86
fist,trainingSamples,raw_data/EMG-EPN612/testingJSON/user197/user197.json,idx_87
fist,trainingSamples,raw_data/EMG-EPN612/testingJSON/user197/user197.json,idx_88
fist,trainingSamples,raw_data/EMG-EPN612/testingJSON/user197/user197.json,idx_89
fist,trainingSamples,raw_data/EMG-EPN612/testingJSON/user197/user197.json,idx_90
fist,trainingSamples,raw_data/EMG-EPN612/testingJSON/user197/user197.json,idx_91
fist,trainingSamples,raw_data/EMG-EPN612/testingJSON/user197/user197.json,idx_92
fist,trainingSamples,raw_data/EMG-EPN612/testingJSON/user197/user197.json,idx_93
fist,trainingSamples,raw_data/EMG-EPN612/testingJSON/user197/user197.json,idx_94
fist,trainingSamples,raw_data/EMG-EPN612/testingJSON/user197/user197.json,idx_95
fist,trainingSamples,raw_data/EMG-EPN612/testingJSON/user197/user197.json,idx_96
fist,trainingSamples,raw_data/EMG-EPN612/testingJSON/user197/user197.json,idx_97
fist,trainingSamples,raw_data/EMG-EPN612/testingJSON/user197/user197.json,idx_98
fist,trainingSamples,raw_data/EMG-EPN612/testingJSON/user197/user197.json,idx_99
fist,trainingSamples,raw_data/EMG-EPN612/testingJSON/user197/user197.json,idx_100
waveIn,trainingSamples,raw_data/EMG-EPN612/testingJSON/user197/user197.json,idx_101
waveIn,trainingSamples,raw_data/EMG-EPN612/testingJSON/user197/user197.json,idx_102
waveIn,trainingSamples,raw_data/EMG-EPN612/testingJSON/user197/user197.json,idx_103
waveIn,trainingSamples,raw_data/EMG-EPN612/testingJSON/user197/user197.json,idx_104
waveIn,trainingSamples,raw_data/EMG-EPN612/testingJSON/user197/user197.json,idx_105
waveIn,trainingSamples,raw_data/EMG-EPN612/testingJSON/user197/user197.json,idx_106
waveIn,trainingSamples,raw_data/EMG-EPN612/testingJSON/user197/user197.json,idx_107
waveIn,trainingSamples,raw_data/EMG-EPN612/testingJSON/user197/user197.json,idx_108
waveIn,trainingSamples,raw_data/EMG-EPN612/testingJSON/user197/user197.json,idx_109
waveIn,trainingSamples,raw_data/EMG-EPN612/testingJSON/user197/user197.json,idx_110
waveIn,trainingSamples,raw_data/EMG-EPN612/testingJSON/user197/user197.json,idx_111
waveIn,trainingSamples,raw_data/EMG-EPN612/testingJSON/user197/user197.json,idx_112
waveIn,trainingSamples,raw_data/EMG-EPN612/testingJSON/user197/user197.json,idx_113
waveIn,trainingSamples,raw_data/EMG-EPN612/testingJSON/user197/user197.json,idx_114
waveIn,trainingSamples,raw_data/EMG-EPN612/testingJSON/user197/user197.json,idx_115
waveIn,trainingSamples,raw_data/EMG-EPN612/testingJSON/user197/user197.json,idx_116
waveIn,trainingSamples,raw_data/EMG-EPN612/testingJSON/user197/user197.json,idx_117
waveIn,trainingSamples,raw_data/EMG-EPN612/testingJSON/user197/user197.json,idx_118
waveIn,trainingSamples,raw_data/EMG-EPN612/testingJSON/user197/user197.json,idx_119
waveIn,trainingSamples,raw_data/EMG-EPN612/testingJSON/user197/user197.json,idx_120
waveIn,trainingSamples,raw_data/EMG-EPN612/testingJSON/user197/user197.json,idx_121
waveIn,trainingSamples,raw_data/EMG-EPN612/testingJSON/user197/user197.json,idx_122
waveIn,trainingSamples,raw_data/EMG-EPN612/testingJSON/user197/user197.json,idx_123
waveIn,trainingSamples,raw_data/EMG-EPN612/testingJSON/user197/user197.json,idx_124
waveIn,trainingSamples,raw_data/EMG-EPN612/testingJSON/user197/user197.json,idx_125
open,trainingSamples,raw_data/EMG-EPN612/testingJSON/user197/user197.json,idx_126
open,trainingSamples,raw_data/EMG-EPN612/testingJSON/user197/user197.json,idx_127
open,trainingSamples,raw_data/EMG-EPN612/testingJSON/user197/user197.json,idx_128
open,trainingSamples,raw_data/EMG-EPN612/testingJSON/user197/user197.json,idx_129
open,trainingSamples,raw_data/EMG-EPN612/testingJSON/user197/user197.json,idx_130
open,trainingSamples,raw_data/EMG-EPN612/testingJSON/user197/user197.json,idx_131
open,trainingSamples,raw_data/EMG-EPN612/testingJSON/user197/user197.json,idx_132
open,trainingSamples,raw_data/EMG-EPN612/testingJSON/user197/user197.json,idx_133
open,trainingSamples,raw_data/EMG-EPN612/testingJSON/user197/user197.json,idx_134
open,trainingSamples,raw_data/EMG-EPN612/testingJSON/user197/user197.json,idx_135
open,trainingSamples,raw_data/EMG-EPN612/testingJSON/user197/user197.json,idx_136
open,trainingSamples,raw_data/EMG-EPN612/testingJSON/user197/user197.json,idx_137
open,trainingSamples,raw_data/EMG-EPN612/testingJSON/user197/user197.json,idx_138
open,trainingSamples,raw_data/EMG-EPN612/testingJSON/user197/user197.json,idx_139
open,trainingSamples,raw_data/EMG-EPN612/testingJSON/user197/user197.json,idx_140
open,trainingSamples,raw_data/EMG-EPN612/testingJSON/user197/user197.json,idx_141
open,trainingSamples,raw_data/EMG-EPN612/testingJSON/user197/user197.json,idx_142
open,trainingSamples,raw_data/EMG-EPN612/testingJSON/user197/user197.json,idx_143
open,trainingSamples,raw_data/EMG-EPN612/testingJSON/user197/user197.json,idx_144
open,trainingSamples,raw_data/EMG-EPN612/testingJSON/user197/user197.json,idx_145
open,trainingSamples,raw_data/EMG-EPN612/testingJSON/user197/user197.json,idx_146
open,trainingSamples,raw_data/EMG-EPN612/testingJSON/user197/user197.json,idx_147
open,trainingSamples,raw_data/EMG-EPN612/testingJSON/user197/user197.json,idx_148
open,trainingSamples,raw_data/EMG-EPN612/testingJSON/user197/user197.json,idx_149
open,trainingSamples,raw_data/EMG-EPN612/testingJSON/user197/user197.json,idx_150
noGesture,trainingSamples,raw_data/EMG-EPN612/testingJSON/user198/user198.json,idx_1
noGesture,trainingSamples,raw_data/EMG-EPN612/testingJSON/user198/user198.json,idx_2
noGesture,trainingSamples,raw_data/EMG-EPN612/testingJSON/user198/user198.json,idx_3
noGesture,trainingSamples,raw_data/EMG-EPN612/testingJSON/user198/user198.json,idx_4
noGesture,trainingSamples,raw_data/EMG-EPN612/testingJSON/user198/user198.json,idx_5
noGesture,trainingSamples,raw_data/EMG-EPN612/testingJSON/user198/user198.json,idx_6
noGesture,trainingSamples,raw_data/EMG-EPN612/testingJSON/user198/user198.json,idx_7
noGesture,trainingSamples,raw_data/EMG-EPN612/testingJSON/user198/user198.json,idx_8
noGesture,trainingSamples,raw_data/EMG-EPN612/testingJSON/user198/user198.json,idx_9
noGesture,trainingSamples,raw_data/EMG-EPN612/testingJSON/user198/user198.json,idx_10
noGesture,trainingSamples,raw_data/EMG-EPN612/testingJSON/user198/user198.json,idx_11
noGesture,trainingSamples,raw_data/EMG-EPN612/testingJSON/user198/user198.json,idx_12
noGesture,trainingSamples,raw_data/EMG-EPN612/testingJSON/user198/user198.json,idx_13
noGesture,trainingSamples,raw_data/EMG-EPN612/testingJSON/user198/user198.json,idx_14
noGesture,trainingSamples,raw_data/EMG-EPN612/testingJSON/user198/user198.json,idx_15
noGesture,trainingSamples,raw_data/EMG-EPN612/testingJSON/user198/user198.json,idx_16
noGesture,trainingSamples,raw_data/EMG-EPN612/testingJSON/user198/user198.json,idx_17
noGesture,trainingSamples,raw_data/EMG-EPN612/testingJSON/user198/user198.json,idx_18
noGesture,trainingSamples,raw_data/EMG-EPN612/testingJSON/user198/user198.json,idx_19
noGesture,trainingSamples,raw_data/EMG-EPN612/testingJSON/user198/user198.json,idx_20
noGesture,trainingSamples,raw_data/EMG-EPN612/testingJSON/user198/user198.json,idx_21
noGesture,trainingSamples,raw_data/EMG-EPN612/testingJSON/user198/user198.json,idx_22
noGesture,trainingSamples,raw_data/EMG-EPN612/testingJSON/user198/user198.json,idx_23
noGesture,trainingSamples,raw_data/EMG-EPN612/testingJSON/user198/user198.json,idx_24
noGesture,trainingSamples,raw_data/EMG-EPN612/testingJSON/user198/user198.json,idx_25
waveOut,trainingSamples,raw_data/EMG-EPN612/testingJSON/user198/user198.json,idx_26
waveOut,trainingSamples,raw_data/EMG-EPN612/testingJSON/user198/user198.json,idx_27
waveOut,trainingSamples,raw_data/EMG-EPN612/testingJSON/user198/user198.json,idx_28
waveOut,trainingSamples,raw_data/EMG-EPN612/testingJSON/user198/user198.json,idx_29
waveOut,trainingSamples,raw_data/EMG-EPN612/testingJSON/user198/user198.json,idx_30
waveOut,trainingSamples,raw_data/EMG-EPN612/testingJSON/user198/user198.json,idx_31
waveOut,trainingSamples,raw_data/EMG-EPN612/testingJSON/user198/user198.json,idx_32
waveOut,trainingSamples,raw_data/EMG-EPN612/testingJSON/user198/user198.json,idx_33
waveOut,trainingSamples,raw_data/EMG-EPN612/testingJSON/user198/user198.json,idx_34
waveOut,trainingSamples,raw_data/EMG-EPN612/testingJSON/user198/user198.json,idx_35
waveOut,trainingSamples,raw_data/EMG-EPN612/testingJSON/user198/user198.json,idx_36
waveOut,trainingSamples,raw_data/EMG-EPN612/testingJSON/user198/user198.json,idx_37
waveOut,trainingSamples,raw_data/EMG-EPN612/testingJSON/user198/user198.json,idx_38
waveOut,trainingSamples,raw_data/EMG-EPN612/testingJSON/user198/user198.json,idx_39
waveOut,trainingSamples,raw_data/EMG-EPN612/testingJSON/user198/user198.json,idx_40
waveOut,trainingSamples,raw_data/EMG-EPN612/testingJSON/user198/user198.json,idx_41
waveOut,trainingSamples,raw_data/EMG-EPN612/testingJSON/user198/user198.json,idx_42
waveOut,trainingSamples,raw_data/EMG-EPN612/testingJSON/user198/user198.json,idx_43
waveOut,trainingSamples,raw_data/EMG-EPN612/testingJSON/user198/user198.json,idx_44
waveOut,trainingSamples,raw_data/EMG-EPN612/testingJSON/user198/user198.json,idx_45
waveOut,trainingSamples,raw_data/EMG-EPN612/testingJSON/user198/user198.json,idx_46
waveOut,trainingSamples,raw_data/EMG-EPN612/testingJSON/user198/user198.json,idx_47
waveOut,trainingSamples,raw_data/EMG-EPN612/testingJSON/user198/user198.json,idx_48
waveOut,trainingSamples,raw_data/EMG-EPN612/testingJSON/user198/user198.json,idx_49
waveOut,trainingSamples,raw_data/EMG-EPN612/testingJSON/user198/user198.json,idx_50
pinch,trainingSamples,raw_data/EMG-EPN612/testingJSON/user198/user198.json,idx_51
pinch,trainingSamples,raw_data/EMG-EPN612/testingJSON/user198/user198.json,idx_52
pinch,trainingSamples,raw_data/EMG-EPN612/testingJSON/user198/user198.json,idx_53
pinch,trainingSamples,raw_data/EMG-EPN612/testingJSON/user198/user198.json,idx_54
pinch,trainingSamples,raw_data/EMG-EPN612/testingJSON/user198/user198.json,idx_55
pinch,trainingSamples,raw_data/EMG-EPN612/testingJSON/user198/user198.json,idx_56
pinch,trainingSamples,raw_data/EMG-EPN612/testingJSON/user198/user198.json,idx_57
pinch,trainingSamples,raw_data/EMG-EPN612/testingJSON/user198/user198.json,idx_58
pinch,trainingSamples,raw_data/EMG-EPN612/testingJSON/user198/user198.json,idx_59
pinch,trainingSamples,raw_data/EMG-EPN612/testingJSON/user198/user198.json,idx_60
pinch,trainingSamples,raw_data/EMG-EPN612/testingJSON/user198/user198.json,idx_61
pinch,trainingSamples,raw_data/EMG-EPN612/testingJSON/user198/user198.json,idx_62
pinch,trainingSamples,raw_data/EMG-EPN612/testingJSON/user198/user198.json,idx_63
pinch,trainingSamples,raw_data/EMG-EPN612/testingJSON/user198/user198.json,idx_64
pinch,trainingSamples,raw_data/EMG-EPN612/testingJSON/user198/user198.json,idx_65
pinch,trainingSamples,raw_data/EMG-EPN612/testingJSON/user198/user198.json,idx_66
pinch,trainingSamples,raw_data/EMG-EPN612/testingJSON/user198/user198.json,idx_67
pinch,trainingSamples,raw_data/EMG-EPN612/testingJSON/user198/user198.json,idx_68
pinch,trainingSamples,raw_data/EMG-EPN612/testingJSON/user198/user198.json,idx_69
pinch,trainingSamples,raw_data/EMG-EPN612/testingJSON/user198/user198.json,idx_70
pinch,trainingSamples,raw_data/EMG-EPN612/testingJSON/user198/user198.json,idx_71
pinch,trainingSamples,raw_data/EMG-EPN612/testingJSON/user198/user198.json,idx_72
pinch,trainingSamples,raw_data/EMG-EPN612/testingJSON/user198/user198.json,idx_73
pinch,trainingSamples,raw_data/EMG-EPN612/testingJSON/user198/user198.json,idx_74
pinch,trainingSamples,raw_data/EMG-EPN612/testingJSON/user198/user198.json,idx_75
fist,trainingSamples,raw_data/EMG-EPN612/testingJSON/user198/user198.json,idx_76
fist,trainingSamples,raw_data/EMG-EPN612/testingJSON/user198/user198.json,idx_77
fist,trainingSamples,raw_data/EMG-EPN612/testingJSON/user198/user198.json,idx_78
fist,trainingSamples,raw_data/EMG-EPN612/testingJSON/user198/user198.json,idx_79
fist,trainingSamples,raw_data/EMG-EPN612/testingJSON/user198/user198.json,idx_80
fist,trainingSamples,raw_data/EMG-EPN612/testingJSON/user198/user198.json,idx_81
fist,trainingSamples,raw_data/EMG-EPN612/testingJSON/user198/user198.json,idx_82
fist,trainingSamples,raw_data/EMG-EPN612/testingJSON/user198/user198.json,idx_83
fist,trainingSamples,raw_data/EMG-EPN612/testingJSON/user198/user198.json,idx_84
fist,trainingSamples,raw_data/EMG-EPN612/testingJSON/user198/user198.json,idx_85
fist,trainingSamples,raw_data/EMG-EPN612/testingJSON/user198/user198.json,idx_86
fist,trainingSamples,raw_data/EMG-EPN612/testingJSON/user198/user198.json,idx_87
fist,trainingSamples,raw_data/EMG-EPN612/testingJSON/user198/user198.json,idx_88
fist,trainingSamples,raw_data/EMG-EPN612/testingJSON/user198/user198.json,idx_89
fist,trainingSamples,raw_data/EMG-EPN612/testingJSON/user198/user198.json,idx_90
fist,trainingSamples,raw_data/EMG-EPN612/testingJSON/user198/user198.json,idx_91
fist,trainingSamples,raw_data/EMG-EPN612/testingJSON/user198/user198.json,idx_92
fist,trainingSamples,raw_data/EMG-EPN612/testingJSON/user198/user198.json,idx_93
fist,trainingSamples,raw_data/EMG-EPN612/testingJSON/user198/user198.json,idx_94
fist,trainingSamples,raw_data/EMG-EPN612/testingJSON/user198/user198.json,idx_95
fist,trainingSamples,raw_data/EMG-EPN612/testingJSON/user198/user198.json,idx_96
fist,trainingSamples,raw_data/EMG-EPN612/testingJSON/user198/user198.json,idx_97
fist,trainingSamples,raw_data/EMG-EPN612/testingJSON/user198/user198.json,idx_98
fist,trainingSamples,raw_data/EMG-EPN612/testingJSON/user198/user198.json,idx_99
fist,trainingSamples,raw_data/EMG-EPN612/testingJSON/user198/user198.json,idx_100
waveIn,trainingSamples,raw_data/EMG-EPN612/testingJSON/user198/user198.json,idx_101
waveIn,trainingSamples,raw_data/EMG-EPN612/testingJSON/user198/user198.json,idx_102
waveIn,trainingSamples,raw_data/EMG-EPN612/testingJSON/user198/user198.json,idx_103
waveIn,trainingSamples,raw_data/EMG-EPN612/testingJSON/user198/user198.json,idx_104
waveIn,trainingSamples,raw_data/EMG-EPN612/testingJSON/user198/user198.json,idx_105
waveIn,trainingSamples,raw_data/EMG-EPN612/testingJSON/user198/user198.json,idx_106
waveIn,trainingSamples,raw_data/EMG-EPN612/testingJSON/user198/user198.json,idx_107
waveIn,trainingSamples,raw_data/EMG-EPN612/testingJSON/user198/user198.json,idx_108
waveIn,trainingSamples,raw_data/EMG-EPN612/testingJSON/user198/user198.json,idx_109
waveIn,trainingSamples,raw_data/EMG-EPN612/testingJSON/user198/user198.json,idx_110
waveIn,trainingSamples,raw_data/EMG-EPN612/testingJSON/user198/user198.json,idx_111
waveIn,trainingSamples,raw_data/EMG-EPN612/testingJSON/user198/user198.json,idx_112
waveIn,trainingSamples,raw_data/EMG-EPN612/testingJSON/user198/user198.json,idx_113
waveIn,trainingSamples,raw_data/EMG-EPN612/testingJSON/user198/user198.json,idx_114
waveIn,trainingSamples,raw_data/EMG-EPN612/testingJSON/user198/user198.json,idx_115
waveIn,trainingSamples,raw_data/EMG-EPN612/testingJSON/user198/user198.json,idx_116
waveIn,trainingSamples,raw_data/EMG-EPN612/testingJSON/user198/user198.json,idx_117
waveIn,trainingSamples,raw_data/EMG-EPN612/testingJSON/user198/user198.json,idx_118
waveIn,trainingSamples,raw_data/EMG-EPN612/testingJSON/user198/user198.json,idx_119
waveIn,trainingSamples,raw_data/EMG-EPN612/testingJSON/user198/user198.json,idx_120
waveIn,trainingSamples,raw_data/EMG-EPN612/testingJSON/user198/user198.json,idx_121
waveIn,trainingSamples,raw_data/EMG-EPN612/testingJSON/user198/user198.json,idx_122
waveIn,trainingSamples,raw_data/EMG-EPN612/testingJSON/user198/user198.json,idx_123
waveIn,trainingSamples,raw_data/EMG-EPN612/testingJSON/user198/user198.json,idx_124
waveIn,trainingSamples,raw_data/EMG-EPN612/testingJSON/user198/user198.json,idx_125
open,trainingSamples,raw_data/EMG-EPN612/testingJSON/user198/user198.json,idx_126
open,trainingSamples,raw_data/EMG-EPN612/testingJSON/user198/user198.json,idx_127
open,trainingSamples,raw_data/EMG-EPN612/testingJSON/user198/user198.json,idx_128
open,trainingSamples,raw_data/EMG-EPN612/testingJSON/user198/user198.json,idx_129
open,trainingSamples,raw_data/EMG-EPN612/testingJSON/user198/user198.json,idx_130
open,trainingSamples,raw_data/EMG-EPN612/testingJSON/user198/user198.json,idx_131
open,trainingSamples,raw_data/EMG-EPN612/testingJSON/user198/user198.json,idx_132
open,trainingSamples,raw_data/EMG-EPN612/testingJSON/user198/user198.json,idx_133
open,trainingSamples,raw_data/EMG-EPN612/testingJSON/user198/user198.json,idx_134
open,trainingSamples,raw_data/EMG-EPN612/testingJSON/user198/user198.json,idx_135
open,trainingSamples,raw_data/EMG-EPN612/testingJSON/user198/user198.json,idx_136
open,trainingSamples,raw_data/EMG-EPN612/testingJSON/user198/user198.json,idx_137
open,trainingSamples,raw_data/EMG-EPN612/testingJSON/user198/user198.json,idx_138
open,trainingSamples,raw_data/EMG-EPN612/testingJSON/user198/user198.json,idx_139
open,trainingSamples,raw_data/EMG-EPN612/testingJSON/user198/user198.json,idx_140
open,trainingSamples,raw_data/EMG-EPN612/testingJSON/user198/user198.json,idx_141
open,trainingSamples,raw_data/EMG-EPN612/testingJSON/user198/user198.json,idx_142
open,trainingSamples,raw_data/EMG-EPN612/testingJSON/user198/user198.json,idx_143
open,trainingSamples,raw_data/EMG-EPN612/testingJSON/user198/user198.json,idx_144
open,trainingSamples,raw_data/EMG-EPN612/testingJSON/user198/user198.json,idx_145
open,trainingSamples,raw_data/EMG-EPN612/testingJSON/user198/user198.json,idx_146
open,trainingSamples,raw_data/EMG-EPN612/testingJSON/user198/user198.json,idx_147
open,trainingSamples,raw_data/EMG-EPN612/testingJSON/user198/user198.json,idx_148
open,trainingSamples,raw_data/EMG-EPN612/testingJSON/user198/user198.json,idx_149
open,trainingSamples,raw_data/EMG-EPN612/testingJSON/user198/user198.json,idx_150
noGesture,trainingSamples,raw_data/EMG-EPN612/testingJSON/user199/user199.json,idx_1
noGesture,trainingSamples,raw_data/EMG-EPN612/testingJSON/user199/user199.json,idx_2
noGesture,trainingSamples,raw_data/EMG-EPN612/testingJSON/user199/user199.json,idx_3
noGesture,trainingSamples,raw_data/EMG-EPN612/testingJSON/user199/user199.json,idx_4
noGesture,trainingSamples,raw_data/EMG-EPN612/testingJSON/user199/user199.json,idx_5
noGesture,trainingSamples,raw_data/EMG-EPN612/testingJSON/user199/user199.json,idx_6
noGesture,trainingSamples,raw_data/EMG-EPN612/testingJSON/user199/user199.json,idx_7
noGesture,trainingSamples,raw_data/EMG-EPN612/testingJSON/user199/user199.json,idx_8
noGesture,trainingSamples,raw_data/EMG-EPN612/testingJSON/user199/user199.json,idx_9
noGesture,trainingSamples,raw_data/EMG-EPN612/testingJSON/user199/user199.json,idx_10
noGesture,trainingSamples,raw_data/EMG-EPN612/testingJSON/user199/user199.json,idx_11
noGesture,trainingSamples,raw_data/EMG-EPN612/testingJSON/user199/user199.json,idx_12
noGesture,trainingSamples,raw_data/EMG-EPN612/testingJSON/user199/user199.json,idx_13
noGesture,trainingSamples,raw_data/EMG-EPN612/testingJSON/user199/user199.json,idx_14
noGesture,trainingSamples,raw_data/EMG-EPN612/testingJSON/user199/user199.json,idx_15
noGesture,trainingSamples,raw_data/EMG-EPN612/testingJSON/user199/user199.json,idx_16
noGesture,trainingSamples,raw_data/EMG-EPN612/testingJSON/user199/user199.json,idx_17
noGesture,trainingSamples,raw_data/EMG-EPN612/testingJSON/user199/user199.json,idx_18
noGesture,trainingSamples,raw_data/EMG-EPN612/testingJSON/user199/user199.json,idx_19
noGesture,trainingSamples,raw_data/EMG-EPN612/testingJSON/user199/user199.json,idx_20
noGesture,trainingSamples,raw_data/EMG-EPN612/testingJSON/user199/user199.json,idx_21
noGesture,trainingSamples,raw_data/EMG-EPN612/testingJSON/user199/user199.json,idx_22
noGesture,trainingSamples,raw_data/EMG-EPN612/testingJSON/user199/user199.json,idx_23
noGesture,trainingSamples,raw_data/EMG-EPN612/testingJSON/user199/user199.json,idx_24
noGesture,trainingSamples,raw_data/EMG-EPN612/testingJSON/user199/user199.json,idx_25
pinch,trainingSamples,raw_data/EMG-EPN612/testingJSON/user199/user199.json,idx_26
pinch,trainingSamples,raw_data/EMG-EPN612/testingJSON/user199/user199.json,idx_27
pinch,trainingSamples,raw_data/EMG-EPN612/testingJSON/user199/user199.json,idx_28
pinch,trainingSamples,raw_data/EMG-EPN612/testingJSON/user199/user199.json,idx_29
pinch,trainingSamples,raw_data/EMG-EPN612/testingJSON/user199/user199.json,idx_30
pinch,trainingSamples,raw_data/EMG-EPN612/testingJSON/user199/user199.json,idx_31
pinch,trainingSamples,raw_data/EMG-EPN612/testingJSON/user199/user199.json,idx_32
pinch,trainingSamples,raw_data/EMG-EPN612/testingJSON/user199/user199.json,idx_33
pinch,trainingSamples,raw_data/EMG-EPN612/testingJSON/user199/user199.json,idx_34
pinch,trainingSamples,raw_data/EMG-EPN612/testingJSON/user199/user199.json,idx_35
pinch,trainingSamples,raw_data/EMG-EPN612/testingJSON/user199/user199.json,idx_36
pinch,trainingSamples,raw_data/EMG-EPN612/testingJSON/user199/user199.json,idx_37
pinch,trainingSamples,raw_data/EMG-EPN612/testingJSON/user199/user199.json,idx_38
pinch,trainingSamples,raw_data/EMG-EPN612/testingJSON/user199/user199.json,idx_39
pinch,trainingSamples,raw_data/EMG-EPN612/testingJSON/user199/user199.json,idx_40
pinch,trainingSamples,raw_data/EMG-EPN612/testingJSON/user199/user199.json,idx_41
pinch,trainingSamples,raw_data/EMG-EPN612/testingJSON/user199/user199.json,idx_42
pinch,trainingSamples,raw_data/EMG-EPN612/testingJSON/user199/user199.json,idx_43
pinch,trainingSamples,raw_data/EMG-EPN612/testingJSON/user199/user199.json,idx_44
pinch,trainingSamples,raw_data/EMG-EPN612/testingJSON/user199/user199.json,idx_45
pinch,trainingSamples,raw_data/EMG-EPN612/testingJSON/user199/user199.json,idx_46
pinch,trainingSamples,raw_data/EMG-EPN612/testingJSON/user199/user199.json,idx_47
pinch,trainingSamples,raw_data/EMG-EPN612/testingJSON/user199/user199.json,idx_48
pinch,trainingSamples,raw_data/EMG-EPN612/testingJSON/user199/user199.json,idx_49
pinch,trainingSamples,raw_data/EMG-EPN612/testingJSON/user199/user199.json,idx_50
waveOut,trainingSamples,raw_data/EMG-EPN612/testingJSON/user199/user199.json,idx_51
waveOut,trainingSamples,raw_data/EMG-EPN612/testingJSON/user199/user199.json,idx_52
waveOut,trainingSamples,raw_data/EMG-EPN612/testingJSON/user199/user199.json,idx_53
waveOut,trainingSamples,raw_data/EMG-EPN612/testingJSON/user199/user199.json,idx_54
waveOut,trainingSamples,raw_data/EMG-EPN612/testingJSON/user199/user199.json,idx_55
waveOut,trainingSamples,raw_data/EMG-EPN612/testingJSON/user199/user199.json,idx_56
waveOut,trainingSamples,raw_data/EMG-EPN612/testingJSON/user199/user199.json,idx_57
waveOut,trainingSamples,raw_data/EMG-EPN612/testingJSON/user199/user199.json,idx_58
waveOut,trainingSamples,raw_data/EMG-EPN612/testingJSON/user199/user199.json,idx_59
waveOut,trainingSamples,raw_data/EMG-EPN612/testingJSON/user199/user199.json,idx_60
waveOut,trainingSamples,raw_data/EMG-EPN612/testingJSON/user199/user199.json,idx_61
waveOut,trainingSamples,raw_data/EMG-EPN612/testingJSON/user199/user199.json,idx_62
waveOut,trainingSamples,raw_data/EMG-EPN612/testingJSON/user199/user199.json,idx_63
waveOut,trainingSamples,raw_data/EMG-EPN612/testingJSON/user199/user199.json,idx_64
waveOut,trainingSamples,raw_data/EMG-EPN612/testingJSON/user199/user199.json,idx_65
waveOut,trainingSamples,raw_data/EMG-EPN612/testingJSON/user199/user199.json,idx_66
waveOut,trainingSamples,raw_data/EMG-EPN612/testingJSON/user199/user199.json,idx_67
waveOut,trainingSamples,raw_data/EMG-EPN612/testingJSON/user199/user199.json,idx_68
waveOut,trainingSamples,raw_data/EMG-EPN612/testingJSON/user199/user199.json,idx_69
waveOut,trainingSamples,raw_data/EMG-EPN612/testingJSON/user199/user199.json,idx_70
waveOut,trainingSamples,raw_data/EMG-EPN612/testingJSON/user199/user199.json,idx_71
waveOut,trainingSamples,raw_data/EMG-EPN612/testingJSON/user199/user199.json,idx_72
waveOut,trainingSamples,raw_data/EMG-EPN612/testingJSON/user199/user199.json,idx_73
waveOut,trainingSamples,raw_data/EMG-EPN612/testingJSON/user199/user199.json,idx_74
waveOut,trainingSamples,raw_data/EMG-EPN612/testingJSON/user199/user199.json,idx_75
open,trainingSamples,raw_data/EMG-EPN612/testingJSON/user199/user199.json,idx_76
open,trainingSamples,raw_data/EMG-EPN612/testingJSON/user199/user199.json,idx_77
open,trainingSamples,raw_data/EMG-EPN612/testingJSON/user199/user199.json,idx_78
open,trainingSamples,raw_data/EMG-EPN612/testingJSON/user199/user199.json,idx_79
open,trainingSamples,raw_data/EMG-EPN612/testingJSON/user199/user199.json,idx_80
open,trainingSamples,raw_data/EMG-EPN612/testingJSON/user199/user199.json,idx_81
open,trainingSamples,raw_data/EMG-EPN612/testingJSON/user199/user199.json,idx_82
open,trainingSamples,raw_data/EMG-EPN612/testingJSON/user199/user199.json,idx_83
open,trainingSamples,raw_data/EMG-EPN612/testingJSON/user199/user199.json,idx_84
open,trainingSamples,raw_data/EMG-EPN612/testingJSON/user199/user199.json,idx_85
open,trainingSamples,raw_data/EMG-EPN612/testingJSON/user199/user199.json,idx_86
open,trainingSamples,raw_data/EMG-EPN612/testingJSON/user199/user199.json,idx_87
open,trainingSamples,raw_data/EMG-EPN612/testingJSON/user199/user199.json,idx_88
open,trainingSamples,raw_data/EMG-EPN612/testingJSON/user199/user199.json,idx_89
open,trainingSamples,raw_data/EMG-EPN612/testingJSON/user199/user199.json,idx_90
open,trainingSamples,raw_data/EMG-EPN612/testingJSON/user199/user199.json,idx_91
open,trainingSamples,raw_data/EMG-EPN612/testingJSON/user199/user199.json,idx_92
open,trainingSamples,raw_data/EMG-EPN612/testingJSON/user199/user199.json,idx_93
open,trainingSamples,raw_data/EMG-EPN612/testingJSON/user199/user199.json,idx_94
open,trainingSamples,raw_data/EMG-EPN612/testingJSON/user199/user199.json,idx_95
open,trainingSamples,raw_data/EMG-EPN612/testingJSON/user199/user199.json,idx_96
open,trainingSamples,raw_data/EMG-EPN612/testingJSON/user199/user199.json,idx_97
open,trainingSamples,raw_data/EMG-EPN612/testingJSON/user199/user199.json,idx_98
open,trainingSamples,raw_data/EMG-EPN612/testingJSON/user199/user199.json,idx_99
open,trainingSamples,raw_data/EMG-EPN612/testingJSON/user199/user199.json,idx_100
waveIn,trainingSamples,raw_data/EMG-EPN612/testingJSON/user199/user199.json,idx_101
waveIn,trainingSamples,raw_data/EMG-EPN612/testingJSON/user199/user199.json,idx_102
waveIn,trainingSamples,raw_data/EMG-EPN612/testingJSON/user199/user199.json,idx_103
waveIn,trainingSamples,raw_data/EMG-EPN612/testingJSON/user199/user199.json,idx_104
waveIn,trainingSamples,raw_data/EMG-EPN612/testingJSON/user199/user199.json,idx_105
waveIn,trainingSamples,raw_data/EMG-EPN612/testingJSON/user199/user199.json,idx_106
waveIn,trainingSamples,raw_data/EMG-EPN612/testingJSON/user199/user199.json,idx_107
waveIn,trainingSamples,raw_data/EMG-EPN612/testingJSON/user199/user199.json,idx_108
waveIn,trainingSamples,raw_data/EMG-EPN612/testingJSON/user199/user199.json,idx_109
waveIn,trainingSamples,raw_data/EMG-EPN612/testingJSON/user199/user199.json,idx_110
waveIn,trainingSamples,raw_data/EMG-EPN612/testingJSON/user199/user199.json,idx_111
waveIn,trainingSamples,raw_data/EMG-EPN612/testingJSON/user199/user199.json,idx_112
waveIn,trainingSamples,raw_data/EMG-EPN612/testingJSON/user199/user199.json,idx_113
waveIn,trainingSamples,raw_data/EMG-EPN612/testingJSON/user199/user199.json,idx_114
waveIn,trainingSamples,raw_data/EMG-EPN612/testingJSON/user199/user199.json,idx_115
waveIn,trainingSamples,raw_data/EMG-EPN612/testingJSON/user199/user199.json,idx_116
waveIn,trainingSamples,raw_data/EMG-EPN612/testingJSON/user199/user199.json,idx_117
waveIn,trainingSamples,raw_data/EMG-EPN612/testingJSON/user199/user199.json,idx_118
waveIn,trainingSamples,raw_data/EMG-EPN612/testingJSON/user199/user199.json,idx_119
waveIn,trainingSamples,raw_data/EMG-EPN612/testingJSON/user199/user199.json,idx_120
waveIn,trainingSamples,raw_data/EMG-EPN612/testingJSON/user199/user199.json,idx_121
waveIn,trainingSamples,raw_data/EMG-EPN612/testingJSON/user199/user199.json,idx_122
waveIn,trainingSamples,raw_data/EMG-EPN612/testingJSON/user199/user199.json,idx_123
waveIn,trainingSamples,raw_data/EMG-EPN612/testingJSON/user199/user199.json,idx_124
waveIn,trainingSamples,raw_data/EMG-EPN612/testingJSON/user199/user199.json,idx_125
fist,trainingSamples,raw_data/EMG-EPN612/testingJSON/user199/user199.json,idx_126
fist,trainingSamples,raw_data/EMG-EPN612/testingJSON/user199/user199.json,idx_127
fist,trainingSamples,raw_data/EMG-EPN612/testingJSON/user199/user199.json,idx_128
fist,trainingSamples,raw_data/EMG-EPN612/testingJSON/user199/user199.json,idx_129
fist,trainingSamples,raw_data/EMG-EPN612/testingJSON/user199/user199.json,idx_130
fist,trainingSamples,raw_data/EMG-EPN612/testingJSON/user199/user199.json,idx_131
fist,trainingSamples,raw_data/EMG-EPN612/testingJSON/user199/user199.json,idx_132
fist,trainingSamples,raw_data/EMG-EPN612/testingJSON/user199/user199.json,idx_133
fist,trainingSamples,raw_data/EMG-EPN612/testingJSON/user199/user199.json,idx_134
fist,trainingSamples,raw_data/EMG-EPN612/testingJSON/user199/user199.json,idx_135
fist,trainingSamples,raw_data/EMG-EPN612/testingJSON/user199/user199.json,idx_136
fist,trainingSamples,raw_data/EMG-EPN612/testingJSON/user199/user199.json,idx_137
fist,trainingSamples,raw_data/EMG-EPN612/testingJSON/user199/user199.json,idx_138
fist,trainingSamples,raw_data/EMG-EPN612/testingJSON/user199/user199.json,idx_139
fist,trainingSamples,raw_data/EMG-EPN612/testingJSON/user199/user199.json,idx_140
fist,trainingSamples,raw_data/EMG-EPN612/testingJSON/user199/user199.json,idx_141
fist,trainingSamples,raw_data/EMG-EPN612/testingJSON/user199/user199.json,idx_142
fist,trainingSamples,raw_data/EMG-EPN612/testingJSON/user199/user199.json,idx_143
fist,trainingSamples,raw_data/EMG-EPN612/testingJSON/user199/user199.json,idx_144
fist,trainingSamples,raw_data/EMG-EPN612/testingJSON/user199/user199.json,idx_145
fist,trainingSamples,raw_data/EMG-EPN612/testingJSON/user199/user199.json,idx_146
fist,trainingSamples,raw_data/EMG-EPN612/testingJSON/user199/user199.json,idx_147
fist,trainingSamples,raw_data/EMG-EPN612/testingJSON/user199/user199.json,idx_148
fist,trainingSamples,raw_data/EMG-EPN612/testingJSON/user199/user199.json,idx_149
fist,trainingSamples,raw_data/EMG-EPN612/testingJSON/user199/user199.json,idx_150
noGesture,trainingSamples,raw_data/EMG-EPN612/testingJSON/user2/user2.json,idx_1
noGesture,trainingSamples,raw_data/EMG-EPN612/testingJSON/user2/user2.json,idx_2
noGesture,trainingSamples,raw_data/EMG-EPN612/testingJSON/user2/user2.json,idx_3
noGesture,trainingSamples,raw_data/EMG-EPN612/testingJSON/user2/user2.json,idx_4
noGesture,trainingSamples,raw_data/EMG-EPN612/testingJSON/user2/user2.json,idx_5
noGesture,trainingSamples,raw_data/EMG-EPN612/testingJSON/user2/user2.json,idx_6
noGesture,trainingSamples,raw_data/EMG-EPN612/testingJSON/user2/user2.json,idx_7
noGesture,trainingSamples,raw_data/EMG-EPN612/testingJSON/user2/user2.json,idx_8
noGesture,trainingSamples,raw_data/EMG-EPN612/testingJSON/user2/user2.json,idx_9
noGesture,trainingSamples,raw_data/EMG-EPN612/testingJSON/user2/user2.json,idx_10
noGesture,trainingSamples,raw_data/EMG-EPN612/testingJSON/user2/user2.json,idx_11
noGesture,trainingSamples,raw_data/EMG-EPN612/testingJSON/user2/user2.json,idx_12
noGesture,trainingSamples,raw_data/EMG-EPN612/testingJSON/user2/user2.json,idx_13
noGesture,trainingSamples,raw_data/EMG-EPN612/testingJSON/user2/user2.json,idx_14
noGesture,trainingSamples,raw_data/EMG-EPN612/testingJSON/user2/user2.json,idx_15
noGesture,trainingSamples,raw_data/EMG-EPN612/testingJSON/user2/user2.json,idx_16
noGesture,trainingSamples,raw_data/EMG-EPN612/testingJSON/user2/user2.json,idx_17
noGesture,trainingSamples,raw_data/EMG-EPN612/testingJSON/user2/user2.json,idx_18
noGesture,trainingSamples,raw_data/EMG-EPN612/testingJSON/user2/user2.json,idx_19
noGesture,trainingSamples,raw_data/EMG-EPN612/testingJSON/user2/user2.json,idx_20
noGesture,trainingSamples,raw_data/EMG-EPN612/testingJSON/user2/user2.json,idx_21
noGesture,trainingSamples,raw_data/EMG-EPN612/testingJSON/user2/user2.json,idx_22
noGesture,trainingSamples,raw_data/EMG-EPN612/testingJSON/user2/user2.json,idx_23
noGesture,trainingSamples,raw_data/EMG-EPN612/testingJSON/user2/user2.json,idx_24
noGesture,trainingSamples,raw_data/EMG-EPN612/testingJSON/user2/user2.json,idx_25
waveOut,trainingSamples,raw_data/EMG-EPN612/testingJSON/user2/user2.json,idx_26
waveOut,trainingSamples,raw_data/EMG-EPN612/testingJSON/user2/user2.json,idx_27
waveOut,trainingSamples,raw_data/EMG-EPN612/testingJSON/user2/user2.json,idx_28
waveOut,trainingSamples,raw_data/EMG-EPN612/testingJSON/user2/user2.json,idx_29
waveOut,trainingSamples,raw_data/EMG-EPN612/testingJSON/user2/user2.json,idx_30
waveOut,trainingSamples,raw_data/EMG-EPN612/testingJSON/user2/user2.json,idx_31
waveOut,trainingSamples,raw_data/EMG-EPN612/testingJSON/user2/user2.json,idx_32
waveOut,trainingSamples,raw_data/EMG-EPN612/testingJSON/user2/user2.json,idx_33
waveOut,trainingSamples,raw_data/EMG-EPN612/testingJSON/user2/user2.json,idx_34
waveOut,trainingSamples,raw_data/EMG-EPN612/testingJSON/user2/user2.json,idx_35
waveOut,trainingSamples,raw_data/EMG-EPN612/testingJSON/user2/user2.json,idx_36
waveOut,trainingSamples,raw_data/EMG-EPN612/testingJSON/user2/user2.json,idx_37
waveOut,trainingSamples,raw_data/EMG-EPN612/testingJSON/user2/user2.json,idx_38
waveOut,trainingSamples,raw_data/EMG-EPN612/testingJSON/user2/user2.json,idx_39
waveOut,trainingSamples,raw_data/EMG-EPN612/testingJSON/user2/user2.json,idx_40
waveOut,trainingSamples,raw_data/EMG-EPN612/testingJSON/user2/user2.json,idx_41
waveOut,trainingSamples,raw_data/EMG-EPN612/testingJSON/user2/user2.json,idx_42
waveOut,trainingSamples,raw_data/EMG-EPN612/testingJSON/user2/user2.json,idx_43
waveOut,trainingSamples,raw_data/EMG-EPN612/testingJSON/user2/user2.json,idx_44
waveOut,trainingSamples,raw_data/EMG-EPN612/testingJSON/user2/user2.json,idx_45
waveOut,trainingSamples,raw_data/EMG-EPN612/testingJSON/user2/user2.json,idx_46
waveOut,trainingSamples,raw_data/EMG-EPN612/testingJSON/user2/user2.json,idx_47
waveOut,trainingSamples,raw_data/EMG-EPN612/testingJSON/user2/user2.json,idx_48
waveOut,trainingSamples,raw_data/EMG-EPN612/testingJSON/user2/user2.json,idx_49
waveOut,trainingSamples,raw_data/EMG-EPN612/testingJSON/user2/user2.json,idx_50
pinch,trainingSamples,raw_data/EMG-EPN612/testingJSON/user2/user2.json,idx_51
pinch,trainingSamples,raw_data/EMG-EPN612/testingJSON/user2/user2.json,idx_52
pinch,trainingSamples,raw_data/EMG-EPN612/testingJSON/user2/user2.json,idx_53
pinch,trainingSamples,raw_data/EMG-EPN612/testingJSON/user2/user2.json,idx_54
pinch,trainingSamples,raw_data/EMG-EPN612/testingJSON/user2/user2.json,idx_55
pinch,trainingSamples,raw_data/EMG-EPN612/testingJSON/user2/user2.json,idx_56
pinch,trainingSamples,raw_data/EMG-EPN612/testingJSON/user2/user2.json,idx_57
pinch,trainingSamples,raw_data/EMG-EPN612/testingJSON/user2/user2.json,idx_58
pinch,trainingSamples,raw_data/EMG-EPN612/testingJSON/user2/user2.json,idx_59
pinch,trainingSamples,raw_data/EMG-EPN612/testingJSON/user2/user2.json,idx_60
pinch,trainingSamples,raw_data/EMG-EPN612/testingJSON/user2/user2.json,idx_61
pinch,trainingSamples,raw_data/EMG-EPN612/testingJSON/user2/user2.json,idx_62
pinch,trainingSamples,raw_data/EMG-EPN612/testingJSON/user2/user2.json,idx_63
pinch,trainingSamples,raw_data/EMG-EPN612/testingJSON/user2/user2.json,idx_64
pinch,trainingSamples,raw_data/EMG-EPN612/testingJSON/user2/user2.json,idx_65
pinch,trainingSamples,raw_data/EMG-EPN612/testingJSON/user2/user2.json,idx_66
pinch,trainingSamples,raw_data/EMG-EPN612/testingJSON/user2/user2.json,idx_67
pinch,trainingSamples,raw_data/EMG-EPN612/testingJSON/user2/user2.json,idx_68
pinch,trainingSamples,raw_data/EMG-EPN612/testingJSON/user2/user2.json,idx_69
pinch,trainingSamples,raw_data/EMG-EPN612/testingJSON/user2/user2.json,idx_70
pinch,trainingSamples,raw_data/EMG-EPN612/testingJSON/user2/user2.json,idx_71
pinch,trainingSamples,raw_data/EMG-EPN612/testingJSON/user2/user2.json,idx_72
pinch,trainingSamples,raw_data/EMG-EPN612/testingJSON/user2/user2.json,idx_73
pinch,trainingSamples,raw_data/EMG-EPN612/testingJSON/user2/user2.json,idx_74
pinch,trainingSamples,raw_data/EMG-EPN612/testingJSON/user2/user2.json,idx_75
open,trainingSamples,raw_data/EMG-EPN612/testingJSON/user2/user2.json,idx_76
open,trainingSamples,raw_data/EMG-EPN612/testingJSON/user2/user2.json,idx_77
open,trainingSamples,raw_data/EMG-EPN612/testingJSON/user2/user2.json,idx_78
open,trainingSamples,raw_data/EMG-EPN612/testingJSON/user2/user2.json,idx_79
open,trainingSamples,raw_data/EMG-EPN612/testingJSON/user2/user2.json,idx_80
open,trainingSamples,raw_data/EMG-EPN612/testingJSON/user2/user2.json,idx_81
open,trainingSamples,raw_data/EMG-EPN612/testingJSON/user2/user2.json,idx_82
open,trainingSamples,raw_data/EMG-EPN612/testingJSON/user2/user2.json,idx_83
open,trainingSamples,raw_data/EMG-EPN612/testingJSON/user2/user2.json,idx_84
open,trainingSamples,raw_data/EMG-EPN612/testingJSON/user2/user2.json,idx_85
open,trainingSamples,raw_data/EMG-EPN612/testingJSON/user2/user2.json,idx_86
open,trainingSamples,raw_data/EMG-EPN612/testingJSON/user2/user2.json,idx_87
open,trainingSamples,raw_data/EMG-EPN612/testingJSON/user2/user2.json,idx_88
open,trainingSamples,raw_data/EMG-EPN612/testingJSON/user2/user2.json,idx_89
open,trainingSamples,raw_data/EMG-EPN612/testingJSON/user2/user2.json,idx_90
open,trainingSamples,raw_data/EMG-EPN612/testingJSON/user2/user2.json,idx_91
open,trainingSamples,raw_data/EMG-EPN612/testingJSON/user2/user2.json,idx_92
open,trainingSamples,raw_data/EMG-EPN612/testingJSON/user2/user2.json,idx_93
open,trainingSamples,raw_data/EMG-EPN612/testingJSON/user2/user2.json,idx_94
open,trainingSamples,raw_data/EMG-EPN612/testingJSON/user2/user2.json,idx_95
open,trainingSamples,raw_data/EMG-EPN612/testingJSON/user2/user2.json,idx_96
open,trainingSamples,raw_data/EMG-EPN612/testingJSON/user2/user2.json,idx_97
open,trainingSamples,raw_data/EMG-EPN612/testingJSON/user2/user2.json,idx_98
open,trainingSamples,raw_data/EMG-EPN612/testingJSON/user2/user2.json,idx_99
open,trainingSamples,raw_data/EMG-EPN612/testingJSON/user2/user2.json,idx_100
fist,trainingSamples,raw_data/EMG-EPN612/testingJSON/user2/user2.json,idx_101
fist,trainingSamples,raw_data/EMG-EPN612/testingJSON/user2/user2.json,idx_102
fist,trainingSamples,raw_data/EMG-EPN612/testingJSON/user2/user2.json,idx_103
fist,trainingSamples,raw_data/EMG-EPN612/testingJSON/user2/user2.json,idx_104
fist,trainingSamples,raw_data/EMG-EPN612/testingJSON/user2/user2.json,idx_105
fist,trainingSamples,raw_data/EMG-EPN612/testingJSON/user2/user2.json,idx_106
fist,trainingSamples,raw_data/EMG-EPN612/testingJSON/user2/user2.json,idx_107
fist,trainingSamples,raw_data/EMG-EPN612/testingJSON/user2/user2.json,idx_108
fist,trainingSamples,raw_data/EMG-EPN612/testingJSON/user2/user2.json,idx_109
fist,trainingSamples,raw_data/EMG-EPN612/testingJSON/user2/user2.json,idx_110
fist,trainingSamples,raw_data/EMG-EPN612/testingJSON/user2/user2.json,idx_111
fist,trainingSamples,raw_data/EMG-EPN612/testingJSON/user2/user2.json,idx_112
fist,trainingSamples,raw_data/EMG-EPN612/testingJSON/user2/user2.json,idx_113
fist,trainingSamples,raw_data/EMG-EPN612/testingJSON/user2/user2.json,idx_114
fist,trainingSamples,raw_data/EMG-EPN612/testingJSON/user2/user2.json,idx_115
fist,trainingSamples,raw_data/EMG-EPN612/testingJSON/user2/user2.json,idx_116
fist,trainingSamples,raw_data/EMG-EPN612/testingJSON/user2/user2.json,idx_117
fist,trainingSamples,raw_data/EMG-EPN612/testingJSON/user2/user2.json,idx_118
fist,trainingSamples,raw_data/EMG-EPN612/testingJSON/user2/user2.json,idx_119
fist,trainingSamples,raw_data/EMG-EPN612/testingJSON/user2/user2.json,idx_120
fist,trainingSamples,raw_data/EMG-EPN612/testingJSON/user2/user2.json,idx_121
fist,trainingSamples,raw_data/EMG-EPN612/testingJSON/user2/user2.json,idx_122
fist,trainingSamples,raw_data/EMG-EPN612/testingJSON/user2/user2.json,idx_123
fist,trainingSamples,raw_data/EMG-EPN612/testingJSON/user2/user2.json,idx_124
fist,trainingSamples,raw_data/EMG-EPN612/testingJSON/user2/user2.json,idx_125
waveIn,trainingSamples,raw_data/EMG-EPN612/testingJSON/user2/user2.json,idx_126
waveIn,trainingSamples,raw_data/EMG-EPN612/testingJSON/user2/user2.json,idx_127
waveIn,trainingSamples,raw_data/EMG-EPN612/testingJSON/user2/user2.json,idx_128
waveIn,trainingSamples,raw_data/EMG-EPN612/testingJSON/user2/user2.json,idx_129
waveIn,trainingSamples,raw_data/EMG-EPN612/testingJSON/user2/user2.json,idx_130
waveIn,trainingSamples,raw_data/EMG-EPN612/testingJSON/user2/user2.json,idx_131
waveIn,trainingSamples,raw_data/EMG-EPN612/testingJSON/user2/user2.json,idx_132
waveIn,trainingSamples,raw_data/EMG-EPN612/testingJSON/user2/user2.json,idx_133
waveIn,trainingSamples,raw_data/EMG-EPN612/testingJSON/user2/user2.json,idx_134
waveIn,trainingSamples,raw_data/EMG-EPN612/testingJSON/user2/user2.json,idx_135
waveIn,trainingSamples,raw_data/EMG-EPN612/testingJSON/user2/user2.json,idx_136
waveIn,trainingSamples,raw_data/EMG-EPN612/testingJSON/user2/user2.json,idx_137
waveIn,trainingSamples,raw_data/EMG-EPN612/testingJSON/user2/user2.json,idx_138
waveIn,trainingSamples,raw_data/EMG-EPN612/testingJSON/user2/user2.json,idx_139
waveIn,trainingSamples,raw_data/EMG-EPN612/testingJSON/user2/user2.json,idx_140
waveIn,trainingSamples,raw_data/EMG-EPN612/testingJSON/user2/user2.json,idx_141
waveIn,trainingSamples,raw_data/EMG-EPN612/testingJSON/user2/user2.json,idx_142
waveIn,trainingSamples,raw_data/EMG-EPN612/testingJSON/user2/user2.json,idx_143
waveIn,trainingSamples,raw_data/EMG-EPN612/testingJSON/user2/user2.json,idx_144
waveIn,trainingSamples,raw_data/EMG-EPN612/testingJSON/user2/user2.json,idx_145
waveIn,trainingSamples,raw_data/EMG-EPN612/testingJSON/user2/user2.json,idx_146
waveIn,trainingSamples,raw_data/EMG-EPN612/testingJSON/user2/user2.json,idx_147
waveIn,trainingSamples,raw_data/EMG-EPN612/testingJSON/user2/user2.json,idx_148
waveIn,trainingSamples,raw_data/EMG-EPN612/testingJSON/user2/user2.json,idx_149
waveIn,trainingSamples,raw_data/EMG-EPN612/testingJSON/user2/user2.json,idx_150
noGesture,trainingSamples,raw_data/EMG-EPN612/testingJSON/user20/user20.json,idx_1
noGesture,trainingSamples,raw_data/EMG-EPN612/testingJSON/user20/user20.json,idx_2
noGesture,trainingSamples,raw_data/EMG-EPN612/testingJSON/user20/user20.json,idx_3
noGesture,trainingSamples,raw_data/EMG-EPN612/testingJSON/user20/user20.json,idx_4
noGesture,trainingSamples,raw_data/EMG-EPN612/testingJSON/user20/user20.json,idx_5
noGesture,trainingSamples,raw_data/EMG-EPN612/testingJSON/user20/user20.json,idx_6
noGesture,trainingSamples,raw_data/EMG-EPN612/testingJSON/user20/user20.json,idx_7
noGesture,trainingSamples,raw_data/EMG-EPN612/testingJSON/user20/user20.json,idx_8
noGesture,trainingSamples,raw_data/EMG-EPN612/testingJSON/user20/user20.json,idx_9
noGesture,trainingSamples,raw_data/EMG-EPN612/testingJSON/user20/user20.json,idx_10
noGesture,trainingSamples,raw_data/EMG-EPN612/testingJSON/user20/user20.json,idx_11
noGesture,trainingSamples,raw_data/EMG-EPN612/testingJSON/user20/user20.json,idx_12
noGesture,trainingSamples,raw_data/EMG-EPN612/testingJSON/user20/user20.json,idx_13
noGesture,trainingSamples,raw_data/EMG-EPN612/testingJSON/user20/user20.json,idx_14
noGesture,trainingSamples,raw_data/EMG-EPN612/testingJSON/user20/user20.json,idx_15
noGesture,trainingSamples,raw_data/EMG-EPN612/testingJSON/user20/user20.json,idx_16
noGesture,trainingSamples,raw_data/EMG-EPN612/testingJSON/user20/user20.json,idx_17
noGesture,trainingSamples,raw_data/EMG-EPN612/testingJSON/user20/user20.json,idx_18
noGesture,trainingSamples,raw_data/EMG-EPN612/testingJSON/user20/user20.json,idx_19
noGesture,trainingSamples,raw_data/EMG-EPN612/testingJSON/user20/user20.json,idx_20
noGesture,trainingSamples,raw_data/EMG-EPN612/testingJSON/user20/user20.json,idx_21
noGesture,trainingSamples,raw_data/EMG-EPN612/testingJSON/user20/user20.json,idx_22
noGesture,trainingSamples,raw_data/EMG-EPN612/testingJSON/user20/user20.json,idx_23
noGesture,trainingSamples,raw_data/EMG-EPN612/testingJSON/user20/user20.json,idx_24
noGesture,trainingSamples,raw_data/EMG-EPN612/testingJSON/user20/user20.json,idx_25
waveOut,trainingSamples,raw_data/EMG-EPN612/testingJSON/user20/user20.json,idx_26
waveOut,trainingSamples,raw_data/EMG-EPN612/testingJSON/user20/user20.json,idx_27
waveOut,trainingSamples,raw_data/EMG-EPN612/testingJSON/user20/user20.json,idx_28
waveOut,trainingSamples,raw_data/EMG-EPN612/testingJSON/user20/user20.json,idx_29
waveOut,trainingSamples,raw_data/EMG-EPN612/testingJSON/user20/user20.json,idx_30
waveOut,trainingSamples,raw_data/EMG-EPN612/testingJSON/user20/user20.json,idx_31
waveOut,trainingSamples,raw_data/EMG-EPN612/testingJSON/user20/user20.json,idx_32
waveOut,trainingSamples,raw_data/EMG-EPN612/testingJSON/user20/user20.json,idx_33
waveOut,trainingSamples,raw_data/EMG-EPN612/testingJSON/user20/user20.json,idx_34
waveOut,trainingSamples,raw_data/EMG-EPN612/testingJSON/user20/user20.json,idx_35
waveOut,trainingSamples,raw_data/EMG-EPN612/testingJSON/user20/user20.json,idx_36
waveOut,trainingSamples,raw_data/EMG-EPN612/testingJSON/user20/user20.json,idx_37
waveOut,trainingSamples,raw_data/EMG-EPN612/testingJSON/user20/user20.json,idx_38
waveOut,trainingSamples,raw_data/EMG-EPN612/testingJSON/user20/user20.json,idx_39
waveOut,trainingSamples,raw_data/EMG-EPN612/testingJSON/user20/user20.json,idx_40
waveOut,trainingSamples,raw_data/EMG-EPN612/testingJSON/user20/user20.json,idx_41
waveOut,trainingSamples,raw_data/EMG-EPN612/testingJSON/user20/user20.json,idx_42
waveOut,trainingSamples,raw_data/EMG-EPN612/testingJSON/user20/user20.json,idx_43
waveOut,trainingSamples,raw_data/EMG-EPN612/testingJSON/user20/user20.json,idx_44
waveOut,trainingSamples,raw_data/EMG-EPN612/testingJSON/user20/user20.json,idx_45
waveOut,trainingSamples,raw_data/EMG-EPN612/testingJSON/user20/user20.json,idx_46
waveOut,trainingSamples,raw_data/EMG-EPN612/testingJSON/user20/user20.json,idx_47
waveOut,trainingSamples,raw_data/EMG-EPN612/testingJSON/user20/user20.json,idx_48
waveOut,trainingSamples,raw_data/EMG-EPN612/testingJSON/user20/user20.json,idx_49
waveOut,trainingSamples,raw_data/EMG-EPN612/testingJSON/user20/user20.json,idx_50
pinch,trainingSamples,raw_data/EMG-EPN612/testingJSON/user20/user20.json,idx_51
pinch,trainingSamples,raw_data/EMG-EPN612/testingJSON/user20/user20.json,idx_52
pinch,trainingSamples,raw_data/EMG-EPN612/testingJSON/user20/user20.json,idx_53
pinch,trainingSamples,raw_data/EMG-EPN612/testingJSON/user20/user20.json,idx_54
pinch,trainingSamples,raw_data/EMG-EPN612/testingJSON/user20/user20.json,idx_55
pinch,trainingSamples,raw_data/EMG-EPN612/testingJSON/user20/user20.json,idx_56
pinch,trainingSamples,raw_data/EMG-EPN612/testingJSON/user20/user20.json,idx_57
pinch,trainingSamples,raw_data/EMG-EPN612/testingJSON/user20/user20.json,idx_58
pinch,trainingSamples,raw_data/EMG-EPN612/testingJSON/user20/user20.json,idx_59
pinch,trainingSamples,raw_data/EMG-EPN612/testingJSON/user20/user20.json,idx_60
pinch,trainingSamples,raw_data/EMG-EPN612/testingJSON/user20/user20.json,idx_61
pinch,trainingSamples,raw_data/EMG-EPN612/testingJSON/user20/user20.json,idx_62
pinch,trainingSamples,raw_data/EMG-EPN612/testingJSON/user20/user20.json,idx_63
pinch,trainingSamples,raw_data/EMG-EPN612/testingJSON/user20/user20.json,idx_64
pinch,trainingSamples,raw_data/EMG-EPN612/testingJSON/user20/user20.json,idx_65
pinch,trainingSamples,raw_data/EMG-EPN612/testingJSON/user20/user20.json,idx_66
pinch,trainingSamples,raw_data/EMG-EPN612/testingJSON/user20/user20.json,idx_67
pinch,trainingSamples,raw_data/EMG-EPN612/testingJSON/user20/user20.json,idx_68
pinch,trainingSamples,raw_data/EMG-EPN612/testingJSON/user20/user20.json,idx_69
pinch,trainingSamples,raw_data/EMG-EPN612/testingJSON/user20/user20.json,idx_70
pinch,trainingSamples,raw_data/EMG-EPN612/testingJSON/user20/user20.json,idx_71
pinch,trainingSamples,raw_data/EMG-EPN612/testingJSON/user20/user20.json,idx_72
pinch,trainingSamples,raw_data/EMG-EPN612/testingJSON/user20/user20.json,idx_73
pinch,trainingSamples,raw_data/EMG-EPN612/testingJSON/user20/user20.json,idx_74
pinch,trainingSamples,raw_data/EMG-EPN612/testingJSON/user20/user20.json,idx_75
fist,trainingSamples,raw_data/EMG-EPN612/testingJSON/user20/user20.json,idx_76
fist,trainingSamples,raw_data/EMG-EPN612/testingJSON/user20/user20.json,idx_77
fist,trainingSamples,raw_data/EMG-EPN612/testingJSON/user20/user20.json,idx_78
fist,trainingSamples,raw_data/EMG-EPN612/testingJSON/user20/user20.json,idx_79
fist,trainingSamples,raw_data/EMG-EPN612/testingJSON/user20/user20.json,idx_80
fist,trainingSamples,raw_data/EMG-EPN612/testingJSON/user20/user20.json,idx_81
fist,trainingSamples,raw_data/EMG-EPN612/testingJSON/user20/user20.json,idx_82
fist,trainingSamples,raw_data/EMG-EPN612/testingJSON/user20/user20.json,idx_83
fist,trainingSamples,raw_data/EMG-EPN612/testingJSON/user20/user20.json,idx_84
fist,trainingSamples,raw_data/EMG-EPN612/testingJSON/user20/user20.json,idx_85
fist,trainingSamples,raw_data/EMG-EPN612/testingJSON/user20/user20.json,idx_86
fist,trainingSamples,raw_data/EMG-EPN612/testingJSON/user20/user20.json,idx_87
fist,trainingSamples,raw_data/EMG-EPN612/testingJSON/user20/user20.json,idx_88
fist,trainingSamples,raw_data/EMG-EPN612/testingJSON/user20/user20.json,idx_89
fist,trainingSamples,raw_data/EMG-EPN612/testingJSON/user20/user20.json,idx_90
fist,trainingSamples,raw_data/EMG-EPN612/testingJSON/user20/user20.json,idx_91
fist,trainingSamples,raw_data/EMG-EPN612/testingJSON/user20/user20.json,idx_92
fist,trainingSamples,raw_data/EMG-EPN612/testingJSON/user20/user20.json,idx_93
fist,trainingSamples,raw_data/EMG-EPN612/testingJSON/user20/user20.json,idx_94
fist,trainingSamples,raw_data/EMG-EPN612/testingJSON/user20/user20.json,idx_95
fist,trainingSamples,raw_data/EMG-EPN612/testingJSON/user20/user20.json,idx_96
fist,trainingSamples,raw_data/EMG-EPN612/testingJSON/user20/user20.json,idx_97
fist,trainingSamples,raw_data/EMG-EPN612/testingJSON/user20/user20.json,idx_98
fist,trainingSamples,raw_data/EMG-EPN612/testingJSON/user20/user20.json,idx_99
fist,trainingSamples,raw_data/EMG-EPN612/testingJSON/user20/user20.json,idx_100
waveIn,trainingSamples,raw_data/EMG-EPN612/testingJSON/user20/user20.json,idx_101
waveIn,trainingSamples,raw_data/EMG-EPN612/testingJSON/user20/user20.json,idx_102
waveIn,trainingSamples,raw_data/EMG-EPN612/testingJSON/user20/user20.json,idx_103
waveIn,trainingSamples,raw_data/EMG-EPN612/testingJSON/user20/user20.json,idx_104
waveIn,trainingSamples,raw_data/EMG-EPN612/testingJSON/user20/user20.json,idx_105
waveIn,trainingSamples,raw_data/EMG-EPN612/testingJSON/user20/user20.json,idx_106
waveIn,trainingSamples,raw_data/EMG-EPN612/testingJSON/user20/user20.json,idx_107
waveIn,trainingSamples,raw_data/EMG-EPN612/testingJSON/user20/user20.json,idx_108
waveIn,trainingSamples,raw_data/EMG-EPN612/testingJSON/user20/user20.json,idx_109
waveIn,trainingSamples,raw_data/EMG-EPN612/testingJSON/user20/user20.json,idx_110
waveIn,trainingSamples,raw_data/EMG-EPN612/testingJSON/user20/user20.json,idx_111
waveIn,trainingSamples,raw_data/EMG-EPN612/testingJSON/user20/user20.json,idx_112
waveIn,trainingSamples,raw_data/EMG-EPN612/testingJSON/user20/user20.json,idx_113
waveIn,trainingSamples,raw_data/EMG-EPN612/testingJSON/user20/user20.json,idx_114
waveIn,trainingSamples,raw_data/EMG-EPN612/testingJSON/user20/user20.json,idx_115
waveIn,trainingSamples,raw_data/EMG-EPN612/testingJSON/user20/user20.json,idx_116
waveIn,trainingSamples,raw_data/EMG-EPN612/testingJSON/user20/user20.json,idx_117
waveIn,trainingSamples,raw_data/EMG-EPN612/testingJSON/user20/user20.json,idx_118
waveIn,trainingSamples,raw_data/EMG-EPN612/testingJSON/user20/user20.json,idx_119
waveIn,trainingSamples,raw_data/EMG-EPN612/testingJSON/user20/user20.json,idx_120
waveIn,trainingSamples,raw_data/EMG-EPN612/testingJSON/user20/user20.json,idx_121
waveIn,trainingSamples,raw_data/EMG-EPN612/testingJSON/user20/user20.json,idx_122
waveIn,trainingSamples,raw_data/EMG-EPN612/testingJSON/user20/user20.json,idx_123
waveIn,trainingSamples,raw_data/EMG-EPN612/testingJSON/user20/user20.json,idx_124
waveIn,trainingSamples,raw_data/EMG-EPN612/testingJSON/user20/user20.json,idx_125
open,trainingSamples,raw_data/EMG-EPN612/testingJSON/user20/user20.json,idx_126
open,trainingSamples,raw_data/EMG-EPN612/testingJSON/user20/user20.json,idx_127
open,trainingSamples,raw_data/EMG-EPN612/testingJSON/user20/user20.json,idx_128
open,trainingSamples,raw_data/EMG-EPN612/testingJSON/user20/user20.json,idx_129
open,trainingSamples,raw_data/EMG-EPN612/testingJSON/user20/user20.json,idx_130
open,trainingSamples,raw_data/EMG-EPN612/testingJSON/user20/user20.json,idx_131
open,trainingSamples,raw_data/EMG-EPN612/testingJSON/user20/user20.json,idx_132
open,trainingSamples,raw_data/EMG-EPN612/testingJSON/user20/user20.json,idx_133
open,trainingSamples,raw_data/EMG-EPN612/testingJSON/user20/user20.json,idx_134
open,trainingSamples,raw_data/EMG-EPN612/testingJSON/user20/user20.json,idx_135
open,trainingSamples,raw_data/EMG-EPN612/testingJSON/user20/user20.json,idx_136
open,trainingSamples,raw_data/EMG-EPN612/testingJSON/user20/user20.json,idx_137
open,trainingSamples,raw_data/EMG-EPN612/testingJSON/user20/user20.json,idx_138
open,trainingSamples,raw_data/EMG-EPN612/testingJSON/user20/user20.json,idx_139
open,trainingSamples,raw_data/EMG-EPN612/testingJSON/user20/user20.json,idx_140
open,trainingSamples,raw_data/EMG-EPN612/testingJSON/user20/user20.json,idx_141
open,trainingSamples,raw_data/EMG-EPN612/testingJSON/user20/user20.json,idx_142
open,trainingSamples,raw_data/EMG-EPN612/testingJSON/user20/user20.json,idx_143
open,trainingSamples,raw_data/EMG-EPN612/testingJSON/user20/user20.json,idx_144
open,trainingSamples,raw_data/EMG-EPN612/testingJSON/user20/user20.json,idx_145
open,trainingSamples,raw_data/EMG-EPN612/testingJSON/user20/user20.json,idx_146
open,trainingSamples,raw_data/EMG-EPN612/testingJSON/user20/user20.json,idx_147
open,trainingSamples,raw_data/EMG-EPN612/testingJSON/user20/user20.json,idx_148
open,trainingSamples,raw_data/EMG-EPN612/testingJSON/user20/user20.json,idx_149
open,trainingSamples,raw_data/EMG-EPN612/testingJSON/user20/user20.json,idx_150
noGesture,trainingSamples,raw_data/EMG-EPN612/testingJSON/user200/user200.json,idx_1
noGesture,trainingSamples,raw_data/EMG-EPN612/testingJSON/user200/user200.json,idx_2
noGesture,trainingSamples,raw_data/EMG-EPN612/testingJSON/user200/user200.json,idx_3
noGesture,trainingSamples,raw_data/EMG-EPN612/testingJSON/user200/user200.json,idx_4
noGesture,trainingSamples,raw_data/EMG-EPN612/testingJSON/user200/user200.json,idx_5
noGesture,trainingSamples,raw_data/EMG-EPN612/testingJSON/user200/user200.json,idx_6
noGesture,trainingSamples,raw_data/EMG-EPN612/testingJSON/user200/user200.json,idx_7
noGesture,trainingSamples,raw_data/EMG-EPN612/testingJSON/user200/user200.json,idx_8
noGesture,trainingSamples,raw_data/EMG-EPN612/testingJSON/user200/user200.json,idx_9
noGesture,trainingSamples,raw_data/EMG-EPN612/testingJSON/user200/user200.json,idx_10
noGesture,trainingSamples,raw_data/EMG-EPN612/testingJSON/user200/user200.json,idx_11
noGesture,trainingSamples,raw_data/EMG-EPN612/testingJSON/user200/user200.json,idx_12
noGesture,trainingSamples,raw_data/EMG-EPN612/testingJSON/user200/user200.json,idx_13
noGesture,trainingSamples,raw_data/EMG-EPN612/testingJSON/user200/user200.json,idx_14
noGesture,trainingSamples,raw_data/EMG-EPN612/testingJSON/user200/user200.json,idx_15
noGesture,trainingSamples,raw_data/EMG-EPN612/testingJSON/user200/user200.json,idx_16
noGesture,trainingSamples,raw_data/EMG-EPN612/testingJSON/user200/user200.json,idx_17
noGesture,trainingSamples,raw_data/EMG-EPN612/testingJSON/user200/user200.json,idx_18
noGesture,trainingSamples,raw_data/EMG-EPN612/testingJSON/user200/user200.json,idx_19
noGesture,trainingSamples,raw_data/EMG-EPN612/testingJSON/user200/user200.json,idx_20
noGesture,trainingSamples,raw_data/EMG-EPN612/testingJSON/user200/user200.json,idx_21
noGesture,trainingSamples,raw_data/EMG-EPN612/testingJSON/user200/user200.json,idx_22
noGesture,trainingSamples,raw_data/EMG-EPN612/testingJSON/user200/user200.json,idx_23
noGesture,trainingSamples,raw_data/EMG-EPN612/testingJSON/user200/user200.json,idx_24
noGesture,trainingSamples,raw_data/EMG-EPN612/testingJSON/user200/user200.json,idx_25
fist,trainingSamples,raw_data/EMG-EPN612/testingJSON/user200/user200.json,idx_26
fist,trainingSamples,raw_data/EMG-EPN612/testingJSON/user200/user200.json,idx_27
fist,trainingSamples,raw_data/EMG-EPN612/testingJSON/user200/user200.json,idx_28
fist,trainingSamples,raw_data/EMG-EPN612/testingJSON/user200/user200.json,idx_29
fist,trainingSamples,raw_data/EMG-EPN612/testingJSON/user200/user200.json,idx_30
fist,trainingSamples,raw_data/EMG-EPN612/testingJSON/user200/user200.json,idx_31
fist,trainingSamples,raw_data/EMG-EPN612/testingJSON/user200/user200.json,idx_32
fist,trainingSamples,raw_data/EMG-EPN612/testingJSON/user200/user200.json,idx_33
fist,trainingSamples,raw_data/EMG-EPN612/testingJSON/user200/user200.json,idx_34
fist,trainingSamples,raw_data/EMG-EPN612/testingJSON/user200/user200.json,idx_35
fist,trainingSamples,raw_data/EMG-EPN612/testingJSON/user200/user200.json,idx_36
fist,trainingSamples,raw_data/EMG-EPN612/testingJSON/user200/user200.json,idx_37
fist,trainingSamples,raw_data/EMG-EPN612/testingJSON/user200/user200.json,idx_38
fist,trainingSamples,raw_data/EMG-EPN612/testingJSON/user200/user200.json,idx_39
fist,trainingSamples,raw_data/EMG-EPN612/testingJSON/user200/user200.json,idx_40
fist,trainingSamples,raw_data/EMG-EPN612/testingJSON/user200/user200.json,idx_41
fist,trainingSamples,raw_data/EMG-EPN612/testingJSON/user200/user200.json,idx_42
fist,trainingSamples,raw_data/EMG-EPN612/testingJSON/user200/user200.json,idx_43
fist,trainingSamples,raw_data/EMG-EPN612/testingJSON/user200/user200.json,idx_44
fist,trainingSamples,raw_data/EMG-EPN612/testingJSON/user200/user200.json,idx_45
fist,trainingSamples,raw_data/EMG-EPN612/testingJSON/user200/user200.json,idx_46
fist,trainingSamples,raw_data/EMG-EPN612/testingJSON/user200/user200.json,idx_47
fist,trainingSamples,raw_data/EMG-EPN612/testingJSON/user200/user200.json,idx_48
fist,trainingSamples,raw_data/EMG-EPN612/testingJSON/user200/user200.json,idx_49
fist,trainingSamples,raw_data/EMG-EPN612/testingJSON/user200/user200.json,idx_50
open,trainingSamples,raw_data/EMG-EPN612/testingJSON/user200/user200.json,idx_51
open,trainingSamples,raw_data/EMG-EPN612/testingJSON/user200/user200.json,idx_52
open,trainingSamples,raw_data/EMG-EPN612/testingJSON/user200/user200.json,idx_53
open,trainingSamples,raw_data/EMG-EPN612/testingJSON/user200/user200.json,idx_54
open,trainingSamples,raw_data/EMG-EPN612/testingJSON/user200/user200.json,idx_55
open,trainingSamples,raw_data/EMG-EPN612/testingJSON/user200/user200.json,idx_56
open,trainingSamples,raw_data/EMG-EPN612/testingJSON/user200/user200.json,idx_57
open,trainingSamples,raw_data/EMG-EPN612/testingJSON/user200/user200.json,idx_58
open,trainingSamples,raw_data/EMG-EPN612/testingJSON/user200/user200.json,idx_59
open,trainingSamples,raw_data/EMG-EPN612/testingJSON/user200/user200.json,idx_60
open,trainingSamples,raw_data/EMG-EPN612/testingJSON/user200/user200.json,idx_61
open,trainingSamples,raw_data/EMG-EPN612/testingJSON/user200/user200.json,idx_62
open,trainingSamples,raw_data/EMG-EPN612/testingJSON/user200/user200.json,idx_63
open,trainingSamples,raw_data/EMG-EPN612/testingJSON/user200/user200.json,idx_64
open,trainingSamples,raw_data/EMG-EPN612/testingJSON/user200/user200.json,idx_65
open,trainingSamples,raw_data/EMG-EPN612/testingJSON/user200/user200.json,idx_66
open,trainingSamples,raw_data/EMG-EPN612/testingJSON/user200/user200.json,idx_67
open,trainingSamples,raw_data/EMG-EPN612/testingJSON/user200/user200.json,idx_68
open,trainingSamples,raw_data/EMG-EPN612/testingJSON/user200/user200.json,idx_69
open,trainingSamples,raw_data/EMG-EPN612/testingJSON/user200/user200.json,idx_70
open,trainingSamples,raw_data/EMG-EPN612/testingJSON/user200/user200.json,idx_71
open,trainingSamples,raw_data/EMG-EPN612/testingJSON/user200/user200.json,idx_72
open,trainingSamples,raw_data/EMG-EPN612/testingJSON/user200/user200.json,idx_73
open,trainingSamples,raw_data/EMG-EPN612/testingJSON/user200/user200.json,idx_74
open,trainingSamples,raw_data/EMG-EPN612/testingJSON/user200/user200.json,idx_75
pinch,trainingSamples,raw_data/EMG-EPN612/testingJSON/user200/user200.json,idx_76
pinch,trainingSamples,raw_data/EMG-EPN612/testingJSON/user200/user200.json,idx_77
pinch,trainingSamples,raw_data/EMG-EPN612/testingJSON/user200/user200.json,idx_78
pinch,trainingSamples,raw_data/EMG-EPN612/testingJSON/user200/user200.json,idx_79
pinch,trainingSamples,raw_data/EMG-EPN612/testingJSON/user200/user200.json,idx_80
pinch,trainingSamples,raw_data/EMG-EPN612/testingJSON/user200/user200.json,idx_81
pinch,trainingSamples,raw_data/EMG-EPN612/testingJSON/user200/user200.json,idx_82
pinch,trainingSamples,raw_data/EMG-EPN612/testingJSON/user200/user200.json,idx_83
pinch,trainingSamples,raw_data/EMG-EPN612/testingJSON/user200/user200.json,idx_84
pinch,trainingSamples,raw_data/EMG-EPN612/testingJSON/user200/user200.json,idx_85
pinch,trainingSamples,raw_data/EMG-EPN612/testingJSON/user200/user200.json,idx_86
pinch,trainingSamples,raw_data/EMG-EPN612/testingJSON/user200/user200.json,idx_87
pinch,trainingSamples,raw_data/EMG-EPN612/testingJSON/user200/user200.json,idx_88
pinch,trainingSamples,raw_data/EMG-EPN612/testingJSON/user200/user200.json,idx_89
pinch,trainingSamples,raw_data/EMG-EPN612/testingJSON/user200/user200.json,idx_90
pinch,trainingSamples,raw_data/EMG-EPN612/testingJSON/user200/user200.json,idx_91
pinch,trainingSamples,raw_data/EMG-EPN612/testingJSON/user200/user200.json,idx_92
pinch,trainingSamples,raw_data/EMG-EPN612/testingJSON/user200/user200.json,idx_93
pinch,trainingSamples,raw_data/EMG-EPN612/testingJSON/user200/user200.json,idx_94
pinch,trainingSamples,raw_data/EMG-EPN612/testingJSON/user200/user200.json,idx_95
pinch,trainingSamples,raw_data/EMG-EPN612/testingJSON/user200/user200.json,idx_96
pinch,trainingSamples,raw_data/EMG-EPN612/testingJSON/user200/user200.json,idx_97
pinch,trainingSamples,raw_data/EMG-EPN612/testingJSON/user200/user200.json,idx_98
pinch,trainingSamples,raw_data/EMG-EPN612/testingJSON/user200/user200.json,idx_99
pinch,trainingSamples,raw_data/EMG-EPN612/testingJSON/user200/user200.json,idx_100
waveOut,trainingSamples,raw_data/EMG-EPN612/testingJSON/user200/user200.json,idx_101
waveOut,trainingSamples,raw_data/EMG-EPN612/testingJSON/user200/user200.json,idx_102
waveOut,trainingSamples,raw_data/EMG-EPN612/testingJSON/user200/user200.json,idx_103
waveOut,trainingSamples,raw_data/EMG-EPN612/testingJSON/user200/user200.json,idx_104
waveOut,trainingSamples,raw_data/EMG-EPN612/testingJSON/user200/user200.json,idx_105
waveOut,trainingSamples,raw_data/EMG-EPN612/testingJSON/user200/user200.json,idx_106
waveOut,trainingSamples,raw_data/EMG-EPN612/testingJSON/user200/user200.json,idx_107
waveOut,trainingSamples,raw_data/EMG-EPN612/testingJSON/user200/user200.json,idx_108
waveOut,trainingSamples,raw_data/EMG-EPN612/testingJSON/user200/user200.json,idx_109
waveOut,trainingSamples,raw_data/EMG-EPN612/testingJSON/user200/user200.json,idx_110
waveOut,trainingSamples,raw_data/EMG-EPN612/testingJSON/user200/user200.json,idx_111
waveOut,trainingSamples,raw_data/EMG-EPN612/testingJSON/user200/user200.json,idx_112
waveOut,trainingSamples,raw_data/EMG-EPN612/testingJSON/user200/user200.json,idx_113
waveOut,trainingSamples,raw_data/EMG-EPN612/testingJSON/user200/user200.json,idx_114
waveOut,trainingSamples,raw_data/EMG-EPN612/testingJSON/user200/user200.json,idx_115
waveOut,trainingSamples,raw_data/EMG-EPN612/testingJSON/user200/user200.json,idx_116
waveOut,trainingSamples,raw_data/EMG-EPN612/testingJSON/user200/user200.json,idx_117
waveOut,trainingSamples,raw_data/EMG-EPN612/testingJSON/user200/user200.json,idx_118
waveOut,trainingSamples,raw_data/EMG-EPN612/testingJSON/user200/user200.json,idx_119
waveOut,trainingSamples,raw_data/EMG-EPN612/testingJSON/user200/user200.json,idx_120
waveOut,trainingSamples,raw_data/EMG-EPN612/testingJSON/user200/user200.json,idx_121
waveOut,trainingSamples,raw_data/EMG-EPN612/testingJSON/user200/user200.json,idx_122
waveOut,trainingSamples,raw_data/EMG-EPN612/testingJSON/user200/user200.json,idx_123
waveOut,trainingSamples,raw_data/EMG-EPN612/testingJSON/user200/user200.json,idx_124
waveOut,trainingSamples,raw_data/EMG-EPN612/testingJSON/user200/user200.json,idx_125
waveIn,trainingSamples,raw_data/EMG-EPN612/testingJSON/user200/user200.json,idx_126
waveIn,trainingSamples,raw_data/EMG-EPN612/testingJSON/user200/user200.json,idx_127
waveIn,trainingSamples,raw_data/EMG-EPN612/testingJSON/user200/user200.json,idx_128
waveIn,trainingSamples,raw_data/EMG-EPN612/testingJSON/user200/user200.json,idx_129
waveIn,trainingSamples,raw_data/EMG-EPN612/testingJSON/user200/user200.json,idx_130
waveIn,trainingSamples,raw_data/EMG-EPN612/testingJSON/user200/user200.json,idx_131
waveIn,trainingSamples,raw_data/EMG-EPN612/testingJSON/user200/user200.json,idx_132
waveIn,trainingSamples,raw_data/EMG-EPN612/testingJSON/user200/user200.json,idx_133
waveIn,trainingSamples,raw_data/EMG-EPN612/testingJSON/user200/user200.json,idx_134
waveIn,trainingSamples,raw_data/EMG-EPN612/testingJSON/user200/user200.json,idx_135
waveIn,trainingSamples,raw_data/EMG-EPN612/testingJSON/user200/user200.json,idx_136
waveIn,trainingSamples,raw_data/EMG-EPN612/testingJSON/user200/user200.json,idx_137
waveIn,trainingSamples,raw_data/EMG-EPN612/testingJSON/user200/user200.json,idx_138
waveIn,trainingSamples,raw_data/EMG-EPN612/testingJSON/user200/user200.json,idx_139
waveIn,trainingSamples,raw_data/EMG-EPN612/testingJSON/user200/user200.json,idx_140
waveIn,trainingSamples,raw_data/EMG-EPN612/testingJSON/user200/user200.json,idx_141
waveIn,trainingSamples,raw_data/EMG-EPN612/testingJSON/user200/user200.json,idx_142
waveIn,trainingSamples,raw_data/EMG-EPN612/testingJSON/user200/user200.json,idx_143
waveIn,trainingSamples,raw_data/EMG-EPN612/testingJSON/user200/user200.json,idx_144
waveIn,trainingSamples,raw_data/EMG-EPN612/testingJSON/user200/user200.json,idx_145
waveIn,trainingSamples,raw_data/EMG-EPN612/testingJSON/user200/user200.json,idx_146
waveIn,trainingSamples,raw_data/EMG-EPN612/testingJSON/user200/user200.json,idx_147
waveIn,trainingSamples,raw_data/EMG-EPN612/testingJSON/user200/user200.json,idx_148
waveIn,trainingSamples,raw_data/EMG-EPN612/testingJSON/user200/user200.json,idx_149
waveIn,trainingSamples,raw_data/EMG-EPN612/testingJSON/user200/user200.json,idx_150
noGesture,trainingSamples,raw_data/EMG-EPN612/testingJSON/user201/user201.json,idx_1
noGesture,trainingSamples,raw_data/EMG-EPN612/testingJSON/user201/user201.json,idx_2
noGesture,trainingSamples,raw_data/EMG-EPN612/testingJSON/user201/user201.json,idx_3
noGesture,trainingSamples,raw_data/EMG-EPN612/testingJSON/user201/user201.json,idx_4
noGesture,trainingSamples,raw_data/EMG-EPN612/testingJSON/user201/user201.json,idx_5
noGesture,trainingSamples,raw_data/EMG-EPN612/testingJSON/user201/user201.json,idx_6
noGesture,trainingSamples,raw_data/EMG-EPN612/testingJSON/user201/user201.json,idx_7
noGesture,trainingSamples,raw_data/EMG-EPN612/testingJSON/user201/user201.json,idx_8
noGesture,trainingSamples,raw_data/EMG-EPN612/testingJSON/user201/user201.json,idx_9
noGesture,trainingSamples,raw_data/EMG-EPN612/testingJSON/user201/user201.json,idx_10
noGesture,trainingSamples,raw_data/EMG-EPN612/testingJSON/user201/user201.json,idx_11
noGesture,trainingSamples,raw_data/EMG-EPN612/testingJSON/user201/user201.json,idx_12
noGesture,trainingSamples,raw_data/EMG-EPN612/testingJSON/user201/user201.json,idx_13
noGesture,trainingSamples,raw_data/EMG-EPN612/testingJSON/user201/user201.json,idx_14
noGesture,trainingSamples,raw_data/EMG-EPN612/testingJSON/user201/user201.json,idx_15
noGesture,trainingSamples,raw_data/EMG-EPN612/testingJSON/user201/user201.json,idx_16
noGesture,trainingSamples,raw_data/EMG-EPN612/testingJSON/user201/user201.json,idx_17
noGesture,trainingSamples,raw_data/EMG-EPN612/testingJSON/user201/user201.json,idx_18
noGesture,trainingSamples,raw_data/EMG-EPN612/testingJSON/user201/user201.json,idx_19
noGesture,trainingSamples,raw_data/EMG-EPN612/testingJSON/user201/user201.json,idx_20
noGesture,trainingSamples,raw_data/EMG-EPN612/testingJSON/user201/user201.json,idx_21
noGesture,trainingSamples,raw_data/EMG-EPN612/testingJSON/user201/user201.json,idx_22
noGesture,trainingSamples,raw_data/EMG-EPN612/testingJSON/user201/user201.json,idx_23
noGesture,trainingSamples,raw_data/EMG-EPN612/testingJSON/user201/user201.json,idx_24
noGesture,trainingSamples,raw_data/EMG-EPN612/testingJSON/user201/user201.json,idx_25
fist,trainingSamples,raw_data/EMG-EPN612/testingJSON/user201/user201.json,idx_26
fist,trainingSamples,raw_data/EMG-EPN612/testingJSON/user201/user201.json,idx_27
fist,trainingSamples,raw_data/EMG-EPN612/testingJSON/user201/user201.json,idx_28
fist,trainingSamples,raw_data/EMG-EPN612/testingJSON/user201/user201.json,idx_29
fist,trainingSamples,raw_data/EMG-EPN612/testingJSON/user201/user201.json,idx_30
fist,trainingSamples,raw_data/EMG-EPN612/testingJSON/user201/user201.json,idx_31
fist,trainingSamples,raw_data/EMG-EPN612/testingJSON/user201/user201.json,idx_32
fist,trainingSamples,raw_data/EMG-EPN612/testingJSON/user201/user201.json,idx_33
fist,trainingSamples,raw_data/EMG-EPN612/testingJSON/user201/user201.json,idx_34
fist,trainingSamples,raw_data/EMG-EPN612/testingJSON/user201/user201.json,idx_35
fist,trainingSamples,raw_data/EMG-EPN612/testingJSON/user201/user201.json,idx_36
fist,trainingSamples,raw_data/EMG-EPN612/testingJSON/user201/user201.json,idx_37
fist,trainingSamples,raw_data/EMG-EPN612/testingJSON/user201/user201.json,idx_38
fist,trainingSamples,raw_data/EMG-EPN612/testingJSON/user201/user201.json,idx_39
fist,trainingSamples,raw_data/EMG-EPN612/testingJSON/user201/user201.json,idx_40
fist,trainingSamples,raw_data/EMG-EPN612/testingJSON/user201/user201.json,idx_41
fist,trainingSamples,raw_data/EMG-EPN612/testingJSON/user201/user201.json,idx_42
fist,trainingSamples,raw_data/EMG-EPN612/testingJSON/user201/user201.json,idx_43
fist,trainingSamples,raw_data/EMG-EPN612/testingJSON/user201/user201.json,idx_44
fist,trainingSamples,raw_data/EMG-EPN612/testingJSON/user201/user201.json,idx_45
fist,trainingSamples,raw_data/EMG-EPN612/testingJSON/user201/user201.json,idx_46
fist,trainingSamples,raw_data/EMG-EPN612/testingJSON/user201/user201.json,idx_47
fist,trainingSamples,raw_data/EMG-EPN612/testingJSON/user201/user201.json,idx_48
fist,trainingSamples,raw_data/EMG-EPN612/testingJSON/user201/user201.json,idx_49
fist,trainingSamples,raw_data/EMG-EPN612/testingJSON/user201/user201.json,idx_50
open,trainingSamples,raw_data/EMG-EPN612/testingJSON/user201/user201.json,idx_51
open,trainingSamples,raw_data/EMG-EPN612/testingJSON/user201/user201.json,idx_52
open,trainingSamples,raw_data/EMG-EPN612/testingJSON/user201/user201.json,idx_53
open,trainingSamples,raw_data/EMG-EPN612/testingJSON/user201/user201.json,idx_54
open,trainingSamples,raw_data/EMG-EPN612/testingJSON/user201/user201.json,idx_55
open,trainingSamples,raw_data/EMG-EPN612/testingJSON/user201/user201.json,idx_56
open,trainingSamples,raw_data/EMG-EPN612/testingJSON/user201/user201.json,idx_57
open,trainingSamples,raw_data/EMG-EPN612/testingJSON/user201/user201.json,idx_58
open,trainingSamples,raw_data/EMG-EPN612/testingJSON/user201/user201.json,idx_59
open,trainingSamples,raw_data/EMG-EPN612/testingJSON/user201/user201.json,idx_60
open,trainingSamples,raw_data/EMG-EPN612/testingJSON/user201/user201.json,idx_61
open,trainingSamples,raw_data/EMG-EPN612/testingJSON/user201/user201.json,idx_62
open,trainingSamples,raw_data/EMG-EPN612/testingJSON/user201/user201.json,idx_63
open,trainingSamples,raw_data/EMG-EPN612/testingJSON/user201/user201.json,idx_64
open,trainingSamples,raw_data/EMG-EPN612/testingJSON/user201/user201.json,idx_65
open,trainingSamples,raw_data/EMG-EPN612/testingJSON/user201/user201.json,idx_66
open,trainingSamples,raw_data/EMG-EPN612/testingJSON/user201/user201.json,idx_67
open,trainingSamples,raw_data/EMG-EPN612/testingJSON/user201/user201.json,idx_68
open,trainingSamples,raw_data/EMG-EPN612/testingJSON/user201/user201.json,idx_69
open,trainingSamples,raw_data/EMG-EPN612/testingJSON/user201/user201.json,idx_70
open,trainingSamples,raw_data/EMG-EPN612/testingJSON/user201/user201.json,idx_71
open,trainingSamples,raw_data/EMG-EPN612/testingJSON/user201/user201.json,idx_72
open,trainingSamples,raw_data/EMG-EPN612/testingJSON/user201/user201.json,idx_73
open,trainingSamples,raw_data/EMG-EPN612/testingJSON/user201/user201.json,idx_74
open,trainingSamples,raw_data/EMG-EPN612/testingJSON/user201/user201.json,idx_75
pinch,trainingSamples,raw_data/EMG-EPN612/testingJSON/user201/user201.json,idx_76
pinch,trainingSamples,raw_data/EMG-EPN612/testingJSON/user201/user201.json,idx_77
pinch,trainingSamples,raw_data/EMG-EPN612/testingJSON/user201/user201.json,idx_78
pinch,trainingSamples,raw_data/EMG-EPN612/testingJSON/user201/user201.json,idx_79
pinch,trainingSamples,raw_data/EMG-EPN612/testingJSON/user201/user201.json,idx_80
pinch,trainingSamples,raw_data/EMG-EPN612/testingJSON/user201/user201.json,idx_81
pinch,trainingSamples,raw_data/EMG-EPN612/testingJSON/user201/user201.json,idx_82
pinch,trainingSamples,raw_data/EMG-EPN612/testingJSON/user201/user201.json,idx_83
pinch,trainingSamples,raw_data/EMG-EPN612/testingJSON/user201/user201.json,idx_84
pinch,trainingSamples,raw_data/EMG-EPN612/testingJSON/user201/user201.json,idx_85
pinch,trainingSamples,raw_data/EMG-EPN612/testingJSON/user201/user201.json,idx_86
pinch,trainingSamples,raw_data/EMG-EPN612/testingJSON/user201/user201.json,idx_87
pinch,trainingSamples,raw_data/EMG-EPN612/testingJSON/user201/user201.json,idx_88
pinch,trainingSamples,raw_data/EMG-EPN612/testingJSON/user201/user201.json,idx_89
pinch,trainingSamples,raw_data/EMG-EPN612/testingJSON/user201/user201.json,idx_90
pinch,trainingSamples,raw_data/EMG-EPN612/testingJSON/user201/user201.json,idx_91
pinch,trainingSamples,raw_data/EMG-EPN612/testingJSON/user201/user201.json,idx_92
pinch,trainingSamples,raw_data/EMG-EPN612/testingJSON/user201/user201.json,idx_93
pinch,trainingSamples,raw_data/EMG-EPN612/testingJSON/user201/user201.json,idx_94
pinch,trainingSamples,raw_data/EMG-EPN612/testingJSON/user201/user201.json,idx_95
pinch,trainingSamples,raw_data/EMG-EPN612/testingJSON/user201/user201.json,idx_96
pinch,trainingSamples,raw_data/EMG-EPN612/testingJSON/user201/user201.json,idx_97
pinch,trainingSamples,raw_data/EMG-EPN612/testingJSON/user201/user201.json,idx_98
pinch,trainingSamples,raw_data/EMG-EPN612/testingJSON/user201/user201.json,idx_99
pinch,trainingSamples,raw_data/EMG-EPN612/testingJSON/user201/user201.json,idx_100
waveOut,trainingSamples,raw_data/EMG-EPN612/testingJSON/user201/user201.json,idx_101
waveOut,trainingSamples,raw_data/EMG-EPN612/testingJSON/user201/user201.json,idx_102
waveOut,trainingSamples,raw_data/EMG-EPN612/testingJSON/user201/user201.json,idx_103
waveOut,trainingSamples,raw_data/EMG-EPN612/testingJSON/user201/user201.json,idx_104
waveOut,trainingSamples,raw_data/EMG-EPN612/testingJSON/user201/user201.json,idx_105
waveOut,trainingSamples,raw_data/EMG-EPN612/testingJSON/user201/user201.json,idx_106
waveOut,trainingSamples,raw_data/EMG-EPN612/testingJSON/user201/user201.json,idx_107
waveOut,trainingSamples,raw_data/EMG-EPN612/testingJSON/user201/user201.json,idx_108
waveOut,trainingSamples,raw_data/EMG-EPN612/testingJSON/user201/user201.json,idx_109
waveOut,trainingSamples,raw_data/EMG-EPN612/testingJSON/user201/user201.json,idx_110
waveOut,trainingSamples,raw_data/EMG-EPN612/testingJSON/user201/user201.json,idx_111
waveOut,trainingSamples,raw_data/EMG-EPN612/testingJSON/user201/user201.json,idx_112
waveOut,trainingSamples,raw_data/EMG-EPN612/testingJSON/user201/user201.json,idx_113
waveOut,trainingSamples,raw_data/EMG-EPN612/testingJSON/user201/user201.json,idx_114
waveOut,trainingSamples,raw_data/EMG-EPN612/testingJSON/user201/user201.json,idx_115
waveOut,trainingSamples,raw_data/EMG-EPN612/testingJSON/user201/user201.json,idx_116
waveOut,trainingSamples,raw_data/EMG-EPN612/testingJSON/user201/user201.json,idx_117
waveOut,trainingSamples,raw_data/EMG-EPN612/testingJSON/user201/user201.json,idx_118
waveOut,trainingSamples,raw_data/EMG-EPN612/testingJSON/user201/user201.json,idx_119
waveOut,trainingSamples,raw_data/EMG-EPN612/testingJSON/user201/user201.json,idx_120
waveOut,trainingSamples,raw_data/EMG-EPN612/testingJSON/user201/user201.json,idx_121
waveOut,trainingSamples,raw_data/EMG-EPN612/testingJSON/user201/user201.json,idx_122
waveOut,trainingSamples,raw_data/EMG-EPN612/testingJSON/user201/user201.json,idx_123
waveOut,trainingSamples,raw_data/EMG-EPN612/testingJSON/user201/user201.json,idx_124
waveOut,trainingSamples,raw_data/EMG-EPN612/testingJSON/user201/user201.json,idx_125
waveIn,trainingSamples,raw_data/EMG-EPN612/testingJSON/user201/user201.json,idx_126
waveIn,trainingSamples,raw_data/EMG-EPN612/testingJSON/user201/user201.json,idx_127
waveIn,trainingSamples,raw_data/EMG-EPN612/testingJSON/user201/user201.json,idx_128
waveIn,trainingSamples,raw_data/EMG-EPN612/testingJSON/user201/user201.json,idx_129
waveIn,trainingSamples,raw_data/EMG-EPN612/testingJSON/user201/user201.json,idx_130
waveIn,trainingSamples,raw_data/EMG-EPN612/testingJSON/user201/user201.json,idx_131
waveIn,trainingSamples,raw_data/EMG-EPN612/testingJSON/user201/user201.json,idx_132
waveIn,trainingSamples,raw_data/EMG-EPN612/testingJSON/user201/user201.json,idx_133
waveIn,trainingSamples,raw_data/EMG-EPN612/testingJSON/user201/user201.json,idx_134
waveIn,trainingSamples,raw_data/EMG-EPN612/testingJSON/user201/user201.json,idx_135
waveIn,trainingSamples,raw_data/EMG-EPN612/testingJSON/user201/user201.json,idx_136
waveIn,trainingSamples,raw_data/EMG-EPN612/testingJSON/user201/user201.json,idx_137
waveIn,trainingSamples,raw_data/EMG-EPN612/testingJSON/user201/user201.json,idx_138
waveIn,trainingSamples,raw_data/EMG-EPN612/testingJSON/user201/user201.json,idx_139
waveIn,trainingSamples,raw_data/EMG-EPN612/testingJSON/user201/user201.json,idx_140
waveIn,trainingSamples,raw_data/EMG-EPN612/testingJSON/user201/user201.json,idx_141
waveIn,trainingSamples,raw_data/EMG-EPN612/testingJSON/user201/user201.json,idx_142
waveIn,trainingSamples,raw_data/EMG-EPN612/testingJSON/user201/user201.json,idx_143
waveIn,trainingSamples,raw_data/EMG-EPN612/testingJSON/user201/user201.json,idx_144
waveIn,trainingSamples,raw_data/EMG-EPN612/testingJSON/user201/user201.json,idx_145
waveIn,trainingSamples,raw_data/EMG-EPN612/testingJSON/user201/user201.json,idx_146
waveIn,trainingSamples,raw_data/EMG-EPN612/testingJSON/user201/user201.json,idx_147
waveIn,trainingSamples,raw_data/EMG-EPN612/testingJSON/user201/user201.json,idx_148
waveIn,trainingSamples,raw_data/EMG-EPN612/testingJSON/user201/user201.json,idx_149
waveIn,trainingSamples,raw_data/EMG-EPN612/testingJSON/user201/user201.json,idx_150
noGesture,trainingSamples,raw_data/EMG-EPN612/testingJSON/user202/user202.json,idx_1
noGesture,trainingSamples,raw_data/EMG-EPN612/testingJSON/user202/user202.json,idx_2
noGesture,trainingSamples,raw_data/EMG-EPN612/testingJSON/user202/user202.json,idx_3
noGesture,trainingSamples,raw_data/EMG-EPN612/testingJSON/user202/user202.json,idx_4
noGesture,trainingSamples,raw_data/EMG-EPN612/testingJSON/user202/user202.json,idx_5
noGesture,trainingSamples,raw_data/EMG-EPN612/testingJSON/user202/user202.json,idx_6
noGesture,trainingSamples,raw_data/EMG-EPN612/testingJSON/user202/user202.json,idx_7
noGesture,trainingSamples,raw_data/EMG-EPN612/testingJSON/user202/user202.json,idx_8
noGesture,trainingSamples,raw_data/EMG-EPN612/testingJSON/user202/user202.json,idx_9
noGesture,trainingSamples,raw_data/EMG-EPN612/testingJSON/user202/user202.json,idx_10
noGesture,trainingSamples,raw_data/EMG-EPN612/testingJSON/user202/user202.json,idx_11
noGesture,trainingSamples,raw_data/EMG-EPN612/testingJSON/user202/user202.json,idx_12
noGesture,trainingSamples,raw_data/EMG-EPN612/testingJSON/user202/user202.json,idx_13
noGesture,trainingSamples,raw_data/EMG-EPN612/testingJSON/user202/user202.json,idx_14
noGesture,trainingSamples,raw_data/EMG-EPN612/testingJSON/user202/user202.json,idx_15
noGesture,trainingSamples,raw_data/EMG-EPN612/testingJSON/user202/user202.json,idx_16
noGesture,trainingSamples,raw_data/EMG-EPN612/testingJSON/user202/user202.json,idx_17
noGesture,trainingSamples,raw_data/EMG-EPN612/testingJSON/user202/user202.json,idx_18
noGesture,trainingSamples,raw_data/EMG-EPN612/testingJSON/user202/user202.json,idx_19
noGesture,trainingSamples,raw_data/EMG-EPN612/testingJSON/user202/user202.json,idx_20
noGesture,trainingSamples,raw_data/EMG-EPN612/testingJSON/user202/user202.json,idx_21
noGesture,trainingSamples,raw_data/EMG-EPN612/testingJSON/user202/user202.json,idx_22
noGesture,trainingSamples,raw_data/EMG-EPN612/testingJSON/user202/user202.json,idx_23
noGesture,trainingSamples,raw_data/EMG-EPN612/testingJSON/user202/user202.json,idx_24
noGesture,trainingSamples,raw_data/EMG-EPN612/testingJSON/user202/user202.json,idx_25
waveOut,trainingSamples,raw_data/EMG-EPN612/testingJSON/user202/user202.json,idx_26
waveOut,trainingSamples,raw_data/EMG-EPN612/testingJSON/user202/user202.json,idx_27
waveOut,trainingSamples,raw_data/EMG-EPN612/testingJSON/user202/user202.json,idx_28
waveOut,trainingSamples,raw_data/EMG-EPN612/testingJSON/user202/user202.json,idx_29
waveOut,trainingSamples,raw_data/EMG-EPN612/testingJSON/user202/user202.json,idx_30
waveOut,trainingSamples,raw_data/EMG-EPN612/testingJSON/user202/user202.json,idx_31
waveOut,trainingSamples,raw_data/EMG-EPN612/testingJSON/user202/user202.json,idx_32
waveOut,trainingSamples,raw_data/EMG-EPN612/testingJSON/user202/user202.json,idx_33
waveOut,trainingSamples,raw_data/EMG-EPN612/testingJSON/user202/user202.json,idx_34
waveOut,trainingSamples,raw_data/EMG-EPN612/testingJSON/user202/user202.json,idx_35
waveOut,trainingSamples,raw_data/EMG-EPN612/testingJSON/user202/user202.json,idx_36
waveOut,trainingSamples,raw_data/EMG-EPN612/testingJSON/user202/user202.json,idx_37
waveOut,trainingSamples,raw_data/EMG-EPN612/testingJSON/user202/user202.json,idx_38
waveOut,trainingSamples,raw_data/EMG-EPN612/testingJSON/user202/user202.json,idx_39
waveOut,trainingSamples,raw_data/EMG-EPN612/testingJSON/user202/user202.json,idx_40
waveOut,trainingSamples,raw_data/EMG-EPN612/testingJSON/user202/user202.json,idx_41
waveOut,trainingSamples,raw_data/EMG-EPN612/testingJSON/user202/user202.json,idx_42
waveOut,trainingSamples,raw_data/EMG-EPN612/testingJSON/user202/user202.json,idx_43
waveOut,trainingSamples,raw_data/EMG-EPN612/testingJSON/user202/user202.json,idx_44
waveOut,trainingSamples,raw_data/EMG-EPN612/testingJSON/user202/user202.json,idx_45
waveOut,trainingSamples,raw_data/EMG-EPN612/testingJSON/user202/user202.json,idx_46
waveOut,trainingSamples,raw_data/EMG-EPN612/testingJSON/user202/user202.json,idx_47
waveOut,trainingSamples,raw_data/EMG-EPN612/testingJSON/user202/user202.json,idx_48
waveOut,trainingSamples,raw_data/EMG-EPN612/testingJSON/user202/user202.json,idx_49
waveOut,trainingSamples,raw_data/EMG-EPN612/testingJSON/user202/user202.json,idx_50
pinch,trainingSamples,raw_data/EMG-EPN612/testingJSON/user202/user202.json,idx_51
pinch,trainingSamples,raw_data/EMG-EPN612/testingJSON/user202/user202.json,idx_52
pinch,trainingSamples,raw_data/EMG-EPN612/testingJSON/user202/user202.json,idx_53
pinch,trainingSamples,raw_data/EMG-EPN612/testingJSON/user202/user202.json,idx_54
pinch,trainingSamples,raw_data/EMG-EPN612/testingJSON/user202/user202.json,idx_55
pinch,trainingSamples,raw_data/EMG-EPN612/testingJSON/user202/user202.json,idx_56
pinch,trainingSamples,raw_data/EMG-EPN612/testingJSON/user202/user202.json,idx_57
pinch,trainingSamples,raw_data/EMG-EPN612/testingJSON/user202/user202.json,idx_58
pinch,trainingSamples,raw_data/EMG-EPN612/testingJSON/user202/user202.json,idx_59
pinch,trainingSamples,raw_data/EMG-EPN612/testingJSON/user202/user202.json,idx_60
pinch,trainingSamples,raw_data/EMG-EPN612/testingJSON/user202/user202.json,idx_61
pinch,trainingSamples,raw_data/EMG-EPN612/testingJSON/user202/user202.json,idx_62
pinch,trainingSamples,raw_data/EMG-EPN612/testingJSON/user202/user202.json,idx_63
pinch,trainingSamples,raw_data/EMG-EPN612/testingJSON/user202/user202.json,idx_64
pinch,trainingSamples,raw_data/EMG-EPN612/testingJSON/user202/user202.json,idx_65
pinch,trainingSamples,raw_data/EMG-EPN612/testingJSON/user202/user202.json,idx_66
pinch,trainingSamples,raw_data/EMG-EPN612/testingJSON/user202/user202.json,idx_67
pinch,trainingSamples,raw_data/EMG-EPN612/testingJSON/user202/user202.json,idx_68
pinch,trainingSamples,raw_data/EMG-EPN612/testingJSON/user202/user202.json,idx_69
pinch,trainingSamples,raw_data/EMG-EPN612/testingJSON/user202/user202.json,idx_70
pinch,trainingSamples,raw_data/EMG-EPN612/testingJSON/user202/user202.json,idx_71
pinch,trainingSamples,raw_data/EMG-EPN612/testingJSON/user202/user202.json,idx_72
pinch,trainingSamples,raw_data/EMG-EPN612/testingJSON/user202/user202.json,idx_73
pinch,trainingSamples,raw_data/EMG-EPN612/testingJSON/user202/user202.json,idx_74
pinch,trainingSamples,raw_data/EMG-EPN612/testingJSON/user202/user202.json,idx_75
fist,trainingSamples,raw_data/EMG-EPN612/testingJSON/user202/user202.json,idx_76
fist,trainingSamples,raw_data/EMG-EPN612/testingJSON/user202/user202.json,idx_77
fist,trainingSamples,raw_data/EMG-EPN612/testingJSON/user202/user202.json,idx_78
fist,trainingSamples,raw_data/EMG-EPN612/testingJSON/user202/user202.json,idx_79
fist,trainingSamples,raw_data/EMG-EPN612/testingJSON/user202/user202.json,idx_80
fist,trainingSamples,raw_data/EMG-EPN612/testingJSON/user202/user202.json,idx_81
fist,trainingSamples,raw_data/EMG-EPN612/testingJSON/user202/user202.json,idx_82
fist,trainingSamples,raw_data/EMG-EPN612/testingJSON/user202/user202.json,idx_83
fist,trainingSamples,raw_data/EMG-EPN612/testingJSON/user202/user202.json,idx_84
fist,trainingSamples,raw_data/EMG-EPN612/testingJSON/user202/user202.json,idx_85
fist,trainingSamples,raw_data/EMG-EPN612/testingJSON/user202/user202.json,idx_86
fist,trainingSamples,raw_data/EMG-EPN612/testingJSON/user202/user202.json,idx_87
fist,trainingSamples,raw_data/EMG-EPN612/testingJSON/user202/user202.json,idx_88
fist,trainingSamples,raw_data/EMG-EPN612/testingJSON/user202/user202.json,idx_89
fist,trainingSamples,raw_data/EMG-EPN612/testingJSON/user202/user202.json,idx_90
fist,trainingSamples,raw_data/EMG-EPN612/testingJSON/user202/user202.json,idx_91
fist,trainingSamples,raw_data/EMG-EPN612/testingJSON/user202/user202.json,idx_92
fist,trainingSamples,raw_data/EMG-EPN612/testingJSON/user202/user202.json,idx_93
fist,trainingSamples,raw_data/EMG-EPN612/testingJSON/user202/user202.json,idx_94
fist,trainingSamples,raw_data/EMG-EPN612/testingJSON/user202/user202.json,idx_95
fist,trainingSamples,raw_data/EMG-EPN612/testingJSON/user202/user202.json,idx_96
fist,trainingSamples,raw_data/EMG-EPN612/testingJSON/user202/user202.json,idx_97
fist,trainingSamples,raw_data/EMG-EPN612/testingJSON/user202/user202.json,idx_98
fist,trainingSamples,raw_data/EMG-EPN612/testingJSON/user202/user202.json,idx_99
fist,trainingSamples,raw_data/EMG-EPN612/testingJSON/user202/user202.json,idx_100
waveIn,trainingSamples,raw_data/EMG-EPN612/testingJSON/user202/user202.json,idx_101
waveIn,trainingSamples,raw_data/EMG-EPN612/testingJSON/user202/user202.json,idx_102
waveIn,trainingSamples,raw_data/EMG-EPN612/testingJSON/user202/user202.json,idx_103
waveIn,trainingSamples,raw_data/EMG-EPN612/testingJSON/user202/user202.json,idx_104
waveIn,trainingSamples,raw_data/EMG-EPN612/testingJSON/user202/user202.json,idx_105
waveIn,trainingSamples,raw_data/EMG-EPN612/testingJSON/user202/user202.json,idx_106
waveIn,trainingSamples,raw_data/EMG-EPN612/testingJSON/user202/user202.json,idx_107
waveIn,trainingSamples,raw_data/EMG-EPN612/testingJSON/user202/user202.json,idx_108
waveIn,trainingSamples,raw_data/EMG-EPN612/testingJSON/user202/user202.json,idx_109
waveIn,trainingSamples,raw_data/EMG-EPN612/testingJSON/user202/user202.json,idx_110
waveIn,trainingSamples,raw_data/EMG-EPN612/testingJSON/user202/user202.json,idx_111
waveIn,trainingSamples,raw_data/EMG-EPN612/testingJSON/user202/user202.json,idx_112
waveIn,trainingSamples,raw_data/EMG-EPN612/testingJSON/user202/user202.json,idx_113
waveIn,trainingSamples,raw_data/EMG-EPN612/testingJSON/user202/user202.json,idx_114
waveIn,trainingSamples,raw_data/EMG-EPN612/testingJSON/user202/user202.json,idx_115
waveIn,trainingSamples,raw_data/EMG-EPN612/testingJSON/user202/user202.json,idx_116
waveIn,trainingSamples,raw_data/EMG-EPN612/testingJSON/user202/user202.json,idx_117
waveIn,trainingSamples,raw_data/EMG-EPN612/testingJSON/user202/user202.json,idx_118
waveIn,trainingSamples,raw_data/EMG-EPN612/testingJSON/user202/user202.json,idx_119
waveIn,trainingSamples,raw_data/EMG-EPN612/testingJSON/user202/user202.json,idx_120
waveIn,trainingSamples,raw_data/EMG-EPN612/testingJSON/user202/user202.json,idx_121
waveIn,trainingSamples,raw_data/EMG-EPN612/testingJSON/user202/user202.json,idx_122
waveIn,trainingSamples,raw_data/EMG-EPN612/testingJSON/user202/user202.json,idx_123
waveIn,trainingSamples,raw_data/EMG-EPN612/testingJSON/user202/user202.json,idx_124
waveIn,trainingSamples,raw_data/EMG-EPN612/testingJSON/user202/user202.json,idx_125
open,trainingSamples,raw_data/EMG-EPN612/testingJSON/user202/user202.json,idx_126
open,trainingSamples,raw_data/EMG-EPN612/testingJSON/user202/user202.json,idx_127
open,trainingSamples,raw_data/EMG-EPN612/testingJSON/user202/user202.json,idx_128
open,trainingSamples,raw_data/EMG-EPN612/testingJSON/user202/user202.json,idx_129
open,trainingSamples,raw_data/EMG-EPN612/testingJSON/user202/user202.json,idx_130
open,trainingSamples,raw_data/EMG-EPN612/testingJSON/user202/user202.json,idx_131
open,trainingSamples,raw_data/EMG-EPN612/testingJSON/user202/user202.json,idx_132
open,trainingSamples,raw_data/EMG-EPN612/testingJSON/user202/user202.json,idx_133
open,trainingSamples,raw_data/EMG-EPN612/testingJSON/user202/user202.json,idx_134
open,trainingSamples,raw_data/EMG-EPN612/testingJSON/user202/user202.json,idx_135
open,trainingSamples,raw_data/EMG-EPN612/testingJSON/user202/user202.json,idx_136
open,trainingSamples,raw_data/EMG-EPN612/testingJSON/user202/user202.json,idx_137
open,trainingSamples,raw_data/EMG-EPN612/testingJSON/user202/user202.json,idx_138
open,trainingSamples,raw_data/EMG-EPN612/testingJSON/user202/user202.json,idx_139
open,trainingSamples,raw_data/EMG-EPN612/testingJSON/user202/user202.json,idx_140
open,trainingSamples,raw_data/EMG-EPN612/testingJSON/user202/user202.json,idx_141
open,trainingSamples,raw_data/EMG-EPN612/testingJSON/user202/user202.json,idx_142
open,trainingSamples,raw_data/EMG-EPN612/testingJSON/user202/user202.json,idx_143
open,trainingSamples,raw_data/EMG-EPN612/testingJSON/user202/user202.json,idx_144
open,trainingSamples,raw_data/EMG-EPN612/testingJSON/user202/user202.json,idx_145
open,trainingSamples,raw_data/EMG-EPN612/testingJSON/user202/user202.json,idx_146
open,trainingSamples,raw_data/EMG-EPN612/testingJSON/user202/user202.json,idx_147
open,trainingSamples,raw_data/EMG-EPN612/testingJSON/user202/user202.json,idx_148
open,trainingSamples,raw_data/EMG-EPN612/testingJSON/user202/user202.json,idx_149
open,trainingSamples,raw_data/EMG-EPN612/testingJSON/user202/user202.json,idx_150
noGesture,trainingSamples,raw_data/EMG-EPN612/testingJSON/user203/user203.json,idx_1
noGesture,trainingSamples,raw_data/EMG-EPN612/testingJSON/user203/user203.json,idx_2
noGesture,trainingSamples,raw_data/EMG-EPN612/testingJSON/user203/user203.json,idx_3
noGesture,trainingSamples,raw_data/EMG-EPN612/testingJSON/user203/user203.json,idx_4
noGesture,trainingSamples,raw_data/EMG-EPN612/testingJSON/user203/user203.json,idx_5
noGesture,trainingSamples,raw_data/EMG-EPN612/testingJSON/user203/user203.json,idx_6
noGesture,trainingSamples,raw_data/EMG-EPN612/testingJSON/user203/user203.json,idx_7
noGesture,trainingSamples,raw_data/EMG-EPN612/testingJSON/user203/user203.json,idx_8
noGesture,trainingSamples,raw_data/EMG-EPN612/testingJSON/user203/user203.json,idx_9
noGesture,trainingSamples,raw_data/EMG-EPN612/testingJSON/user203/user203.json,idx_10
noGesture,trainingSamples,raw_data/EMG-EPN612/testingJSON/user203/user203.json,idx_11
noGesture,trainingSamples,raw_data/EMG-EPN612/testingJSON/user203/user203.json,idx_12
noGesture,trainingSamples,raw_data/EMG-EPN612/testingJSON/user203/user203.json,idx_13
noGesture,trainingSamples,raw_data/EMG-EPN612/testingJSON/user203/user203.json,idx_14
noGesture,trainingSamples,raw_data/EMG-EPN612/testingJSON/user203/user203.json,idx_15
noGesture,trainingSamples,raw_data/EMG-EPN612/testingJSON/user203/user203.json,idx_16
noGesture,trainingSamples,raw_data/EMG-EPN612/testingJSON/user203/user203.json,idx_17
noGesture,trainingSamples,raw_data/EMG-EPN612/testingJSON/user203/user203.json,idx_18
noGesture,trainingSamples,raw_data/EMG-EPN612/testingJSON/user203/user203.json,idx_19
noGesture,trainingSamples,raw_data/EMG-EPN612/testingJSON/user203/user203.json,idx_20
noGesture,trainingSamples,raw_data/EMG-EPN612/testingJSON/user203/user203.json,idx_21
noGesture,trainingSamples,raw_data/EMG-EPN612/testingJSON/user203/user203.json,idx_22
noGesture,trainingSamples,raw_data/EMG-EPN612/testingJSON/user203/user203.json,idx_23
noGesture,trainingSamples,raw_data/EMG-EPN612/testingJSON/user203/user203.json,idx_24
noGesture,trainingSamples,raw_data/EMG-EPN612/testingJSON/user203/user203.json,idx_25
waveOut,trainingSamples,raw_data/EMG-EPN612/testingJSON/user203/user203.json,idx_26
waveOut,trainingSamples,raw_data/EMG-EPN612/testingJSON/user203/user203.json,idx_27
waveOut,trainingSamples,raw_data/EMG-EPN612/testingJSON/user203/user203.json,idx_28
waveOut,trainingSamples,raw_data/EMG-EPN612/testingJSON/user203/user203.json,idx_29
waveOut,trainingSamples,raw_data/EMG-EPN612/testingJSON/user203/user203.json,idx_30
waveOut,trainingSamples,raw_data/EMG-EPN612/testingJSON/user203/user203.json,idx_31
waveOut,trainingSamples,raw_data/EMG-EPN612/testingJSON/user203/user203.json,idx_32
waveOut,trainingSamples,raw_data/EMG-EPN612/testingJSON/user203/user203.json,idx_33
waveOut,trainingSamples,raw_data/EMG-EPN612/testingJSON/user203/user203.json,idx_34
waveOut,trainingSamples,raw_data/EMG-EPN612/testingJSON/user203/user203.json,idx_35
waveOut,trainingSamples,raw_data/EMG-EPN612/testingJSON/user203/user203.json,idx_36
waveOut,trainingSamples,raw_data/EMG-EPN612/testingJSON/user203/user203.json,idx_37
waveOut,trainingSamples,raw_data/EMG-EPN612/testingJSON/user203/user203.json,idx_38
waveOut,trainingSamples,raw_data/EMG-EPN612/testingJSON/user203/user203.json,idx_39
waveOut,trainingSamples,raw_data/EMG-EPN612/testingJSON/user203/user203.json,idx_40
waveOut,trainingSamples,raw_data/EMG-EPN612/testingJSON/user203/user203.json,idx_41
waveOut,trainingSamples,raw_data/EMG-EPN612/testingJSON/user203/user203.json,idx_42
waveOut,trainingSamples,raw_data/EMG-EPN612/testingJSON/user203/user203.json,idx_43
waveOut,trainingSamples,raw_data/EMG-EPN612/testingJSON/user203/user203.json,idx_44
waveOut,trainingSamples,raw_data/EMG-EPN612/testingJSON/user203/user203.json,idx_45
waveOut,trainingSamples,raw_data/EMG-EPN612/testingJSON/user203/user203.json,idx_46
waveOut,trainingSamples,raw_data/EMG-EPN612/testingJSON/user203/user203.json,idx_47
waveOut,trainingSamples,raw_data/EMG-EPN612/testingJSON/user203/user203.json,idx_48
waveOut,trainingSamples,raw_data/EMG-EPN612/testingJSON/user203/user203.json,idx_49
waveOut,trainingSamples,raw_data/EMG-EPN612/testingJSON/user203/user203.json,idx_50
pinch,trainingSamples,raw_data/EMG-EPN612/testingJSON/user203/user203.json,idx_51
pinch,trainingSamples,raw_data/EMG-EPN612/testingJSON/user203/user203.json,idx_52
pinch,trainingSamples,raw_data/EMG-EPN612/testingJSON/user203/user203.json,idx_53
pinch,trainingSamples,raw_data/EMG-EPN612/testingJSON/user203/user203.json,idx_54
pinch,trainingSamples,raw_data/EMG-EPN612/testingJSON/user203/user203.json,idx_55
pinch,trainingSamples,raw_data/EMG-EPN612/testingJSON/user203/user203.json,idx_56
pinch,trainingSamples,raw_data/EMG-EPN612/testingJSON/user203/user203.json,idx_57
pinch,trainingSamples,raw_data/EMG-EPN612/testingJSON/user203/user203.json,idx_58
pinch,trainingSamples,raw_data/EMG-EPN612/testingJSON/user203/user203.json,idx_59
pinch,trainingSamples,raw_data/EMG-EPN612/testingJSON/user203/user203.json,idx_60
pinch,trainingSamples,raw_data/EMG-EPN612/testingJSON/user203/user203.json,idx_61
pinch,trainingSamples,raw_data/EMG-EPN612/testingJSON/user203/user203.json,idx_62
pinch,trainingSamples,raw_data/EMG-EPN612/testingJSON/user203/user203.json,idx_63
pinch,trainingSamples,raw_data/EMG-EPN612/testingJSON/user203/user203.json,idx_64
pinch,trainingSamples,raw_data/EMG-EPN612/testingJSON/user203/user203.json,idx_65
pinch,trainingSamples,raw_data/EMG-EPN612/testingJSON/user203/user203.json,idx_66
pinch,trainingSamples,raw_data/EMG-EPN612/testingJSON/user203/user203.json,idx_67
pinch,trainingSamples,raw_data/EMG-EPN612/testingJSON/user203/user203.json,idx_68
pinch,trainingSamples,raw_data/EMG-EPN612/testingJSON/user203/user203.json,idx_69
pinch,trainingSamples,raw_data/EMG-EPN612/testingJSON/user203/user203.json,idx_70
pinch,trainingSamples,raw_data/EMG-EPN612/testingJSON/user203/user203.json,idx_71
pinch,trainingSamples,raw_data/EMG-EPN612/testingJSON/user203/user203.json,idx_72
pinch,trainingSamples,raw_data/EMG-EPN612/testingJSON/user203/user203.json,idx_73
pinch,trainingSamples,raw_data/EMG-EPN612/testingJSON/user203/user203.json,idx_74
pinch,trainingSamples,raw_data/EMG-EPN612/testingJSON/user203/user203.json,idx_75
fist,trainingSamples,raw_data/EMG-EPN612/testingJSON/user203/user203.json,idx_76
fist,trainingSamples,raw_data/EMG-EPN612/testingJSON/user203/user203.json,idx_77
fist,trainingSamples,raw_data/EMG-EPN612/testingJSON/user203/user203.json,idx_78
fist,trainingSamples,raw_data/EMG-EPN612/testingJSON/user203/user203.json,idx_79
fist,trainingSamples,raw_data/EMG-EPN612/testingJSON/user203/user203.json,idx_80
fist,trainingSamples,raw_data/EMG-EPN612/testingJSON/user203/user203.json,idx_81
fist,trainingSamples,raw_data/EMG-EPN612/testingJSON/user203/user203.json,idx_82
fist,trainingSamples,raw_data/EMG-EPN612/testingJSON/user203/user203.json,idx_83
fist,trainingSamples,raw_data/EMG-EPN612/testingJSON/user203/user203.json,idx_84
fist,trainingSamples,raw_data/EMG-EPN612/testingJSON/user203/user203.json,idx_85
fist,trainingSamples,raw_data/EMG-EPN612/testingJSON/user203/user203.json,idx_86
fist,trainingSamples,raw_data/EMG-EPN612/testingJSON/user203/user203.json,idx_87
fist,trainingSamples,raw_data/EMG-EPN612/testingJSON/user203/user203.json,idx_88
fist,trainingSamples,raw_data/EMG-EPN612/testingJSON/user203/user203.json,idx_89
fist,trainingSamples,raw_data/EMG-EPN612/testingJSON/user203/user203.json,idx_90
fist,trainingSamples,raw_data/EMG-EPN612/testingJSON/user203/user203.json,idx_91
fist,trainingSamples,raw_data/EMG-EPN612/testingJSON/user203/user203.json,idx_92
fist,trainingSamples,raw_data/EMG-EPN612/testingJSON/user203/user203.json,idx_93
fist,trainingSamples,raw_data/EMG-EPN612/testingJSON/user203/user203.json,idx_94
fist,trainingSamples,raw_data/EMG-EPN612/testingJSON/user203/user203.json,idx_95
fist,trainingSamples,raw_data/EMG-EPN612/testingJSON/user203/user203.json,idx_96
fist,trainingSamples,raw_data/EMG-EPN612/testingJSON/user203/user203.json,idx_97
fist,trainingSamples,raw_data/EMG-EPN612/testingJSON/user203/user203.json,idx_98
fist,trainingSamples,raw_data/EMG-EPN612/testingJSON/user203/user203.json,idx_99
fist,trainingSamples,raw_data/EMG-EPN612/testingJSON/user203/user203.json,idx_100
waveIn,trainingSamples,raw_data/EMG-EPN612/testingJSON/user203/user203.json,idx_101
waveIn,trainingSamples,raw_data/EMG-EPN612/testingJSON/user203/user203.json,idx_102
waveIn,trainingSamples,raw_data/EMG-EPN612/testingJSON/user203/user203.json,idx_103
waveIn,trainingSamples,raw_data/EMG-EPN612/testingJSON/user203/user203.json,idx_104
waveIn,trainingSamples,raw_data/EMG-EPN612/testingJSON/user203/user203.json,idx_105
waveIn,trainingSamples,raw_data/EMG-EPN612/testingJSON/user203/user203.json,idx_106
waveIn,trainingSamples,raw_data/EMG-EPN612/testingJSON/user203/user203.json,idx_107
waveIn,trainingSamples,raw_data/EMG-EPN612/testingJSON/user203/user203.json,idx_108
waveIn,trainingSamples,raw_data/EMG-EPN612/testingJSON/user203/user203.json,idx_109
waveIn,trainingSamples,raw_data/EMG-EPN612/testingJSON/user203/user203.json,idx_110
waveIn,trainingSamples,raw_data/EMG-EPN612/testingJSON/user203/user203.json,idx_111
waveIn,trainingSamples,raw_data/EMG-EPN612/testingJSON/user203/user203.json,idx_112
waveIn,trainingSamples,raw_data/EMG-EPN612/testingJSON/user203/user203.json,idx_113
waveIn,trainingSamples,raw_data/EMG-EPN612/testingJSON/user203/user203.json,idx_114
waveIn,trainingSamples,raw_data/EMG-EPN612/testingJSON/user203/user203.json,idx_115
waveIn,trainingSamples,raw_data/EMG-EPN612/testingJSON/user203/user203.json,idx_116
waveIn,trainingSamples,raw_data/EMG-EPN612/testingJSON/user203/user203.json,idx_117
waveIn,trainingSamples,raw_data/EMG-EPN612/testingJSON/user203/user203.json,idx_118
waveIn,trainingSamples,raw_data/EMG-EPN612/testingJSON/user203/user203.json,idx_119
waveIn,trainingSamples,raw_data/EMG-EPN612/testingJSON/user203/user203.json,idx_120
waveIn,trainingSamples,raw_data/EMG-EPN612/testingJSON/user203/user203.json,idx_121
waveIn,trainingSamples,raw_data/EMG-EPN612/testingJSON/user203/user203.json,idx_122
waveIn,trainingSamples,raw_data/EMG-EPN612/testingJSON/user203/user203.json,idx_123
waveIn,trainingSamples,raw_data/EMG-EPN612/testingJSON/user203/user203.json,idx_124
waveIn,trainingSamples,raw_data/EMG-EPN612/testingJSON/user203/user203.json,idx_125
open,trainingSamples,raw_data/EMG-EPN612/testingJSON/user203/user203.json,idx_126
open,trainingSamples,raw_data/EMG-EPN612/testingJSON/user203/user203.json,idx_127
open,trainingSamples,raw_data/EMG-EPN612/testingJSON/user203/user203.json,idx_128
open,trainingSamples,raw_data/EMG-EPN612/testingJSON/user203/user203.json,idx_129
open,trainingSamples,raw_data/EMG-EPN612/testingJSON/user203/user203.json,idx_130
open,trainingSamples,raw_data/EMG-EPN612/testingJSON/user203/user203.json,idx_131
open,trainingSamples,raw_data/EMG-EPN612/testingJSON/user203/user203.json,idx_132
open,trainingSamples,raw_data/EMG-EPN612/testingJSON/user203/user203.json,idx_133
open,trainingSamples,raw_data/EMG-EPN612/testingJSON/user203/user203.json,idx_134
open,trainingSamples,raw_data/EMG-EPN612/testingJSON/user203/user203.json,idx_135
open,trainingSamples,raw_data/EMG-EPN612/testingJSON/user203/user203.json,idx_136
open,trainingSamples,raw_data/EMG-EPN612/testingJSON/user203/user203.json,idx_137
open,trainingSamples,raw_data/EMG-EPN612/testingJSON/user203/user203.json,idx_138
open,trainingSamples,raw_data/EMG-EPN612/testingJSON/user203/user203.json,idx_139
open,trainingSamples,raw_data/EMG-EPN612/testingJSON/user203/user203.json,idx_140
open,trainingSamples,raw_data/EMG-EPN612/testingJSON/user203/user203.json,idx_141
open,trainingSamples,raw_data/EMG-EPN612/testingJSON/user203/user203.json,idx_142
open,trainingSamples,raw_data/EMG-EPN612/testingJSON/user203/user203.json,idx_143
open,trainingSamples,raw_data/EMG-EPN612/testingJSON/user203/user203.json,idx_144
open,trainingSamples,raw_data/EMG-EPN612/testingJSON/user203/user203.json,idx_145
open,trainingSamples,raw_data/EMG-EPN612/testingJSON/user203/user203.json,idx_146
open,trainingSamples,raw_data/EMG-EPN612/testingJSON/user203/user203.json,idx_147
open,trainingSamples,raw_data/EMG-EPN612/testingJSON/user203/user203.json,idx_148
open,trainingSamples,raw_data/EMG-EPN612/testingJSON/user203/user203.json,idx_149
open,trainingSamples,raw_data/EMG-EPN612/testingJSON/user203/user203.json,idx_150
noGesture,trainingSamples,raw_data/EMG-EPN612/testingJSON/user204/user204.json,idx_1
noGesture,trainingSamples,raw_data/EMG-EPN612/testingJSON/user204/user204.json,idx_2
noGesture,trainingSamples,raw_data/EMG-EPN612/testingJSON/user204/user204.json,idx_3
noGesture,trainingSamples,raw_data/EMG-EPN612/testingJSON/user204/user204.json,idx_4
noGesture,trainingSamples,raw_data/EMG-EPN612/testingJSON/user204/user204.json,idx_5
noGesture,trainingSamples,raw_data/EMG-EPN612/testingJSON/user204/user204.json,idx_6
noGesture,trainingSamples,raw_data/EMG-EPN612/testingJSON/user204/user204.json,idx_7
noGesture,trainingSamples,raw_data/EMG-EPN612/testingJSON/user204/user204.json,idx_8
noGesture,trainingSamples,raw_data/EMG-EPN612/testingJSON/user204/user204.json,idx_9
noGesture,trainingSamples,raw_data/EMG-EPN612/testingJSON/user204/user204.json,idx_10
noGesture,trainingSamples,raw_data/EMG-EPN612/testingJSON/user204/user204.json,idx_11
noGesture,trainingSamples,raw_data/EMG-EPN612/testingJSON/user204/user204.json,idx_12
noGesture,trainingSamples,raw_data/EMG-EPN612/testingJSON/user204/user204.json,idx_13
noGesture,trainingSamples,raw_data/EMG-EPN612/testingJSON/user204/user204.json,idx_14
noGesture,trainingSamples,raw_data/EMG-EPN612/testingJSON/user204/user204.json,idx_15
noGesture,trainingSamples,raw_data/EMG-EPN612/testingJSON/user204/user204.json,idx_16
noGesture,trainingSamples,raw_data/EMG-EPN612/testingJSON/user204/user204.json,idx_17
noGesture,trainingSamples,raw_data/EMG-EPN612/testingJSON/user204/user204.json,idx_18
noGesture,trainingSamples,raw_data/EMG-EPN612/testingJSON/user204/user204.json,idx_19
noGesture,trainingSamples,raw_data/EMG-EPN612/testingJSON/user204/user204.json,idx_20
noGesture,trainingSamples,raw_data/EMG-EPN612/testingJSON/user204/user204.json,idx_21
noGesture,trainingSamples,raw_data/EMG-EPN612/testingJSON/user204/user204.json,idx_22
noGesture,trainingSamples,raw_data/EMG-EPN612/testingJSON/user204/user204.json,idx_23
noGesture,trainingSamples,raw_data/EMG-EPN612/testingJSON/user204/user204.json,idx_24
noGesture,trainingSamples,raw_data/EMG-EPN612/testingJSON/user204/user204.json,idx_25
waveOut,trainingSamples,raw_data/EMG-EPN612/testingJSON/user204/user204.json,idx_26
waveOut,trainingSamples,raw_data/EMG-EPN612/testingJSON/user204/user204.json,idx_27
waveOut,trainingSamples,raw_data/EMG-EPN612/testingJSON/user204/user204.json,idx_28
waveOut,trainingSamples,raw_data/EMG-EPN612/testingJSON/user204/user204.json,idx_29
waveOut,trainingSamples,raw_data/EMG-EPN612/testingJSON/user204/user204.json,idx_30
waveOut,trainingSamples,raw_data/EMG-EPN612/testingJSON/user204/user204.json,idx_31
waveOut,trainingSamples,raw_data/EMG-EPN612/testingJSON/user204/user204.json,idx_32
waveOut,trainingSamples,raw_data/EMG-EPN612/testingJSON/user204/user204.json,idx_33
waveOut,trainingSamples,raw_data/EMG-EPN612/testingJSON/user204/user204.json,idx_34
waveOut,trainingSamples,raw_data/EMG-EPN612/testingJSON/user204/user204.json,idx_35
waveOut,trainingSamples,raw_data/EMG-EPN612/testingJSON/user204/user204.json,idx_36
waveOut,trainingSamples,raw_data/EMG-EPN612/testingJSON/user204/user204.json,idx_37
waveOut,trainingSamples,raw_data/EMG-EPN612/testingJSON/user204/user204.json,idx_38
waveOut,trainingSamples,raw_data/EMG-EPN612/testingJSON/user204/user204.json,idx_39
waveOut,trainingSamples,raw_data/EMG-EPN612/testingJSON/user204/user204.json,idx_40
waveOut,trainingSamples,raw_data/EMG-EPN612/testingJSON/user204/user204.json,idx_41
waveOut,trainingSamples,raw_data/EMG-EPN612/testingJSON/user204/user204.json,idx_42
waveOut,trainingSamples,raw_data/EMG-EPN612/testingJSON/user204/user204.json,idx_43
waveOut,trainingSamples,raw_data/EMG-EPN612/testingJSON/user204/user204.json,idx_44
waveOut,trainingSamples,raw_data/EMG-EPN612/testingJSON/user204/user204.json,idx_45
waveOut,trainingSamples,raw_data/EMG-EPN612/testingJSON/user204/user204.json,idx_46
waveOut,trainingSamples,raw_data/EMG-EPN612/testingJSON/user204/user204.json,idx_47
waveOut,trainingSamples,raw_data/EMG-EPN612/testingJSON/user204/user204.json,idx_48
waveOut,trainingSamples,raw_data/EMG-EPN612/testingJSON/user204/user204.json,idx_49
waveOut,trainingSamples,raw_data/EMG-EPN612/testingJSON/user204/user204.json,idx_50
pinch,trainingSamples,raw_data/EMG-EPN612/testingJSON/user204/user204.json,idx_51
pinch,trainingSamples,raw_data/EMG-EPN612/testingJSON/user204/user204.json,idx_52
pinch,trainingSamples,raw_data/EMG-EPN612/testingJSON/user204/user204.json,idx_53
pinch,trainingSamples,raw_data/EMG-EPN612/testingJSON/user204/user204.json,idx_54
pinch,trainingSamples,raw_data/EMG-EPN612/testingJSON/user204/user204.json,idx_55
pinch,trainingSamples,raw_data/EMG-EPN612/testingJSON/user204/user204.json,idx_56
pinch,trainingSamples,raw_data/EMG-EPN612/testingJSON/user204/user204.json,idx_57
pinch,trainingSamples,raw_data/EMG-EPN612/testingJSON/user204/user204.json,idx_58
pinch,trainingSamples,raw_data/EMG-EPN612/testingJSON/user204/user204.json,idx_59
pinch,trainingSamples,raw_data/EMG-EPN612/testingJSON/user204/user204.json,idx_60
pinch,trainingSamples,raw_data/EMG-EPN612/testingJSON/user204/user204.json,idx_61
pinch,trainingSamples,raw_data/EMG-EPN612/testingJSON/user204/user204.json,idx_62
pinch,trainingSamples,raw_data/EMG-EPN612/testingJSON/user204/user204.json,idx_63
pinch,trainingSamples,raw_data/EMG-EPN612/testingJSON/user204/user204.json,idx_64
pinch,trainingSamples,raw_data/EMG-EPN612/testingJSON/user204/user204.json,idx_65
pinch,trainingSamples,raw_data/EMG-EPN612/testingJSON/user204/user204.json,idx_66
pinch,trainingSamples,raw_data/EMG-EPN612/testingJSON/user204/user204.json,idx_67
pinch,trainingSamples,raw_data/EMG-EPN612/testingJSON/user204/user204.json,idx_68
pinch,trainingSamples,raw_data/EMG-EPN612/testingJSON/user204/user204.json,idx_69
pinch,trainingSamples,raw_data/EMG-EPN612/testingJSON/user204/user204.json,idx_70
pinch,trainingSamples,raw_data/EMG-EPN612/testingJSON/user204/user204.json,idx_71
pinch,trainingSamples,raw_data/EMG-EPN612/testingJSON/user204/user204.json,idx_72
pinch,trainingSamples,raw_data/EMG-EPN612/testingJSON/user204/user204.json,idx_73
pinch,trainingSamples,raw_data/EMG-EPN612/testingJSON/user204/user204.json,idx_74
pinch,trainingSamples,raw_data/EMG-EPN612/testingJSON/user204/user204.json,idx_75
fist,trainingSamples,raw_data/EMG-EPN612/testingJSON/user204/user204.json,idx_76
fist,trainingSamples,raw_data/EMG-EPN612/testingJSON/user204/user204.json,idx_77
fist,trainingSamples,raw_data/EMG-EPN612/testingJSON/user204/user204.json,idx_78
fist,trainingSamples,raw_data/EMG-EPN612/testingJSON/user204/user204.json,idx_79
fist,trainingSamples,raw_data/EMG-EPN612/testingJSON/user204/user204.json,idx_80
fist,trainingSamples,raw_data/EMG-EPN612/testingJSON/user204/user204.json,idx_81
fist,trainingSamples,raw_data/EMG-EPN612/testingJSON/user204/user204.json,idx_82
fist,trainingSamples,raw_data/EMG-EPN612/testingJSON/user204/user204.json,idx_83
fist,trainingSamples,raw_data/EMG-EPN612/testingJSON/user204/user204.json,idx_84
fist,trainingSamples,raw_data/EMG-EPN612/testingJSON/user204/user204.json,idx_85
fist,trainingSamples,raw_data/EMG-EPN612/testingJSON/user204/user204.json,idx_86
fist,trainingSamples,raw_data/EMG-EPN612/testingJSON/user204/user204.json,idx_87
fist,trainingSamples,raw_data/EMG-EPN612/testingJSON/user204/user204.json,idx_88
fist,trainingSamples,raw_data/EMG-EPN612/testingJSON/user204/user204.json,idx_89
fist,trainingSamples,raw_data/EMG-EPN612/testingJSON/user204/user204.json,idx_90
fist,trainingSamples,raw_data/EMG-EPN612/testingJSON/user204/user204.json,idx_91
fist,trainingSamples,raw_data/EMG-EPN612/testingJSON/user204/user204.json,idx_92
fist,trainingSamples,raw_data/EMG-EPN612/testingJSON/user204/user204.json,idx_93
fist,trainingSamples,raw_data/EMG-EPN612/testingJSON/user204/user204.json,idx_94
fist,trainingSamples,raw_data/EMG-EPN612/testingJSON/user204/user204.json,idx_95
fist,trainingSamples,raw_data/EMG-EPN612/testingJSON/user204/user204.json,idx_96
fist,trainingSamples,raw_data/EMG-EPN612/testingJSON/user204/user204.json,idx_97
fist,trainingSamples,raw_data/EMG-EPN612/testingJSON/user204/user204.json,idx_98
fist,trainingSamples,raw_data/EMG-EPN612/testingJSON/user204/user204.json,idx_99
fist,trainingSamples,raw_data/EMG-EPN612/testingJSON/user204/user204.json,idx_100
waveIn,trainingSamples,raw_data/EMG-EPN612/testingJSON/user204/user204.json,idx_101
waveIn,trainingSamples,raw_data/EMG-EPN612/testingJSON/user204/user204.json,idx_102
waveIn,trainingSamples,raw_data/EMG-EPN612/testingJSON/user204/user204.json,idx_103
waveIn,trainingSamples,raw_data/EMG-EPN612/testingJSON/user204/user204.json,idx_104
waveIn,trainingSamples,raw_data/EMG-EPN612/testingJSON/user204/user204.json,idx_105
waveIn,trainingSamples,raw_data/EMG-EPN612/testingJSON/user204/user204.json,idx_106
waveIn,trainingSamples,raw_data/EMG-EPN612/testingJSON/user204/user204.json,idx_107
waveIn,trainingSamples,raw_data/EMG-EPN612/testingJSON/user204/user204.json,idx_108
waveIn,trainingSamples,raw_data/EMG-EPN612/testingJSON/user204/user204.json,idx_109
waveIn,trainingSamples,raw_data/EMG-EPN612/testingJSON/user204/user204.json,idx_110
waveIn,trainingSamples,raw_data/EMG-EPN612/testingJSON/user204/user204.json,idx_111
waveIn,trainingSamples,raw_data/EMG-EPN612/testingJSON/user204/user204.json,idx_112
waveIn,trainingSamples,raw_data/EMG-EPN612/testingJSON/user204/user204.json,idx_113
waveIn,trainingSamples,raw_data/EMG-EPN612/testingJSON/user204/user204.json,idx_114
waveIn,trainingSamples,raw_data/EMG-EPN612/testingJSON/user204/user204.json,idx_115
waveIn,trainingSamples,raw_data/EMG-EPN612/testingJSON/user204/user204.json,idx_116
waveIn,trainingSamples,raw_data/EMG-EPN612/testingJSON/user204/user204.json,idx_117
waveIn,trainingSamples,raw_data/EMG-EPN612/testingJSON/user204/user204.json,idx_118
waveIn,trainingSamples,raw_data/EMG-EPN612/testingJSON/user204/user204.json,idx_119
waveIn,trainingSamples,raw_data/EMG-EPN612/testingJSON/user204/user204.json,idx_120
waveIn,trainingSamples,raw_data/EMG-EPN612/testingJSON/user204/user204.json,idx_121
waveIn,trainingSamples,raw_data/EMG-EPN612/testingJSON/user204/user204.json,idx_122
waveIn,trainingSamples,raw_data/EMG-EPN612/testingJSON/user204/user204.json,idx_123
waveIn,trainingSamples,raw_data/EMG-EPN612/testingJSON/user204/user204.json,idx_124
waveIn,trainingSamples,raw_data/EMG-EPN612/testingJSON/user204/user204.json,idx_125
open,trainingSamples,raw_data/EMG-EPN612/testingJSON/user204/user204.json,idx_126
open,trainingSamples,raw_data/EMG-EPN612/testingJSON/user204/user204.json,idx_127
open,trainingSamples,raw_data/EMG-EPN612/testingJSON/user204/user204.json,idx_128
open,trainingSamples,raw_data/EMG-EPN612/testingJSON/user204/user204.json,idx_129
open,trainingSamples,raw_data/EMG-EPN612/testingJSON/user204/user204.json,idx_130
open,trainingSamples,raw_data/EMG-EPN612/testingJSON/user204/user204.json,idx_131
open,trainingSamples,raw_data/EMG-EPN612/testingJSON/user204/user204.json,idx_132
open,trainingSamples,raw_data/EMG-EPN612/testingJSON/user204/user204.json,idx_133
open,trainingSamples,raw_data/EMG-EPN612/testingJSON/user204/user204.json,idx_134
open,trainingSamples,raw_data/EMG-EPN612/testingJSON/user204/user204.json,idx_135
open,trainingSamples,raw_data/EMG-EPN612/testingJSON/user204/user204.json,idx_136
open,trainingSamples,raw_data/EMG-EPN612/testingJSON/user204/user204.json,idx_137
open,trainingSamples,raw_data/EMG-EPN612/testingJSON/user204/user204.json,idx_138
open,trainingSamples,raw_data/EMG-EPN612/testingJSON/user204/user204.json,idx_139
open,trainingSamples,raw_data/EMG-EPN612/testingJSON/user204/user204.json,idx_140
open,trainingSamples,raw_data/EMG-EPN612/testingJSON/user204/user204.json,idx_141
open,trainingSamples,raw_data/EMG-EPN612/testingJSON/user204/user204.json,idx_142
open,trainingSamples,raw_data/EMG-EPN612/testingJSON/user204/user204.json,idx_143
open,trainingSamples,raw_data/EMG-EPN612/testingJSON/user204/user204.json,idx_144
open,trainingSamples,raw_data/EMG-EPN612/testingJSON/user204/user204.json,idx_145
open,trainingSamples,raw_data/EMG-EPN612/testingJSON/user204/user204.json,idx_146
open,trainingSamples,raw_data/EMG-EPN612/testingJSON/user204/user204.json,idx_147
open,trainingSamples,raw_data/EMG-EPN612/testingJSON/user204/user204.json,idx_148
open,trainingSamples,raw_data/EMG-EPN612/testingJSON/user204/user204.json,idx_149
open,trainingSamples,raw_data/EMG-EPN612/testingJSON/user204/user204.json,idx_150
noGesture,trainingSamples,raw_data/EMG-EPN612/testingJSON/user205/user205.json,idx_1
noGesture,trainingSamples,raw_data/EMG-EPN612/testingJSON/user205/user205.json,idx_2
noGesture,trainingSamples,raw_data/EMG-EPN612/testingJSON/user205/user205.json,idx_3
noGesture,trainingSamples,raw_data/EMG-EPN612/testingJSON/user205/user205.json,idx_4
noGesture,trainingSamples,raw_data/EMG-EPN612/testingJSON/user205/user205.json,idx_5
noGesture,trainingSamples,raw_data/EMG-EPN612/testingJSON/user205/user205.json,idx_6
noGesture,trainingSamples,raw_data/EMG-EPN612/testingJSON/user205/user205.json,idx_7
noGesture,trainingSamples,raw_data/EMG-EPN612/testingJSON/user205/user205.json,idx_8
noGesture,trainingSamples,raw_data/EMG-EPN612/testingJSON/user205/user205.json,idx_9
noGesture,trainingSamples,raw_data/EMG-EPN612/testingJSON/user205/user205.json,idx_10
noGesture,trainingSamples,raw_data/EMG-EPN612/testingJSON/user205/user205.json,idx_11
noGesture,trainingSamples,raw_data/EMG-EPN612/testingJSON/user205/user205.json,idx_12
noGesture,trainingSamples,raw_data/EMG-EPN612/testingJSON/user205/user205.json,idx_13
noGesture,trainingSamples,raw_data/EMG-EPN612/testingJSON/user205/user205.json,idx_14
noGesture,trainingSamples,raw_data/EMG-EPN612/testingJSON/user205/user205.json,idx_15
noGesture,trainingSamples,raw_data/EMG-EPN612/testingJSON/user205/user205.json,idx_16
noGesture,trainingSamples,raw_data/EMG-EPN612/testingJSON/user205/user205.json,idx_17
noGesture,trainingSamples,raw_data/EMG-EPN612/testingJSON/user205/user205.json,idx_18
noGesture,trainingSamples,raw_data/EMG-EPN612/testingJSON/user205/user205.json,idx_19
noGesture,trainingSamples,raw_data/EMG-EPN612/testingJSON/user205/user205.json,idx_20
noGesture,trainingSamples,raw_data/EMG-EPN612/testingJSON/user205/user205.json,idx_21
noGesture,trainingSamples,raw_data/EMG-EPN612/testingJSON/user205/user205.json,idx_22
noGesture,trainingSamples,raw_data/EMG-EPN612/testingJSON/user205/user205.json,idx_23
noGesture,trainingSamples,raw_data/EMG-EPN612/testingJSON/user205/user205.json,idx_24
noGesture,trainingSamples,raw_data/EMG-EPN612/testingJSON/user205/user205.json,idx_25
waveOut,trainingSamples,raw_data/EMG-EPN612/testingJSON/user205/user205.json,idx_26
waveOut,trainingSamples,raw_data/EMG-EPN612/testingJSON/user205/user205.json,idx_27
waveOut,trainingSamples,raw_data/EMG-EPN612/testingJSON/user205/user205.json,idx_28
waveOut,trainingSamples,raw_data/EMG-EPN612/testingJSON/user205/user205.json,idx_29
waveOut,trainingSamples,raw_data/EMG-EPN612/testingJSON/user205/user205.json,idx_30
waveOut,trainingSamples,raw_data/EMG-EPN612/testingJSON/user205/user205.json,idx_31
waveOut,trainingSamples,raw_data/EMG-EPN612/testingJSON/user205/user205.json,idx_32
waveOut,trainingSamples,raw_data/EMG-EPN612/testingJSON/user205/user205.json,idx_33
waveOut,trainingSamples,raw_data/EMG-EPN612/testingJSON/user205/user205.json,idx_34
waveOut,trainingSamples,raw_data/EMG-EPN612/testingJSON/user205/user205.json,idx_35
waveOut,trainingSamples,raw_data/EMG-EPN612/testingJSON/user205/user205.json,idx_36
waveOut,trainingSamples,raw_data/EMG-EPN612/testingJSON/user205/user205.json,idx_37
waveOut,trainingSamples,raw_data/EMG-EPN612/testingJSON/user205/user205.json,idx_38
waveOut,trainingSamples,raw_data/EMG-EPN612/testingJSON/user205/user205.json,idx_39
waveOut,trainingSamples,raw_data/EMG-EPN612/testingJSON/user205/user205.json,idx_40
waveOut,trainingSamples,raw_data/EMG-EPN612/testingJSON/user205/user205.json,idx_41
waveOut,trainingSamples,raw_data/EMG-EPN612/testingJSON/user205/user205.json,idx_42
waveOut,trainingSamples,raw_data/EMG-EPN612/testingJSON/user205/user205.json,idx_43
waveOut,trainingSamples,raw_data/EMG-EPN612/testingJSON/user205/user205.json,idx_44
waveOut,trainingSamples,raw_data/EMG-EPN612/testingJSON/user205/user205.json,idx_45
waveOut,trainingSamples,raw_data/EMG-EPN612/testingJSON/user205/user205.json,idx_46
waveOut,trainingSamples,raw_data/EMG-EPN612/testingJSON/user205/user205.json,idx_47
waveOut,trainingSamples,raw_data/EMG-EPN612/testingJSON/user205/user205.json,idx_48
waveOut,trainingSamples,raw_data/EMG-EPN612/testingJSON/user205/user205.json,idx_49
waveOut,trainingSamples,raw_data/EMG-EPN612/testingJSON/user205/user205.json,idx_50
pinch,trainingSamples,raw_data/EMG-EPN612/testingJSON/user205/user205.json,idx_51
pinch,trainingSamples,raw_data/EMG-EPN612/testingJSON/user205/user205.json,idx_52
pinch,trainingSamples,raw_data/EMG-EPN612/testingJSON/user205/user205.json,idx_53
pinch,trainingSamples,raw_data/EMG-EPN612/testingJSON/user205/user205.json,idx_54
pinch,trainingSamples,raw_data/EMG-EPN612/testingJSON/user205/user205.json,idx_55
pinch,trainingSamples,raw_data/EMG-EPN612/testingJSON/user205/user205.json,idx_56
pinch,trainingSamples,raw_data/EMG-EPN612/testingJSON/user205/user205.json,idx_57
pinch,trainingSamples,raw_data/EMG-EPN612/testingJSON/user205/user205.json,idx_58
pinch,trainingSamples,raw_data/EMG-EPN612/testingJSON/user205/user205.json,idx_59
pinch,trainingSamples,raw_data/EMG-EPN612/testingJSON/user205/user205.json,idx_60
pinch,trainingSamples,raw_data/EMG-EPN612/testingJSON/user205/user205.json,idx_61
pinch,trainingSamples,raw_data/EMG-EPN612/testingJSON/user205/user205.json,idx_62
pinch,trainingSamples,raw_data/EMG-EPN612/testingJSON/user205/user205.json,idx_63
pinch,trainingSamples,raw_data/EMG-EPN612/testingJSON/user205/user205.json,idx_64
pinch,trainingSamples,raw_data/EMG-EPN612/testingJSON/user205/user205.json,idx_65
pinch,trainingSamples,raw_data/EMG-EPN612/testingJSON/user205/user205.json,idx_66
pinch,trainingSamples,raw_data/EMG-EPN612/testingJSON/user205/user205.json,idx_67
pinch,trainingSamples,raw_data/EMG-EPN612/testingJSON/user205/user205.json,idx_68
pinch,trainingSamples,raw_data/EMG-EPN612/testingJSON/user205/user205.json,idx_69
pinch,trainingSamples,raw_data/EMG-EPN612/testingJSON/user205/user205.json,idx_70
pinch,trainingSamples,raw_data/EMG-EPN612/testingJSON/user205/user205.json,idx_71
pinch,trainingSamples,raw_data/EMG-EPN612/testingJSON/user205/user205.json,idx_72
pinch,trainingSamples,raw_data/EMG-EPN612/testingJSON/user205/user205.json,idx_73
pinch,trainingSamples,raw_data/EMG-EPN612/testingJSON/user205/user205.json,idx_74
pinch,trainingSamples,raw_data/EMG-EPN612/testingJSON/user205/user205.json,idx_75
fist,trainingSamples,raw_data/EMG-EPN612/testingJSON/user205/user205.json,idx_76
fist,trainingSamples,raw_data/EMG-EPN612/testingJSON/user205/user205.json,idx_77
fist,trainingSamples,raw_data/EMG-EPN612/testingJSON/user205/user205.json,idx_78
fist,trainingSamples,raw_data/EMG-EPN612/testingJSON/user205/user205.json,idx_79
fist,trainingSamples,raw_data/EMG-EPN612/testingJSON/user205/user205.json,idx_80
fist,trainingSamples,raw_data/EMG-EPN612/testingJSON/user205/user205.json,idx_81
fist,trainingSamples,raw_data/EMG-EPN612/testingJSON/user205/user205.json,idx_82
fist,trainingSamples,raw_data/EMG-EPN612/testingJSON/user205/user205.json,idx_83
fist,trainingSamples,raw_data/EMG-EPN612/testingJSON/user205/user205.json,idx_84
fist,trainingSamples,raw_data/EMG-EPN612/testingJSON/user205/user205.json,idx_85
fist,trainingSamples,raw_data/EMG-EPN612/testingJSON/user205/user205.json,idx_86
fist,trainingSamples,raw_data/EMG-EPN612/testingJSON/user205/user205.json,idx_87
fist,trainingSamples,raw_data/EMG-EPN612/testingJSON/user205/user205.json,idx_88
fist,trainingSamples,raw_data/EMG-EPN612/testingJSON/user205/user205.json,idx_89
fist,trainingSamples,raw_data/EMG-EPN612/testingJSON/user205/user205.json,idx_90
fist,trainingSamples,raw_data/EMG-EPN612/testingJSON/user205/user205.json,idx_91
fist,trainingSamples,raw_data/EMG-EPN612/testingJSON/user205/user205.json,idx_92
fist,trainingSamples,raw_data/EMG-EPN612/testingJSON/user205/user205.json,idx_93
fist,trainingSamples,raw_data/EMG-EPN612/testingJSON/user205/user205.json,idx_94
fist,trainingSamples,raw_data/EMG-EPN612/testingJSON/user205/user205.json,idx_95
fist,trainingSamples,raw_data/EMG-EPN612/testingJSON/user205/user205.json,idx_96
fist,trainingSamples,raw_data/EMG-EPN612/testingJSON/user205/user205.json,idx_97
fist,trainingSamples,raw_data/EMG-EPN612/testingJSON/user205/user205.json,idx_98
fist,trainingSamples,raw_data/EMG-EPN612/testingJSON/user205/user205.json,idx_99
fist,trainingSamples,raw_data/EMG-EPN612/testingJSON/user205/user205.json,idx_100
waveIn,trainingSamples,raw_data/EMG-EPN612/testingJSON/user205/user205.json,idx_101
waveIn,trainingSamples,raw_data/EMG-EPN612/testingJSON/user205/user205.json,idx_102
waveIn,trainingSamples,raw_data/EMG-EPN612/testingJSON/user205/user205.json,idx_103
waveIn,trainingSamples,raw_data/EMG-EPN612/testingJSON/user205/user205.json,idx_104
waveIn,trainingSamples,raw_data/EMG-EPN612/testingJSON/user205/user205.json,idx_105
waveIn,trainingSamples,raw_data/EMG-EPN612/testingJSON/user205/user205.json,idx_106
waveIn,trainingSamples,raw_data/EMG-EPN612/testingJSON/user205/user205.json,idx_107
waveIn,trainingSamples,raw_data/EMG-EPN612/testingJSON/user205/user205.json,idx_108
waveIn,trainingSamples,raw_data/EMG-EPN612/testingJSON/user205/user205.json,idx_109
waveIn,trainingSamples,raw_data/EMG-EPN612/testingJSON/user205/user205.json,idx_110
waveIn,trainingSamples,raw_data/EMG-EPN612/testingJSON/user205/user205.json,idx_111
waveIn,trainingSamples,raw_data/EMG-EPN612/testingJSON/user205/user205.json,idx_112
waveIn,trainingSamples,raw_data/EMG-EPN612/testingJSON/user205/user205.json,idx_113
waveIn,trainingSamples,raw_data/EMG-EPN612/testingJSON/user205/user205.json,idx_114
waveIn,trainingSamples,raw_data/EMG-EPN612/testingJSON/user205/user205.json,idx_115
waveIn,trainingSamples,raw_data/EMG-EPN612/testingJSON/user205/user205.json,idx_116
waveIn,trainingSamples,raw_data/EMG-EPN612/testingJSON/user205/user205.json,idx_117
waveIn,trainingSamples,raw_data/EMG-EPN612/testingJSON/user205/user205.json,idx_118
waveIn,trainingSamples,raw_data/EMG-EPN612/testingJSON/user205/user205.json,idx_119
waveIn,trainingSamples,raw_data/EMG-EPN612/testingJSON/user205/user205.json,idx_120
waveIn,trainingSamples,raw_data/EMG-EPN612/testingJSON/user205/user205.json,idx_121
waveIn,trainingSamples,raw_data/EMG-EPN612/testingJSON/user205/user205.json,idx_122
waveIn,trainingSamples,raw_data/EMG-EPN612/testingJSON/user205/user205.json,idx_123
waveIn,trainingSamples,raw_data/EMG-EPN612/testingJSON/user205/user205.json,idx_124
waveIn,trainingSamples,raw_data/EMG-EPN612/testingJSON/user205/user205.json,idx_125
open,trainingSamples,raw_data/EMG-EPN612/testingJSON/user205/user205.json,idx_126
open,trainingSamples,raw_data/EMG-EPN612/testingJSON/user205/user205.json,idx_127
open,trainingSamples,raw_data/EMG-EPN612/testingJSON/user205/user205.json,idx_128
open,trainingSamples,raw_data/EMG-EPN612/testingJSON/user205/user205.json,idx_129
open,trainingSamples,raw_data/EMG-EPN612/testingJSON/user205/user205.json,idx_130
open,trainingSamples,raw_data/EMG-EPN612/testingJSON/user205/user205.json,idx_131
open,trainingSamples,raw_data/EMG-EPN612/testingJSON/user205/user205.json,idx_132
open,trainingSamples,raw_data/EMG-EPN612/testingJSON/user205/user205.json,idx_133
open,trainingSamples,raw_data/EMG-EPN612/testingJSON/user205/user205.json,idx_134
open,trainingSamples,raw_data/EMG-EPN612/testingJSON/user205/user205.json,idx_135
open,trainingSamples,raw_data/EMG-EPN612/testingJSON/user205/user205.json,idx_136
open,trainingSamples,raw_data/EMG-EPN612/testingJSON/user205/user205.json,idx_137
open,trainingSamples,raw_data/EMG-EPN612/testingJSON/user205/user205.json,idx_138
open,trainingSamples,raw_data/EMG-EPN612/testingJSON/user205/user205.json,idx_139
open,trainingSamples,raw_data/EMG-EPN612/testingJSON/user205/user205.json,idx_140
open,trainingSamples,raw_data/EMG-EPN612/testingJSON/user205/user205.json,idx_141
open,trainingSamples,raw_data/EMG-EPN612/testingJSON/user205/user205.json,idx_142
open,trainingSamples,raw_data/EMG-EPN612/testingJSON/user205/user205.json,idx_143
open,trainingSamples,raw_data/EMG-EPN612/testingJSON/user205/user205.json,idx_144
open,trainingSamples,raw_data/EMG-EPN612/testingJSON/user205/user205.json,idx_145
open,trainingSamples,raw_data/EMG-EPN612/testingJSON/user205/user205.json,idx_146
open,trainingSamples,raw_data/EMG-EPN612/testingJSON/user205/user205.json,idx_147
open,trainingSamples,raw_data/EMG-EPN612/testingJSON/user205/user205.json,idx_148
open,trainingSamples,raw_data/EMG-EPN612/testingJSON/user205/user205.json,idx_149
open,trainingSamples,raw_data/EMG-EPN612/testingJSON/user205/user205.json,idx_150
noGesture,trainingSamples,raw_data/EMG-EPN612/testingJSON/user206/user206.json,idx_1
noGesture,trainingSamples,raw_data/EMG-EPN612/testingJSON/user206/user206.json,idx_2
noGesture,trainingSamples,raw_data/EMG-EPN612/testingJSON/user206/user206.json,idx_3
noGesture,trainingSamples,raw_data/EMG-EPN612/testingJSON/user206/user206.json,idx_4
noGesture,trainingSamples,raw_data/EMG-EPN612/testingJSON/user206/user206.json,idx_5
noGesture,trainingSamples,raw_data/EMG-EPN612/testingJSON/user206/user206.json,idx_6
noGesture,trainingSamples,raw_data/EMG-EPN612/testingJSON/user206/user206.json,idx_7
noGesture,trainingSamples,raw_data/EMG-EPN612/testingJSON/user206/user206.json,idx_8
noGesture,trainingSamples,raw_data/EMG-EPN612/testingJSON/user206/user206.json,idx_9
noGesture,trainingSamples,raw_data/EMG-EPN612/testingJSON/user206/user206.json,idx_10
noGesture,trainingSamples,raw_data/EMG-EPN612/testingJSON/user206/user206.json,idx_11
noGesture,trainingSamples,raw_data/EMG-EPN612/testingJSON/user206/user206.json,idx_12
noGesture,trainingSamples,raw_data/EMG-EPN612/testingJSON/user206/user206.json,idx_13
noGesture,trainingSamples,raw_data/EMG-EPN612/testingJSON/user206/user206.json,idx_14
noGesture,trainingSamples,raw_data/EMG-EPN612/testingJSON/user206/user206.json,idx_15
noGesture,trainingSamples,raw_data/EMG-EPN612/testingJSON/user206/user206.json,idx_16
noGesture,trainingSamples,raw_data/EMG-EPN612/testingJSON/user206/user206.json,idx_17
noGesture,trainingSamples,raw_data/EMG-EPN612/testingJSON/user206/user206.json,idx_18
noGesture,trainingSamples,raw_data/EMG-EPN612/testingJSON/user206/user206.json,idx_19
noGesture,trainingSamples,raw_data/EMG-EPN612/testingJSON/user206/user206.json,idx_20
noGesture,trainingSamples,raw_data/EMG-EPN612/testingJSON/user206/user206.json,idx_21
noGesture,trainingSamples,raw_data/EMG-EPN612/testingJSON/user206/user206.json,idx_22
noGesture,trainingSamples,raw_data/EMG-EPN612/testingJSON/user206/user206.json,idx_23
noGesture,trainingSamples,raw_data/EMG-EPN612/testingJSON/user206/user206.json,idx_24
noGesture,trainingSamples,raw_data/EMG-EPN612/testingJSON/user206/user206.json,idx_25
waveIn,trainingSamples,raw_data/EMG-EPN612/testingJSON/user206/user206.json,idx_26
waveIn,trainingSamples,raw_data/EMG-EPN612/testingJSON/user206/user206.json,idx_27
waveIn,trainingSamples,raw_data/EMG-EPN612/testingJSON/user206/user206.json,idx_28
waveIn,trainingSamples,raw_data/EMG-EPN612/testingJSON/user206/user206.json,idx_29
waveIn,trainingSamples,raw_data/EMG-EPN612/testingJSON/user206/user206.json,idx_30
waveIn,trainingSamples,raw_data/EMG-EPN612/testingJSON/user206/user206.json,idx_31
waveIn,trainingSamples,raw_data/EMG-EPN612/testingJSON/user206/user206.json,idx_32
waveIn,trainingSamples,raw_data/EMG-EPN612/testingJSON/user206/user206.json,idx_33
waveIn,trainingSamples,raw_data/EMG-EPN612/testingJSON/user206/user206.json,idx_34
waveIn,trainingSamples,raw_data/EMG-EPN612/testingJSON/user206/user206.json,idx_35
waveIn,trainingSamples,raw_data/EMG-EPN612/testingJSON/user206/user206.json,idx_36
waveIn,trainingSamples,raw_data/EMG-EPN612/testingJSON/user206/user206.json,idx_37
waveIn,trainingSamples,raw_data/EMG-EPN612/testingJSON/user206/user206.json,idx_38
waveIn,trainingSamples,raw_data/EMG-EPN612/testingJSON/user206/user206.json,idx_39
waveIn,trainingSamples,raw_data/EMG-EPN612/testingJSON/user206/user206.json,idx_40
waveIn,trainingSamples,raw_data/EMG-EPN612/testingJSON/user206/user206.json,idx_41
waveIn,trainingSamples,raw_data/EMG-EPN612/testingJSON/user206/user206.json,idx_42
waveIn,trainingSamples,raw_data/EMG-EPN612/testingJSON/user206/user206.json,idx_43
waveIn,trainingSamples,raw_data/EMG-EPN612/testingJSON/user206/user206.json,idx_44
waveIn,trainingSamples,raw_data/EMG-EPN612/testingJSON/user206/user206.json,idx_45
waveIn,trainingSamples,raw_data/EMG-EPN612/testingJSON/user206/user206.json,idx_46
waveIn,trainingSamples,raw_data/EMG-EPN612/testingJSON/user206/user206.json,idx_47
waveIn,trainingSamples,raw_data/EMG-EPN612/testingJSON/user206/user206.json,idx_48
waveIn,trainingSamples,raw_data/EMG-EPN612/testingJSON/user206/user206.json,idx_49
waveIn,trainingSamples,raw_data/EMG-EPN612/testingJSON/user206/user206.json,idx_50
fist,trainingSamples,raw_data/EMG-EPN612/testingJSON/user206/user206.json,idx_51
fist,trainingSamples,raw_data/EMG-EPN612/testingJSON/user206/user206.json,idx_52
fist,trainingSamples,raw_data/EMG-EPN612/testingJSON/user206/user206.json,idx_53
fist,trainingSamples,raw_data/EMG-EPN612/testingJSON/user206/user206.json,idx_54
fist,trainingSamples,raw_data/EMG-EPN612/testingJSON/user206/user206.json,idx_55
fist,trainingSamples,raw_data/EMG-EPN612/testingJSON/user206/user206.json,idx_56
fist,trainingSamples,raw_data/EMG-EPN612/testingJSON/user206/user206.json,idx_57
fist,trainingSamples,raw_data/EMG-EPN612/testingJSON/user206/user206.json,idx_58
fist,trainingSamples,raw_data/EMG-EPN612/testingJSON/user206/user206.json,idx_59
fist,trainingSamples,raw_data/EMG-EPN612/testingJSON/user206/user206.json,idx_60
fist,trainingSamples,raw_data/EMG-EPN612/testingJSON/user206/user206.json,idx_61
fist,trainingSamples,raw_data/EMG-EPN612/testingJSON/user206/user206.json,idx_62
fist,trainingSamples,raw_data/EMG-EPN612/testingJSON/user206/user206.json,idx_63
fist,trainingSamples,raw_data/EMG-EPN612/testingJSON/user206/user206.json,idx_64
fist,trainingSamples,raw_data/EMG-EPN612/testingJSON/user206/user206.json,idx_65
fist,trainingSamples,raw_data/EMG-EPN612/testingJSON/user206/user206.json,idx_66
fist,trainingSamples,raw_data/EMG-EPN612/testingJSON/user206/user206.json,idx_67
fist,trainingSamples,raw_data/EMG-EPN612/testingJSON/user206/user206.json,idx_68
fist,trainingSamples,raw_data/EMG-EPN612/testingJSON/user206/user206.json,idx_69
fist,trainingSamples,raw_data/EMG-EPN612/testingJSON/user206/user206.json,idx_70
fist,trainingSamples,raw_data/EMG-EPN612/testingJSON/user206/user206.json,idx_71
fist,trainingSamples,raw_data/EMG-EPN612/testingJSON/user206/user206.json,idx_72
fist,trainingSamples,raw_data/EMG-EPN612/testingJSON/user206/user206.json,idx_73
fist,trainingSamples,raw_data/EMG-EPN612/testingJSON/user206/user206.json,idx_74
fist,trainingSamples,raw_data/EMG-EPN612/testingJSON/user206/user206.json,idx_75
pinch,trainingSamples,raw_data/EMG-EPN612/testingJSON/user206/user206.json,idx_76
pinch,trainingSamples,raw_data/EMG-EPN612/testingJSON/user206/user206.json,idx_77
pinch,trainingSamples,raw_data/EMG-EPN612/testingJSON/user206/user206.json,idx_78
pinch,trainingSamples,raw_data/EMG-EPN612/testingJSON/user206/user206.json,idx_79
pinch,trainingSamples,raw_data/EMG-EPN612/testingJSON/user206/user206.json,idx_80
pinch,trainingSamples,raw_data/EMG-EPN612/testingJSON/user206/user206.json,idx_81
pinch,trainingSamples,raw_data/EMG-EPN612/testingJSON/user206/user206.json,idx_82
pinch,trainingSamples,raw_data/EMG-EPN612/testingJSON/user206/user206.json,idx_83
pinch,trainingSamples,raw_data/EMG-EPN612/testingJSON/user206/user206.json,idx_84
pinch,trainingSamples,raw_data/EMG-EPN612/testingJSON/user206/user206.json,idx_85
pinch,trainingSamples,raw_data/EMG-EPN612/testingJSON/user206/user206.json,idx_86
pinch,trainingSamples,raw_data/EMG-EPN612/testingJSON/user206/user206.json,idx_87
pinch,trainingSamples,raw_data/EMG-EPN612/testingJSON/user206/user206.json,idx_88
pinch,trainingSamples,raw_data/EMG-EPN612/testingJSON/user206/user206.json,idx_89
pinch,trainingSamples,raw_data/EMG-EPN612/testingJSON/user206/user206.json,idx_90
pinch,trainingSamples,raw_data/EMG-EPN612/testingJSON/user206/user206.json,idx_91
pinch,trainingSamples,raw_data/EMG-EPN612/testingJSON/user206/user206.json,idx_92
pinch,trainingSamples,raw_data/EMG-EPN612/testingJSON/user206/user206.json,idx_93
pinch,trainingSamples,raw_data/EMG-EPN612/testingJSON/user206/user206.json,idx_94
pinch,trainingSamples,raw_data/EMG-EPN612/testingJSON/user206/user206.json,idx_95
pinch,trainingSamples,raw_data/EMG-EPN612/testingJSON/user206/user206.json,idx_96
pinch,trainingSamples,raw_data/EMG-EPN612/testingJSON/user206/user206.json,idx_97
pinch,trainingSamples,raw_data/EMG-EPN612/testingJSON/user206/user206.json,idx_98
pinch,trainingSamples,raw_data/EMG-EPN612/testingJSON/user206/user206.json,idx_99
pinch,trainingSamples,raw_data/EMG-EPN612/testingJSON/user206/user206.json,idx_100
waveOut,trainingSamples,raw_data/EMG-EPN612/testingJSON/user206/user206.json,idx_101
waveOut,trainingSamples,raw_data/EMG-EPN612/testingJSON/user206/user206.json,idx_102
waveOut,trainingSamples,raw_data/EMG-EPN612/testingJSON/user206/user206.json,idx_103
waveOut,trainingSamples,raw_data/EMG-EPN612/testingJSON/user206/user206.json,idx_104
waveOut,trainingSamples,raw_data/EMG-EPN612/testingJSON/user206/user206.json,idx_105
waveOut,trainingSamples,raw_data/EMG-EPN612/testingJSON/user206/user206.json,idx_106
waveOut,trainingSamples,raw_data/EMG-EPN612/testingJSON/user206/user206.json,idx_107
waveOut,trainingSamples,raw_data/EMG-EPN612/testingJSON/user206/user206.json,idx_108
waveOut,trainingSamples,raw_data/EMG-EPN612/testingJSON/user206/user206.json,idx_109
waveOut,trainingSamples,raw_data/EMG-EPN612/testingJSON/user206/user206.json,idx_110
waveOut,trainingSamples,raw_data/EMG-EPN612/testingJSON/user206/user206.json,idx_111
waveOut,trainingSamples,raw_data/EMG-EPN612/testingJSON/user206/user206.json,idx_112
waveOut,trainingSamples,raw_data/EMG-EPN612/testingJSON/user206/user206.json,idx_113
waveOut,trainingSamples,raw_data/EMG-EPN612/testingJSON/user206/user206.json,idx_114
waveOut,trainingSamples,raw_data/EMG-EPN612/testingJSON/user206/user206.json,idx_115
waveOut,trainingSamples,raw_data/EMG-EPN612/testingJSON/user206/user206.json,idx_116
waveOut,trainingSamples,raw_data/EMG-EPN612/testingJSON/user206/user206.json,idx_117
waveOut,trainingSamples,raw_data/EMG-EPN612/testingJSON/user206/user206.json,idx_118
waveOut,trainingSamples,raw_data/EMG-EPN612/testingJSON/user206/user206.json,idx_119
waveOut,trainingSamples,raw_data/EMG-EPN612/testingJSON/user206/user206.json,idx_120
waveOut,trainingSamples,raw_data/EMG-EPN612/testingJSON/user206/user206.json,idx_121
waveOut,trainingSamples,raw_data/EMG-EPN612/testingJSON/user206/user206.json,idx_122
waveOut,trainingSamples,raw_data/EMG-EPN612/testingJSON/user206/user206.json,idx_123
waveOut,trainingSamples,raw_data/EMG-EPN612/testingJSON/user206/user206.json,idx_124
waveOut,trainingSamples,raw_data/EMG-EPN612/testingJSON/user206/user206.json,idx_125
open,trainingSamples,raw_data/EMG-EPN612/testingJSON/user206/user206.json,idx_126
open,trainingSamples,raw_data/EMG-EPN612/testingJSON/user206/user206.json,idx_127
open,trainingSamples,raw_data/EMG-EPN612/testingJSON/user206/user206.json,idx_128
open,trainingSamples,raw_data/EMG-EPN612/testingJSON/user206/user206.json,idx_129
open,trainingSamples,raw_data/EMG-EPN612/testingJSON/user206/user206.json,idx_130
open,trainingSamples,raw_data/EMG-EPN612/testingJSON/user206/user206.json,idx_131
open,trainingSamples,raw_data/EMG-EPN612/testingJSON/user206/user206.json,idx_132
open,trainingSamples,raw_data/EMG-EPN612/testingJSON/user206/user206.json,idx_133
open,trainingSamples,raw_data/EMG-EPN612/testingJSON/user206/user206.json,idx_134
open,trainingSamples,raw_data/EMG-EPN612/testingJSON/user206/user206.json,idx_135
open,trainingSamples,raw_data/EMG-EPN612/testingJSON/user206/user206.json,idx_136
open,trainingSamples,raw_data/EMG-EPN612/testingJSON/user206/user206.json,idx_137
open,trainingSamples,raw_data/EMG-EPN612/testingJSON/user206/user206.json,idx_138
open,trainingSamples,raw_data/EMG-EPN612/testingJSON/user206/user206.json,idx_139
open,trainingSamples,raw_data/EMG-EPN612/testingJSON/user206/user206.json,idx_140
open,trainingSamples,raw_data/EMG-EPN612/testingJSON/user206/user206.json,idx_141
open,trainingSamples,raw_data/EMG-EPN612/testingJSON/user206/user206.json,idx_142
open,trainingSamples,raw_data/EMG-EPN612/testingJSON/user206/user206.json,idx_143
open,trainingSamples,raw_data/EMG-EPN612/testingJSON/user206/user206.json,idx_144
open,trainingSamples,raw_data/EMG-EPN612/testingJSON/user206/user206.json,idx_145
open,trainingSamples,raw_data/EMG-EPN612/testingJSON/user206/user206.json,idx_146
open,trainingSamples,raw_data/EMG-EPN612/testingJSON/user206/user206.json,idx_147
open,trainingSamples,raw_data/EMG-EPN612/testingJSON/user206/user206.json,idx_148
open,trainingSamples,raw_data/EMG-EPN612/testingJSON/user206/user206.json,idx_149
open,trainingSamples,raw_data/EMG-EPN612/testingJSON/user206/user206.json,idx_150
noGesture,trainingSamples,raw_data/EMG-EPN612/testingJSON/user207/user207.json,idx_1
noGesture,trainingSamples,raw_data/EMG-EPN612/testingJSON/user207/user207.json,idx_2
noGesture,trainingSamples,raw_data/EMG-EPN612/testingJSON/user207/user207.json,idx_3
noGesture,trainingSamples,raw_data/EMG-EPN612/testingJSON/user207/user207.json,idx_4
noGesture,trainingSamples,raw_data/EMG-EPN612/testingJSON/user207/user207.json,idx_5
noGesture,trainingSamples,raw_data/EMG-EPN612/testingJSON/user207/user207.json,idx_6
noGesture,trainingSamples,raw_data/EMG-EPN612/testingJSON/user207/user207.json,idx_7
noGesture,trainingSamples,raw_data/EMG-EPN612/testingJSON/user207/user207.json,idx_8
noGesture,trainingSamples,raw_data/EMG-EPN612/testingJSON/user207/user207.json,idx_9
noGesture,trainingSamples,raw_data/EMG-EPN612/testingJSON/user207/user207.json,idx_10
noGesture,trainingSamples,raw_data/EMG-EPN612/testingJSON/user207/user207.json,idx_11
noGesture,trainingSamples,raw_data/EMG-EPN612/testingJSON/user207/user207.json,idx_12
noGesture,trainingSamples,raw_data/EMG-EPN612/testingJSON/user207/user207.json,idx_13
noGesture,trainingSamples,raw_data/EMG-EPN612/testingJSON/user207/user207.json,idx_14
noGesture,trainingSamples,raw_data/EMG-EPN612/testingJSON/user207/user207.json,idx_15
noGesture,trainingSamples,raw_data/EMG-EPN612/testingJSON/user207/user207.json,idx_16
noGesture,trainingSamples,raw_data/EMG-EPN612/testingJSON/user207/user207.json,idx_17
noGesture,trainingSamples,raw_data/EMG-EPN612/testingJSON/user207/user207.json,idx_18
noGesture,trainingSamples,raw_data/EMG-EPN612/testingJSON/user207/user207.json,idx_19
noGesture,trainingSamples,raw_data/EMG-EPN612/testingJSON/user207/user207.json,idx_20
noGesture,trainingSamples,raw_data/EMG-EPN612/testingJSON/user207/user207.json,idx_21
noGesture,trainingSamples,raw_data/EMG-EPN612/testingJSON/user207/user207.json,idx_22
noGesture,trainingSamples,raw_data/EMG-EPN612/testingJSON/user207/user207.json,idx_23
noGesture,trainingSamples,raw_data/EMG-EPN612/testingJSON/user207/user207.json,idx_24
noGesture,trainingSamples,raw_data/EMG-EPN612/testingJSON/user207/user207.json,idx_25
waveOut,trainingSamples,raw_data/EMG-EPN612/testingJSON/user207/user207.json,idx_26
waveOut,trainingSamples,raw_data/EMG-EPN612/testingJSON/user207/user207.json,idx_27
waveOut,trainingSamples,raw_data/EMG-EPN612/testingJSON/user207/user207.json,idx_28
waveOut,trainingSamples,raw_data/EMG-EPN612/testingJSON/user207/user207.json,idx_29
waveOut,trainingSamples,raw_data/EMG-EPN612/testingJSON/user207/user207.json,idx_30
waveOut,trainingSamples,raw_data/EMG-EPN612/testingJSON/user207/user207.json,idx_31
waveOut,trainingSamples,raw_data/EMG-EPN612/testingJSON/user207/user207.json,idx_32
waveOut,trainingSamples,raw_data/EMG-EPN612/testingJSON/user207/user207.json,idx_33
waveOut,trainingSamples,raw_data/EMG-EPN612/testingJSON/user207/user207.json,idx_34
waveOut,trainingSamples,raw_data/EMG-EPN612/testingJSON/user207/user207.json,idx_35
waveOut,trainingSamples,raw_data/EMG-EPN612/testingJSON/user207/user207.json,idx_36
waveOut,trainingSamples,raw_data/EMG-EPN612/testingJSON/user207/user207.json,idx_37
waveOut,trainingSamples,raw_data/EMG-EPN612/testingJSON/user207/user207.json,idx_38
waveOut,trainingSamples,raw_data/EMG-EPN612/testingJSON/user207/user207.json,idx_39
waveOut,trainingSamples,raw_data/EMG-EPN612/testingJSON/user207/user207.json,idx_40
waveOut,trainingSamples,raw_data/EMG-EPN612/testingJSON/user207/user207.json,idx_41
waveOut,trainingSamples,raw_data/EMG-EPN612/testingJSON/user207/user207.json,idx_42
waveOut,trainingSamples,raw_data/EMG-EPN612/testingJSON/user207/user207.json,idx_43
waveOut,trainingSamples,raw_data/EMG-EPN612/testingJSON/user207/user207.json,idx_44
waveOut,trainingSamples,raw_data/EMG-EPN612/testingJSON/user207/user207.json,idx_45
waveOut,trainingSamples,raw_data/EMG-EPN612/testingJSON/user207/user207.json,idx_46
waveOut,trainingSamples,raw_data/EMG-EPN612/testingJSON/user207/user207.json,idx_47
waveOut,trainingSamples,raw_data/EMG-EPN612/testingJSON/user207/user207.json,idx_48
waveOut,trainingSamples,raw_data/EMG-EPN612/testingJSON/user207/user207.json,idx_49
waveOut,trainingSamples,raw_data/EMG-EPN612/testingJSON/user207/user207.json,idx_50
pinch,trainingSamples,raw_data/EMG-EPN612/testingJSON/user207/user207.json,idx_51
pinch,trainingSamples,raw_data/EMG-EPN612/testingJSON/user207/user207.json,idx_52
pinch,trainingSamples,raw_data/EMG-EPN612/testingJSON/user207/user207.json,idx_53
pinch,trainingSamples,raw_data/EMG-EPN612/testingJSON/user207/user207.json,idx_54
pinch,trainingSamples,raw_data/EMG-EPN612/testingJSON/user207/user207.json,idx_55
pinch,trainingSamples,raw_data/EMG-EPN612/testingJSON/user207/user207.json,idx_56
pinch,trainingSamples,raw_data/EMG-EPN612/testingJSON/user207/user207.json,idx_57
pinch,trainingSamples,raw_data/EMG-EPN612/testingJSON/user207/user207.json,idx_58
pinch,trainingSamples,raw_data/EMG-EPN612/testingJSON/user207/user207.json,idx_59
pinch,trainingSamples,raw_data/EMG-EPN612/testingJSON/user207/user207.json,idx_60
pinch,trainingSamples,raw_data/EMG-EPN612/testingJSON/user207/user207.json,idx_61
pinch,trainingSamples,raw_data/EMG-EPN612/testingJSON/user207/user207.json,idx_62
pinch,trainingSamples,raw_data/EMG-EPN612/testingJSON/user207/user207.json,idx_63
pinch,trainingSamples,raw_data/EMG-EPN612/testingJSON/user207/user207.json,idx_64
pinch,trainingSamples,raw_data/EMG-EPN612/testingJSON/user207/user207.json,idx_65
pinch,trainingSamples,raw_data/EMG-EPN612/testingJSON/user207/user207.json,idx_66
pinch,trainingSamples,raw_data/EMG-EPN612/testingJSON/user207/user207.json,idx_67
pinch,trainingSamples,raw_data/EMG-EPN612/testingJSON/user207/user207.json,idx_68
pinch,trainingSamples,raw_data/EMG-EPN612/testingJSON/user207/user207.json,idx_69
pinch,trainingSamples,raw_data/EMG-EPN612/testingJSON/user207/user207.json,idx_70
pinch,trainingSamples,raw_data/EMG-EPN612/testingJSON/user207/user207.json,idx_71
pinch,trainingSamples,raw_data/EMG-EPN612/testingJSON/user207/user207.json,idx_72
pinch,trainingSamples,raw_data/EMG-EPN612/testingJSON/user207/user207.json,idx_73
pinch,trainingSamples,raw_data/EMG-EPN612/testingJSON/user207/user207.json,idx_74
pinch,trainingSamples,raw_data/EMG-EPN612/testingJSON/user207/user207.json,idx_75
fist,trainingSamples,raw_data/EMG-EPN612/testingJSON/user207/user207.json,idx_76
fist,trainingSamples,raw_data/EMG-EPN612/testingJSON/user207/user207.json,idx_77
fist,trainingSamples,raw_data/EMG-EPN612/testingJSON/user207/user207.json,idx_78
fist,trainingSamples,raw_data/EMG-EPN612/testingJSON/user207/user207.json,idx_79
fist,trainingSamples,raw_data/EMG-EPN612/testingJSON/user207/user207.json,idx_80
fist,trainingSamples,raw_data/EMG-EPN612/testingJSON/user207/user207.json,idx_81
fist,trainingSamples,raw_data/EMG-EPN612/testingJSON/user207/user207.json,idx_82
fist,trainingSamples,raw_data/EMG-EPN612/testingJSON/user207/user207.json,idx_83
fist,trainingSamples,raw_data/EMG-EPN612/testingJSON/user207/user207.json,idx_84
fist,trainingSamples,raw_data/EMG-EPN612/testingJSON/user207/user207.json,idx_85
fist,trainingSamples,raw_data/EMG-EPN612/testingJSON/user207/user207.json,idx_86
fist,trainingSamples,raw_data/EMG-EPN612/testingJSON/user207/user207.json,idx_87
fist,trainingSamples,raw_data/EMG-EPN612/testingJSON/user207/user207.json,idx_88
fist,trainingSamples,raw_data/EMG-EPN612/testingJSON/user207/user207.json,idx_89
fist,trainingSamples,raw_data/EMG-EPN612/testingJSON/user207/user207.json,idx_90
fist,trainingSamples,raw_data/EMG-EPN612/testingJSON/user207/user207.json,idx_91
fist,trainingSamples,raw_data/EMG-EPN612/testingJSON/user207/user207.json,idx_92
fist,trainingSamples,raw_data/EMG-EPN612/testingJSON/user207/user207.json,idx_93
fist,trainingSamples,raw_data/EMG-EPN612/testingJSON/user207/user207.json,idx_94
fist,trainingSamples,raw_data/EMG-EPN612/testingJSON/user207/user207.json,idx_95
fist,trainingSamples,raw_data/EMG-EPN612/testingJSON/user207/user207.json,idx_96
fist,trainingSamples,raw_data/EMG-EPN612/testingJSON/user207/user207.json,idx_97
fist,trainingSamples,raw_data/EMG-EPN612/testingJSON/user207/user207.json,idx_98
fist,trainingSamples,raw_data/EMG-EPN612/testingJSON/user207/user207.json,idx_99
fist,trainingSamples,raw_data/EMG-EPN612/testingJSON/user207/user207.json,idx_100
waveIn,trainingSamples,raw_data/EMG-EPN612/testingJSON/user207/user207.json,idx_101
waveIn,trainingSamples,raw_data/EMG-EPN612/testingJSON/user207/user207.json,idx_102
waveIn,trainingSamples,raw_data/EMG-EPN612/testingJSON/user207/user207.json,idx_103
waveIn,trainingSamples,raw_data/EMG-EPN612/testingJSON/user207/user207.json,idx_104
waveIn,trainingSamples,raw_data/EMG-EPN612/testingJSON/user207/user207.json,idx_105
waveIn,trainingSamples,raw_data/EMG-EPN612/testingJSON/user207/user207.json,idx_106
waveIn,trainingSamples,raw_data/EMG-EPN612/testingJSON/user207/user207.json,idx_107
waveIn,trainingSamples,raw_data/EMG-EPN612/testingJSON/user207/user207.json,idx_108
waveIn,trainingSamples,raw_data/EMG-EPN612/testingJSON/user207/user207.json,idx_109
waveIn,trainingSamples,raw_data/EMG-EPN612/testingJSON/user207/user207.json,idx_110
waveIn,trainingSamples,raw_data/EMG-EPN612/testingJSON/user207/user207.json,idx_111
waveIn,trainingSamples,raw_data/EMG-EPN612/testingJSON/user207/user207.json,idx_112
waveIn,trainingSamples,raw_data/EMG-EPN612/testingJSON/user207/user207.json,idx_113
waveIn,trainingSamples,raw_data/EMG-EPN612/testingJSON/user207/user207.json,idx_114
waveIn,trainingSamples,raw_data/EMG-EPN612/testingJSON/user207/user207.json,idx_115
waveIn,trainingSamples,raw_data/EMG-EPN612/testingJSON/user207/user207.json,idx_116
waveIn,trainingSamples,raw_data/EMG-EPN612/testingJSON/user207/user207.json,idx_117
waveIn,trainingSamples,raw_data/EMG-EPN612/testingJSON/user207/user207.json,idx_118
waveIn,trainingSamples,raw_data/EMG-EPN612/testingJSON/user207/user207.json,idx_119
waveIn,trainingSamples,raw_data/EMG-EPN612/testingJSON/user207/user207.json,idx_120
waveIn,trainingSamples,raw_data/EMG-EPN612/testingJSON/user207/user207.json,idx_121
waveIn,trainingSamples,raw_data/EMG-EPN612/testingJSON/user207/user207.json,idx_122
waveIn,trainingSamples,raw_data/EMG-EPN612/testingJSON/user207/user207.json,idx_123
waveIn,trainingSamples,raw_data/EMG-EPN612/testingJSON/user207/user207.json,idx_124
waveIn,trainingSamples,raw_data/EMG-EPN612/testingJSON/user207/user207.json,idx_125
open,trainingSamples,raw_data/EMG-EPN612/testingJSON/user207/user207.json,idx_126
open,trainingSamples,raw_data/EMG-EPN612/testingJSON/user207/user207.json,idx_127
open,trainingSamples,raw_data/EMG-EPN612/testingJSON/user207/user207.json,idx_128
open,trainingSamples,raw_data/EMG-EPN612/testingJSON/user207/user207.json,idx_129
open,trainingSamples,raw_data/EMG-EPN612/testingJSON/user207/user207.json,idx_130
open,trainingSamples,raw_data/EMG-EPN612/testingJSON/user207/user207.json,idx_131
open,trainingSamples,raw_data/EMG-EPN612/testingJSON/user207/user207.json,idx_132
open,trainingSamples,raw_data/EMG-EPN612/testingJSON/user207/user207.json,idx_133
open,trainingSamples,raw_data/EMG-EPN612/testingJSON/user207/user207.json,idx_134
open,trainingSamples,raw_data/EMG-EPN612/testingJSON/user207/user207.json,idx_135
open,trainingSamples,raw_data/EMG-EPN612/testingJSON/user207/user207.json,idx_136
open,trainingSamples,raw_data/EMG-EPN612/testingJSON/user207/user207.json,idx_137
open,trainingSamples,raw_data/EMG-EPN612/testingJSON/user207/user207.json,idx_138
open,trainingSamples,raw_data/EMG-EPN612/testingJSON/user207/user207.json,idx_139
open,trainingSamples,raw_data/EMG-EPN612/testingJSON/user207/user207.json,idx_140
open,trainingSamples,raw_data/EMG-EPN612/testingJSON/user207/user207.json,idx_141
open,trainingSamples,raw_data/EMG-EPN612/testingJSON/user207/user207.json,idx_142
open,trainingSamples,raw_data/EMG-EPN612/testingJSON/user207/user207.json,idx_143
open,trainingSamples,raw_data/EMG-EPN612/testingJSON/user207/user207.json,idx_144
open,trainingSamples,raw_data/EMG-EPN612/testingJSON/user207/user207.json,idx_145
open,trainingSamples,raw_data/EMG-EPN612/testingJSON/user207/user207.json,idx_146
open,trainingSamples,raw_data/EMG-EPN612/testingJSON/user207/user207.json,idx_147
open,trainingSamples,raw_data/EMG-EPN612/testingJSON/user207/user207.json,idx_148
open,trainingSamples,raw_data/EMG-EPN612/testingJSON/user207/user207.json,idx_149
open,trainingSamples,raw_data/EMG-EPN612/testingJSON/user207/user207.json,idx_150
noGesture,trainingSamples,raw_data/EMG-EPN612/testingJSON/user208/user208.json,idx_1
noGesture,trainingSamples,raw_data/EMG-EPN612/testingJSON/user208/user208.json,idx_2
noGesture,trainingSamples,raw_data/EMG-EPN612/testingJSON/user208/user208.json,idx_3
noGesture,trainingSamples,raw_data/EMG-EPN612/testingJSON/user208/user208.json,idx_4
noGesture,trainingSamples,raw_data/EMG-EPN612/testingJSON/user208/user208.json,idx_5
noGesture,trainingSamples,raw_data/EMG-EPN612/testingJSON/user208/user208.json,idx_6
noGesture,trainingSamples,raw_data/EMG-EPN612/testingJSON/user208/user208.json,idx_7
noGesture,trainingSamples,raw_data/EMG-EPN612/testingJSON/user208/user208.json,idx_8
noGesture,trainingSamples,raw_data/EMG-EPN612/testingJSON/user208/user208.json,idx_9
noGesture,trainingSamples,raw_data/EMG-EPN612/testingJSON/user208/user208.json,idx_10
noGesture,trainingSamples,raw_data/EMG-EPN612/testingJSON/user208/user208.json,idx_11
noGesture,trainingSamples,raw_data/EMG-EPN612/testingJSON/user208/user208.json,idx_12
noGesture,trainingSamples,raw_data/EMG-EPN612/testingJSON/user208/user208.json,idx_13
noGesture,trainingSamples,raw_data/EMG-EPN612/testingJSON/user208/user208.json,idx_14
noGesture,trainingSamples,raw_data/EMG-EPN612/testingJSON/user208/user208.json,idx_15
noGesture,trainingSamples,raw_data/EMG-EPN612/testingJSON/user208/user208.json,idx_16
noGesture,trainingSamples,raw_data/EMG-EPN612/testingJSON/user208/user208.json,idx_17
noGesture,trainingSamples,raw_data/EMG-EPN612/testingJSON/user208/user208.json,idx_18
noGesture,trainingSamples,raw_data/EMG-EPN612/testingJSON/user208/user208.json,idx_19
noGesture,trainingSamples,raw_data/EMG-EPN612/testingJSON/user208/user208.json,idx_20
noGesture,trainingSamples,raw_data/EMG-EPN612/testingJSON/user208/user208.json,idx_21
noGesture,trainingSamples,raw_data/EMG-EPN612/testingJSON/user208/user208.json,idx_22
noGesture,trainingSamples,raw_data/EMG-EPN612/testingJSON/user208/user208.json,idx_23
noGesture,trainingSamples,raw_data/EMG-EPN612/testingJSON/user208/user208.json,idx_24
noGesture,trainingSamples,raw_data/EMG-EPN612/testingJSON/user208/user208.json,idx_25
waveOut,trainingSamples,raw_data/EMG-EPN612/testingJSON/user208/user208.json,idx_26
waveOut,trainingSamples,raw_data/EMG-EPN612/testingJSON/user208/user208.json,idx_27
waveOut,trainingSamples,raw_data/EMG-EPN612/testingJSON/user208/user208.json,idx_28
waveOut,trainingSamples,raw_data/EMG-EPN612/testingJSON/user208/user208.json,idx_29
waveOut,trainingSamples,raw_data/EMG-EPN612/testingJSON/user208/user208.json,idx_30
waveOut,trainingSamples,raw_data/EMG-EPN612/testingJSON/user208/user208.json,idx_31
waveOut,trainingSamples,raw_data/EMG-EPN612/testingJSON/user208/user208.json,idx_32
waveOut,trainingSamples,raw_data/EMG-EPN612/testingJSON/user208/user208.json,idx_33
waveOut,trainingSamples,raw_data/EMG-EPN612/testingJSON/user208/user208.json,idx_34
waveOut,trainingSamples,raw_data/EMG-EPN612/testingJSON/user208/user208.json,idx_35
waveOut,trainingSamples,raw_data/EMG-EPN612/testingJSON/user208/user208.json,idx_36
waveOut,trainingSamples,raw_data/EMG-EPN612/testingJSON/user208/user208.json,idx_37
waveOut,trainingSamples,raw_data/EMG-EPN612/testingJSON/user208/user208.json,idx_38
waveOut,trainingSamples,raw_data/EMG-EPN612/testingJSON/user208/user208.json,idx_39
waveOut,trainingSamples,raw_data/EMG-EPN612/testingJSON/user208/user208.json,idx_40
waveOut,trainingSamples,raw_data/EMG-EPN612/testingJSON/user208/user208.json,idx_41
waveOut,trainingSamples,raw_data/EMG-EPN612/testingJSON/user208/user208.json,idx_42
waveOut,trainingSamples,raw_data/EMG-EPN612/testingJSON/user208/user208.json,idx_43
waveOut,trainingSamples,raw_data/EMG-EPN612/testingJSON/user208/user208.json,idx_44
waveOut,trainingSamples,raw_data/EMG-EPN612/testingJSON/user208/user208.json,idx_45
waveOut,trainingSamples,raw_data/EMG-EPN612/testingJSON/user208/user208.json,idx_46
waveOut,trainingSamples,raw_data/EMG-EPN612/testingJSON/user208/user208.json,idx_47
waveOut,trainingSamples,raw_data/EMG-EPN612/testingJSON/user208/user208.json,idx_48
waveOut,trainingSamples,raw_data/EMG-EPN612/testingJSON/user208/user208.json,idx_49
waveOut,trainingSamples,raw_data/EMG-EPN612/testingJSON/user208/user208.json,idx_50
pinch,trainingSamples,raw_data/EMG-EPN612/testingJSON/user208/user208.json,idx_51
pinch,trainingSamples,raw_data/EMG-EPN612/testingJSON/user208/user208.json,idx_52
pinch,trainingSamples,raw_data/EMG-EPN612/testingJSON/user208/user208.json,idx_53
pinch,trainingSamples,raw_data/EMG-EPN612/testingJSON/user208/user208.json,idx_54
pinch,trainingSamples,raw_data/EMG-EPN612/testingJSON/user208/user208.json,idx_55
pinch,trainingSamples,raw_data/EMG-EPN612/testingJSON/user208/user208.json,idx_56
pinch,trainingSamples,raw_data/EMG-EPN612/testingJSON/user208/user208.json,idx_57
pinch,trainingSamples,raw_data/EMG-EPN612/testingJSON/user208/user208.json,idx_58
pinch,trainingSamples,raw_data/EMG-EPN612/testingJSON/user208/user208.json,idx_59
pinch,trainingSamples,raw_data/EMG-EPN612/testingJSON/user208/user208.json,idx_60
pinch,trainingSamples,raw_data/EMG-EPN612/testingJSON/user208/user208.json,idx_61
pinch,trainingSamples,raw_data/EMG-EPN612/testingJSON/user208/user208.json,idx_62
pinch,trainingSamples,raw_data/EMG-EPN612/testingJSON/user208/user208.json,idx_63
pinch,trainingSamples,raw_data/EMG-EPN612/testingJSON/user208/user208.json,idx_64
pinch,trainingSamples,raw_data/EMG-EPN612/testingJSON/user208/user208.json,idx_65
pinch,trainingSamples,raw_data/EMG-EPN612/testingJSON/user208/user208.json,idx_66
pinch,trainingSamples,raw_data/EMG-EPN612/testingJSON/user208/user208.json,idx_67
pinch,trainingSamples,raw_data/EMG-EPN612/testingJSON/user208/user208.json,idx_68
pinch,trainingSamples,raw_data/EMG-EPN612/testingJSON/user208/user208.json,idx_69
pinch,trainingSamples,raw_data/EMG-EPN612/testingJSON/user208/user208.json,idx_70
pinch,trainingSamples,raw_data/EMG-EPN612/testingJSON/user208/user208.json,idx_71
pinch,trainingSamples,raw_data/EMG-EPN612/testingJSON/user208/user208.json,idx_72
pinch,trainingSamples,raw_data/EMG-EPN612/testingJSON/user208/user208.json,idx_73
pinch,trainingSamples,raw_data/EMG-EPN612/testingJSON/user208/user208.json,idx_74
pinch,trainingSamples,raw_data/EMG-EPN612/testingJSON/user208/user208.json,idx_75
fist,trainingSamples,raw_data/EMG-EPN612/testingJSON/user208/user208.json,idx_76
fist,trainingSamples,raw_data/EMG-EPN612/testingJSON/user208/user208.json,idx_77
fist,trainingSamples,raw_data/EMG-EPN612/testingJSON/user208/user208.json,idx_78
fist,trainingSamples,raw_data/EMG-EPN612/testingJSON/user208/user208.json,idx_79
fist,trainingSamples,raw_data/EMG-EPN612/testingJSON/user208/user208.json,idx_80
fist,trainingSamples,raw_data/EMG-EPN612/testingJSON/user208/user208.json,idx_81
fist,trainingSamples,raw_data/EMG-EPN612/testingJSON/user208/user208.json,idx_82
fist,trainingSamples,raw_data/EMG-EPN612/testingJSON/user208/user208.json,idx_83
fist,trainingSamples,raw_data/EMG-EPN612/testingJSON/user208/user208.json,idx_84
fist,trainingSamples,raw_data/EMG-EPN612/testingJSON/user208/user208.json,idx_85
fist,trainingSamples,raw_data/EMG-EPN612/testingJSON/user208/user208.json,idx_86
fist,trainingSamples,raw_data/EMG-EPN612/testingJSON/user208/user208.json,idx_87
fist,trainingSamples,raw_data/EMG-EPN612/testingJSON/user208/user208.json,idx_88
fist,trainingSamples,raw_data/EMG-EPN612/testingJSON/user208/user208.json,idx_89
fist,trainingSamples,raw_data/EMG-EPN612/testingJSON/user208/user208.json,idx_90
fist,trainingSamples,raw_data/EMG-EPN612/testingJSON/user208/user208.json,idx_91
fist,trainingSamples,raw_data/EMG-EPN612/testingJSON/user208/user208.json,idx_92
fist,trainingSamples,raw_data/EMG-EPN612/testingJSON/user208/user208.json,idx_93
fist,trainingSamples,raw_data/EMG-EPN612/testingJSON/user208/user208.json,idx_94
fist,trainingSamples,raw_data/EMG-EPN612/testingJSON/user208/user208.json,idx_95
fist,trainingSamples,raw_data/EMG-EPN612/testingJSON/user208/user208.json,idx_96
fist,trainingSamples,raw_data/EMG-EPN612/testingJSON/user208/user208.json,idx_97
fist,trainingSamples,raw_data/EMG-EPN612/testingJSON/user208/user208.json,idx_98
fist,trainingSamples,raw_data/EMG-EPN612/testingJSON/user208/user208.json,idx_99
fist,trainingSamples,raw_data/EMG-EPN612/testingJSON/user208/user208.json,idx_100
waveIn,trainingSamples,raw_data/EMG-EPN612/testingJSON/user208/user208.json,idx_101
waveIn,trainingSamples,raw_data/EMG-EPN612/testingJSON/user208/user208.json,idx_102
waveIn,trainingSamples,raw_data/EMG-EPN612/testingJSON/user208/user208.json,idx_103
waveIn,trainingSamples,raw_data/EMG-EPN612/testingJSON/user208/user208.json,idx_104
waveIn,trainingSamples,raw_data/EMG-EPN612/testingJSON/user208/user208.json,idx_105
waveIn,trainingSamples,raw_data/EMG-EPN612/testingJSON/user208/user208.json,idx_106
waveIn,trainingSamples,raw_data/EMG-EPN612/testingJSON/user208/user208.json,idx_107
waveIn,trainingSamples,raw_data/EMG-EPN612/testingJSON/user208/user208.json,idx_108
waveIn,trainingSamples,raw_data/EMG-EPN612/testingJSON/user208/user208.json,idx_109
waveIn,trainingSamples,raw_data/EMG-EPN612/testingJSON/user208/user208.json,idx_110
waveIn,trainingSamples,raw_data/EMG-EPN612/testingJSON/user208/user208.json,idx_111
waveIn,trainingSamples,raw_data/EMG-EPN612/testingJSON/user208/user208.json,idx_112
waveIn,trainingSamples,raw_data/EMG-EPN612/testingJSON/user208/user208.json,idx_113
waveIn,trainingSamples,raw_data/EMG-EPN612/testingJSON/user208/user208.json,idx_114
waveIn,trainingSamples,raw_data/EMG-EPN612/testingJSON/user208/user208.json,idx_115
waveIn,trainingSamples,raw_data/EMG-EPN612/testingJSON/user208/user208.json,idx_116
waveIn,trainingSamples,raw_data/EMG-EPN612/testingJSON/user208/user208.json,idx_117
waveIn,trainingSamples,raw_data/EMG-EPN612/testingJSON/user208/user208.json,idx_118
waveIn,trainingSamples,raw_data/EMG-EPN612/testingJSON/user208/user208.json,idx_119
waveIn,trainingSamples,raw_data/EMG-EPN612/testingJSON/user208/user208.json,idx_120
waveIn,trainingSamples,raw_data/EMG-EPN612/testingJSON/user208/user208.json,idx_121
waveIn,trainingSamples,raw_data/EMG-EPN612/testingJSON/user208/user208.json,idx_122
waveIn,trainingSamples,raw_data/EMG-EPN612/testingJSON/user208/user208.json,idx_123
waveIn,trainingSamples,raw_data/EMG-EPN612/testingJSON/user208/user208.json,idx_124
waveIn,trainingSamples,raw_data/EMG-EPN612/testingJSON/user208/user208.json,idx_125
open,trainingSamples,raw_data/EMG-EPN612/testingJSON/user208/user208.json,idx_126
open,trainingSamples,raw_data/EMG-EPN612/testingJSON/user208/user208.json,idx_127
open,trainingSamples,raw_data/EMG-EPN612/testingJSON/user208/user208.json,idx_128
open,trainingSamples,raw_data/EMG-EPN612/testingJSON/user208/user208.json,idx_129
open,trainingSamples,raw_data/EMG-EPN612/testingJSON/user208/user208.json,idx_130
open,trainingSamples,raw_data/EMG-EPN612/testingJSON/user208/user208.json,idx_131
open,trainingSamples,raw_data/EMG-EPN612/testingJSON/user208/user208.json,idx_132
open,trainingSamples,raw_data/EMG-EPN612/testingJSON/user208/user208.json,idx_133
open,trainingSamples,raw_data/EMG-EPN612/testingJSON/user208/user208.json,idx_134
open,trainingSamples,raw_data/EMG-EPN612/testingJSON/user208/user208.json,idx_135
open,trainingSamples,raw_data/EMG-EPN612/testingJSON/user208/user208.json,idx_136
open,trainingSamples,raw_data/EMG-EPN612/testingJSON/user208/user208.json,idx_137
open,trainingSamples,raw_data/EMG-EPN612/testingJSON/user208/user208.json,idx_138
open,trainingSamples,raw_data/EMG-EPN612/testingJSON/user208/user208.json,idx_139
open,trainingSamples,raw_data/EMG-EPN612/testingJSON/user208/user208.json,idx_140
open,trainingSamples,raw_data/EMG-EPN612/testingJSON/user208/user208.json,idx_141
open,trainingSamples,raw_data/EMG-EPN612/testingJSON/user208/user208.json,idx_142
open,trainingSamples,raw_data/EMG-EPN612/testingJSON/user208/user208.json,idx_143
open,trainingSamples,raw_data/EMG-EPN612/testingJSON/user208/user208.json,idx_144
open,trainingSamples,raw_data/EMG-EPN612/testingJSON/user208/user208.json,idx_145
open,trainingSamples,raw_data/EMG-EPN612/testingJSON/user208/user208.json,idx_146
open,trainingSamples,raw_data/EMG-EPN612/testingJSON/user208/user208.json,idx_147
open,trainingSamples,raw_data/EMG-EPN612/testingJSON/user208/user208.json,idx_148
open,trainingSamples,raw_data/EMG-EPN612/testingJSON/user208/user208.json,idx_149
open,trainingSamples,raw_data/EMG-EPN612/testingJSON/user208/user208.json,idx_150
noGesture,trainingSamples,raw_data/EMG-EPN612/testingJSON/user209/user209.json,idx_1
noGesture,trainingSamples,raw_data/EMG-EPN612/testingJSON/user209/user209.json,idx_2
noGesture,trainingSamples,raw_data/EMG-EPN612/testingJSON/user209/user209.json,idx_3
noGesture,trainingSamples,raw_data/EMG-EPN612/testingJSON/user209/user209.json,idx_4
noGesture,trainingSamples,raw_data/EMG-EPN612/testingJSON/user209/user209.json,idx_5
noGesture,trainingSamples,raw_data/EMG-EPN612/testingJSON/user209/user209.json,idx_6
noGesture,trainingSamples,raw_data/EMG-EPN612/testingJSON/user209/user209.json,idx_7
noGesture,trainingSamples,raw_data/EMG-EPN612/testingJSON/user209/user209.json,idx_8
noGesture,trainingSamples,raw_data/EMG-EPN612/testingJSON/user209/user209.json,idx_9
noGesture,trainingSamples,raw_data/EMG-EPN612/testingJSON/user209/user209.json,idx_10
noGesture,trainingSamples,raw_data/EMG-EPN612/testingJSON/user209/user209.json,idx_11
noGesture,trainingSamples,raw_data/EMG-EPN612/testingJSON/user209/user209.json,idx_12
noGesture,trainingSamples,raw_data/EMG-EPN612/testingJSON/user209/user209.json,idx_13
noGesture,trainingSamples,raw_data/EMG-EPN612/testingJSON/user209/user209.json,idx_14
noGesture,trainingSamples,raw_data/EMG-EPN612/testingJSON/user209/user209.json,idx_15
noGesture,trainingSamples,raw_data/EMG-EPN612/testingJSON/user209/user209.json,idx_16
noGesture,trainingSamples,raw_data/EMG-EPN612/testingJSON/user209/user209.json,idx_17
noGesture,trainingSamples,raw_data/EMG-EPN612/testingJSON/user209/user209.json,idx_18
noGesture,trainingSamples,raw_data/EMG-EPN612/testingJSON/user209/user209.json,idx_19
noGesture,trainingSamples,raw_data/EMG-EPN612/testingJSON/user209/user209.json,idx_20
noGesture,trainingSamples,raw_data/EMG-EPN612/testingJSON/user209/user209.json,idx_21
noGesture,trainingSamples,raw_data/EMG-EPN612/testingJSON/user209/user209.json,idx_22
noGesture,trainingSamples,raw_data/EMG-EPN612/testingJSON/user209/user209.json,idx_23
noGesture,trainingSamples,raw_data/EMG-EPN612/testingJSON/user209/user209.json,idx_24
noGesture,trainingSamples,raw_data/EMG-EPN612/testingJSON/user209/user209.json,idx_25
waveOut,trainingSamples,raw_data/EMG-EPN612/testingJSON/user209/user209.json,idx_26
waveOut,trainingSamples,raw_data/EMG-EPN612/testingJSON/user209/user209.json,idx_27
waveOut,trainingSamples,raw_data/EMG-EPN612/testingJSON/user209/user209.json,idx_28
waveOut,trainingSamples,raw_data/EMG-EPN612/testingJSON/user209/user209.json,idx_29
waveOut,trainingSamples,raw_data/EMG-EPN612/testingJSON/user209/user209.json,idx_30
waveOut,trainingSamples,raw_data/EMG-EPN612/testingJSON/user209/user209.json,idx_31
waveOut,trainingSamples,raw_data/EMG-EPN612/testingJSON/user209/user209.json,idx_32
waveOut,trainingSamples,raw_data/EMG-EPN612/testingJSON/user209/user209.json,idx_33
waveOut,trainingSamples,raw_data/EMG-EPN612/testingJSON/user209/user209.json,idx_34
waveOut,trainingSamples,raw_data/EMG-EPN612/testingJSON/user209/user209.json,idx_35
waveOut,trainingSamples,raw_data/EMG-EPN612/testingJSON/user209/user209.json,idx_36
waveOut,trainingSamples,raw_data/EMG-EPN612/testingJSON/user209/user209.json,idx_37
waveOut,trainingSamples,raw_data/EMG-EPN612/testingJSON/user209/user209.json,idx_38
waveOut,trainingSamples,raw_data/EMG-EPN612/testingJSON/user209/user209.json,idx_39
waveOut,trainingSamples,raw_data/EMG-EPN612/testingJSON/user209/user209.json,idx_40
waveOut,trainingSamples,raw_data/EMG-EPN612/testingJSON/user209/user209.json,idx_41
waveOut,trainingSamples,raw_data/EMG-EPN612/testingJSON/user209/user209.json,idx_42
waveOut,trainingSamples,raw_data/EMG-EPN612/testingJSON/user209/user209.json,idx_43
waveOut,trainingSamples,raw_data/EMG-EPN612/testingJSON/user209/user209.json,idx_44
waveOut,trainingSamples,raw_data/EMG-EPN612/testingJSON/user209/user209.json,idx_45
waveOut,trainingSamples,raw_data/EMG-EPN612/testingJSON/user209/user209.json,idx_46
waveOut,trainingSamples,raw_data/EMG-EPN612/testingJSON/user209/user209.json,idx_47
waveOut,trainingSamples,raw_data/EMG-EPN612/testingJSON/user209/user209.json,idx_48
waveOut,trainingSamples,raw_data/EMG-EPN612/testingJSON/user209/user209.json,idx_49
waveOut,trainingSamples,raw_data/EMG-EPN612/testingJSON/user209/user209.json,idx_50
pinch,trainingSamples,raw_data/EMG-EPN612/testingJSON/user209/user209.json,idx_51
pinch,trainingSamples,raw_data/EMG-EPN612/testingJSON/user209/user209.json,idx_52
pinch,trainingSamples,raw_data/EMG-EPN612/testingJSON/user209/user209.json,idx_53
pinch,trainingSamples,raw_data/EMG-EPN612/testingJSON/user209/user209.json,idx_54
pinch,trainingSamples,raw_data/EMG-EPN612/testingJSON/user209/user209.json,idx_55
pinch,trainingSamples,raw_data/EMG-EPN612/testingJSON/user209/user209.json,idx_56
pinch,trainingSamples,raw_data/EMG-EPN612/testingJSON/user209/user209.json,idx_57
pinch,trainingSamples,raw_data/EMG-EPN612/testingJSON/user209/user209.json,idx_58
pinch,trainingSamples,raw_data/EMG-EPN612/testingJSON/user209/user209.json,idx_59
pinch,trainingSamples,raw_data/EMG-EPN612/testingJSON/user209/user209.json,idx_60
pinch,trainingSamples,raw_data/EMG-EPN612/testingJSON/user209/user209.json,idx_61
pinch,trainingSamples,raw_data/EMG-EPN612/testingJSON/user209/user209.json,idx_62
pinch,trainingSamples,raw_data/EMG-EPN612/testingJSON/user209/user209.json,idx_63
pinch,trainingSamples,raw_data/EMG-EPN612/testingJSON/user209/user209.json,idx_64
pinch,trainingSamples,raw_data/EMG-EPN612/testingJSON/user209/user209.json,idx_65
pinch,trainingSamples,raw_data/EMG-EPN612/testingJSON/user209/user209.json,idx_66
pinch,trainingSamples,raw_data/EMG-EPN612/testingJSON/user209/user209.json,idx_67
pinch,trainingSamples,raw_data/EMG-EPN612/testingJSON/user209/user209.json,idx_68
pinch,trainingSamples,raw_data/EMG-EPN612/testingJSON/user209/user209.json,idx_69
pinch,trainingSamples,raw_data/EMG-EPN612/testingJSON/user209/user209.json,idx_70
pinch,trainingSamples,raw_data/EMG-EPN612/testingJSON/user209/user209.json,idx_71
pinch,trainingSamples,raw_data/EMG-EPN612/testingJSON/user209/user209.json,idx_72
pinch,trainingSamples,raw_data/EMG-EPN612/testingJSON/user209/user209.json,idx_73
pinch,trainingSamples,raw_data/EMG-EPN612/testingJSON/user209/user209.json,idx_74
pinch,trainingSamples,raw_data/EMG-EPN612/testingJSON/user209/user209.json,idx_75
fist,trainingSamples,raw_data/EMG-EPN612/testingJSON/user209/user209.json,idx_76
fist,trainingSamples,raw_data/EMG-EPN612/testingJSON/user209/user209.json,idx_77
fist,trainingSamples,raw_data/EMG-EPN612/testingJSON/user209/user209.json,idx_78
fist,trainingSamples,raw_data/EMG-EPN612/testingJSON/user209/user209.json,idx_79
fist,trainingSamples,raw_data/EMG-EPN612/testingJSON/user209/user209.json,idx_80
fist,trainingSamples,raw_data/EMG-EPN612/testingJSON/user209/user209.json,idx_81
fist,trainingSamples,raw_data/EMG-EPN612/testingJSON/user209/user209.json,idx_82
fist,trainingSamples,raw_data/EMG-EPN612/testingJSON/user209/user209.json,idx_83
fist,trainingSamples,raw_data/EMG-EPN612/testingJSON/user209/user209.json,idx_84
fist,trainingSamples,raw_data/EMG-EPN612/testingJSON/user209/user209.json,idx_85
fist,trainingSamples,raw_data/EMG-EPN612/testingJSON/user209/user209.json,idx_86
fist,trainingSamples,raw_data/EMG-EPN612/testingJSON/user209/user209.json,idx_87
fist,trainingSamples,raw_data/EMG-EPN612/testingJSON/user209/user209.json,idx_88
fist,trainingSamples,raw_data/EMG-EPN612/testingJSON/user209/user209.json,idx_89
fist,trainingSamples,raw_data/EMG-EPN612/testingJSON/user209/user209.json,idx_90
fist,trainingSamples,raw_data/EMG-EPN612/testingJSON/user209/user209.json,idx_91
fist,trainingSamples,raw_data/EMG-EPN612/testingJSON/user209/user209.json,idx_92
fist,trainingSamples,raw_data/EMG-EPN612/testingJSON/user209/user209.json,idx_93
fist,trainingSamples,raw_data/EMG-EPN612/testingJSON/user209/user209.json,idx_94
fist,trainingSamples,raw_data/EMG-EPN612/testingJSON/user209/user209.json,idx_95
fist,trainingSamples,raw_data/EMG-EPN612/testingJSON/user209/user209.json,idx_96
fist,trainingSamples,raw_data/EMG-EPN612/testingJSON/user209/user209.json,idx_97
fist,trainingSamples,raw_data/EMG-EPN612/testingJSON/user209/user209.json,idx_98
fist,trainingSamples,raw_data/EMG-EPN612/testingJSON/user209/user209.json,idx_99
fist,trainingSamples,raw_data/EMG-EPN612/testingJSON/user209/user209.json,idx_100
waveIn,trainingSamples,raw_data/EMG-EPN612/testingJSON/user209/user209.json,idx_101
waveIn,trainingSamples,raw_data/EMG-EPN612/testingJSON/user209/user209.json,idx_102
waveIn,trainingSamples,raw_data/EMG-EPN612/testingJSON/user209/user209.json,idx_103
waveIn,trainingSamples,raw_data/EMG-EPN612/testingJSON/user209/user209.json,idx_104
waveIn,trainingSamples,raw_data/EMG-EPN612/testingJSON/user209/user209.json,idx_105
waveIn,trainingSamples,raw_data/EMG-EPN612/testingJSON/user209/user209.json,idx_106
waveIn,trainingSamples,raw_data/EMG-EPN612/testingJSON/user209/user209.json,idx_107
waveIn,trainingSamples,raw_data/EMG-EPN612/testingJSON/user209/user209.json,idx_108
waveIn,trainingSamples,raw_data/EMG-EPN612/testingJSON/user209/user209.json,idx_109
waveIn,trainingSamples,raw_data/EMG-EPN612/testingJSON/user209/user209.json,idx_110
waveIn,trainingSamples,raw_data/EMG-EPN612/testingJSON/user209/user209.json,idx_111
waveIn,trainingSamples,raw_data/EMG-EPN612/testingJSON/user209/user209.json,idx_112
waveIn,trainingSamples,raw_data/EMG-EPN612/testingJSON/user209/user209.json,idx_113
waveIn,trainingSamples,raw_data/EMG-EPN612/testingJSON/user209/user209.json,idx_114
waveIn,trainingSamples,raw_data/EMG-EPN612/testingJSON/user209/user209.json,idx_115
waveIn,trainingSamples,raw_data/EMG-EPN612/testingJSON/user209/user209.json,idx_116
waveIn,trainingSamples,raw_data/EMG-EPN612/testingJSON/user209/user209.json,idx_117
waveIn,trainingSamples,raw_data/EMG-EPN612/testingJSON/user209/user209.json,idx_118
waveIn,trainingSamples,raw_data/EMG-EPN612/testingJSON/user209/user209.json,idx_119
waveIn,trainingSamples,raw_data/EMG-EPN612/testingJSON/user209/user209.json,idx_120
waveIn,trainingSamples,raw_data/EMG-EPN612/testingJSON/user209/user209.json,idx_121
waveIn,trainingSamples,raw_data/EMG-EPN612/testingJSON/user209/user209.json,idx_122
waveIn,trainingSamples,raw_data/EMG-EPN612/testingJSON/user209/user209.json,idx_123
waveIn,trainingSamples,raw_data/EMG-EPN612/testingJSON/user209/user209.json,idx_124
waveIn,trainingSamples,raw_data/EMG-EPN612/testingJSON/user209/user209.json,idx_125
open,trainingSamples,raw_data/EMG-EPN612/testingJSON/user209/user209.json,idx_126
open,trainingSamples,raw_data/EMG-EPN612/testingJSON/user209/user209.json,idx_127
open,trainingSamples,raw_data/EMG-EPN612/testingJSON/user209/user209.json,idx_128
open,trainingSamples,raw_data/EMG-EPN612/testingJSON/user209/user209.json,idx_129
open,trainingSamples,raw_data/EMG-EPN612/testingJSON/user209/user209.json,idx_130
open,trainingSamples,raw_data/EMG-EPN612/testingJSON/user209/user209.json,idx_131
open,trainingSamples,raw_data/EMG-EPN612/testingJSON/user209/user209.json,idx_132
open,trainingSamples,raw_data/EMG-EPN612/testingJSON/user209/user209.json,idx_133
open,trainingSamples,raw_data/EMG-EPN612/testingJSON/user209/user209.json,idx_134
open,trainingSamples,raw_data/EMG-EPN612/testingJSON/user209/user209.json,idx_135
open,trainingSamples,raw_data/EMG-EPN612/testingJSON/user209/user209.json,idx_136
open,trainingSamples,raw_data/EMG-EPN612/testingJSON/user209/user209.json,idx_137
open,trainingSamples,raw_data/EMG-EPN612/testingJSON/user209/user209.json,idx_138
open,trainingSamples,raw_data/EMG-EPN612/testingJSON/user209/user209.json,idx_139
open,trainingSamples,raw_data/EMG-EPN612/testingJSON/user209/user209.json,idx_140
open,trainingSamples,raw_data/EMG-EPN612/testingJSON/user209/user209.json,idx_141
open,trainingSamples,raw_data/EMG-EPN612/testingJSON/user209/user209.json,idx_142
open,trainingSamples,raw_data/EMG-EPN612/testingJSON/user209/user209.json,idx_143
open,trainingSamples,raw_data/EMG-EPN612/testingJSON/user209/user209.json,idx_144
open,trainingSamples,raw_data/EMG-EPN612/testingJSON/user209/user209.json,idx_145
open,trainingSamples,raw_data/EMG-EPN612/testingJSON/user209/user209.json,idx_146
open,trainingSamples,raw_data/EMG-EPN612/testingJSON/user209/user209.json,idx_147
open,trainingSamples,raw_data/EMG-EPN612/testingJSON/user209/user209.json,idx_148
open,trainingSamples,raw_data/EMG-EPN612/testingJSON/user209/user209.json,idx_149
open,trainingSamples,raw_data/EMG-EPN612/testingJSON/user209/user209.json,idx_150
noGesture,trainingSamples,raw_data/EMG-EPN612/testingJSON/user21/user21.json,idx_1
noGesture,trainingSamples,raw_data/EMG-EPN612/testingJSON/user21/user21.json,idx_2
noGesture,trainingSamples,raw_data/EMG-EPN612/testingJSON/user21/user21.json,idx_3
noGesture,trainingSamples,raw_data/EMG-EPN612/testingJSON/user21/user21.json,idx_4
noGesture,trainingSamples,raw_data/EMG-EPN612/testingJSON/user21/user21.json,idx_5
noGesture,trainingSamples,raw_data/EMG-EPN612/testingJSON/user21/user21.json,idx_6
noGesture,trainingSamples,raw_data/EMG-EPN612/testingJSON/user21/user21.json,idx_7
noGesture,trainingSamples,raw_data/EMG-EPN612/testingJSON/user21/user21.json,idx_8
noGesture,trainingSamples,raw_data/EMG-EPN612/testingJSON/user21/user21.json,idx_9
noGesture,trainingSamples,raw_data/EMG-EPN612/testingJSON/user21/user21.json,idx_10
noGesture,trainingSamples,raw_data/EMG-EPN612/testingJSON/user21/user21.json,idx_11
noGesture,trainingSamples,raw_data/EMG-EPN612/testingJSON/user21/user21.json,idx_12
noGesture,trainingSamples,raw_data/EMG-EPN612/testingJSON/user21/user21.json,idx_13
noGesture,trainingSamples,raw_data/EMG-EPN612/testingJSON/user21/user21.json,idx_14
noGesture,trainingSamples,raw_data/EMG-EPN612/testingJSON/user21/user21.json,idx_15
noGesture,trainingSamples,raw_data/EMG-EPN612/testingJSON/user21/user21.json,idx_16
noGesture,trainingSamples,raw_data/EMG-EPN612/testingJSON/user21/user21.json,idx_17
noGesture,trainingSamples,raw_data/EMG-EPN612/testingJSON/user21/user21.json,idx_18
noGesture,trainingSamples,raw_data/EMG-EPN612/testingJSON/user21/user21.json,idx_19
noGesture,trainingSamples,raw_data/EMG-EPN612/testingJSON/user21/user21.json,idx_20
noGesture,trainingSamples,raw_data/EMG-EPN612/testingJSON/user21/user21.json,idx_21
noGesture,trainingSamples,raw_data/EMG-EPN612/testingJSON/user21/user21.json,idx_22
noGesture,trainingSamples,raw_data/EMG-EPN612/testingJSON/user21/user21.json,idx_23
noGesture,trainingSamples,raw_data/EMG-EPN612/testingJSON/user21/user21.json,idx_24
noGesture,trainingSamples,raw_data/EMG-EPN612/testingJSON/user21/user21.json,idx_25
waveOut,trainingSamples,raw_data/EMG-EPN612/testingJSON/user21/user21.json,idx_26
waveOut,trainingSamples,raw_data/EMG-EPN612/testingJSON/user21/user21.json,idx_27
waveOut,trainingSamples,raw_data/EMG-EPN612/testingJSON/user21/user21.json,idx_28
waveOut,trainingSamples,raw_data/EMG-EPN612/testingJSON/user21/user21.json,idx_29
waveOut,trainingSamples,raw_data/EMG-EPN612/testingJSON/user21/user21.json,idx_30
waveOut,trainingSamples,raw_data/EMG-EPN612/testingJSON/user21/user21.json,idx_31
waveOut,trainingSamples,raw_data/EMG-EPN612/testingJSON/user21/user21.json,idx_32
waveOut,trainingSamples,raw_data/EMG-EPN612/testingJSON/user21/user21.json,idx_33
waveOut,trainingSamples,raw_data/EMG-EPN612/testingJSON/user21/user21.json,idx_34
waveOut,trainingSamples,raw_data/EMG-EPN612/testingJSON/user21/user21.json,idx_35
waveOut,trainingSamples,raw_data/EMG-EPN612/testingJSON/user21/user21.json,idx_36
waveOut,trainingSamples,raw_data/EMG-EPN612/testingJSON/user21/user21.json,idx_37
waveOut,trainingSamples,raw_data/EMG-EPN612/testingJSON/user21/user21.json,idx_38
waveOut,trainingSamples,raw_data/EMG-EPN612/testingJSON/user21/user21.json,idx_39
waveOut,trainingSamples,raw_data/EMG-EPN612/testingJSON/user21/user21.json,idx_40
waveOut,trainingSamples,raw_data/EMG-EPN612/testingJSON/user21/user21.json,idx_41
waveOut,trainingSamples,raw_data/EMG-EPN612/testingJSON/user21/user21.json,idx_42
waveOut,trainingSamples,raw_data/EMG-EPN612/testingJSON/user21/user21.json,idx_43
waveOut,trainingSamples,raw_data/EMG-EPN612/testingJSON/user21/user21.json,idx_44
waveOut,trainingSamples,raw_data/EMG-EPN612/testingJSON/user21/user21.json,idx_45
waveOut,trainingSamples,raw_data/EMG-EPN612/testingJSON/user21/user21.json,idx_46
waveOut,trainingSamples,raw_data/EMG-EPN612/testingJSON/user21/user21.json,idx_47
waveOut,trainingSamples,raw_data/EMG-EPN612/testingJSON/user21/user21.json,idx_48
waveOut,trainingSamples,raw_data/EMG-EPN612/testingJSON/user21/user21.json,idx_49
waveOut,trainingSamples,raw_data/EMG-EPN612/testingJSON/user21/user21.json,idx_50
pinch,trainingSamples,raw_data/EMG-EPN612/testingJSON/user21/user21.json,idx_51
pinch,trainingSamples,raw_data/EMG-EPN612/testingJSON/user21/user21.json,idx_52
pinch,trainingSamples,raw_data/EMG-EPN612/testingJSON/user21/user21.json,idx_53
pinch,trainingSamples,raw_data/EMG-EPN612/testingJSON/user21/user21.json,idx_54
pinch,trainingSamples,raw_data/EMG-EPN612/testingJSON/user21/user21.json,idx_55
pinch,trainingSamples,raw_data/EMG-EPN612/testingJSON/user21/user21.json,idx_56
pinch,trainingSamples,raw_data/EMG-EPN612/testingJSON/user21/user21.json,idx_57
pinch,trainingSamples,raw_data/EMG-EPN612/testingJSON/user21/user21.json,idx_58
pinch,trainingSamples,raw_data/EMG-EPN612/testingJSON/user21/user21.json,idx_59
pinch,trainingSamples,raw_data/EMG-EPN612/testingJSON/user21/user21.json,idx_60
pinch,trainingSamples,raw_data/EMG-EPN612/testingJSON/user21/user21.json,idx_61
pinch,trainingSamples,raw_data/EMG-EPN612/testingJSON/user21/user21.json,idx_62
pinch,trainingSamples,raw_data/EMG-EPN612/testingJSON/user21/user21.json,idx_63
pinch,trainingSamples,raw_data/EMG-EPN612/testingJSON/user21/user21.json,idx_64
pinch,trainingSamples,raw_data/EMG-EPN612/testingJSON/user21/user21.json,idx_65
pinch,trainingSamples,raw_data/EMG-EPN612/testingJSON/user21/user21.json,idx_66
pinch,trainingSamples,raw_data/EMG-EPN612/testingJSON/user21/user21.json,idx_67
pinch,trainingSamples,raw_data/EMG-EPN612/testingJSON/user21/user21.json,idx_68
pinch,trainingSamples,raw_data/EMG-EPN612/testingJSON/user21/user21.json,idx_69
pinch,trainingSamples,raw_data/EMG-EPN612/testingJSON/user21/user21.json,idx_70
pinch,trainingSamples,raw_data/EMG-EPN612/testingJSON/user21/user21.json,idx_71
pinch,trainingSamples,raw_data/EMG-EPN612/testingJSON/user21/user21.json,idx_72
pinch,trainingSamples,raw_data/EMG-EPN612/testingJSON/user21/user21.json,idx_73
pinch,trainingSamples,raw_data/EMG-EPN612/testingJSON/user21/user21.json,idx_74
pinch,trainingSamples,raw_data/EMG-EPN612/testingJSON/user21/user21.json,idx_75
fist,trainingSamples,raw_data/EMG-EPN612/testingJSON/user21/user21.json,idx_76
fist,trainingSamples,raw_data/EMG-EPN612/testingJSON/user21/user21.json,idx_77
fist,trainingSamples,raw_data/EMG-EPN612/testingJSON/user21/user21.json,idx_78
fist,trainingSamples,raw_data/EMG-EPN612/testingJSON/user21/user21.json,idx_79
fist,trainingSamples,raw_data/EMG-EPN612/testingJSON/user21/user21.json,idx_80
fist,trainingSamples,raw_data/EMG-EPN612/testingJSON/user21/user21.json,idx_81
fist,trainingSamples,raw_data/EMG-EPN612/testingJSON/user21/user21.json,idx_82
fist,trainingSamples,raw_data/EMG-EPN612/testingJSON/user21/user21.json,idx_83
fist,trainingSamples,raw_data/EMG-EPN612/testingJSON/user21/user21.json,idx_84
fist,trainingSamples,raw_data/EMG-EPN612/testingJSON/user21/user21.json,idx_85
fist,trainingSamples,raw_data/EMG-EPN612/testingJSON/user21/user21.json,idx_86
fist,trainingSamples,raw_data/EMG-EPN612/testingJSON/user21/user21.json,idx_87
fist,trainingSamples,raw_data/EMG-EPN612/testingJSON/user21/user21.json,idx_88
fist,trainingSamples,raw_data/EMG-EPN612/testingJSON/user21/user21.json,idx_89
fist,trainingSamples,raw_data/EMG-EPN612/testingJSON/user21/user21.json,idx_90
fist,trainingSamples,raw_data/EMG-EPN612/testingJSON/user21/user21.json,idx_91
fist,trainingSamples,raw_data/EMG-EPN612/testingJSON/user21/user21.json,idx_92
fist,trainingSamples,raw_data/EMG-EPN612/testingJSON/user21/user21.json,idx_93
fist,trainingSamples,raw_data/EMG-EPN612/testingJSON/user21/user21.json,idx_94
fist,trainingSamples,raw_data/EMG-EPN612/testingJSON/user21/user21.json,idx_95
fist,trainingSamples,raw_data/EMG-EPN612/testingJSON/user21/user21.json,idx_96
fist,trainingSamples,raw_data/EMG-EPN612/testingJSON/user21/user21.json,idx_97
fist,trainingSamples,raw_data/EMG-EPN612/testingJSON/user21/user21.json,idx_98
fist,trainingSamples,raw_data/EMG-EPN612/testingJSON/user21/user21.json,idx_99
fist,trainingSamples,raw_data/EMG-EPN612/testingJSON/user21/user21.json,idx_100
waveIn,trainingSamples,raw_data/EMG-EPN612/testingJSON/user21/user21.json,idx_101
waveIn,trainingSamples,raw_data/EMG-EPN612/testingJSON/user21/user21.json,idx_102
waveIn,trainingSamples,raw_data/EMG-EPN612/testingJSON/user21/user21.json,idx_103
waveIn,trainingSamples,raw_data/EMG-EPN612/testingJSON/user21/user21.json,idx_104
waveIn,trainingSamples,raw_data/EMG-EPN612/testingJSON/user21/user21.json,idx_105
waveIn,trainingSamples,raw_data/EMG-EPN612/testingJSON/user21/user21.json,idx_106
waveIn,trainingSamples,raw_data/EMG-EPN612/testingJSON/user21/user21.json,idx_107
waveIn,trainingSamples,raw_data/EMG-EPN612/testingJSON/user21/user21.json,idx_108
waveIn,trainingSamples,raw_data/EMG-EPN612/testingJSON/user21/user21.json,idx_109
waveIn,trainingSamples,raw_data/EMG-EPN612/testingJSON/user21/user21.json,idx_110
waveIn,trainingSamples,raw_data/EMG-EPN612/testingJSON/user21/user21.json,idx_111
waveIn,trainingSamples,raw_data/EMG-EPN612/testingJSON/user21/user21.json,idx_112
waveIn,trainingSamples,raw_data/EMG-EPN612/testingJSON/user21/user21.json,idx_113
waveIn,trainingSamples,raw_data/EMG-EPN612/testingJSON/user21/user21.json,idx_114
waveIn,trainingSamples,raw_data/EMG-EPN612/testingJSON/user21/user21.json,idx_115
waveIn,trainingSamples,raw_data/EMG-EPN612/testingJSON/user21/user21.json,idx_116
waveIn,trainingSamples,raw_data/EMG-EPN612/testingJSON/user21/user21.json,idx_117
waveIn,trainingSamples,raw_data/EMG-EPN612/testingJSON/user21/user21.json,idx_118
waveIn,trainingSamples,raw_data/EMG-EPN612/testingJSON/user21/user21.json,idx_119
waveIn,trainingSamples,raw_data/EMG-EPN612/testingJSON/user21/user21.json,idx_120
waveIn,trainingSamples,raw_data/EMG-EPN612/testingJSON/user21/user21.json,idx_121
waveIn,trainingSamples,raw_data/EMG-EPN612/testingJSON/user21/user21.json,idx_122
waveIn,trainingSamples,raw_data/EMG-EPN612/testingJSON/user21/user21.json,idx_123
waveIn,trainingSamples,raw_data/EMG-EPN612/testingJSON/user21/user21.json,idx_124
waveIn,trainingSamples,raw_data/EMG-EPN612/testingJSON/user21/user21.json,idx_125
open,trainingSamples,raw_data/EMG-EPN612/testingJSON/user21/user21.json,idx_126
open,trainingSamples,raw_data/EMG-EPN612/testingJSON/user21/user21.json,idx_127
open,trainingSamples,raw_data/EMG-EPN612/testingJSON/user21/user21.json,idx_128
open,trainingSamples,raw_data/EMG-EPN612/testingJSON/user21/user21.json,idx_129
open,trainingSamples,raw_data/EMG-EPN612/testingJSON/user21/user21.json,idx_130
open,trainingSamples,raw_data/EMG-EPN612/testingJSON/user21/user21.json,idx_131
open,trainingSamples,raw_data/EMG-EPN612/testingJSON/user21/user21.json,idx_132
open,trainingSamples,raw_data/EMG-EPN612/testingJSON/user21/user21.json,idx_133
open,trainingSamples,raw_data/EMG-EPN612/testingJSON/user21/user21.json,idx_134
open,trainingSamples,raw_data/EMG-EPN612/testingJSON/user21/user21.json,idx_135
open,trainingSamples,raw_data/EMG-EPN612/testingJSON/user21/user21.json,idx_136
open,trainingSamples,raw_data/EMG-EPN612/testingJSON/user21/user21.json,idx_137
open,trainingSamples,raw_data/EMG-EPN612/testingJSON/user21/user21.json,idx_138
open,trainingSamples,raw_data/EMG-EPN612/testingJSON/user21/user21.json,idx_139
open,trainingSamples,raw_data/EMG-EPN612/testingJSON/user21/user21.json,idx_140
open,trainingSamples,raw_data/EMG-EPN612/testingJSON/user21/user21.json,idx_141
open,trainingSamples,raw_data/EMG-EPN612/testingJSON/user21/user21.json,idx_142
open,trainingSamples,raw_data/EMG-EPN612/testingJSON/user21/user21.json,idx_143
open,trainingSamples,raw_data/EMG-EPN612/testingJSON/user21/user21.json,idx_144
open,trainingSamples,raw_data/EMG-EPN612/testingJSON/user21/user21.json,idx_145
open,trainingSamples,raw_data/EMG-EPN612/testingJSON/user21/user21.json,idx_146
open,trainingSamples,raw_data/EMG-EPN612/testingJSON/user21/user21.json,idx_147
open,trainingSamples,raw_data/EMG-EPN612/testingJSON/user21/user21.json,idx_148
open,trainingSamples,raw_data/EMG-EPN612/testingJSON/user21/user21.json,idx_149
open,trainingSamples,raw_data/EMG-EPN612/testingJSON/user21/user21.json,idx_150
noGesture,trainingSamples,raw_data/EMG-EPN612/testingJSON/user210/user210.json,idx_1
noGesture,trainingSamples,raw_data/EMG-EPN612/testingJSON/user210/user210.json,idx_2
noGesture,trainingSamples,raw_data/EMG-EPN612/testingJSON/user210/user210.json,idx_3
noGesture,trainingSamples,raw_data/EMG-EPN612/testingJSON/user210/user210.json,idx_4
noGesture,trainingSamples,raw_data/EMG-EPN612/testingJSON/user210/user210.json,idx_5
noGesture,trainingSamples,raw_data/EMG-EPN612/testingJSON/user210/user210.json,idx_6
noGesture,trainingSamples,raw_data/EMG-EPN612/testingJSON/user210/user210.json,idx_7
noGesture,trainingSamples,raw_data/EMG-EPN612/testingJSON/user210/user210.json,idx_8
noGesture,trainingSamples,raw_data/EMG-EPN612/testingJSON/user210/user210.json,idx_9
noGesture,trainingSamples,raw_data/EMG-EPN612/testingJSON/user210/user210.json,idx_10
noGesture,trainingSamples,raw_data/EMG-EPN612/testingJSON/user210/user210.json,idx_11
noGesture,trainingSamples,raw_data/EMG-EPN612/testingJSON/user210/user210.json,idx_12
noGesture,trainingSamples,raw_data/EMG-EPN612/testingJSON/user210/user210.json,idx_13
noGesture,trainingSamples,raw_data/EMG-EPN612/testingJSON/user210/user210.json,idx_14
noGesture,trainingSamples,raw_data/EMG-EPN612/testingJSON/user210/user210.json,idx_15
noGesture,trainingSamples,raw_data/EMG-EPN612/testingJSON/user210/user210.json,idx_16
noGesture,trainingSamples,raw_data/EMG-EPN612/testingJSON/user210/user210.json,idx_17
noGesture,trainingSamples,raw_data/EMG-EPN612/testingJSON/user210/user210.json,idx_18
noGesture,trainingSamples,raw_data/EMG-EPN612/testingJSON/user210/user210.json,idx_19
noGesture,trainingSamples,raw_data/EMG-EPN612/testingJSON/user210/user210.json,idx_20
noGesture,trainingSamples,raw_data/EMG-EPN612/testingJSON/user210/user210.json,idx_21
noGesture,trainingSamples,raw_data/EMG-EPN612/testingJSON/user210/user210.json,idx_22
noGesture,trainingSamples,raw_data/EMG-EPN612/testingJSON/user210/user210.json,idx_23
noGesture,trainingSamples,raw_data/EMG-EPN612/testingJSON/user210/user210.json,idx_24
noGesture,trainingSamples,raw_data/EMG-EPN612/testingJSON/user210/user210.json,idx_25
waveOut,trainingSamples,raw_data/EMG-EPN612/testingJSON/user210/user210.json,idx_26
waveOut,trainingSamples,raw_data/EMG-EPN612/testingJSON/user210/user210.json,idx_27
waveOut,trainingSamples,raw_data/EMG-EPN612/testingJSON/user210/user210.json,idx_28
waveOut,trainingSamples,raw_data/EMG-EPN612/testingJSON/user210/user210.json,idx_29
waveOut,trainingSamples,raw_data/EMG-EPN612/testingJSON/user210/user210.json,idx_30
waveOut,trainingSamples,raw_data/EMG-EPN612/testingJSON/user210/user210.json,idx_31
waveOut,trainingSamples,raw_data/EMG-EPN612/testingJSON/user210/user210.json,idx_32
waveOut,trainingSamples,raw_data/EMG-EPN612/testingJSON/user210/user210.json,idx_33
waveOut,trainingSamples,raw_data/EMG-EPN612/testingJSON/user210/user210.json,idx_34
waveOut,trainingSamples,raw_data/EMG-EPN612/testingJSON/user210/user210.json,idx_35
waveOut,trainingSamples,raw_data/EMG-EPN612/testingJSON/user210/user210.json,idx_36
waveOut,trainingSamples,raw_data/EMG-EPN612/testingJSON/user210/user210.json,idx_37
waveOut,trainingSamples,raw_data/EMG-EPN612/testingJSON/user210/user210.json,idx_38
waveOut,trainingSamples,raw_data/EMG-EPN612/testingJSON/user210/user210.json,idx_39
waveOut,trainingSamples,raw_data/EMG-EPN612/testingJSON/user210/user210.json,idx_40
waveOut,trainingSamples,raw_data/EMG-EPN612/testingJSON/user210/user210.json,idx_41
waveOut,trainingSamples,raw_data/EMG-EPN612/testingJSON/user210/user210.json,idx_42
waveOut,trainingSamples,raw_data/EMG-EPN612/testingJSON/user210/user210.json,idx_43
waveOut,trainingSamples,raw_data/EMG-EPN612/testingJSON/user210/user210.json,idx_44
waveOut,trainingSamples,raw_data/EMG-EPN612/testingJSON/user210/user210.json,idx_45
waveOut,trainingSamples,raw_data/EMG-EPN612/testingJSON/user210/user210.json,idx_46
waveOut,trainingSamples,raw_data/EMG-EPN612/testingJSON/user210/user210.json,idx_47
waveOut,trainingSamples,raw_data/EMG-EPN612/testingJSON/user210/user210.json,idx_48
waveOut,trainingSamples,raw_data/EMG-EPN612/testingJSON/user210/user210.json,idx_49
waveOut,trainingSamples,raw_data/EMG-EPN612/testingJSON/user210/user210.json,idx_50
pinch,trainingSamples,raw_data/EMG-EPN612/testingJSON/user210/user210.json,idx_51
pinch,trainingSamples,raw_data/EMG-EPN612/testingJSON/user210/user210.json,idx_52
pinch,trainingSamples,raw_data/EMG-EPN612/testingJSON/user210/user210.json,idx_53
pinch,trainingSamples,raw_data/EMG-EPN612/testingJSON/user210/user210.json,idx_54
pinch,trainingSamples,raw_data/EMG-EPN612/testingJSON/user210/user210.json,idx_55
pinch,trainingSamples,raw_data/EMG-EPN612/testingJSON/user210/user210.json,idx_56
pinch,trainingSamples,raw_data/EMG-EPN612/testingJSON/user210/user210.json,idx_57
pinch,trainingSamples,raw_data/EMG-EPN612/testingJSON/user210/user210.json,idx_58
pinch,trainingSamples,raw_data/EMG-EPN612/testingJSON/user210/user210.json,idx_59
pinch,trainingSamples,raw_data/EMG-EPN612/testingJSON/user210/user210.json,idx_60
pinch,trainingSamples,raw_data/EMG-EPN612/testingJSON/user210/user210.json,idx_61
pinch,trainingSamples,raw_data/EMG-EPN612/testingJSON/user210/user210.json,idx_62
pinch,trainingSamples,raw_data/EMG-EPN612/testingJSON/user210/user210.json,idx_63
pinch,trainingSamples,raw_data/EMG-EPN612/testingJSON/user210/user210.json,idx_64
pinch,trainingSamples,raw_data/EMG-EPN612/testingJSON/user210/user210.json,idx_65
pinch,trainingSamples,raw_data/EMG-EPN612/testingJSON/user210/user210.json,idx_66
pinch,trainingSamples,raw_data/EMG-EPN612/testingJSON/user210/user210.json,idx_67
pinch,trainingSamples,raw_data/EMG-EPN612/testingJSON/user210/user210.json,idx_68
pinch,trainingSamples,raw_data/EMG-EPN612/testingJSON/user210/user210.json,idx_69
pinch,trainingSamples,raw_data/EMG-EPN612/testingJSON/user210/user210.json,idx_70
pinch,trainingSamples,raw_data/EMG-EPN612/testingJSON/user210/user210.json,idx_71
pinch,trainingSamples,raw_data/EMG-EPN612/testingJSON/user210/user210.json,idx_72
pinch,trainingSamples,raw_data/EMG-EPN612/testingJSON/user210/user210.json,idx_73
pinch,trainingSamples,raw_data/EMG-EPN612/testingJSON/user210/user210.json,idx_74
pinch,trainingSamples,raw_data/EMG-EPN612/testingJSON/user210/user210.json,idx_75
fist,trainingSamples,raw_data/EMG-EPN612/testingJSON/user210/user210.json,idx_76
fist,trainingSamples,raw_data/EMG-EPN612/testingJSON/user210/user210.json,idx_77
fist,trainingSamples,raw_data/EMG-EPN612/testingJSON/user210/user210.json,idx_78
fist,trainingSamples,raw_data/EMG-EPN612/testingJSON/user210/user210.json,idx_79
fist,trainingSamples,raw_data/EMG-EPN612/testingJSON/user210/user210.json,idx_80
fist,trainingSamples,raw_data/EMG-EPN612/testingJSON/user210/user210.json,idx_81
fist,trainingSamples,raw_data/EMG-EPN612/testingJSON/user210/user210.json,idx_82
fist,trainingSamples,raw_data/EMG-EPN612/testingJSON/user210/user210.json,idx_83
fist,trainingSamples,raw_data/EMG-EPN612/testingJSON/user210/user210.json,idx_84
fist,trainingSamples,raw_data/EMG-EPN612/testingJSON/user210/user210.json,idx_85
fist,trainingSamples,raw_data/EMG-EPN612/testingJSON/user210/user210.json,idx_86
fist,trainingSamples,raw_data/EMG-EPN612/testingJSON/user210/user210.json,idx_87
fist,trainingSamples,raw_data/EMG-EPN612/testingJSON/user210/user210.json,idx_88
fist,trainingSamples,raw_data/EMG-EPN612/testingJSON/user210/user210.json,idx_89
fist,trainingSamples,raw_data/EMG-EPN612/testingJSON/user210/user210.json,idx_90
fist,trainingSamples,raw_data/EMG-EPN612/testingJSON/user210/user210.json,idx_91
fist,trainingSamples,raw_data/EMG-EPN612/testingJSON/user210/user210.json,idx_92
fist,trainingSamples,raw_data/EMG-EPN612/testingJSON/user210/user210.json,idx_93
fist,trainingSamples,raw_data/EMG-EPN612/testingJSON/user210/user210.json,idx_94
fist,trainingSamples,raw_data/EMG-EPN612/testingJSON/user210/user210.json,idx_95
fist,trainingSamples,raw_data/EMG-EPN612/testingJSON/user210/user210.json,idx_96
fist,trainingSamples,raw_data/EMG-EPN612/testingJSON/user210/user210.json,idx_97
fist,trainingSamples,raw_data/EMG-EPN612/testingJSON/user210/user210.json,idx_98
fist,trainingSamples,raw_data/EMG-EPN612/testingJSON/user210/user210.json,idx_99
fist,trainingSamples,raw_data/EMG-EPN612/testingJSON/user210/user210.json,idx_100
waveIn,trainingSamples,raw_data/EMG-EPN612/testingJSON/user210/user210.json,idx_101
waveIn,trainingSamples,raw_data/EMG-EPN612/testingJSON/user210/user210.json,idx_102
waveIn,trainingSamples,raw_data/EMG-EPN612/testingJSON/user210/user210.json,idx_103
waveIn,trainingSamples,raw_data/EMG-EPN612/testingJSON/user210/user210.json,idx_104
waveIn,trainingSamples,raw_data/EMG-EPN612/testingJSON/user210/user210.json,idx_105
waveIn,trainingSamples,raw_data/EMG-EPN612/testingJSON/user210/user210.json,idx_106
waveIn,trainingSamples,raw_data/EMG-EPN612/testingJSON/user210/user210.json,idx_107
waveIn,trainingSamples,raw_data/EMG-EPN612/testingJSON/user210/user210.json,idx_108
waveIn,trainingSamples,raw_data/EMG-EPN612/testingJSON/user210/user210.json,idx_109
waveIn,trainingSamples,raw_data/EMG-EPN612/testingJSON/user210/user210.json,idx_110
waveIn,trainingSamples,raw_data/EMG-EPN612/testingJSON/user210/user210.json,idx_111
waveIn,trainingSamples,raw_data/EMG-EPN612/testingJSON/user210/user210.json,idx_112
waveIn,trainingSamples,raw_data/EMG-EPN612/testingJSON/user210/user210.json,idx_113
waveIn,trainingSamples,raw_data/EMG-EPN612/testingJSON/user210/user210.json,idx_114
waveIn,trainingSamples,raw_data/EMG-EPN612/testingJSON/user210/user210.json,idx_115
waveIn,trainingSamples,raw_data/EMG-EPN612/testingJSON/user210/user210.json,idx_116
waveIn,trainingSamples,raw_data/EMG-EPN612/testingJSON/user210/user210.json,idx_117
waveIn,trainingSamples,raw_data/EMG-EPN612/testingJSON/user210/user210.json,idx_118
waveIn,trainingSamples,raw_data/EMG-EPN612/testingJSON/user210/user210.json,idx_119
waveIn,trainingSamples,raw_data/EMG-EPN612/testingJSON/user210/user210.json,idx_120
waveIn,trainingSamples,raw_data/EMG-EPN612/testingJSON/user210/user210.json,idx_121
waveIn,trainingSamples,raw_data/EMG-EPN612/testingJSON/user210/user210.json,idx_122
waveIn,trainingSamples,raw_data/EMG-EPN612/testingJSON/user210/user210.json,idx_123
waveIn,trainingSamples,raw_data/EMG-EPN612/testingJSON/user210/user210.json,idx_124
waveIn,trainingSamples,raw_data/EMG-EPN612/testingJSON/user210/user210.json,idx_125
open,trainingSamples,raw_data/EMG-EPN612/testingJSON/user210/user210.json,idx_126
open,trainingSamples,raw_data/EMG-EPN612/testingJSON/user210/user210.json,idx_127
open,trainingSamples,raw_data/EMG-EPN612/testingJSON/user210/user210.json,idx_128
open,trainingSamples,raw_data/EMG-EPN612/testingJSON/user210/user210.json,idx_129
open,trainingSamples,raw_data/EMG-EPN612/testingJSON/user210/user210.json,idx_130
open,trainingSamples,raw_data/EMG-EPN612/testingJSON/user210/user210.json,idx_131
open,trainingSamples,raw_data/EMG-EPN612/testingJSON/user210/user210.json,idx_132
open,trainingSamples,raw_data/EMG-EPN612/testingJSON/user210/user210.json,idx_133
open,trainingSamples,raw_data/EMG-EPN612/testingJSON/user210/user210.json,idx_134
open,trainingSamples,raw_data/EMG-EPN612/testingJSON/user210/user210.json,idx_135
open,trainingSamples,raw_data/EMG-EPN612/testingJSON/user210/user210.json,idx_136
open,trainingSamples,raw_data/EMG-EPN612/testingJSON/user210/user210.json,idx_137
open,trainingSamples,raw_data/EMG-EPN612/testingJSON/user210/user210.json,idx_138
open,trainingSamples,raw_data/EMG-EPN612/testingJSON/user210/user210.json,idx_139
open,trainingSamples,raw_data/EMG-EPN612/testingJSON/user210/user210.json,idx_140
open,trainingSamples,raw_data/EMG-EPN612/testingJSON/user210/user210.json,idx_141
open,trainingSamples,raw_data/EMG-EPN612/testingJSON/user210/user210.json,idx_142
open,trainingSamples,raw_data/EMG-EPN612/testingJSON/user210/user210.json,idx_143
open,trainingSamples,raw_data/EMG-EPN612/testingJSON/user210/user210.json,idx_144
open,trainingSamples,raw_data/EMG-EPN612/testingJSON/user210/user210.json,idx_145
open,trainingSamples,raw_data/EMG-EPN612/testingJSON/user210/user210.json,idx_146
open,trainingSamples,raw_data/EMG-EPN612/testingJSON/user210/user210.json,idx_147
open,trainingSamples,raw_data/EMG-EPN612/testingJSON/user210/user210.json,idx_148
open,trainingSamples,raw_data/EMG-EPN612/testingJSON/user210/user210.json,idx_149
open,trainingSamples,raw_data/EMG-EPN612/testingJSON/user210/user210.json,idx_150
noGesture,trainingSamples,raw_data/EMG-EPN612/testingJSON/user211/user211.json,idx_1
noGesture,trainingSamples,raw_data/EMG-EPN612/testingJSON/user211/user211.json,idx_2
noGesture,trainingSamples,raw_data/EMG-EPN612/testingJSON/user211/user211.json,idx_3
noGesture,trainingSamples,raw_data/EMG-EPN612/testingJSON/user211/user211.json,idx_4
noGesture,trainingSamples,raw_data/EMG-EPN612/testingJSON/user211/user211.json,idx_5
noGesture,trainingSamples,raw_data/EMG-EPN612/testingJSON/user211/user211.json,idx_6
noGesture,trainingSamples,raw_data/EMG-EPN612/testingJSON/user211/user211.json,idx_7
noGesture,trainingSamples,raw_data/EMG-EPN612/testingJSON/user211/user211.json,idx_8
noGesture,trainingSamples,raw_data/EMG-EPN612/testingJSON/user211/user211.json,idx_9
noGesture,trainingSamples,raw_data/EMG-EPN612/testingJSON/user211/user211.json,idx_10
noGesture,trainingSamples,raw_data/EMG-EPN612/testingJSON/user211/user211.json,idx_11
noGesture,trainingSamples,raw_data/EMG-EPN612/testingJSON/user211/user211.json,idx_12
noGesture,trainingSamples,raw_data/EMG-EPN612/testingJSON/user211/user211.json,idx_13
noGesture,trainingSamples,raw_data/EMG-EPN612/testingJSON/user211/user211.json,idx_14
noGesture,trainingSamples,raw_data/EMG-EPN612/testingJSON/user211/user211.json,idx_15
noGesture,trainingSamples,raw_data/EMG-EPN612/testingJSON/user211/user211.json,idx_16
noGesture,trainingSamples,raw_data/EMG-EPN612/testingJSON/user211/user211.json,idx_17
noGesture,trainingSamples,raw_data/EMG-EPN612/testingJSON/user211/user211.json,idx_18
noGesture,trainingSamples,raw_data/EMG-EPN612/testingJSON/user211/user211.json,idx_19
noGesture,trainingSamples,raw_data/EMG-EPN612/testingJSON/user211/user211.json,idx_20
noGesture,trainingSamples,raw_data/EMG-EPN612/testingJSON/user211/user211.json,idx_21
noGesture,trainingSamples,raw_data/EMG-EPN612/testingJSON/user211/user211.json,idx_22
noGesture,trainingSamples,raw_data/EMG-EPN612/testingJSON/user211/user211.json,idx_23
noGesture,trainingSamples,raw_data/EMG-EPN612/testingJSON/user211/user211.json,idx_24
noGesture,trainingSamples,raw_data/EMG-EPN612/testingJSON/user211/user211.json,idx_25
waveOut,trainingSamples,raw_data/EMG-EPN612/testingJSON/user211/user211.json,idx_26
waveOut,trainingSamples,raw_data/EMG-EPN612/testingJSON/user211/user211.json,idx_27
waveOut,trainingSamples,raw_data/EMG-EPN612/testingJSON/user211/user211.json,idx_28
waveOut,trainingSamples,raw_data/EMG-EPN612/testingJSON/user211/user211.json,idx_29
waveOut,trainingSamples,raw_data/EMG-EPN612/testingJSON/user211/user211.json,idx_30
waveOut,trainingSamples,raw_data/EMG-EPN612/testingJSON/user211/user211.json,idx_31
waveOut,trainingSamples,raw_data/EMG-EPN612/testingJSON/user211/user211.json,idx_32
waveOut,trainingSamples,raw_data/EMG-EPN612/testingJSON/user211/user211.json,idx_33
waveOut,trainingSamples,raw_data/EMG-EPN612/testingJSON/user211/user211.json,idx_34
waveOut,trainingSamples,raw_data/EMG-EPN612/testingJSON/user211/user211.json,idx_35
waveOut,trainingSamples,raw_data/EMG-EPN612/testingJSON/user211/user211.json,idx_36
waveOut,trainingSamples,raw_data/EMG-EPN612/testingJSON/user211/user211.json,idx_37
waveOut,trainingSamples,raw_data/EMG-EPN612/testingJSON/user211/user211.json,idx_38
waveOut,trainingSamples,raw_data/EMG-EPN612/testingJSON/user211/user211.json,idx_39
waveOut,trainingSamples,raw_data/EMG-EPN612/testingJSON/user211/user211.json,idx_40
waveOut,trainingSamples,raw_data/EMG-EPN612/testingJSON/user211/user211.json,idx_41
waveOut,trainingSamples,raw_data/EMG-EPN612/testingJSON/user211/user211.json,idx_42
waveOut,trainingSamples,raw_data/EMG-EPN612/testingJSON/user211/user211.json,idx_43
waveOut,trainingSamples,raw_data/EMG-EPN612/testingJSON/user211/user211.json,idx_44
waveOut,trainingSamples,raw_data/EMG-EPN612/testingJSON/user211/user211.json,idx_45
waveOut,trainingSamples,raw_data/EMG-EPN612/testingJSON/user211/user211.json,idx_46
waveOut,trainingSamples,raw_data/EMG-EPN612/testingJSON/user211/user211.json,idx_47
waveOut,trainingSamples,raw_data/EMG-EPN612/testingJSON/user211/user211.json,idx_48
waveOut,trainingSamples,raw_data/EMG-EPN612/testingJSON/user211/user211.json,idx_49
waveOut,trainingSamples,raw_data/EMG-EPN612/testingJSON/user211/user211.json,idx_50
pinch,trainingSamples,raw_data/EMG-EPN612/testingJSON/user211/user211.json,idx_51
pinch,trainingSamples,raw_data/EMG-EPN612/testingJSON/user211/user211.json,idx_52
pinch,trainingSamples,raw_data/EMG-EPN612/testingJSON/user211/user211.json,idx_53
pinch,trainingSamples,raw_data/EMG-EPN612/testingJSON/user211/user211.json,idx_54
pinch,trainingSamples,raw_data/EMG-EPN612/testingJSON/user211/user211.json,idx_55
pinch,trainingSamples,raw_data/EMG-EPN612/testingJSON/user211/user211.json,idx_56
pinch,trainingSamples,raw_data/EMG-EPN612/testingJSON/user211/user211.json,idx_57
pinch,trainingSamples,raw_data/EMG-EPN612/testingJSON/user211/user211.json,idx_58
pinch,trainingSamples,raw_data/EMG-EPN612/testingJSON/user211/user211.json,idx_59
pinch,trainingSamples,raw_data/EMG-EPN612/testingJSON/user211/user211.json,idx_60
pinch,trainingSamples,raw_data/EMG-EPN612/testingJSON/user211/user211.json,idx_61
pinch,trainingSamples,raw_data/EMG-EPN612/testingJSON/user211/user211.json,idx_62
pinch,trainingSamples,raw_data/EMG-EPN612/testingJSON/user211/user211.json,idx_63
pinch,trainingSamples,raw_data/EMG-EPN612/testingJSON/user211/user211.json,idx_64
pinch,trainingSamples,raw_data/EMG-EPN612/testingJSON/user211/user211.json,idx_65
pinch,trainingSamples,raw_data/EMG-EPN612/testingJSON/user211/user211.json,idx_66
pinch,trainingSamples,raw_data/EMG-EPN612/testingJSON/user211/user211.json,idx_67
pinch,trainingSamples,raw_data/EMG-EPN612/testingJSON/user211/user211.json,idx_68
pinch,trainingSamples,raw_data/EMG-EPN612/testingJSON/user211/user211.json,idx_69
pinch,trainingSamples,raw_data/EMG-EPN612/testingJSON/user211/user211.json,idx_70
pinch,trainingSamples,raw_data/EMG-EPN612/testingJSON/user211/user211.json,idx_71
pinch,trainingSamples,raw_data/EMG-EPN612/testingJSON/user211/user211.json,idx_72
pinch,trainingSamples,raw_data/EMG-EPN612/testingJSON/user211/user211.json,idx_73
pinch,trainingSamples,raw_data/EMG-EPN612/testingJSON/user211/user211.json,idx_74
pinch,trainingSamples,raw_data/EMG-EPN612/testingJSON/user211/user211.json,idx_75
fist,trainingSamples,raw_data/EMG-EPN612/testingJSON/user211/user211.json,idx_76
fist,trainingSamples,raw_data/EMG-EPN612/testingJSON/user211/user211.json,idx_77
fist,trainingSamples,raw_data/EMG-EPN612/testingJSON/user211/user211.json,idx_78
fist,trainingSamples,raw_data/EMG-EPN612/testingJSON/user211/user211.json,idx_79
fist,trainingSamples,raw_data/EMG-EPN612/testingJSON/user211/user211.json,idx_80
fist,trainingSamples,raw_data/EMG-EPN612/testingJSON/user211/user211.json,idx_81
fist,trainingSamples,raw_data/EMG-EPN612/testingJSON/user211/user211.json,idx_82
fist,trainingSamples,raw_data/EMG-EPN612/testingJSON/user211/user211.json,idx_83
fist,trainingSamples,raw_data/EMG-EPN612/testingJSON/user211/user211.json,idx_84
fist,trainingSamples,raw_data/EMG-EPN612/testingJSON/user211/user211.json,idx_85
fist,trainingSamples,raw_data/EMG-EPN612/testingJSON/user211/user211.json,idx_86
fist,trainingSamples,raw_data/EMG-EPN612/testingJSON/user211/user211.json,idx_87
fist,trainingSamples,raw_data/EMG-EPN612/testingJSON/user211/user211.json,idx_88
fist,trainingSamples,raw_data/EMG-EPN612/testingJSON/user211/user211.json,idx_89
fist,trainingSamples,raw_data/EMG-EPN612/testingJSON/user211/user211.json,idx_90
fist,trainingSamples,raw_data/EMG-EPN612/testingJSON/user211/user211.json,idx_91
fist,trainingSamples,raw_data/EMG-EPN612/testingJSON/user211/user211.json,idx_92
fist,trainingSamples,raw_data/EMG-EPN612/testingJSON/user211/user211.json,idx_93
fist,trainingSamples,raw_data/EMG-EPN612/testingJSON/user211/user211.json,idx_94
fist,trainingSamples,raw_data/EMG-EPN612/testingJSON/user211/user211.json,idx_95
fist,trainingSamples,raw_data/EMG-EPN612/testingJSON/user211/user211.json,idx_96
fist,trainingSamples,raw_data/EMG-EPN612/testingJSON/user211/user211.json,idx_97
fist,trainingSamples,raw_data/EMG-EPN612/testingJSON/user211/user211.json,idx_98
fist,trainingSamples,raw_data/EMG-EPN612/testingJSON/user211/user211.json,idx_99
fist,trainingSamples,raw_data/EMG-EPN612/testingJSON/user211/user211.json,idx_100
waveIn,trainingSamples,raw_data/EMG-EPN612/testingJSON/user211/user211.json,idx_101
waveIn,trainingSamples,raw_data/EMG-EPN612/testingJSON/user211/user211.json,idx_102
waveIn,trainingSamples,raw_data/EMG-EPN612/testingJSON/user211/user211.json,idx_103
waveIn,trainingSamples,raw_data/EMG-EPN612/testingJSON/user211/user211.json,idx_104
waveIn,trainingSamples,raw_data/EMG-EPN612/testingJSON/user211/user211.json,idx_105
waveIn,trainingSamples,raw_data/EMG-EPN612/testingJSON/user211/user211.json,idx_106
waveIn,trainingSamples,raw_data/EMG-EPN612/testingJSON/user211/user211.json,idx_107
waveIn,trainingSamples,raw_data/EMG-EPN612/testingJSON/user211/user211.json,idx_108
waveIn,trainingSamples,raw_data/EMG-EPN612/testingJSON/user211/user211.json,idx_109
waveIn,trainingSamples,raw_data/EMG-EPN612/testingJSON/user211/user211.json,idx_110
waveIn,trainingSamples,raw_data/EMG-EPN612/testingJSON/user211/user211.json,idx_111
waveIn,trainingSamples,raw_data/EMG-EPN612/testingJSON/user211/user211.json,idx_112
waveIn,trainingSamples,raw_data/EMG-EPN612/testingJSON/user211/user211.json,idx_113
waveIn,trainingSamples,raw_data/EMG-EPN612/testingJSON/user211/user211.json,idx_114
waveIn,trainingSamples,raw_data/EMG-EPN612/testingJSON/user211/user211.json,idx_115
waveIn,trainingSamples,raw_data/EMG-EPN612/testingJSON/user211/user211.json,idx_116
waveIn,trainingSamples,raw_data/EMG-EPN612/testingJSON/user211/user211.json,idx_117
waveIn,trainingSamples,raw_data/EMG-EPN612/testingJSON/user211/user211.json,idx_118
waveIn,trainingSamples,raw_data/EMG-EPN612/testingJSON/user211/user211.json,idx_119
waveIn,trainingSamples,raw_data/EMG-EPN612/testingJSON/user211/user211.json,idx_120
waveIn,trainingSamples,raw_data/EMG-EPN612/testingJSON/user211/user211.json,idx_121
waveIn,trainingSamples,raw_data/EMG-EPN612/testingJSON/user211/user211.json,idx_122
waveIn,trainingSamples,raw_data/EMG-EPN612/testingJSON/user211/user211.json,idx_123
waveIn,trainingSamples,raw_data/EMG-EPN612/testingJSON/user211/user211.json,idx_124
waveIn,trainingSamples,raw_data/EMG-EPN612/testingJSON/user211/user211.json,idx_125
open,trainingSamples,raw_data/EMG-EPN612/testingJSON/user211/user211.json,idx_126
open,trainingSamples,raw_data/EMG-EPN612/testingJSON/user211/user211.json,idx_127
open,trainingSamples,raw_data/EMG-EPN612/testingJSON/user211/user211.json,idx_128
open,trainingSamples,raw_data/EMG-EPN612/testingJSON/user211/user211.json,idx_129
open,trainingSamples,raw_data/EMG-EPN612/testingJSON/user211/user211.json,idx_130
open,trainingSamples,raw_data/EMG-EPN612/testingJSON/user211/user211.json,idx_131
open,trainingSamples,raw_data/EMG-EPN612/testingJSON/user211/user211.json,idx_132
open,trainingSamples,raw_data/EMG-EPN612/testingJSON/user211/user211.json,idx_133
open,trainingSamples,raw_data/EMG-EPN612/testingJSON/user211/user211.json,idx_134
open,trainingSamples,raw_data/EMG-EPN612/testingJSON/user211/user211.json,idx_135
open,trainingSamples,raw_data/EMG-EPN612/testingJSON/user211/user211.json,idx_136
open,trainingSamples,raw_data/EMG-EPN612/testingJSON/user211/user211.json,idx_137
open,trainingSamples,raw_data/EMG-EPN612/testingJSON/user211/user211.json,idx_138
open,trainingSamples,raw_data/EMG-EPN612/testingJSON/user211/user211.json,idx_139
open,trainingSamples,raw_data/EMG-EPN612/testingJSON/user211/user211.json,idx_140
open,trainingSamples,raw_data/EMG-EPN612/testingJSON/user211/user211.json,idx_141
open,trainingSamples,raw_data/EMG-EPN612/testingJSON/user211/user211.json,idx_142
open,trainingSamples,raw_data/EMG-EPN612/testingJSON/user211/user211.json,idx_143
open,trainingSamples,raw_data/EMG-EPN612/testingJSON/user211/user211.json,idx_144
open,trainingSamples,raw_data/EMG-EPN612/testingJSON/user211/user211.json,idx_145
open,trainingSamples,raw_data/EMG-EPN612/testingJSON/user211/user211.json,idx_146
open,trainingSamples,raw_data/EMG-EPN612/testingJSON/user211/user211.json,idx_147
open,trainingSamples,raw_data/EMG-EPN612/testingJSON/user211/user211.json,idx_148
open,trainingSamples,raw_data/EMG-EPN612/testingJSON/user211/user211.json,idx_149
open,trainingSamples,raw_data/EMG-EPN612/testingJSON/user211/user211.json,idx_150
noGesture,trainingSamples,raw_data/EMG-EPN612/testingJSON/user212/user212.json,idx_1
noGesture,trainingSamples,raw_data/EMG-EPN612/testingJSON/user212/user212.json,idx_2
noGesture,trainingSamples,raw_data/EMG-EPN612/testingJSON/user212/user212.json,idx_3
noGesture,trainingSamples,raw_data/EMG-EPN612/testingJSON/user212/user212.json,idx_4
noGesture,trainingSamples,raw_data/EMG-EPN612/testingJSON/user212/user212.json,idx_5
noGesture,trainingSamples,raw_data/EMG-EPN612/testingJSON/user212/user212.json,idx_6
noGesture,trainingSamples,raw_data/EMG-EPN612/testingJSON/user212/user212.json,idx_7
noGesture,trainingSamples,raw_data/EMG-EPN612/testingJSON/user212/user212.json,idx_8
noGesture,trainingSamples,raw_data/EMG-EPN612/testingJSON/user212/user212.json,idx_9
noGesture,trainingSamples,raw_data/EMG-EPN612/testingJSON/user212/user212.json,idx_10
noGesture,trainingSamples,raw_data/EMG-EPN612/testingJSON/user212/user212.json,idx_11
noGesture,trainingSamples,raw_data/EMG-EPN612/testingJSON/user212/user212.json,idx_12
noGesture,trainingSamples,raw_data/EMG-EPN612/testingJSON/user212/user212.json,idx_13
noGesture,trainingSamples,raw_data/EMG-EPN612/testingJSON/user212/user212.json,idx_14
noGesture,trainingSamples,raw_data/EMG-EPN612/testingJSON/user212/user212.json,idx_15
noGesture,trainingSamples,raw_data/EMG-EPN612/testingJSON/user212/user212.json,idx_16
noGesture,trainingSamples,raw_data/EMG-EPN612/testingJSON/user212/user212.json,idx_17
noGesture,trainingSamples,raw_data/EMG-EPN612/testingJSON/user212/user212.json,idx_18
noGesture,trainingSamples,raw_data/EMG-EPN612/testingJSON/user212/user212.json,idx_19
noGesture,trainingSamples,raw_data/EMG-EPN612/testingJSON/user212/user212.json,idx_20
noGesture,trainingSamples,raw_data/EMG-EPN612/testingJSON/user212/user212.json,idx_21
noGesture,trainingSamples,raw_data/EMG-EPN612/testingJSON/user212/user212.json,idx_22
noGesture,trainingSamples,raw_data/EMG-EPN612/testingJSON/user212/user212.json,idx_23
noGesture,trainingSamples,raw_data/EMG-EPN612/testingJSON/user212/user212.json,idx_24
noGesture,trainingSamples,raw_data/EMG-EPN612/testingJSON/user212/user212.json,idx_25
pinch,trainingSamples,raw_data/EMG-EPN612/testingJSON/user212/user212.json,idx_26
pinch,trainingSamples,raw_data/EMG-EPN612/testingJSON/user212/user212.json,idx_27
pinch,trainingSamples,raw_data/EMG-EPN612/testingJSON/user212/user212.json,idx_28
pinch,trainingSamples,raw_data/EMG-EPN612/testingJSON/user212/user212.json,idx_29
pinch,trainingSamples,raw_data/EMG-EPN612/testingJSON/user212/user212.json,idx_30
pinch,trainingSamples,raw_data/EMG-EPN612/testingJSON/user212/user212.json,idx_31
pinch,trainingSamples,raw_data/EMG-EPN612/testingJSON/user212/user212.json,idx_32
pinch,trainingSamples,raw_data/EMG-EPN612/testingJSON/user212/user212.json,idx_33
pinch,trainingSamples,raw_data/EMG-EPN612/testingJSON/user212/user212.json,idx_34
pinch,trainingSamples,raw_data/EMG-EPN612/testingJSON/user212/user212.json,idx_35
pinch,trainingSamples,raw_data/EMG-EPN612/testingJSON/user212/user212.json,idx_36
pinch,trainingSamples,raw_data/EMG-EPN612/testingJSON/user212/user212.json,idx_37
pinch,trainingSamples,raw_data/EMG-EPN612/testingJSON/user212/user212.json,idx_38
pinch,trainingSamples,raw_data/EMG-EPN612/testingJSON/user212/user212.json,idx_39
pinch,trainingSamples,raw_data/EMG-EPN612/testingJSON/user212/user212.json,idx_40
pinch,trainingSamples,raw_data/EMG-EPN612/testingJSON/user212/user212.json,idx_41
pinch,trainingSamples,raw_data/EMG-EPN612/testingJSON/user212/user212.json,idx_42
pinch,trainingSamples,raw_data/EMG-EPN612/testingJSON/user212/user212.json,idx_43
pinch,trainingSamples,raw_data/EMG-EPN612/testingJSON/user212/user212.json,idx_44
pinch,trainingSamples,raw_data/EMG-EPN612/testingJSON/user212/user212.json,idx_45
pinch,trainingSamples,raw_data/EMG-EPN612/testingJSON/user212/user212.json,idx_46
pinch,trainingSamples,raw_data/EMG-EPN612/testingJSON/user212/user212.json,idx_47
pinch,trainingSamples,raw_data/EMG-EPN612/testingJSON/user212/user212.json,idx_48
pinch,trainingSamples,raw_data/EMG-EPN612/testingJSON/user212/user212.json,idx_49
pinch,trainingSamples,raw_data/EMG-EPN612/testingJSON/user212/user212.json,idx_50
waveOut,trainingSamples,raw_data/EMG-EPN612/testingJSON/user212/user212.json,idx_51
waveOut,trainingSamples,raw_data/EMG-EPN612/testingJSON/user212/user212.json,idx_52
waveOut,trainingSamples,raw_data/EMG-EPN612/testingJSON/user212/user212.json,idx_53
waveOut,trainingSamples,raw_data/EMG-EPN612/testingJSON/user212/user212.json,idx_54
waveOut,trainingSamples,raw_data/EMG-EPN612/testingJSON/user212/user212.json,idx_55
waveOut,trainingSamples,raw_data/EMG-EPN612/testingJSON/user212/user212.json,idx_56
waveOut,trainingSamples,raw_data/EMG-EPN612/testingJSON/user212/user212.json,idx_57
waveOut,trainingSamples,raw_data/EMG-EPN612/testingJSON/user212/user212.json,idx_58
waveOut,trainingSamples,raw_data/EMG-EPN612/testingJSON/user212/user212.json,idx_59
waveOut,trainingSamples,raw_data/EMG-EPN612/testingJSON/user212/user212.json,idx_60
waveOut,trainingSamples,raw_data/EMG-EPN612/testingJSON/user212/user212.json,idx_61
waveOut,trainingSamples,raw_data/EMG-EPN612/testingJSON/user212/user212.json,idx_62
waveOut,trainingSamples,raw_data/EMG-EPN612/testingJSON/user212/user212.json,idx_63
waveOut,trainingSamples,raw_data/EMG-EPN612/testingJSON/user212/user212.json,idx_64
waveOut,trainingSamples,raw_data/EMG-EPN612/testingJSON/user212/user212.json,idx_65
waveOut,trainingSamples,raw_data/EMG-EPN612/testingJSON/user212/user212.json,idx_66
waveOut,trainingSamples,raw_data/EMG-EPN612/testingJSON/user212/user212.json,idx_67
waveOut,trainingSamples,raw_data/EMG-EPN612/testingJSON/user212/user212.json,idx_68
waveOut,trainingSamples,raw_data/EMG-EPN612/testingJSON/user212/user212.json,idx_69
waveOut,trainingSamples,raw_data/EMG-EPN612/testingJSON/user212/user212.json,idx_70
waveOut,trainingSamples,raw_data/EMG-EPN612/testingJSON/user212/user212.json,idx_71
waveOut,trainingSamples,raw_data/EMG-EPN612/testingJSON/user212/user212.json,idx_72
waveOut,trainingSamples,raw_data/EMG-EPN612/testingJSON/user212/user212.json,idx_73
waveOut,trainingSamples,raw_data/EMG-EPN612/testingJSON/user212/user212.json,idx_74
waveOut,trainingSamples,raw_data/EMG-EPN612/testingJSON/user212/user212.json,idx_75
open,trainingSamples,raw_data/EMG-EPN612/testingJSON/user212/user212.json,idx_76
open,trainingSamples,raw_data/EMG-EPN612/testingJSON/user212/user212.json,idx_77
open,trainingSamples,raw_data/EMG-EPN612/testingJSON/user212/user212.json,idx_78
open,trainingSamples,raw_data/EMG-EPN612/testingJSON/user212/user212.json,idx_79
open,trainingSamples,raw_data/EMG-EPN612/testingJSON/user212/user212.json,idx_80
open,trainingSamples,raw_data/EMG-EPN612/testingJSON/user212/user212.json,idx_81
open,trainingSamples,raw_data/EMG-EPN612/testingJSON/user212/user212.json,idx_82
open,trainingSamples,raw_data/EMG-EPN612/testingJSON/user212/user212.json,idx_83
open,trainingSamples,raw_data/EMG-EPN612/testingJSON/user212/user212.json,idx_84
open,trainingSamples,raw_data/EMG-EPN612/testingJSON/user212/user212.json,idx_85
open,trainingSamples,raw_data/EMG-EPN612/testingJSON/user212/user212.json,idx_86
open,trainingSamples,raw_data/EMG-EPN612/testingJSON/user212/user212.json,idx_87
open,trainingSamples,raw_data/EMG-EPN612/testingJSON/user212/user212.json,idx_88
open,trainingSamples,raw_data/EMG-EPN612/testingJSON/user212/user212.json,idx_89
open,trainingSamples,raw_data/EMG-EPN612/testingJSON/user212/user212.json,idx_90
open,trainingSamples,raw_data/EMG-EPN612/testingJSON/user212/user212.json,idx_91
open,trainingSamples,raw_data/EMG-EPN612/testingJSON/user212/user212.json,idx_92
open,trainingSamples,raw_data/EMG-EPN612/testingJSON/user212/user212.json,idx_93
open,trainingSamples,raw_data/EMG-EPN612/testingJSON/user212/user212.json,idx_94
open,trainingSamples,raw_data/EMG-EPN612/testingJSON/user212/user212.json,idx_95
open,trainingSamples,raw_data/EMG-EPN612/testingJSON/user212/user212.json,idx_96
open,trainingSamples,raw_data/EMG-EPN612/testingJSON/user212/user212.json,idx_97
open,trainingSamples,raw_data/EMG-EPN612/testingJSON/user212/user212.json,idx_98
open,trainingSamples,raw_data/EMG-EPN612/testingJSON/user212/user212.json,idx_99
open,trainingSamples,raw_data/EMG-EPN612/testingJSON/user212/user212.json,idx_100
waveIn,trainingSamples,raw_data/EMG-EPN612/testingJSON/user212/user212.json,idx_101
waveIn,trainingSamples,raw_data/EMG-EPN612/testingJSON/user212/user212.json,idx_102
waveIn,trainingSamples,raw_data/EMG-EPN612/testingJSON/user212/user212.json,idx_103
waveIn,trainingSamples,raw_data/EMG-EPN612/testingJSON/user212/user212.json,idx_104
waveIn,trainingSamples,raw_data/EMG-EPN612/testingJSON/user212/user212.json,idx_105
waveIn,trainingSamples,raw_data/EMG-EPN612/testingJSON/user212/user212.json,idx_106
waveIn,trainingSamples,raw_data/EMG-EPN612/testingJSON/user212/user212.json,idx_107
waveIn,trainingSamples,raw_data/EMG-EPN612/testingJSON/user212/user212.json,idx_108
waveIn,trainingSamples,raw_data/EMG-EPN612/testingJSON/user212/user212.json,idx_109
waveIn,trainingSamples,raw_data/EMG-EPN612/testingJSON/user212/user212.json,idx_110
waveIn,trainingSamples,raw_data/EMG-EPN612/testingJSON/user212/user212.json,idx_111
waveIn,trainingSamples,raw_data/EMG-EPN612/testingJSON/user212/user212.json,idx_112
waveIn,trainingSamples,raw_data/EMG-EPN612/testingJSON/user212/user212.json,idx_113
waveIn,trainingSamples,raw_data/EMG-EPN612/testingJSON/user212/user212.json,idx_114
waveIn,trainingSamples,raw_data/EMG-EPN612/testingJSON/user212/user212.json,idx_115
waveIn,trainingSamples,raw_data/EMG-EPN612/testingJSON/user212/user212.json,idx_116
waveIn,trainingSamples,raw_data/EMG-EPN612/testingJSON/user212/user212.json,idx_117
waveIn,trainingSamples,raw_data/EMG-EPN612/testingJSON/user212/user212.json,idx_118
waveIn,trainingSamples,raw_data/EMG-EPN612/testingJSON/user212/user212.json,idx_119
waveIn,trainingSamples,raw_data/EMG-EPN612/testingJSON/user212/user212.json,idx_120
waveIn,trainingSamples,raw_data/EMG-EPN612/testingJSON/user212/user212.json,idx_121
waveIn,trainingSamples,raw_data/EMG-EPN612/testingJSON/user212/user212.json,idx_122
waveIn,trainingSamples,raw_data/EMG-EPN612/testingJSON/user212/user212.json,idx_123
waveIn,trainingSamples,raw_data/EMG-EPN612/testingJSON/user212/user212.json,idx_124
waveIn,trainingSamples,raw_data/EMG-EPN612/testingJSON/user212/user212.json,idx_125
fist,trainingSamples,raw_data/EMG-EPN612/testingJSON/user212/user212.json,idx_126
fist,trainingSamples,raw_data/EMG-EPN612/testingJSON/user212/user212.json,idx_127
fist,trainingSamples,raw_data/EMG-EPN612/testingJSON/user212/user212.json,idx_128
fist,trainingSamples,raw_data/EMG-EPN612/testingJSON/user212/user212.json,idx_129
fist,trainingSamples,raw_data/EMG-EPN612/testingJSON/user212/user212.json,idx_130
fist,trainingSamples,raw_data/EMG-EPN612/testingJSON/user212/user212.json,idx_131
fist,trainingSamples,raw_data/EMG-EPN612/testingJSON/user212/user212.json,idx_132
fist,trainingSamples,raw_data/EMG-EPN612/testingJSON/user212/user212.json,idx_133
fist,trainingSamples,raw_data/EMG-EPN612/testingJSON/user212/user212.json,idx_134
fist,trainingSamples,raw_data/EMG-EPN612/testingJSON/user212/user212.json,idx_135
fist,trainingSamples,raw_data/EMG-EPN612/testingJSON/user212/user212.json,idx_136
fist,trainingSamples,raw_data/EMG-EPN612/testingJSON/user212/user212.json,idx_137
fist,trainingSamples,raw_data/EMG-EPN612/testingJSON/user212/user212.json,idx_138
fist,trainingSamples,raw_data/EMG-EPN612/testingJSON/user212/user212.json,idx_139
fist,trainingSamples,raw_data/EMG-EPN612/testingJSON/user212/user212.json,idx_140
fist,trainingSamples,raw_data/EMG-EPN612/testingJSON/user212/user212.json,idx_141
fist,trainingSamples,raw_data/EMG-EPN612/testingJSON/user212/user212.json,idx_142
fist,trainingSamples,raw_data/EMG-EPN612/testingJSON/user212/user212.json,idx_143
fist,trainingSamples,raw_data/EMG-EPN612/testingJSON/user212/user212.json,idx_144
fist,trainingSamples,raw_data/EMG-EPN612/testingJSON/user212/user212.json,idx_145
fist,trainingSamples,raw_data/EMG-EPN612/testingJSON/user212/user212.json,idx_146
fist,trainingSamples,raw_data/EMG-EPN612/testingJSON/user212/user212.json,idx_147
fist,trainingSamples,raw_data/EMG-EPN612/testingJSON/user212/user212.json,idx_148
fist,trainingSamples,raw_data/EMG-EPN612/testingJSON/user212/user212.json,idx_149
fist,trainingSamples,raw_data/EMG-EPN612/testingJSON/user212/user212.json,idx_150
noGesture,trainingSamples,raw_data/EMG-EPN612/testingJSON/user213/user213.json,idx_1
noGesture,trainingSamples,raw_data/EMG-EPN612/testingJSON/user213/user213.json,idx_2
noGesture,trainingSamples,raw_data/EMG-EPN612/testingJSON/user213/user213.json,idx_3
noGesture,trainingSamples,raw_data/EMG-EPN612/testingJSON/user213/user213.json,idx_4
noGesture,trainingSamples,raw_data/EMG-EPN612/testingJSON/user213/user213.json,idx_5
noGesture,trainingSamples,raw_data/EMG-EPN612/testingJSON/user213/user213.json,idx_6
noGesture,trainingSamples,raw_data/EMG-EPN612/testingJSON/user213/user213.json,idx_7
noGesture,trainingSamples,raw_data/EMG-EPN612/testingJSON/user213/user213.json,idx_8
noGesture,trainingSamples,raw_data/EMG-EPN612/testingJSON/user213/user213.json,idx_9
noGesture,trainingSamples,raw_data/EMG-EPN612/testingJSON/user213/user213.json,idx_10
noGesture,trainingSamples,raw_data/EMG-EPN612/testingJSON/user213/user213.json,idx_11
noGesture,trainingSamples,raw_data/EMG-EPN612/testingJSON/user213/user213.json,idx_12
noGesture,trainingSamples,raw_data/EMG-EPN612/testingJSON/user213/user213.json,idx_13
noGesture,trainingSamples,raw_data/EMG-EPN612/testingJSON/user213/user213.json,idx_14
noGesture,trainingSamples,raw_data/EMG-EPN612/testingJSON/user213/user213.json,idx_15
noGesture,trainingSamples,raw_data/EMG-EPN612/testingJSON/user213/user213.json,idx_16
noGesture,trainingSamples,raw_data/EMG-EPN612/testingJSON/user213/user213.json,idx_17
noGesture,trainingSamples,raw_data/EMG-EPN612/testingJSON/user213/user213.json,idx_18
noGesture,trainingSamples,raw_data/EMG-EPN612/testingJSON/user213/user213.json,idx_19
noGesture,trainingSamples,raw_data/EMG-EPN612/testingJSON/user213/user213.json,idx_20
noGesture,trainingSamples,raw_data/EMG-EPN612/testingJSON/user213/user213.json,idx_21
noGesture,trainingSamples,raw_data/EMG-EPN612/testingJSON/user213/user213.json,idx_22
noGesture,trainingSamples,raw_data/EMG-EPN612/testingJSON/user213/user213.json,idx_23
noGesture,trainingSamples,raw_data/EMG-EPN612/testingJSON/user213/user213.json,idx_24
noGesture,trainingSamples,raw_data/EMG-EPN612/testingJSON/user213/user213.json,idx_25
waveOut,trainingSamples,raw_data/EMG-EPN612/testingJSON/user213/user213.json,idx_26
waveOut,trainingSamples,raw_data/EMG-EPN612/testingJSON/user213/user213.json,idx_27
waveOut,trainingSamples,raw_data/EMG-EPN612/testingJSON/user213/user213.json,idx_28
waveOut,trainingSamples,raw_data/EMG-EPN612/testingJSON/user213/user213.json,idx_29
waveOut,trainingSamples,raw_data/EMG-EPN612/testingJSON/user213/user213.json,idx_30
waveOut,trainingSamples,raw_data/EMG-EPN612/testingJSON/user213/user213.json,idx_31
waveOut,trainingSamples,raw_data/EMG-EPN612/testingJSON/user213/user213.json,idx_32
waveOut,trainingSamples,raw_data/EMG-EPN612/testingJSON/user213/user213.json,idx_33
waveOut,trainingSamples,raw_data/EMG-EPN612/testingJSON/user213/user213.json,idx_34
waveOut,trainingSamples,raw_data/EMG-EPN612/testingJSON/user213/user213.json,idx_35
waveOut,trainingSamples,raw_data/EMG-EPN612/testingJSON/user213/user213.json,idx_36
waveOut,trainingSamples,raw_data/EMG-EPN612/testingJSON/user213/user213.json,idx_37
waveOut,trainingSamples,raw_data/EMG-EPN612/testingJSON/user213/user213.json,idx_38
waveOut,trainingSamples,raw_data/EMG-EPN612/testingJSON/user213/user213.json,idx_39
waveOut,trainingSamples,raw_data/EMG-EPN612/testingJSON/user213/user213.json,idx_40
waveOut,trainingSamples,raw_data/EMG-EPN612/testingJSON/user213/user213.json,idx_41
waveOut,trainingSamples,raw_data/EMG-EPN612/testingJSON/user213/user213.json,idx_42
waveOut,trainingSamples,raw_data/EMG-EPN612/testingJSON/user213/user213.json,idx_43
waveOut,trainingSamples,raw_data/EMG-EPN612/testingJSON/user213/user213.json,idx_44
waveOut,trainingSamples,raw_data/EMG-EPN612/testingJSON/user213/user213.json,idx_45
waveOut,trainingSamples,raw_data/EMG-EPN612/testingJSON/user213/user213.json,idx_46
waveOut,trainingSamples,raw_data/EMG-EPN612/testingJSON/user213/user213.json,idx_47
waveOut,trainingSamples,raw_data/EMG-EPN612/testingJSON/user213/user213.json,idx_48
waveOut,trainingSamples,raw_data/EMG-EPN612/testingJSON/user213/user213.json,idx_49
waveOut,trainingSamples,raw_data/EMG-EPN612/testingJSON/user213/user213.json,idx_50
pinch,trainingSamples,raw_data/EMG-EPN612/testingJSON/user213/user213.json,idx_51
pinch,trainingSamples,raw_data/EMG-EPN612/testingJSON/user213/user213.json,idx_52
pinch,trainingSamples,raw_data/EMG-EPN612/testingJSON/user213/user213.json,idx_53
pinch,trainingSamples,raw_data/EMG-EPN612/testingJSON/user213/user213.json,idx_54
pinch,trainingSamples,raw_data/EMG-EPN612/testingJSON/user213/user213.json,idx_55
pinch,trainingSamples,raw_data/EMG-EPN612/testingJSON/user213/user213.json,idx_56
pinch,trainingSamples,raw_data/EMG-EPN612/testingJSON/user213/user213.json,idx_57
pinch,trainingSamples,raw_data/EMG-EPN612/testingJSON/user213/user213.json,idx_58
pinch,trainingSamples,raw_data/EMG-EPN612/testingJSON/user213/user213.json,idx_59
pinch,trainingSamples,raw_data/EMG-EPN612/testingJSON/user213/user213.json,idx_60
pinch,trainingSamples,raw_data/EMG-EPN612/testingJSON/user213/user213.json,idx_61
pinch,trainingSamples,raw_data/EMG-EPN612/testingJSON/user213/user213.json,idx_62
pinch,trainingSamples,raw_data/EMG-EPN612/testingJSON/user213/user213.json,idx_63
pinch,trainingSamples,raw_data/EMG-EPN612/testingJSON/user213/user213.json,idx_64
pinch,trainingSamples,raw_data/EMG-EPN612/testingJSON/user213/user213.json,idx_65
pinch,trainingSamples,raw_data/EMG-EPN612/testingJSON/user213/user213.json,idx_66
pinch,trainingSamples,raw_data/EMG-EPN612/testingJSON/user213/user213.json,idx_67
pinch,trainingSamples,raw_data/EMG-EPN612/testingJSON/user213/user213.json,idx_68
pinch,trainingSamples,raw_data/EMG-EPN612/testingJSON/user213/user213.json,idx_69
pinch,trainingSamples,raw_data/EMG-EPN612/testingJSON/user213/user213.json,idx_70
pinch,trainingSamples,raw_data/EMG-EPN612/testingJSON/user213/user213.json,idx_71
pinch,trainingSamples,raw_data/EMG-EPN612/testingJSON/user213/user213.json,idx_72
pinch,trainingSamples,raw_data/EMG-EPN612/testingJSON/user213/user213.json,idx_73
pinch,trainingSamples,raw_data/EMG-EPN612/testingJSON/user213/user213.json,idx_74
pinch,trainingSamples,raw_data/EMG-EPN612/testingJSON/user213/user213.json,idx_75
fist,trainingSamples,raw_data/EMG-EPN612/testingJSON/user213/user213.json,idx_76
fist,trainingSamples,raw_data/EMG-EPN612/testingJSON/user213/user213.json,idx_77
fist,trainingSamples,raw_data/EMG-EPN612/testingJSON/user213/user213.json,idx_78
fist,trainingSamples,raw_data/EMG-EPN612/testingJSON/user213/user213.json,idx_79
fist,trainingSamples,raw_data/EMG-EPN612/testingJSON/user213/user213.json,idx_80
fist,trainingSamples,raw_data/EMG-EPN612/testingJSON/user213/user213.json,idx_81
fist,trainingSamples,raw_data/EMG-EPN612/testingJSON/user213/user213.json,idx_82
fist,trainingSamples,raw_data/EMG-EPN612/testingJSON/user213/user213.json,idx_83
fist,trainingSamples,raw_data/EMG-EPN612/testingJSON/user213/user213.json,idx_84
fist,trainingSamples,raw_data/EMG-EPN612/testingJSON/user213/user213.json,idx_85
fist,trainingSamples,raw_data/EMG-EPN612/testingJSON/user213/user213.json,idx_86
fist,trainingSamples,raw_data/EMG-EPN612/testingJSON/user213/user213.json,idx_87
fist,trainingSamples,raw_data/EMG-EPN612/testingJSON/user213/user213.json,idx_88
fist,trainingSamples,raw_data/EMG-EPN612/testingJSON/user213/user213.json,idx_89
fist,trainingSamples,raw_data/EMG-EPN612/testingJSON/user213/user213.json,idx_90
fist,trainingSamples,raw_data/EMG-EPN612/testingJSON/user213/user213.json,idx_91
fist,trainingSamples,raw_data/EMG-EPN612/testingJSON/user213/user213.json,idx_92
fist,trainingSamples,raw_data/EMG-EPN612/testingJSON/user213/user213.json,idx_93
fist,trainingSamples,raw_data/EMG-EPN612/testingJSON/user213/user213.json,idx_94
fist,trainingSamples,raw_data/EMG-EPN612/testingJSON/user213/user213.json,idx_95
fist,trainingSamples,raw_data/EMG-EPN612/testingJSON/user213/user213.json,idx_96
fist,trainingSamples,raw_data/EMG-EPN612/testingJSON/user213/user213.json,idx_97
fist,trainingSamples,raw_data/EMG-EPN612/testingJSON/user213/user213.json,idx_98
fist,trainingSamples,raw_data/EMG-EPN612/testingJSON/user213/user213.json,idx_99
fist,trainingSamples,raw_data/EMG-EPN612/testingJSON/user213/user213.json,idx_100
waveIn,trainingSamples,raw_data/EMG-EPN612/testingJSON/user213/user213.json,idx_101
waveIn,trainingSamples,raw_data/EMG-EPN612/testingJSON/user213/user213.json,idx_102
waveIn,trainingSamples,raw_data/EMG-EPN612/testingJSON/user213/user213.json,idx_103
waveIn,trainingSamples,raw_data/EMG-EPN612/testingJSON/user213/user213.json,idx_104
waveIn,trainingSamples,raw_data/EMG-EPN612/testingJSON/user213/user213.json,idx_105
waveIn,trainingSamples,raw_data/EMG-EPN612/testingJSON/user213/user213.json,idx_106
waveIn,trainingSamples,raw_data/EMG-EPN612/testingJSON/user213/user213.json,idx_107
waveIn,trainingSamples,raw_data/EMG-EPN612/testingJSON/user213/user213.json,idx_108
waveIn,trainingSamples,raw_data/EMG-EPN612/testingJSON/user213/user213.json,idx_109
waveIn,trainingSamples,raw_data/EMG-EPN612/testingJSON/user213/user213.json,idx_110
waveIn,trainingSamples,raw_data/EMG-EPN612/testingJSON/user213/user213.json,idx_111
waveIn,trainingSamples,raw_data/EMG-EPN612/testingJSON/user213/user213.json,idx_112
waveIn,trainingSamples,raw_data/EMG-EPN612/testingJSON/user213/user213.json,idx_113
waveIn,trainingSamples,raw_data/EMG-EPN612/testingJSON/user213/user213.json,idx_114
waveIn,trainingSamples,raw_data/EMG-EPN612/testingJSON/user213/user213.json,idx_115
waveIn,trainingSamples,raw_data/EMG-EPN612/testingJSON/user213/user213.json,idx_116
waveIn,trainingSamples,raw_data/EMG-EPN612/testingJSON/user213/user213.json,idx_117
waveIn,trainingSamples,raw_data/EMG-EPN612/testingJSON/user213/user213.json,idx_118
waveIn,trainingSamples,raw_data/EMG-EPN612/testingJSON/user213/user213.json,idx_119
waveIn,trainingSamples,raw_data/EMG-EPN612/testingJSON/user213/user213.json,idx_120
waveIn,trainingSamples,raw_data/EMG-EPN612/testingJSON/user213/user213.json,idx_121
waveIn,trainingSamples,raw_data/EMG-EPN612/testingJSON/user213/user213.json,idx_122
waveIn,trainingSamples,raw_data/EMG-EPN612/testingJSON/user213/user213.json,idx_123
waveIn,trainingSamples,raw_data/EMG-EPN612/testingJSON/user213/user213.json,idx_124
waveIn,trainingSamples,raw_data/EMG-EPN612/testingJSON/user213/user213.json,idx_125
open,trainingSamples,raw_data/EMG-EPN612/testingJSON/user213/user213.json,idx_126
open,trainingSamples,raw_data/EMG-EPN612/testingJSON/user213/user213.json,idx_127
open,trainingSamples,raw_data/EMG-EPN612/testingJSON/user213/user213.json,idx_128
open,trainingSamples,raw_data/EMG-EPN612/testingJSON/user213/user213.json,idx_129
open,trainingSamples,raw_data/EMG-EPN612/testingJSON/user213/user213.json,idx_130
open,trainingSamples,raw_data/EMG-EPN612/testingJSON/user213/user213.json,idx_131
open,trainingSamples,raw_data/EMG-EPN612/testingJSON/user213/user213.json,idx_132
open,trainingSamples,raw_data/EMG-EPN612/testingJSON/user213/user213.json,idx_133
open,trainingSamples,raw_data/EMG-EPN612/testingJSON/user213/user213.json,idx_134
open,trainingSamples,raw_data/EMG-EPN612/testingJSON/user213/user213.json,idx_135
open,trainingSamples,raw_data/EMG-EPN612/testingJSON/user213/user213.json,idx_136
open,trainingSamples,raw_data/EMG-EPN612/testingJSON/user213/user213.json,idx_137
open,trainingSamples,raw_data/EMG-EPN612/testingJSON/user213/user213.json,idx_138
open,trainingSamples,raw_data/EMG-EPN612/testingJSON/user213/user213.json,idx_139
open,trainingSamples,raw_data/EMG-EPN612/testingJSON/user213/user213.json,idx_140
open,trainingSamples,raw_data/EMG-EPN612/testingJSON/user213/user213.json,idx_141
open,trainingSamples,raw_data/EMG-EPN612/testingJSON/user213/user213.json,idx_142
open,trainingSamples,raw_data/EMG-EPN612/testingJSON/user213/user213.json,idx_143
open,trainingSamples,raw_data/EMG-EPN612/testingJSON/user213/user213.json,idx_144
open,trainingSamples,raw_data/EMG-EPN612/testingJSON/user213/user213.json,idx_145
open,trainingSamples,raw_data/EMG-EPN612/testingJSON/user213/user213.json,idx_146
open,trainingSamples,raw_data/EMG-EPN612/testingJSON/user213/user213.json,idx_147
open,trainingSamples,raw_data/EMG-EPN612/testingJSON/user213/user213.json,idx_148
open,trainingSamples,raw_data/EMG-EPN612/testingJSON/user213/user213.json,idx_149
open,trainingSamples,raw_data/EMG-EPN612/testingJSON/user213/user213.json,idx_150
noGesture,trainingSamples,raw_data/EMG-EPN612/testingJSON/user214/user214.json,idx_1
noGesture,trainingSamples,raw_data/EMG-EPN612/testingJSON/user214/user214.json,idx_2
noGesture,trainingSamples,raw_data/EMG-EPN612/testingJSON/user214/user214.json,idx_3
noGesture,trainingSamples,raw_data/EMG-EPN612/testingJSON/user214/user214.json,idx_4
noGesture,trainingSamples,raw_data/EMG-EPN612/testingJSON/user214/user214.json,idx_5
noGesture,trainingSamples,raw_data/EMG-EPN612/testingJSON/user214/user214.json,idx_6
noGesture,trainingSamples,raw_data/EMG-EPN612/testingJSON/user214/user214.json,idx_7
noGesture,trainingSamples,raw_data/EMG-EPN612/testingJSON/user214/user214.json,idx_8
noGesture,trainingSamples,raw_data/EMG-EPN612/testingJSON/user214/user214.json,idx_9
noGesture,trainingSamples,raw_data/EMG-EPN612/testingJSON/user214/user214.json,idx_10
noGesture,trainingSamples,raw_data/EMG-EPN612/testingJSON/user214/user214.json,idx_11
noGesture,trainingSamples,raw_data/EMG-EPN612/testingJSON/user214/user214.json,idx_12
noGesture,trainingSamples,raw_data/EMG-EPN612/testingJSON/user214/user214.json,idx_13
noGesture,trainingSamples,raw_data/EMG-EPN612/testingJSON/user214/user214.json,idx_14
noGesture,trainingSamples,raw_data/EMG-EPN612/testingJSON/user214/user214.json,idx_15
noGesture,trainingSamples,raw_data/EMG-EPN612/testingJSON/user214/user214.json,idx_16
noGesture,trainingSamples,raw_data/EMG-EPN612/testingJSON/user214/user214.json,idx_17
noGesture,trainingSamples,raw_data/EMG-EPN612/testingJSON/user214/user214.json,idx_18
noGesture,trainingSamples,raw_data/EMG-EPN612/testingJSON/user214/user214.json,idx_19
noGesture,trainingSamples,raw_data/EMG-EPN612/testingJSON/user214/user214.json,idx_20
noGesture,trainingSamples,raw_data/EMG-EPN612/testingJSON/user214/user214.json,idx_21
noGesture,trainingSamples,raw_data/EMG-EPN612/testingJSON/user214/user214.json,idx_22
noGesture,trainingSamples,raw_data/EMG-EPN612/testingJSON/user214/user214.json,idx_23
noGesture,trainingSamples,raw_data/EMG-EPN612/testingJSON/user214/user214.json,idx_24
noGesture,trainingSamples,raw_data/EMG-EPN612/testingJSON/user214/user214.json,idx_25
waveOut,trainingSamples,raw_data/EMG-EPN612/testingJSON/user214/user214.json,idx_26
waveOut,trainingSamples,raw_data/EMG-EPN612/testingJSON/user214/user214.json,idx_27
waveOut,trainingSamples,raw_data/EMG-EPN612/testingJSON/user214/user214.json,idx_28
waveOut,trainingSamples,raw_data/EMG-EPN612/testingJSON/user214/user214.json,idx_29
waveOut,trainingSamples,raw_data/EMG-EPN612/testingJSON/user214/user214.json,idx_30
waveOut,trainingSamples,raw_data/EMG-EPN612/testingJSON/user214/user214.json,idx_31
waveOut,trainingSamples,raw_data/EMG-EPN612/testingJSON/user214/user214.json,idx_32
waveOut,trainingSamples,raw_data/EMG-EPN612/testingJSON/user214/user214.json,idx_33
waveOut,trainingSamples,raw_data/EMG-EPN612/testingJSON/user214/user214.json,idx_34
waveOut,trainingSamples,raw_data/EMG-EPN612/testingJSON/user214/user214.json,idx_35
waveOut,trainingSamples,raw_data/EMG-EPN612/testingJSON/user214/user214.json,idx_36
waveOut,trainingSamples,raw_data/EMG-EPN612/testingJSON/user214/user214.json,idx_37
waveOut,trainingSamples,raw_data/EMG-EPN612/testingJSON/user214/user214.json,idx_38
waveOut,trainingSamples,raw_data/EMG-EPN612/testingJSON/user214/user214.json,idx_39
waveOut,trainingSamples,raw_data/EMG-EPN612/testingJSON/user214/user214.json,idx_40
waveOut,trainingSamples,raw_data/EMG-EPN612/testingJSON/user214/user214.json,idx_41
waveOut,trainingSamples,raw_data/EMG-EPN612/testingJSON/user214/user214.json,idx_42
waveOut,trainingSamples,raw_data/EMG-EPN612/testingJSON/user214/user214.json,idx_43
waveOut,trainingSamples,raw_data/EMG-EPN612/testingJSON/user214/user214.json,idx_44
waveOut,trainingSamples,raw_data/EMG-EPN612/testingJSON/user214/user214.json,idx_45
waveOut,trainingSamples,raw_data/EMG-EPN612/testingJSON/user214/user214.json,idx_46
waveOut,trainingSamples,raw_data/EMG-EPN612/testingJSON/user214/user214.json,idx_47
waveOut,trainingSamples,raw_data/EMG-EPN612/testingJSON/user214/user214.json,idx_48
waveOut,trainingSamples,raw_data/EMG-EPN612/testingJSON/user214/user214.json,idx_49
waveOut,trainingSamples,raw_data/EMG-EPN612/testingJSON/user214/user214.json,idx_50
pinch,trainingSamples,raw_data/EMG-EPN612/testingJSON/user214/user214.json,idx_51
pinch,trainingSamples,raw_data/EMG-EPN612/testingJSON/user214/user214.json,idx_52
pinch,trainingSamples,raw_data/EMG-EPN612/testingJSON/user214/user214.json,idx_53
pinch,trainingSamples,raw_data/EMG-EPN612/testingJSON/user214/user214.json,idx_54
pinch,trainingSamples,raw_data/EMG-EPN612/testingJSON/user214/user214.json,idx_55
pinch,trainingSamples,raw_data/EMG-EPN612/testingJSON/user214/user214.json,idx_56
pinch,trainingSamples,raw_data/EMG-EPN612/testingJSON/user214/user214.json,idx_57
pinch,trainingSamples,raw_data/EMG-EPN612/testingJSON/user214/user214.json,idx_58
pinch,trainingSamples,raw_data/EMG-EPN612/testingJSON/user214/user214.json,idx_59
pinch,trainingSamples,raw_data/EMG-EPN612/testingJSON/user214/user214.json,idx_60
pinch,trainingSamples,raw_data/EMG-EPN612/testingJSON/user214/user214.json,idx_61
pinch,trainingSamples,raw_data/EMG-EPN612/testingJSON/user214/user214.json,idx_62
pinch,trainingSamples,raw_data/EMG-EPN612/testingJSON/user214/user214.json,idx_63
pinch,trainingSamples,raw_data/EMG-EPN612/testingJSON/user214/user214.json,idx_64
pinch,trainingSamples,raw_data/EMG-EPN612/testingJSON/user214/user214.json,idx_65
pinch,trainingSamples,raw_data/EMG-EPN612/testingJSON/user214/user214.json,idx_66
pinch,trainingSamples,raw_data/EMG-EPN612/testingJSON/user214/user214.json,idx_67
pinch,trainingSamples,raw_data/EMG-EPN612/testingJSON/user214/user214.json,idx_68
pinch,trainingSamples,raw_data/EMG-EPN612/testingJSON/user214/user214.json,idx_69
pinch,trainingSamples,raw_data/EMG-EPN612/testingJSON/user214/user214.json,idx_70
pinch,trainingSamples,raw_data/EMG-EPN612/testingJSON/user214/user214.json,idx_71
pinch,trainingSamples,raw_data/EMG-EPN612/testingJSON/user214/user214.json,idx_72
pinch,trainingSamples,raw_data/EMG-EPN612/testingJSON/user214/user214.json,idx_73
pinch,trainingSamples,raw_data/EMG-EPN612/testingJSON/user214/user214.json,idx_74
pinch,trainingSamples,raw_data/EMG-EPN612/testingJSON/user214/user214.json,idx_75
fist,trainingSamples,raw_data/EMG-EPN612/testingJSON/user214/user214.json,idx_76
fist,trainingSamples,raw_data/EMG-EPN612/testingJSON/user214/user214.json,idx_77
fist,trainingSamples,raw_data/EMG-EPN612/testingJSON/user214/user214.json,idx_78
fist,trainingSamples,raw_data/EMG-EPN612/testingJSON/user214/user214.json,idx_79
fist,trainingSamples,raw_data/EMG-EPN612/testingJSON/user214/user214.json,idx_80
fist,trainingSamples,raw_data/EMG-EPN612/testingJSON/user214/user214.json,idx_81
fist,trainingSamples,raw_data/EMG-EPN612/testingJSON/user214/user214.json,idx_82
fist,trainingSamples,raw_data/EMG-EPN612/testingJSON/user214/user214.json,idx_83
fist,trainingSamples,raw_data/EMG-EPN612/testingJSON/user214/user214.json,idx_84
fist,trainingSamples,raw_data/EMG-EPN612/testingJSON/user214/user214.json,idx_85
fist,trainingSamples,raw_data/EMG-EPN612/testingJSON/user214/user214.json,idx_86
fist,trainingSamples,raw_data/EMG-EPN612/testingJSON/user214/user214.json,idx_87
fist,trainingSamples,raw_data/EMG-EPN612/testingJSON/user214/user214.json,idx_88
fist,trainingSamples,raw_data/EMG-EPN612/testingJSON/user214/user214.json,idx_89
fist,trainingSamples,raw_data/EMG-EPN612/testingJSON/user214/user214.json,idx_90
fist,trainingSamples,raw_data/EMG-EPN612/testingJSON/user214/user214.json,idx_91
fist,trainingSamples,raw_data/EMG-EPN612/testingJSON/user214/user214.json,idx_92
fist,trainingSamples,raw_data/EMG-EPN612/testingJSON/user214/user214.json,idx_93
fist,trainingSamples,raw_data/EMG-EPN612/testingJSON/user214/user214.json,idx_94
fist,trainingSamples,raw_data/EMG-EPN612/testingJSON/user214/user214.json,idx_95
fist,trainingSamples,raw_data/EMG-EPN612/testingJSON/user214/user214.json,idx_96
fist,trainingSamples,raw_data/EMG-EPN612/testingJSON/user214/user214.json,idx_97
fist,trainingSamples,raw_data/EMG-EPN612/testingJSON/user214/user214.json,idx_98
fist,trainingSamples,raw_data/EMG-EPN612/testingJSON/user214/user214.json,idx_99
fist,trainingSamples,raw_data/EMG-EPN612/testingJSON/user214/user214.json,idx_100
waveIn,trainingSamples,raw_data/EMG-EPN612/testingJSON/user214/user214.json,idx_101
waveIn,trainingSamples,raw_data/EMG-EPN612/testingJSON/user214/user214.json,idx_102
waveIn,trainingSamples,raw_data/EMG-EPN612/testingJSON/user214/user214.json,idx_103
waveIn,trainingSamples,raw_data/EMG-EPN612/testingJSON/user214/user214.json,idx_104
waveIn,trainingSamples,raw_data/EMG-EPN612/testingJSON/user214/user214.json,idx_105
waveIn,trainingSamples,raw_data/EMG-EPN612/testingJSON/user214/user214.json,idx_106
waveIn,trainingSamples,raw_data/EMG-EPN612/testingJSON/user214/user214.json,idx_107
waveIn,trainingSamples,raw_data/EMG-EPN612/testingJSON/user214/user214.json,idx_108
waveIn,trainingSamples,raw_data/EMG-EPN612/testingJSON/user214/user214.json,idx_109
waveIn,trainingSamples,raw_data/EMG-EPN612/testingJSON/user214/user214.json,idx_110
waveIn,trainingSamples,raw_data/EMG-EPN612/testingJSON/user214/user214.json,idx_111
waveIn,trainingSamples,raw_data/EMG-EPN612/testingJSON/user214/user214.json,idx_112
waveIn,trainingSamples,raw_data/EMG-EPN612/testingJSON/user214/user214.json,idx_113
waveIn,trainingSamples,raw_data/EMG-EPN612/testingJSON/user214/user214.json,idx_114
waveIn,trainingSamples,raw_data/EMG-EPN612/testingJSON/user214/user214.json,idx_115
waveIn,trainingSamples,raw_data/EMG-EPN612/testingJSON/user214/user214.json,idx_116
waveIn,trainingSamples,raw_data/EMG-EPN612/testingJSON/user214/user214.json,idx_117
waveIn,trainingSamples,raw_data/EMG-EPN612/testingJSON/user214/user214.json,idx_118
waveIn,trainingSamples,raw_data/EMG-EPN612/testingJSON/user214/user214.json,idx_119
waveIn,trainingSamples,raw_data/EMG-EPN612/testingJSON/user214/user214.json,idx_120
waveIn,trainingSamples,raw_data/EMG-EPN612/testingJSON/user214/user214.json,idx_121
waveIn,trainingSamples,raw_data/EMG-EPN612/testingJSON/user214/user214.json,idx_122
waveIn,trainingSamples,raw_data/EMG-EPN612/testingJSON/user214/user214.json,idx_123
waveIn,trainingSamples,raw_data/EMG-EPN612/testingJSON/user214/user214.json,idx_124
waveIn,trainingSamples,raw_data/EMG-EPN612/testingJSON/user214/user214.json,idx_125
open,trainingSamples,raw_data/EMG-EPN612/testingJSON/user214/user214.json,idx_126
open,trainingSamples,raw_data/EMG-EPN612/testingJSON/user214/user214.json,idx_127
open,trainingSamples,raw_data/EMG-EPN612/testingJSON/user214/user214.json,idx_128
open,trainingSamples,raw_data/EMG-EPN612/testingJSON/user214/user214.json,idx_129
open,trainingSamples,raw_data/EMG-EPN612/testingJSON/user214/user214.json,idx_130
open,trainingSamples,raw_data/EMG-EPN612/testingJSON/user214/user214.json,idx_131
open,trainingSamples,raw_data/EMG-EPN612/testingJSON/user214/user214.json,idx_132
open,trainingSamples,raw_data/EMG-EPN612/testingJSON/user214/user214.json,idx_133
open,trainingSamples,raw_data/EMG-EPN612/testingJSON/user214/user214.json,idx_134
open,trainingSamples,raw_data/EMG-EPN612/testingJSON/user214/user214.json,idx_135
open,trainingSamples,raw_data/EMG-EPN612/testingJSON/user214/user214.json,idx_136
open,trainingSamples,raw_data/EMG-EPN612/testingJSON/user214/user214.json,idx_137
open,trainingSamples,raw_data/EMG-EPN612/testingJSON/user214/user214.json,idx_138
open,trainingSamples,raw_data/EMG-EPN612/testingJSON/user214/user214.json,idx_139
open,trainingSamples,raw_data/EMG-EPN612/testingJSON/user214/user214.json,idx_140
open,trainingSamples,raw_data/EMG-EPN612/testingJSON/user214/user214.json,idx_141
open,trainingSamples,raw_data/EMG-EPN612/testingJSON/user214/user214.json,idx_142
open,trainingSamples,raw_data/EMG-EPN612/testingJSON/user214/user214.json,idx_143
open,trainingSamples,raw_data/EMG-EPN612/testingJSON/user214/user214.json,idx_144
open,trainingSamples,raw_data/EMG-EPN612/testingJSON/user214/user214.json,idx_145
open,trainingSamples,raw_data/EMG-EPN612/testingJSON/user214/user214.json,idx_146
open,trainingSamples,raw_data/EMG-EPN612/testingJSON/user214/user214.json,idx_147
open,trainingSamples,raw_data/EMG-EPN612/testingJSON/user214/user214.json,idx_148
open,trainingSamples,raw_data/EMG-EPN612/testingJSON/user214/user214.json,idx_149
open,trainingSamples,raw_data/EMG-EPN612/testingJSON/user214/user214.json,idx_150
noGesture,trainingSamples,raw_data/EMG-EPN612/testingJSON/user215/user215.json,idx_1
noGesture,trainingSamples,raw_data/EMG-EPN612/testingJSON/user215/user215.json,idx_2
noGesture,trainingSamples,raw_data/EMG-EPN612/testingJSON/user215/user215.json,idx_3
noGesture,trainingSamples,raw_data/EMG-EPN612/testingJSON/user215/user215.json,idx_4
noGesture,trainingSamples,raw_data/EMG-EPN612/testingJSON/user215/user215.json,idx_5
noGesture,trainingSamples,raw_data/EMG-EPN612/testingJSON/user215/user215.json,idx_6
noGesture,trainingSamples,raw_data/EMG-EPN612/testingJSON/user215/user215.json,idx_7
noGesture,trainingSamples,raw_data/EMG-EPN612/testingJSON/user215/user215.json,idx_8
noGesture,trainingSamples,raw_data/EMG-EPN612/testingJSON/user215/user215.json,idx_9
noGesture,trainingSamples,raw_data/EMG-EPN612/testingJSON/user215/user215.json,idx_10
noGesture,trainingSamples,raw_data/EMG-EPN612/testingJSON/user215/user215.json,idx_11
noGesture,trainingSamples,raw_data/EMG-EPN612/testingJSON/user215/user215.json,idx_12
noGesture,trainingSamples,raw_data/EMG-EPN612/testingJSON/user215/user215.json,idx_13
noGesture,trainingSamples,raw_data/EMG-EPN612/testingJSON/user215/user215.json,idx_14
noGesture,trainingSamples,raw_data/EMG-EPN612/testingJSON/user215/user215.json,idx_15
noGesture,trainingSamples,raw_data/EMG-EPN612/testingJSON/user215/user215.json,idx_16
noGesture,trainingSamples,raw_data/EMG-EPN612/testingJSON/user215/user215.json,idx_17
noGesture,trainingSamples,raw_data/EMG-EPN612/testingJSON/user215/user215.json,idx_18
noGesture,trainingSamples,raw_data/EMG-EPN612/testingJSON/user215/user215.json,idx_19
noGesture,trainingSamples,raw_data/EMG-EPN612/testingJSON/user215/user215.json,idx_20
noGesture,trainingSamples,raw_data/EMG-EPN612/testingJSON/user215/user215.json,idx_21
noGesture,trainingSamples,raw_data/EMG-EPN612/testingJSON/user215/user215.json,idx_22
noGesture,trainingSamples,raw_data/EMG-EPN612/testingJSON/user215/user215.json,idx_23
noGesture,trainingSamples,raw_data/EMG-EPN612/testingJSON/user215/user215.json,idx_24
noGesture,trainingSamples,raw_data/EMG-EPN612/testingJSON/user215/user215.json,idx_25
waveOut,trainingSamples,raw_data/EMG-EPN612/testingJSON/user215/user215.json,idx_26
waveOut,trainingSamples,raw_data/EMG-EPN612/testingJSON/user215/user215.json,idx_27
waveOut,trainingSamples,raw_data/EMG-EPN612/testingJSON/user215/user215.json,idx_28
waveOut,trainingSamples,raw_data/EMG-EPN612/testingJSON/user215/user215.json,idx_29
waveOut,trainingSamples,raw_data/EMG-EPN612/testingJSON/user215/user215.json,idx_30
waveOut,trainingSamples,raw_data/EMG-EPN612/testingJSON/user215/user215.json,idx_31
waveOut,trainingSamples,raw_data/EMG-EPN612/testingJSON/user215/user215.json,idx_32
waveOut,trainingSamples,raw_data/EMG-EPN612/testingJSON/user215/user215.json,idx_33
waveOut,trainingSamples,raw_data/EMG-EPN612/testingJSON/user215/user215.json,idx_34
waveOut,trainingSamples,raw_data/EMG-EPN612/testingJSON/user215/user215.json,idx_35
waveOut,trainingSamples,raw_data/EMG-EPN612/testingJSON/user215/user215.json,idx_36
waveOut,trainingSamples,raw_data/EMG-EPN612/testingJSON/user215/user215.json,idx_37
waveOut,trainingSamples,raw_data/EMG-EPN612/testingJSON/user215/user215.json,idx_38
waveOut,trainingSamples,raw_data/EMG-EPN612/testingJSON/user215/user215.json,idx_39
waveOut,trainingSamples,raw_data/EMG-EPN612/testingJSON/user215/user215.json,idx_40
waveOut,trainingSamples,raw_data/EMG-EPN612/testingJSON/user215/user215.json,idx_41
waveOut,trainingSamples,raw_data/EMG-EPN612/testingJSON/user215/user215.json,idx_42
waveOut,trainingSamples,raw_data/EMG-EPN612/testingJSON/user215/user215.json,idx_43
waveOut,trainingSamples,raw_data/EMG-EPN612/testingJSON/user215/user215.json,idx_44
waveOut,trainingSamples,raw_data/EMG-EPN612/testingJSON/user215/user215.json,idx_45
waveOut,trainingSamples,raw_data/EMG-EPN612/testingJSON/user215/user215.json,idx_46
waveOut,trainingSamples,raw_data/EMG-EPN612/testingJSON/user215/user215.json,idx_47
waveOut,trainingSamples,raw_data/EMG-EPN612/testingJSON/user215/user215.json,idx_48
waveOut,trainingSamples,raw_data/EMG-EPN612/testingJSON/user215/user215.json,idx_49
waveOut,trainingSamples,raw_data/EMG-EPN612/testingJSON/user215/user215.json,idx_50
pinch,trainingSamples,raw_data/EMG-EPN612/testingJSON/user215/user215.json,idx_51
pinch,trainingSamples,raw_data/EMG-EPN612/testingJSON/user215/user215.json,idx_52
pinch,trainingSamples,raw_data/EMG-EPN612/testingJSON/user215/user215.json,idx_53
pinch,trainingSamples,raw_data/EMG-EPN612/testingJSON/user215/user215.json,idx_54
pinch,trainingSamples,raw_data/EMG-EPN612/testingJSON/user215/user215.json,idx_55
pinch,trainingSamples,raw_data/EMG-EPN612/testingJSON/user215/user215.json,idx_56
pinch,trainingSamples,raw_data/EMG-EPN612/testingJSON/user215/user215.json,idx_57
pinch,trainingSamples,raw_data/EMG-EPN612/testingJSON/user215/user215.json,idx_58
pinch,trainingSamples,raw_data/EMG-EPN612/testingJSON/user215/user215.json,idx_59
pinch,trainingSamples,raw_data/EMG-EPN612/testingJSON/user215/user215.json,idx_60
pinch,trainingSamples,raw_data/EMG-EPN612/testingJSON/user215/user215.json,idx_61
pinch,trainingSamples,raw_data/EMG-EPN612/testingJSON/user215/user215.json,idx_62
pinch,trainingSamples,raw_data/EMG-EPN612/testingJSON/user215/user215.json,idx_63
pinch,trainingSamples,raw_data/EMG-EPN612/testingJSON/user215/user215.json,idx_64
pinch,trainingSamples,raw_data/EMG-EPN612/testingJSON/user215/user215.json,idx_65
pinch,trainingSamples,raw_data/EMG-EPN612/testingJSON/user215/user215.json,idx_66
pinch,trainingSamples,raw_data/EMG-EPN612/testingJSON/user215/user215.json,idx_67
pinch,trainingSamples,raw_data/EMG-EPN612/testingJSON/user215/user215.json,idx_68
pinch,trainingSamples,raw_data/EMG-EPN612/testingJSON/user215/user215.json,idx_69
pinch,trainingSamples,raw_data/EMG-EPN612/testingJSON/user215/user215.json,idx_70
pinch,trainingSamples,raw_data/EMG-EPN612/testingJSON/user215/user215.json,idx_71
pinch,trainingSamples,raw_data/EMG-EPN612/testingJSON/user215/user215.json,idx_72
pinch,trainingSamples,raw_data/EMG-EPN612/testingJSON/user215/user215.json,idx_73
pinch,trainingSamples,raw_data/EMG-EPN612/testingJSON/user215/user215.json,idx_74
pinch,trainingSamples,raw_data/EMG-EPN612/testingJSON/user215/user215.json,idx_75
fist,trainingSamples,raw_data/EMG-EPN612/testingJSON/user215/user215.json,idx_76
fist,trainingSamples,raw_data/EMG-EPN612/testingJSON/user215/user215.json,idx_77
fist,trainingSamples,raw_data/EMG-EPN612/testingJSON/user215/user215.json,idx_78
fist,trainingSamples,raw_data/EMG-EPN612/testingJSON/user215/user215.json,idx_79
fist,trainingSamples,raw_data/EMG-EPN612/testingJSON/user215/user215.json,idx_80
fist,trainingSamples,raw_data/EMG-EPN612/testingJSON/user215/user215.json,idx_81
fist,trainingSamples,raw_data/EMG-EPN612/testingJSON/user215/user215.json,idx_82
fist,trainingSamples,raw_data/EMG-EPN612/testingJSON/user215/user215.json,idx_83
fist,trainingSamples,raw_data/EMG-EPN612/testingJSON/user215/user215.json,idx_84
fist,trainingSamples,raw_data/EMG-EPN612/testingJSON/user215/user215.json,idx_85
fist,trainingSamples,raw_data/EMG-EPN612/testingJSON/user215/user215.json,idx_86
fist,trainingSamples,raw_data/EMG-EPN612/testingJSON/user215/user215.json,idx_87
fist,trainingSamples,raw_data/EMG-EPN612/testingJSON/user215/user215.json,idx_88
fist,trainingSamples,raw_data/EMG-EPN612/testingJSON/user215/user215.json,idx_89
fist,trainingSamples,raw_data/EMG-EPN612/testingJSON/user215/user215.json,idx_90
fist,trainingSamples,raw_data/EMG-EPN612/testingJSON/user215/user215.json,idx_91
fist,trainingSamples,raw_data/EMG-EPN612/testingJSON/user215/user215.json,idx_92
fist,trainingSamples,raw_data/EMG-EPN612/testingJSON/user215/user215.json,idx_93
fist,trainingSamples,raw_data/EMG-EPN612/testingJSON/user215/user215.json,idx_94
fist,trainingSamples,raw_data/EMG-EPN612/testingJSON/user215/user215.json,idx_95
fist,trainingSamples,raw_data/EMG-EPN612/testingJSON/user215/user215.json,idx_96
fist,trainingSamples,raw_data/EMG-EPN612/testingJSON/user215/user215.json,idx_97
fist,trainingSamples,raw_data/EMG-EPN612/testingJSON/user215/user215.json,idx_98
fist,trainingSamples,raw_data/EMG-EPN612/testingJSON/user215/user215.json,idx_99
fist,trainingSamples,raw_data/EMG-EPN612/testingJSON/user215/user215.json,idx_100
waveIn,trainingSamples,raw_data/EMG-EPN612/testingJSON/user215/user215.json,idx_101
waveIn,trainingSamples,raw_data/EMG-EPN612/testingJSON/user215/user215.json,idx_102
waveIn,trainingSamples,raw_data/EMG-EPN612/testingJSON/user215/user215.json,idx_103
waveIn,trainingSamples,raw_data/EMG-EPN612/testingJSON/user215/user215.json,idx_104
waveIn,trainingSamples,raw_data/EMG-EPN612/testingJSON/user215/user215.json,idx_105
waveIn,trainingSamples,raw_data/EMG-EPN612/testingJSON/user215/user215.json,idx_106
waveIn,trainingSamples,raw_data/EMG-EPN612/testingJSON/user215/user215.json,idx_107
waveIn,trainingSamples,raw_data/EMG-EPN612/testingJSON/user215/user215.json,idx_108
waveIn,trainingSamples,raw_data/EMG-EPN612/testingJSON/user215/user215.json,idx_109
waveIn,trainingSamples,raw_data/EMG-EPN612/testingJSON/user215/user215.json,idx_110
waveIn,trainingSamples,raw_data/EMG-EPN612/testingJSON/user215/user215.json,idx_111
waveIn,trainingSamples,raw_data/EMG-EPN612/testingJSON/user215/user215.json,idx_112
waveIn,trainingSamples,raw_data/EMG-EPN612/testingJSON/user215/user215.json,idx_113
waveIn,trainingSamples,raw_data/EMG-EPN612/testingJSON/user215/user215.json,idx_114
waveIn,trainingSamples,raw_data/EMG-EPN612/testingJSON/user215/user215.json,idx_115
waveIn,trainingSamples,raw_data/EMG-EPN612/testingJSON/user215/user215.json,idx_116
waveIn,trainingSamples,raw_data/EMG-EPN612/testingJSON/user215/user215.json,idx_117
waveIn,trainingSamples,raw_data/EMG-EPN612/testingJSON/user215/user215.json,idx_118
waveIn,trainingSamples,raw_data/EMG-EPN612/testingJSON/user215/user215.json,idx_119
waveIn,trainingSamples,raw_data/EMG-EPN612/testingJSON/user215/user215.json,idx_120
waveIn,trainingSamples,raw_data/EMG-EPN612/testingJSON/user215/user215.json,idx_121
waveIn,trainingSamples,raw_data/EMG-EPN612/testingJSON/user215/user215.json,idx_122
waveIn,trainingSamples,raw_data/EMG-EPN612/testingJSON/user215/user215.json,idx_123
waveIn,trainingSamples,raw_data/EMG-EPN612/testingJSON/user215/user215.json,idx_124
waveIn,trainingSamples,raw_data/EMG-EPN612/testingJSON/user215/user215.json,idx_125
open,trainingSamples,raw_data/EMG-EPN612/testingJSON/user215/user215.json,idx_126
open,trainingSamples,raw_data/EMG-EPN612/testingJSON/user215/user215.json,idx_127
open,trainingSamples,raw_data/EMG-EPN612/testingJSON/user215/user215.json,idx_128
open,trainingSamples,raw_data/EMG-EPN612/testingJSON/user215/user215.json,idx_129
open,trainingSamples,raw_data/EMG-EPN612/testingJSON/user215/user215.json,idx_130
open,trainingSamples,raw_data/EMG-EPN612/testingJSON/user215/user215.json,idx_131
open,trainingSamples,raw_data/EMG-EPN612/testingJSON/user215/user215.json,idx_132
open,trainingSamples,raw_data/EMG-EPN612/testingJSON/user215/user215.json,idx_133
open,trainingSamples,raw_data/EMG-EPN612/testingJSON/user215/user215.json,idx_134
open,trainingSamples,raw_data/EMG-EPN612/testingJSON/user215/user215.json,idx_135
open,trainingSamples,raw_data/EMG-EPN612/testingJSON/user215/user215.json,idx_136
open,trainingSamples,raw_data/EMG-EPN612/testingJSON/user215/user215.json,idx_137
open,trainingSamples,raw_data/EMG-EPN612/testingJSON/user215/user215.json,idx_138
open,trainingSamples,raw_data/EMG-EPN612/testingJSON/user215/user215.json,idx_139
open,trainingSamples,raw_data/EMG-EPN612/testingJSON/user215/user215.json,idx_140
open,trainingSamples,raw_data/EMG-EPN612/testingJSON/user215/user215.json,idx_141
open,trainingSamples,raw_data/EMG-EPN612/testingJSON/user215/user215.json,idx_142
open,trainingSamples,raw_data/EMG-EPN612/testingJSON/user215/user215.json,idx_143
open,trainingSamples,raw_data/EMG-EPN612/testingJSON/user215/user215.json,idx_144
open,trainingSamples,raw_data/EMG-EPN612/testingJSON/user215/user215.json,idx_145
open,trainingSamples,raw_data/EMG-EPN612/testingJSON/user215/user215.json,idx_146
open,trainingSamples,raw_data/EMG-EPN612/testingJSON/user215/user215.json,idx_147
open,trainingSamples,raw_data/EMG-EPN612/testingJSON/user215/user215.json,idx_148
open,trainingSamples,raw_data/EMG-EPN612/testingJSON/user215/user215.json,idx_149
open,trainingSamples,raw_data/EMG-EPN612/testingJSON/user215/user215.json,idx_150
noGesture,trainingSamples,raw_data/EMG-EPN612/testingJSON/user216/user216.json,idx_1
noGesture,trainingSamples,raw_data/EMG-EPN612/testingJSON/user216/user216.json,idx_2
noGesture,trainingSamples,raw_data/EMG-EPN612/testingJSON/user216/user216.json,idx_3
noGesture,trainingSamples,raw_data/EMG-EPN612/testingJSON/user216/user216.json,idx_4
noGesture,trainingSamples,raw_data/EMG-EPN612/testingJSON/user216/user216.json,idx_5
noGesture,trainingSamples,raw_data/EMG-EPN612/testingJSON/user216/user216.json,idx_6
noGesture,trainingSamples,raw_data/EMG-EPN612/testingJSON/user216/user216.json,idx_7
noGesture,trainingSamples,raw_data/EMG-EPN612/testingJSON/user216/user216.json,idx_8
noGesture,trainingSamples,raw_data/EMG-EPN612/testingJSON/user216/user216.json,idx_9
noGesture,trainingSamples,raw_data/EMG-EPN612/testingJSON/user216/user216.json,idx_10
noGesture,trainingSamples,raw_data/EMG-EPN612/testingJSON/user216/user216.json,idx_11
noGesture,trainingSamples,raw_data/EMG-EPN612/testingJSON/user216/user216.json,idx_12
noGesture,trainingSamples,raw_data/EMG-EPN612/testingJSON/user216/user216.json,idx_13
noGesture,trainingSamples,raw_data/EMG-EPN612/testingJSON/user216/user216.json,idx_14
noGesture,trainingSamples,raw_data/EMG-EPN612/testingJSON/user216/user216.json,idx_15
noGesture,trainingSamples,raw_data/EMG-EPN612/testingJSON/user216/user216.json,idx_16
noGesture,trainingSamples,raw_data/EMG-EPN612/testingJSON/user216/user216.json,idx_17
noGesture,trainingSamples,raw_data/EMG-EPN612/testingJSON/user216/user216.json,idx_18
noGesture,trainingSamples,raw_data/EMG-EPN612/testingJSON/user216/user216.json,idx_19
noGesture,trainingSamples,raw_data/EMG-EPN612/testingJSON/user216/user216.json,idx_20
noGesture,trainingSamples,raw_data/EMG-EPN612/testingJSON/user216/user216.json,idx_21
noGesture,trainingSamples,raw_data/EMG-EPN612/testingJSON/user216/user216.json,idx_22
noGesture,trainingSamples,raw_data/EMG-EPN612/testingJSON/user216/user216.json,idx_23
noGesture,trainingSamples,raw_data/EMG-EPN612/testingJSON/user216/user216.json,idx_24
noGesture,trainingSamples,raw_data/EMG-EPN612/testingJSON/user216/user216.json,idx_25
fist,trainingSamples,raw_data/EMG-EPN612/testingJSON/user216/user216.json,idx_26
fist,trainingSamples,raw_data/EMG-EPN612/testingJSON/user216/user216.json,idx_27
fist,trainingSamples,raw_data/EMG-EPN612/testingJSON/user216/user216.json,idx_28
fist,trainingSamples,raw_data/EMG-EPN612/testingJSON/user216/user216.json,idx_29
fist,trainingSamples,raw_data/EMG-EPN612/testingJSON/user216/user216.json,idx_30
fist,trainingSamples,raw_data/EMG-EPN612/testingJSON/user216/user216.json,idx_31
fist,trainingSamples,raw_data/EMG-EPN612/testingJSON/user216/user216.json,idx_32
fist,trainingSamples,raw_data/EMG-EPN612/testingJSON/user216/user216.json,idx_33
fist,trainingSamples,raw_data/EMG-EPN612/testingJSON/user216/user216.json,idx_34
fist,trainingSamples,raw_data/EMG-EPN612/testingJSON/user216/user216.json,idx_35
fist,trainingSamples,raw_data/EMG-EPN612/testingJSON/user216/user216.json,idx_36
fist,trainingSamples,raw_data/EMG-EPN612/testingJSON/user216/user216.json,idx_37
fist,trainingSamples,raw_data/EMG-EPN612/testingJSON/user216/user216.json,idx_38
fist,trainingSamples,raw_data/EMG-EPN612/testingJSON/user216/user216.json,idx_39
fist,trainingSamples,raw_data/EMG-EPN612/testingJSON/user216/user216.json,idx_40
fist,trainingSamples,raw_data/EMG-EPN612/testingJSON/user216/user216.json,idx_41
fist,trainingSamples,raw_data/EMG-EPN612/testingJSON/user216/user216.json,idx_42
fist,trainingSamples,raw_data/EMG-EPN612/testingJSON/user216/user216.json,idx_43
fist,trainingSamples,raw_data/EMG-EPN612/testingJSON/user216/user216.json,idx_44
fist,trainingSamples,raw_data/EMG-EPN612/testingJSON/user216/user216.json,idx_45
fist,trainingSamples,raw_data/EMG-EPN612/testingJSON/user216/user216.json,idx_46
fist,trainingSamples,raw_data/EMG-EPN612/testingJSON/user216/user216.json,idx_47
fist,trainingSamples,raw_data/EMG-EPN612/testingJSON/user216/user216.json,idx_48
fist,trainingSamples,raw_data/EMG-EPN612/testingJSON/user216/user216.json,idx_49
fist,trainingSamples,raw_data/EMG-EPN612/testingJSON/user216/user216.json,idx_50
open,trainingSamples,raw_data/EMG-EPN612/testingJSON/user216/user216.json,idx_51
open,trainingSamples,raw_data/EMG-EPN612/testingJSON/user216/user216.json,idx_52
open,trainingSamples,raw_data/EMG-EPN612/testingJSON/user216/user216.json,idx_53
open,trainingSamples,raw_data/EMG-EPN612/testingJSON/user216/user216.json,idx_54
open,trainingSamples,raw_data/EMG-EPN612/testingJSON/user216/user216.json,idx_55
open,trainingSamples,raw_data/EMG-EPN612/testingJSON/user216/user216.json,idx_56
open,trainingSamples,raw_data/EMG-EPN612/testingJSON/user216/user216.json,idx_57
open,trainingSamples,raw_data/EMG-EPN612/testingJSON/user216/user216.json,idx_58
open,trainingSamples,raw_data/EMG-EPN612/testingJSON/user216/user216.json,idx_59
open,trainingSamples,raw_data/EMG-EPN612/testingJSON/user216/user216.json,idx_60
open,trainingSamples,raw_data/EMG-EPN612/testingJSON/user216/user216.json,idx_61
open,trainingSamples,raw_data/EMG-EPN612/testingJSON/user216/user216.json,idx_62
open,trainingSamples,raw_data/EMG-EPN612/testingJSON/user216/user216.json,idx_63
open,trainingSamples,raw_data/EMG-EPN612/testingJSON/user216/user216.json,idx_64
open,trainingSamples,raw_data/EMG-EPN612/testingJSON/user216/user216.json,idx_65
open,trainingSamples,raw_data/EMG-EPN612/testingJSON/user216/user216.json,idx_66
open,trainingSamples,raw_data/EMG-EPN612/testingJSON/user216/user216.json,idx_67
open,trainingSamples,raw_data/EMG-EPN612/testingJSON/user216/user216.json,idx_68
open,trainingSamples,raw_data/EMG-EPN612/testingJSON/user216/user216.json,idx_69
open,trainingSamples,raw_data/EMG-EPN612/testingJSON/user216/user216.json,idx_70
open,trainingSamples,raw_data/EMG-EPN612/testingJSON/user216/user216.json,idx_71
open,trainingSamples,raw_data/EMG-EPN612/testingJSON/user216/user216.json,idx_72
open,trainingSamples,raw_data/EMG-EPN612/testingJSON/user216/user216.json,idx_73
open,trainingSamples,raw_data/EMG-EPN612/testingJSON/user216/user216.json,idx_74
open,trainingSamples,raw_data/EMG-EPN612/testingJSON/user216/user216.json,idx_75
pinch,trainingSamples,raw_data/EMG-EPN612/testingJSON/user216/user216.json,idx_76
pinch,trainingSamples,raw_data/EMG-EPN612/testingJSON/user216/user216.json,idx_77
pinch,trainingSamples,raw_data/EMG-EPN612/testingJSON/user216/user216.json,idx_78
pinch,trainingSamples,raw_data/EMG-EPN612/testingJSON/user216/user216.json,idx_79
pinch,trainingSamples,raw_data/EMG-EPN612/testingJSON/user216/user216.json,idx_80
pinch,trainingSamples,raw_data/EMG-EPN612/testingJSON/user216/user216.json,idx_81
pinch,trainingSamples,raw_data/EMG-EPN612/testingJSON/user216/user216.json,idx_82
pinch,trainingSamples,raw_data/EMG-EPN612/testingJSON/user216/user216.json,idx_83
pinch,trainingSamples,raw_data/EMG-EPN612/testingJSON/user216/user216.json,idx_84
pinch,trainingSamples,raw_data/EMG-EPN612/testingJSON/user216/user216.json,idx_85
pinch,trainingSamples,raw_data/EMG-EPN612/testingJSON/user216/user216.json,idx_86
pinch,trainingSamples,raw_data/EMG-EPN612/testingJSON/user216/user216.json,idx_87
pinch,trainingSamples,raw_data/EMG-EPN612/testingJSON/user216/user216.json,idx_88
pinch,trainingSamples,raw_data/EMG-EPN612/testingJSON/user216/user216.json,idx_89
pinch,trainingSamples,raw_data/EMG-EPN612/testingJSON/user216/user216.json,idx_90
pinch,trainingSamples,raw_data/EMG-EPN612/testingJSON/user216/user216.json,idx_91
pinch,trainingSamples,raw_data/EMG-EPN612/testingJSON/user216/user216.json,idx_92
pinch,trainingSamples,raw_data/EMG-EPN612/testingJSON/user216/user216.json,idx_93
pinch,trainingSamples,raw_data/EMG-EPN612/testingJSON/user216/user216.json,idx_94
pinch,trainingSamples,raw_data/EMG-EPN612/testingJSON/user216/user216.json,idx_95
pinch,trainingSamples,raw_data/EMG-EPN612/testingJSON/user216/user216.json,idx_96
pinch,trainingSamples,raw_data/EMG-EPN612/testingJSON/user216/user216.json,idx_97
pinch,trainingSamples,raw_data/EMG-EPN612/testingJSON/user216/user216.json,idx_98
pinch,trainingSamples,raw_data/EMG-EPN612/testingJSON/user216/user216.json,idx_99
pinch,trainingSamples,raw_data/EMG-EPN612/testingJSON/user216/user216.json,idx_100
waveOut,trainingSamples,raw_data/EMG-EPN612/testingJSON/user216/user216.json,idx_101
waveOut,trainingSamples,raw_data/EMG-EPN612/testingJSON/user216/user216.json,idx_102
waveOut,trainingSamples,raw_data/EMG-EPN612/testingJSON/user216/user216.json,idx_103
waveOut,trainingSamples,raw_data/EMG-EPN612/testingJSON/user216/user216.json,idx_104
waveOut,trainingSamples,raw_data/EMG-EPN612/testingJSON/user216/user216.json,idx_105
waveOut,trainingSamples,raw_data/EMG-EPN612/testingJSON/user216/user216.json,idx_106
waveOut,trainingSamples,raw_data/EMG-EPN612/testingJSON/user216/user216.json,idx_107
waveOut,trainingSamples,raw_data/EMG-EPN612/testingJSON/user216/user216.json,idx_108
waveOut,trainingSamples,raw_data/EMG-EPN612/testingJSON/user216/user216.json,idx_109
waveOut,trainingSamples,raw_data/EMG-EPN612/testingJSON/user216/user216.json,idx_110
waveOut,trainingSamples,raw_data/EMG-EPN612/testingJSON/user216/user216.json,idx_111
waveOut,trainingSamples,raw_data/EMG-EPN612/testingJSON/user216/user216.json,idx_112
waveOut,trainingSamples,raw_data/EMG-EPN612/testingJSON/user216/user216.json,idx_113
waveOut,trainingSamples,raw_data/EMG-EPN612/testingJSON/user216/user216.json,idx_114
waveOut,trainingSamples,raw_data/EMG-EPN612/testingJSON/user216/user216.json,idx_115
waveOut,trainingSamples,raw_data/EMG-EPN612/testingJSON/user216/user216.json,idx_116
waveOut,trainingSamples,raw_data/EMG-EPN612/testingJSON/user216/user216.json,idx_117
waveOut,trainingSamples,raw_data/EMG-EPN612/testingJSON/user216/user216.json,idx_118
waveOut,trainingSamples,raw_data/EMG-EPN612/testingJSON/user216/user216.json,idx_119
waveOut,trainingSamples,raw_data/EMG-EPN612/testingJSON/user216/user216.json,idx_120
waveOut,trainingSamples,raw_data/EMG-EPN612/testingJSON/user216/user216.json,idx_121
waveOut,trainingSamples,raw_data/EMG-EPN612/testingJSON/user216/user216.json,idx_122
waveOut,trainingSamples,raw_data/EMG-EPN612/testingJSON/user216/user216.json,idx_123
waveOut,trainingSamples,raw_data/EMG-EPN612/testingJSON/user216/user216.json,idx_124
waveOut,trainingSamples,raw_data/EMG-EPN612/testingJSON/user216/user216.json,idx_125
waveIn,trainingSamples,raw_data/EMG-EPN612/testingJSON/user216/user216.json,idx_126
waveIn,trainingSamples,raw_data/EMG-EPN612/testingJSON/user216/user216.json,idx_127
waveIn,trainingSamples,raw_data/EMG-EPN612/testingJSON/user216/user216.json,idx_128
waveIn,trainingSamples,raw_data/EMG-EPN612/testingJSON/user216/user216.json,idx_129
waveIn,trainingSamples,raw_data/EMG-EPN612/testingJSON/user216/user216.json,idx_130
waveIn,trainingSamples,raw_data/EMG-EPN612/testingJSON/user216/user216.json,idx_131
waveIn,trainingSamples,raw_data/EMG-EPN612/testingJSON/user216/user216.json,idx_132
waveIn,trainingSamples,raw_data/EMG-EPN612/testingJSON/user216/user216.json,idx_133
waveIn,trainingSamples,raw_data/EMG-EPN612/testingJSON/user216/user216.json,idx_134
waveIn,trainingSamples,raw_data/EMG-EPN612/testingJSON/user216/user216.json,idx_135
waveIn,trainingSamples,raw_data/EMG-EPN612/testingJSON/user216/user216.json,idx_136
waveIn,trainingSamples,raw_data/EMG-EPN612/testingJSON/user216/user216.json,idx_137
waveIn,trainingSamples,raw_data/EMG-EPN612/testingJSON/user216/user216.json,idx_138
waveIn,trainingSamples,raw_data/EMG-EPN612/testingJSON/user216/user216.json,idx_139
waveIn,trainingSamples,raw_data/EMG-EPN612/testingJSON/user216/user216.json,idx_140
waveIn,trainingSamples,raw_data/EMG-EPN612/testingJSON/user216/user216.json,idx_141
waveIn,trainingSamples,raw_data/EMG-EPN612/testingJSON/user216/user216.json,idx_142
waveIn,trainingSamples,raw_data/EMG-EPN612/testingJSON/user216/user216.json,idx_143
waveIn,trainingSamples,raw_data/EMG-EPN612/testingJSON/user216/user216.json,idx_144
waveIn,trainingSamples,raw_data/EMG-EPN612/testingJSON/user216/user216.json,idx_145
waveIn,trainingSamples,raw_data/EMG-EPN612/testingJSON/user216/user216.json,idx_146
waveIn,trainingSamples,raw_data/EMG-EPN612/testingJSON/user216/user216.json,idx_147
waveIn,trainingSamples,raw_data/EMG-EPN612/testingJSON/user216/user216.json,idx_148
waveIn,trainingSamples,raw_data/EMG-EPN612/testingJSON/user216/user216.json,idx_149
waveIn,trainingSamples,raw_data/EMG-EPN612/testingJSON/user216/user216.json,idx_150
noGesture,trainingSamples,raw_data/EMG-EPN612/testingJSON/user217/user217.json,idx_1
noGesture,trainingSamples,raw_data/EMG-EPN612/testingJSON/user217/user217.json,idx_2
noGesture,trainingSamples,raw_data/EMG-EPN612/testingJSON/user217/user217.json,idx_3
noGesture,trainingSamples,raw_data/EMG-EPN612/testingJSON/user217/user217.json,idx_4
noGesture,trainingSamples,raw_data/EMG-EPN612/testingJSON/user217/user217.json,idx_5
noGesture,trainingSamples,raw_data/EMG-EPN612/testingJSON/user217/user217.json,idx_6
noGesture,trainingSamples,raw_data/EMG-EPN612/testingJSON/user217/user217.json,idx_7
noGesture,trainingSamples,raw_data/EMG-EPN612/testingJSON/user217/user217.json,idx_8
noGesture,trainingSamples,raw_data/EMG-EPN612/testingJSON/user217/user217.json,idx_9
noGesture,trainingSamples,raw_data/EMG-EPN612/testingJSON/user217/user217.json,idx_10
noGesture,trainingSamples,raw_data/EMG-EPN612/testingJSON/user217/user217.json,idx_11
noGesture,trainingSamples,raw_data/EMG-EPN612/testingJSON/user217/user217.json,idx_12
noGesture,trainingSamples,raw_data/EMG-EPN612/testingJSON/user217/user217.json,idx_13
noGesture,trainingSamples,raw_data/EMG-EPN612/testingJSON/user217/user217.json,idx_14
noGesture,trainingSamples,raw_data/EMG-EPN612/testingJSON/user217/user217.json,idx_15
noGesture,trainingSamples,raw_data/EMG-EPN612/testingJSON/user217/user217.json,idx_16
noGesture,trainingSamples,raw_data/EMG-EPN612/testingJSON/user217/user217.json,idx_17
noGesture,trainingSamples,raw_data/EMG-EPN612/testingJSON/user217/user217.json,idx_18
noGesture,trainingSamples,raw_data/EMG-EPN612/testingJSON/user217/user217.json,idx_19
noGesture,trainingSamples,raw_data/EMG-EPN612/testingJSON/user217/user217.json,idx_20
noGesture,trainingSamples,raw_data/EMG-EPN612/testingJSON/user217/user217.json,idx_21
noGesture,trainingSamples,raw_data/EMG-EPN612/testingJSON/user217/user217.json,idx_22
noGesture,trainingSamples,raw_data/EMG-EPN612/testingJSON/user217/user217.json,idx_23
noGesture,trainingSamples,raw_data/EMG-EPN612/testingJSON/user217/user217.json,idx_24
noGesture,trainingSamples,raw_data/EMG-EPN612/testingJSON/user217/user217.json,idx_25
waveOut,trainingSamples,raw_data/EMG-EPN612/testingJSON/user217/user217.json,idx_26
waveOut,trainingSamples,raw_data/EMG-EPN612/testingJSON/user217/user217.json,idx_27
waveOut,trainingSamples,raw_data/EMG-EPN612/testingJSON/user217/user217.json,idx_28
waveOut,trainingSamples,raw_data/EMG-EPN612/testingJSON/user217/user217.json,idx_29
waveOut,trainingSamples,raw_data/EMG-EPN612/testingJSON/user217/user217.json,idx_30
waveOut,trainingSamples,raw_data/EMG-EPN612/testingJSON/user217/user217.json,idx_31
waveOut,trainingSamples,raw_data/EMG-EPN612/testingJSON/user217/user217.json,idx_32
waveOut,trainingSamples,raw_data/EMG-EPN612/testingJSON/user217/user217.json,idx_33
waveOut,trainingSamples,raw_data/EMG-EPN612/testingJSON/user217/user217.json,idx_34
waveOut,trainingSamples,raw_data/EMG-EPN612/testingJSON/user217/user217.json,idx_35
waveOut,trainingSamples,raw_data/EMG-EPN612/testingJSON/user217/user217.json,idx_36
waveOut,trainingSamples,raw_data/EMG-EPN612/testingJSON/user217/user217.json,idx_37
waveOut,trainingSamples,raw_data/EMG-EPN612/testingJSON/user217/user217.json,idx_38
waveOut,trainingSamples,raw_data/EMG-EPN612/testingJSON/user217/user217.json,idx_39
waveOut,trainingSamples,raw_data/EMG-EPN612/testingJSON/user217/user217.json,idx_40
waveOut,trainingSamples,raw_data/EMG-EPN612/testingJSON/user217/user217.json,idx_41
waveOut,trainingSamples,raw_data/EMG-EPN612/testingJSON/user217/user217.json,idx_42
waveOut,trainingSamples,raw_data/EMG-EPN612/testingJSON/user217/user217.json,idx_43
waveOut,trainingSamples,raw_data/EMG-EPN612/testingJSON/user217/user217.json,idx_44
waveOut,trainingSamples,raw_data/EMG-EPN612/testingJSON/user217/user217.json,idx_45
waveOut,trainingSamples,raw_data/EMG-EPN612/testingJSON/user217/user217.json,idx_46
waveOut,trainingSamples,raw_data/EMG-EPN612/testingJSON/user217/user217.json,idx_47
waveOut,trainingSamples,raw_data/EMG-EPN612/testingJSON/user217/user217.json,idx_48
waveOut,trainingSamples,raw_data/EMG-EPN612/testingJSON/user217/user217.json,idx_49
waveOut,trainingSamples,raw_data/EMG-EPN612/testingJSON/user217/user217.json,idx_50
pinch,trainingSamples,raw_data/EMG-EPN612/testingJSON/user217/user217.json,idx_51
pinch,trainingSamples,raw_data/EMG-EPN612/testingJSON/user217/user217.json,idx_52
pinch,trainingSamples,raw_data/EMG-EPN612/testingJSON/user217/user217.json,idx_53
pinch,trainingSamples,raw_data/EMG-EPN612/testingJSON/user217/user217.json,idx_54
pinch,trainingSamples,raw_data/EMG-EPN612/testingJSON/user217/user217.json,idx_55
pinch,trainingSamples,raw_data/EMG-EPN612/testingJSON/user217/user217.json,idx_56
pinch,trainingSamples,raw_data/EMG-EPN612/testingJSON/user217/user217.json,idx_57
pinch,trainingSamples,raw_data/EMG-EPN612/testingJSON/user217/user217.json,idx_58
pinch,trainingSamples,raw_data/EMG-EPN612/testingJSON/user217/user217.json,idx_59
pinch,trainingSamples,raw_data/EMG-EPN612/testingJSON/user217/user217.json,idx_60
pinch,trainingSamples,raw_data/EMG-EPN612/testingJSON/user217/user217.json,idx_61
pinch,trainingSamples,raw_data/EMG-EPN612/testingJSON/user217/user217.json,idx_62
pinch,trainingSamples,raw_data/EMG-EPN612/testingJSON/user217/user217.json,idx_63
pinch,trainingSamples,raw_data/EMG-EPN612/testingJSON/user217/user217.json,idx_64
pinch,trainingSamples,raw_data/EMG-EPN612/testingJSON/user217/user217.json,idx_65
pinch,trainingSamples,raw_data/EMG-EPN612/testingJSON/user217/user217.json,idx_66
pinch,trainingSamples,raw_data/EMG-EPN612/testingJSON/user217/user217.json,idx_67
pinch,trainingSamples,raw_data/EMG-EPN612/testingJSON/user217/user217.json,idx_68
pinch,trainingSamples,raw_data/EMG-EPN612/testingJSON/user217/user217.json,idx_69
pinch,trainingSamples,raw_data/EMG-EPN612/testingJSON/user217/user217.json,idx_70
pinch,trainingSamples,raw_data/EMG-EPN612/testingJSON/user217/user217.json,idx_71
pinch,trainingSamples,raw_data/EMG-EPN612/testingJSON/user217/user217.json,idx_72
pinch,trainingSamples,raw_data/EMG-EPN612/testingJSON/user217/user217.json,idx_73
pinch,trainingSamples,raw_data/EMG-EPN612/testingJSON/user217/user217.json,idx_74
pinch,trainingSamples,raw_data/EMG-EPN612/testingJSON/user217/user217.json,idx_75
fist,trainingSamples,raw_data/EMG-EPN612/testingJSON/user217/user217.json,idx_76
fist,trainingSamples,raw_data/EMG-EPN612/testingJSON/user217/user217.json,idx_77
fist,trainingSamples,raw_data/EMG-EPN612/testingJSON/user217/user217.json,idx_78
fist,trainingSamples,raw_data/EMG-EPN612/testingJSON/user217/user217.json,idx_79
fist,trainingSamples,raw_data/EMG-EPN612/testingJSON/user217/user217.json,idx_80
fist,trainingSamples,raw_data/EMG-EPN612/testingJSON/user217/user217.json,idx_81
fist,trainingSamples,raw_data/EMG-EPN612/testingJSON/user217/user217.json,idx_82
fist,trainingSamples,raw_data/EMG-EPN612/testingJSON/user217/user217.json,idx_83
fist,trainingSamples,raw_data/EMG-EPN612/testingJSON/user217/user217.json,idx_84
fist,trainingSamples,raw_data/EMG-EPN612/testingJSON/user217/user217.json,idx_85
fist,trainingSamples,raw_data/EMG-EPN612/testingJSON/user217/user217.json,idx_86
fist,trainingSamples,raw_data/EMG-EPN612/testingJSON/user217/user217.json,idx_87
fist,trainingSamples,raw_data/EMG-EPN612/testingJSON/user217/user217.json,idx_88
fist,trainingSamples,raw_data/EMG-EPN612/testingJSON/user217/user217.json,idx_89
fist,trainingSamples,raw_data/EMG-EPN612/testingJSON/user217/user217.json,idx_90
fist,trainingSamples,raw_data/EMG-EPN612/testingJSON/user217/user217.json,idx_91
fist,trainingSamples,raw_data/EMG-EPN612/testingJSON/user217/user217.json,idx_92
fist,trainingSamples,raw_data/EMG-EPN612/testingJSON/user217/user217.json,idx_93
fist,trainingSamples,raw_data/EMG-EPN612/testingJSON/user217/user217.json,idx_94
fist,trainingSamples,raw_data/EMG-EPN612/testingJSON/user217/user217.json,idx_95
fist,trainingSamples,raw_data/EMG-EPN612/testingJSON/user217/user217.json,idx_96
fist,trainingSamples,raw_data/EMG-EPN612/testingJSON/user217/user217.json,idx_97
fist,trainingSamples,raw_data/EMG-EPN612/testingJSON/user217/user217.json,idx_98
fist,trainingSamples,raw_data/EMG-EPN612/testingJSON/user217/user217.json,idx_99
fist,trainingSamples,raw_data/EMG-EPN612/testingJSON/user217/user217.json,idx_100
waveIn,trainingSamples,raw_data/EMG-EPN612/testingJSON/user217/user217.json,idx_101
waveIn,trainingSamples,raw_data/EMG-EPN612/testingJSON/user217/user217.json,idx_102
waveIn,trainingSamples,raw_data/EMG-EPN612/testingJSON/user217/user217.json,idx_103
waveIn,trainingSamples,raw_data/EMG-EPN612/testingJSON/user217/user217.json,idx_104
waveIn,trainingSamples,raw_data/EMG-EPN612/testingJSON/user217/user217.json,idx_105
waveIn,trainingSamples,raw_data/EMG-EPN612/testingJSON/user217/user217.json,idx_106
waveIn,trainingSamples,raw_data/EMG-EPN612/testingJSON/user217/user217.json,idx_107
waveIn,trainingSamples,raw_data/EMG-EPN612/testingJSON/user217/user217.json,idx_108
waveIn,trainingSamples,raw_data/EMG-EPN612/testingJSON/user217/user217.json,idx_109
waveIn,trainingSamples,raw_data/EMG-EPN612/testingJSON/user217/user217.json,idx_110
waveIn,trainingSamples,raw_data/EMG-EPN612/testingJSON/user217/user217.json,idx_111
waveIn,trainingSamples,raw_data/EMG-EPN612/testingJSON/user217/user217.json,idx_112
waveIn,trainingSamples,raw_data/EMG-EPN612/testingJSON/user217/user217.json,idx_113
waveIn,trainingSamples,raw_data/EMG-EPN612/testingJSON/user217/user217.json,idx_114
waveIn,trainingSamples,raw_data/EMG-EPN612/testingJSON/user217/user217.json,idx_115
waveIn,trainingSamples,raw_data/EMG-EPN612/testingJSON/user217/user217.json,idx_116
waveIn,trainingSamples,raw_data/EMG-EPN612/testingJSON/user217/user217.json,idx_117
waveIn,trainingSamples,raw_data/EMG-EPN612/testingJSON/user217/user217.json,idx_118
waveIn,trainingSamples,raw_data/EMG-EPN612/testingJSON/user217/user217.json,idx_119
waveIn,trainingSamples,raw_data/EMG-EPN612/testingJSON/user217/user217.json,idx_120
waveIn,trainingSamples,raw_data/EMG-EPN612/testingJSON/user217/user217.json,idx_121
waveIn,trainingSamples,raw_data/EMG-EPN612/testingJSON/user217/user217.json,idx_122
waveIn,trainingSamples,raw_data/EMG-EPN612/testingJSON/user217/user217.json,idx_123
waveIn,trainingSamples,raw_data/EMG-EPN612/testingJSON/user217/user217.json,idx_124
waveIn,trainingSamples,raw_data/EMG-EPN612/testingJSON/user217/user217.json,idx_125
open,trainingSamples,raw_data/EMG-EPN612/testingJSON/user217/user217.json,idx_126
open,trainingSamples,raw_data/EMG-EPN612/testingJSON/user217/user217.json,idx_127
open,trainingSamples,raw_data/EMG-EPN612/testingJSON/user217/user217.json,idx_128
open,trainingSamples,raw_data/EMG-EPN612/testingJSON/user217/user217.json,idx_129
open,trainingSamples,raw_data/EMG-EPN612/testingJSON/user217/user217.json,idx_130
open,trainingSamples,raw_data/EMG-EPN612/testingJSON/user217/user217.json,idx_131
open,trainingSamples,raw_data/EMG-EPN612/testingJSON/user217/user217.json,idx_132
open,trainingSamples,raw_data/EMG-EPN612/testingJSON/user217/user217.json,idx_133
open,trainingSamples,raw_data/EMG-EPN612/testingJSON/user217/user217.json,idx_134
open,trainingSamples,raw_data/EMG-EPN612/testingJSON/user217/user217.json,idx_135
open,trainingSamples,raw_data/EMG-EPN612/testingJSON/user217/user217.json,idx_136
open,trainingSamples,raw_data/EMG-EPN612/testingJSON/user217/user217.json,idx_137
open,trainingSamples,raw_data/EMG-EPN612/testingJSON/user217/user217.json,idx_138
open,trainingSamples,raw_data/EMG-EPN612/testingJSON/user217/user217.json,idx_139
open,trainingSamples,raw_data/EMG-EPN612/testingJSON/user217/user217.json,idx_140
open,trainingSamples,raw_data/EMG-EPN612/testingJSON/user217/user217.json,idx_141
open,trainingSamples,raw_data/EMG-EPN612/testingJSON/user217/user217.json,idx_142
open,trainingSamples,raw_data/EMG-EPN612/testingJSON/user217/user217.json,idx_143
open,trainingSamples,raw_data/EMG-EPN612/testingJSON/user217/user217.json,idx_144
open,trainingSamples,raw_data/EMG-EPN612/testingJSON/user217/user217.json,idx_145
open,trainingSamples,raw_data/EMG-EPN612/testingJSON/user217/user217.json,idx_146
open,trainingSamples,raw_data/EMG-EPN612/testingJSON/user217/user217.json,idx_147
open,trainingSamples,raw_data/EMG-EPN612/testingJSON/user217/user217.json,idx_148
open,trainingSamples,raw_data/EMG-EPN612/testingJSON/user217/user217.json,idx_149
open,trainingSamples,raw_data/EMG-EPN612/testingJSON/user217/user217.json,idx_150
noGesture,trainingSamples,raw_data/EMG-EPN612/testingJSON/user218/user218.json,idx_1
noGesture,trainingSamples,raw_data/EMG-EPN612/testingJSON/user218/user218.json,idx_2
noGesture,trainingSamples,raw_data/EMG-EPN612/testingJSON/user218/user218.json,idx_3
noGesture,trainingSamples,raw_data/EMG-EPN612/testingJSON/user218/user218.json,idx_4
noGesture,trainingSamples,raw_data/EMG-EPN612/testingJSON/user218/user218.json,idx_5
noGesture,trainingSamples,raw_data/EMG-EPN612/testingJSON/user218/user218.json,idx_6
noGesture,trainingSamples,raw_data/EMG-EPN612/testingJSON/user218/user218.json,idx_7
noGesture,trainingSamples,raw_data/EMG-EPN612/testingJSON/user218/user218.json,idx_8
noGesture,trainingSamples,raw_data/EMG-EPN612/testingJSON/user218/user218.json,idx_9
noGesture,trainingSamples,raw_data/EMG-EPN612/testingJSON/user218/user218.json,idx_10
noGesture,trainingSamples,raw_data/EMG-EPN612/testingJSON/user218/user218.json,idx_11
noGesture,trainingSamples,raw_data/EMG-EPN612/testingJSON/user218/user218.json,idx_12
noGesture,trainingSamples,raw_data/EMG-EPN612/testingJSON/user218/user218.json,idx_13
noGesture,trainingSamples,raw_data/EMG-EPN612/testingJSON/user218/user218.json,idx_14
noGesture,trainingSamples,raw_data/EMG-EPN612/testingJSON/user218/user218.json,idx_15
noGesture,trainingSamples,raw_data/EMG-EPN612/testingJSON/user218/user218.json,idx_16
noGesture,trainingSamples,raw_data/EMG-EPN612/testingJSON/user218/user218.json,idx_17
noGesture,trainingSamples,raw_data/EMG-EPN612/testingJSON/user218/user218.json,idx_18
noGesture,trainingSamples,raw_data/EMG-EPN612/testingJSON/user218/user218.json,idx_19
noGesture,trainingSamples,raw_data/EMG-EPN612/testingJSON/user218/user218.json,idx_20
noGesture,trainingSamples,raw_data/EMG-EPN612/testingJSON/user218/user218.json,idx_21
noGesture,trainingSamples,raw_data/EMG-EPN612/testingJSON/user218/user218.json,idx_22
noGesture,trainingSamples,raw_data/EMG-EPN612/testingJSON/user218/user218.json,idx_23
noGesture,trainingSamples,raw_data/EMG-EPN612/testingJSON/user218/user218.json,idx_24
noGesture,trainingSamples,raw_data/EMG-EPN612/testingJSON/user218/user218.json,idx_25
waveOut,trainingSamples,raw_data/EMG-EPN612/testingJSON/user218/user218.json,idx_26
waveOut,trainingSamples,raw_data/EMG-EPN612/testingJSON/user218/user218.json,idx_27
waveOut,trainingSamples,raw_data/EMG-EPN612/testingJSON/user218/user218.json,idx_28
waveOut,trainingSamples,raw_data/EMG-EPN612/testingJSON/user218/user218.json,idx_29
waveOut,trainingSamples,raw_data/EMG-EPN612/testingJSON/user218/user218.json,idx_30
waveOut,trainingSamples,raw_data/EMG-EPN612/testingJSON/user218/user218.json,idx_31
waveOut,trainingSamples,raw_data/EMG-EPN612/testingJSON/user218/user218.json,idx_32
waveOut,trainingSamples,raw_data/EMG-EPN612/testingJSON/user218/user218.json,idx_33
waveOut,trainingSamples,raw_data/EMG-EPN612/testingJSON/user218/user218.json,idx_34
waveOut,trainingSamples,raw_data/EMG-EPN612/testingJSON/user218/user218.json,idx_35
waveOut,trainingSamples,raw_data/EMG-EPN612/testingJSON/user218/user218.json,idx_36
waveOut,trainingSamples,raw_data/EMG-EPN612/testingJSON/user218/user218.json,idx_37
waveOut,trainingSamples,raw_data/EMG-EPN612/testingJSON/user218/user218.json,idx_38
waveOut,trainingSamples,raw_data/EMG-EPN612/testingJSON/user218/user218.json,idx_39
waveOut,trainingSamples,raw_data/EMG-EPN612/testingJSON/user218/user218.json,idx_40
waveOut,trainingSamples,raw_data/EMG-EPN612/testingJSON/user218/user218.json,idx_41
waveOut,trainingSamples,raw_data/EMG-EPN612/testingJSON/user218/user218.json,idx_42
waveOut,trainingSamples,raw_data/EMG-EPN612/testingJSON/user218/user218.json,idx_43
waveOut,trainingSamples,raw_data/EMG-EPN612/testingJSON/user218/user218.json,idx_44
waveOut,trainingSamples,raw_data/EMG-EPN612/testingJSON/user218/user218.json,idx_45
waveOut,trainingSamples,raw_data/EMG-EPN612/testingJSON/user218/user218.json,idx_46
waveOut,trainingSamples,raw_data/EMG-EPN612/testingJSON/user218/user218.json,idx_47
waveOut,trainingSamples,raw_data/EMG-EPN612/testingJSON/user218/user218.json,idx_48
waveOut,trainingSamples,raw_data/EMG-EPN612/testingJSON/user218/user218.json,idx_49
waveOut,trainingSamples,raw_data/EMG-EPN612/testingJSON/user218/user218.json,idx_50
pinch,trainingSamples,raw_data/EMG-EPN612/testingJSON/user218/user218.json,idx_51
pinch,trainingSamples,raw_data/EMG-EPN612/testingJSON/user218/user218.json,idx_52
pinch,trainingSamples,raw_data/EMG-EPN612/testingJSON/user218/user218.json,idx_53
pinch,trainingSamples,raw_data/EMG-EPN612/testingJSON/user218/user218.json,idx_54
pinch,trainingSamples,raw_data/EMG-EPN612/testingJSON/user218/user218.json,idx_55
pinch,trainingSamples,raw_data/EMG-EPN612/testingJSON/user218/user218.json,idx_56
pinch,trainingSamples,raw_data/EMG-EPN612/testingJSON/user218/user218.json,idx_57
pinch,trainingSamples,raw_data/EMG-EPN612/testingJSON/user218/user218.json,idx_58
pinch,trainingSamples,raw_data/EMG-EPN612/testingJSON/user218/user218.json,idx_59
pinch,trainingSamples,raw_data/EMG-EPN612/testingJSON/user218/user218.json,idx_60
pinch,trainingSamples,raw_data/EMG-EPN612/testingJSON/user218/user218.json,idx_61
pinch,trainingSamples,raw_data/EMG-EPN612/testingJSON/user218/user218.json,idx_62
pinch,trainingSamples,raw_data/EMG-EPN612/testingJSON/user218/user218.json,idx_63
pinch,trainingSamples,raw_data/EMG-EPN612/testingJSON/user218/user218.json,idx_64
pinch,trainingSamples,raw_data/EMG-EPN612/testingJSON/user218/user218.json,idx_65
pinch,trainingSamples,raw_data/EMG-EPN612/testingJSON/user218/user218.json,idx_66
pinch,trainingSamples,raw_data/EMG-EPN612/testingJSON/user218/user218.json,idx_67
pinch,trainingSamples,raw_data/EMG-EPN612/testingJSON/user218/user218.json,idx_68
pinch,trainingSamples,raw_data/EMG-EPN612/testingJSON/user218/user218.json,idx_69
pinch,trainingSamples,raw_data/EMG-EPN612/testingJSON/user218/user218.json,idx_70
pinch,trainingSamples,raw_data/EMG-EPN612/testingJSON/user218/user218.json,idx_71
pinch,trainingSamples,raw_data/EMG-EPN612/testingJSON/user218/user218.json,idx_72
pinch,trainingSamples,raw_data/EMG-EPN612/testingJSON/user218/user218.json,idx_73
pinch,trainingSamples,raw_data/EMG-EPN612/testingJSON/user218/user218.json,idx_74
pinch,trainingSamples,raw_data/EMG-EPN612/testingJSON/user218/user218.json,idx_75
fist,trainingSamples,raw_data/EMG-EPN612/testingJSON/user218/user218.json,idx_76
fist,trainingSamples,raw_data/EMG-EPN612/testingJSON/user218/user218.json,idx_77
fist,trainingSamples,raw_data/EMG-EPN612/testingJSON/user218/user218.json,idx_78
fist,trainingSamples,raw_data/EMG-EPN612/testingJSON/user218/user218.json,idx_79
fist,trainingSamples,raw_data/EMG-EPN612/testingJSON/user218/user218.json,idx_80
fist,trainingSamples,raw_data/EMG-EPN612/testingJSON/user218/user218.json,idx_81
fist,trainingSamples,raw_data/EMG-EPN612/testingJSON/user218/user218.json,idx_82
fist,trainingSamples,raw_data/EMG-EPN612/testingJSON/user218/user218.json,idx_83
fist,trainingSamples,raw_data/EMG-EPN612/testingJSON/user218/user218.json,idx_84
fist,trainingSamples,raw_data/EMG-EPN612/testingJSON/user218/user218.json,idx_85
fist,trainingSamples,raw_data/EMG-EPN612/testingJSON/user218/user218.json,idx_86
fist,trainingSamples,raw_data/EMG-EPN612/testingJSON/user218/user218.json,idx_87
fist,trainingSamples,raw_data/EMG-EPN612/testingJSON/user218/user218.json,idx_88
fist,trainingSamples,raw_data/EMG-EPN612/testingJSON/user218/user218.json,idx_89
fist,trainingSamples,raw_data/EMG-EPN612/testingJSON/user218/user218.json,idx_90
fist,trainingSamples,raw_data/EMG-EPN612/testingJSON/user218/user218.json,idx_91
fist,trainingSamples,raw_data/EMG-EPN612/testingJSON/user218/user218.json,idx_92
fist,trainingSamples,raw_data/EMG-EPN612/testingJSON/user218/user218.json,idx_93
fist,trainingSamples,raw_data/EMG-EPN612/testingJSON/user218/user218.json,idx_94
fist,trainingSamples,raw_data/EMG-EPN612/testingJSON/user218/user218.json,idx_95
fist,trainingSamples,raw_data/EMG-EPN612/testingJSON/user218/user218.json,idx_96
fist,trainingSamples,raw_data/EMG-EPN612/testingJSON/user218/user218.json,idx_97
fist,trainingSamples,raw_data/EMG-EPN612/testingJSON/user218/user218.json,idx_98
fist,trainingSamples,raw_data/EMG-EPN612/testingJSON/user218/user218.json,idx_99
fist,trainingSamples,raw_data/EMG-EPN612/testingJSON/user218/user218.json,idx_100
waveIn,trainingSamples,raw_data/EMG-EPN612/testingJSON/user218/user218.json,idx_101
waveIn,trainingSamples,raw_data/EMG-EPN612/testingJSON/user218/user218.json,idx_102
waveIn,trainingSamples,raw_data/EMG-EPN612/testingJSON/user218/user218.json,idx_103
waveIn,trainingSamples,raw_data/EMG-EPN612/testingJSON/user218/user218.json,idx_104
waveIn,trainingSamples,raw_data/EMG-EPN612/testingJSON/user218/user218.json,idx_105
waveIn,trainingSamples,raw_data/EMG-EPN612/testingJSON/user218/user218.json,idx_106
waveIn,trainingSamples,raw_data/EMG-EPN612/testingJSON/user218/user218.json,idx_107
waveIn,trainingSamples,raw_data/EMG-EPN612/testingJSON/user218/user218.json,idx_108
waveIn,trainingSamples,raw_data/EMG-EPN612/testingJSON/user218/user218.json,idx_109
waveIn,trainingSamples,raw_data/EMG-EPN612/testingJSON/user218/user218.json,idx_110
waveIn,trainingSamples,raw_data/EMG-EPN612/testingJSON/user218/user218.json,idx_111
waveIn,trainingSamples,raw_data/EMG-EPN612/testingJSON/user218/user218.json,idx_112
waveIn,trainingSamples,raw_data/EMG-EPN612/testingJSON/user218/user218.json,idx_113
waveIn,trainingSamples,raw_data/EMG-EPN612/testingJSON/user218/user218.json,idx_114
waveIn,trainingSamples,raw_data/EMG-EPN612/testingJSON/user218/user218.json,idx_115
waveIn,trainingSamples,raw_data/EMG-EPN612/testingJSON/user218/user218.json,idx_116
waveIn,trainingSamples,raw_data/EMG-EPN612/testingJSON/user218/user218.json,idx_117
waveIn,trainingSamples,raw_data/EMG-EPN612/testingJSON/user218/user218.json,idx_118
waveIn,trainingSamples,raw_data/EMG-EPN612/testingJSON/user218/user218.json,idx_119
waveIn,trainingSamples,raw_data/EMG-EPN612/testingJSON/user218/user218.json,idx_120
waveIn,trainingSamples,raw_data/EMG-EPN612/testingJSON/user218/user218.json,idx_121
waveIn,trainingSamples,raw_data/EMG-EPN612/testingJSON/user218/user218.json,idx_122
waveIn,trainingSamples,raw_data/EMG-EPN612/testingJSON/user218/user218.json,idx_123
waveIn,trainingSamples,raw_data/EMG-EPN612/testingJSON/user218/user218.json,idx_124
waveIn,trainingSamples,raw_data/EMG-EPN612/testingJSON/user218/user218.json,idx_125
open,trainingSamples,raw_data/EMG-EPN612/testingJSON/user218/user218.json,idx_126
open,trainingSamples,raw_data/EMG-EPN612/testingJSON/user218/user218.json,idx_127
open,trainingSamples,raw_data/EMG-EPN612/testingJSON/user218/user218.json,idx_128
open,trainingSamples,raw_data/EMG-EPN612/testingJSON/user218/user218.json,idx_129
open,trainingSamples,raw_data/EMG-EPN612/testingJSON/user218/user218.json,idx_130
open,trainingSamples,raw_data/EMG-EPN612/testingJSON/user218/user218.json,idx_131
open,trainingSamples,raw_data/EMG-EPN612/testingJSON/user218/user218.json,idx_132
open,trainingSamples,raw_data/EMG-EPN612/testingJSON/user218/user218.json,idx_133
open,trainingSamples,raw_data/EMG-EPN612/testingJSON/user218/user218.json,idx_134
open,trainingSamples,raw_data/EMG-EPN612/testingJSON/user218/user218.json,idx_135
open,trainingSamples,raw_data/EMG-EPN612/testingJSON/user218/user218.json,idx_136
open,trainingSamples,raw_data/EMG-EPN612/testingJSON/user218/user218.json,idx_137
open,trainingSamples,raw_data/EMG-EPN612/testingJSON/user218/user218.json,idx_138
open,trainingSamples,raw_data/EMG-EPN612/testingJSON/user218/user218.json,idx_139
open,trainingSamples,raw_data/EMG-EPN612/testingJSON/user218/user218.json,idx_140
open,trainingSamples,raw_data/EMG-EPN612/testingJSON/user218/user218.json,idx_141
open,trainingSamples,raw_data/EMG-EPN612/testingJSON/user218/user218.json,idx_142
open,trainingSamples,raw_data/EMG-EPN612/testingJSON/user218/user218.json,idx_143
open,trainingSamples,raw_data/EMG-EPN612/testingJSON/user218/user218.json,idx_144
open,trainingSamples,raw_data/EMG-EPN612/testingJSON/user218/user218.json,idx_145
open,trainingSamples,raw_data/EMG-EPN612/testingJSON/user218/user218.json,idx_146
open,trainingSamples,raw_data/EMG-EPN612/testingJSON/user218/user218.json,idx_147
open,trainingSamples,raw_data/EMG-EPN612/testingJSON/user218/user218.json,idx_148
open,trainingSamples,raw_data/EMG-EPN612/testingJSON/user218/user218.json,idx_149
open,trainingSamples,raw_data/EMG-EPN612/testingJSON/user218/user218.json,idx_150
noGesture,trainingSamples,raw_data/EMG-EPN612/testingJSON/user219/user219.json,idx_1
noGesture,trainingSamples,raw_data/EMG-EPN612/testingJSON/user219/user219.json,idx_2
noGesture,trainingSamples,raw_data/EMG-EPN612/testingJSON/user219/user219.json,idx_3
noGesture,trainingSamples,raw_data/EMG-EPN612/testingJSON/user219/user219.json,idx_4
noGesture,trainingSamples,raw_data/EMG-EPN612/testingJSON/user219/user219.json,idx_5
noGesture,trainingSamples,raw_data/EMG-EPN612/testingJSON/user219/user219.json,idx_6
noGesture,trainingSamples,raw_data/EMG-EPN612/testingJSON/user219/user219.json,idx_7
noGesture,trainingSamples,raw_data/EMG-EPN612/testingJSON/user219/user219.json,idx_8
noGesture,trainingSamples,raw_data/EMG-EPN612/testingJSON/user219/user219.json,idx_9
noGesture,trainingSamples,raw_data/EMG-EPN612/testingJSON/user219/user219.json,idx_10
noGesture,trainingSamples,raw_data/EMG-EPN612/testingJSON/user219/user219.json,idx_11
noGesture,trainingSamples,raw_data/EMG-EPN612/testingJSON/user219/user219.json,idx_12
noGesture,trainingSamples,raw_data/EMG-EPN612/testingJSON/user219/user219.json,idx_13
noGesture,trainingSamples,raw_data/EMG-EPN612/testingJSON/user219/user219.json,idx_14
noGesture,trainingSamples,raw_data/EMG-EPN612/testingJSON/user219/user219.json,idx_15
noGesture,trainingSamples,raw_data/EMG-EPN612/testingJSON/user219/user219.json,idx_16
noGesture,trainingSamples,raw_data/EMG-EPN612/testingJSON/user219/user219.json,idx_17
noGesture,trainingSamples,raw_data/EMG-EPN612/testingJSON/user219/user219.json,idx_18
noGesture,trainingSamples,raw_data/EMG-EPN612/testingJSON/user219/user219.json,idx_19
noGesture,trainingSamples,raw_data/EMG-EPN612/testingJSON/user219/user219.json,idx_20
noGesture,trainingSamples,raw_data/EMG-EPN612/testingJSON/user219/user219.json,idx_21
noGesture,trainingSamples,raw_data/EMG-EPN612/testingJSON/user219/user219.json,idx_22
noGesture,trainingSamples,raw_data/EMG-EPN612/testingJSON/user219/user219.json,idx_23
noGesture,trainingSamples,raw_data/EMG-EPN612/testingJSON/user219/user219.json,idx_24
noGesture,trainingSamples,raw_data/EMG-EPN612/testingJSON/user219/user219.json,idx_25
waveOut,trainingSamples,raw_data/EMG-EPN612/testingJSON/user219/user219.json,idx_26
waveOut,trainingSamples,raw_data/EMG-EPN612/testingJSON/user219/user219.json,idx_27
waveOut,trainingSamples,raw_data/EMG-EPN612/testingJSON/user219/user219.json,idx_28
waveOut,trainingSamples,raw_data/EMG-EPN612/testingJSON/user219/user219.json,idx_29
waveOut,trainingSamples,raw_data/EMG-EPN612/testingJSON/user219/user219.json,idx_30
waveOut,trainingSamples,raw_data/EMG-EPN612/testingJSON/user219/user219.json,idx_31
waveOut,trainingSamples,raw_data/EMG-EPN612/testingJSON/user219/user219.json,idx_32
waveOut,trainingSamples,raw_data/EMG-EPN612/testingJSON/user219/user219.json,idx_33
waveOut,trainingSamples,raw_data/EMG-EPN612/testingJSON/user219/user219.json,idx_34
waveOut,trainingSamples,raw_data/EMG-EPN612/testingJSON/user219/user219.json,idx_35
waveOut,trainingSamples,raw_data/EMG-EPN612/testingJSON/user219/user219.json,idx_36
waveOut,trainingSamples,raw_data/EMG-EPN612/testingJSON/user219/user219.json,idx_37
waveOut,trainingSamples,raw_data/EMG-EPN612/testingJSON/user219/user219.json,idx_38
waveOut,trainingSamples,raw_data/EMG-EPN612/testingJSON/user219/user219.json,idx_39
waveOut,trainingSamples,raw_data/EMG-EPN612/testingJSON/user219/user219.json,idx_40
waveOut,trainingSamples,raw_data/EMG-EPN612/testingJSON/user219/user219.json,idx_41
waveOut,trainingSamples,raw_data/EMG-EPN612/testingJSON/user219/user219.json,idx_42
waveOut,trainingSamples,raw_data/EMG-EPN612/testingJSON/user219/user219.json,idx_43
waveOut,trainingSamples,raw_data/EMG-EPN612/testingJSON/user219/user219.json,idx_44
waveOut,trainingSamples,raw_data/EMG-EPN612/testingJSON/user219/user219.json,idx_45
waveOut,trainingSamples,raw_data/EMG-EPN612/testingJSON/user219/user219.json,idx_46
waveOut,trainingSamples,raw_data/EMG-EPN612/testingJSON/user219/user219.json,idx_47
waveOut,trainingSamples,raw_data/EMG-EPN612/testingJSON/user219/user219.json,idx_48
waveOut,trainingSamples,raw_data/EMG-EPN612/testingJSON/user219/user219.json,idx_49
waveOut,trainingSamples,raw_data/EMG-EPN612/testingJSON/user219/user219.json,idx_50
pinch,trainingSamples,raw_data/EMG-EPN612/testingJSON/user219/user219.json,idx_51
pinch,trainingSamples,raw_data/EMG-EPN612/testingJSON/user219/user219.json,idx_52
pinch,trainingSamples,raw_data/EMG-EPN612/testingJSON/user219/user219.json,idx_53
pinch,trainingSamples,raw_data/EMG-EPN612/testingJSON/user219/user219.json,idx_54
pinch,trainingSamples,raw_data/EMG-EPN612/testingJSON/user219/user219.json,idx_55
pinch,trainingSamples,raw_data/EMG-EPN612/testingJSON/user219/user219.json,idx_56
pinch,trainingSamples,raw_data/EMG-EPN612/testingJSON/user219/user219.json,idx_57
pinch,trainingSamples,raw_data/EMG-EPN612/testingJSON/user219/user219.json,idx_58
pinch,trainingSamples,raw_data/EMG-EPN612/testingJSON/user219/user219.json,idx_59
pinch,trainingSamples,raw_data/EMG-EPN612/testingJSON/user219/user219.json,idx_60
pinch,trainingSamples,raw_data/EMG-EPN612/testingJSON/user219/user219.json,idx_61
pinch,trainingSamples,raw_data/EMG-EPN612/testingJSON/user219/user219.json,idx_62
pinch,trainingSamples,raw_data/EMG-EPN612/testingJSON/user219/user219.json,idx_63
pinch,trainingSamples,raw_data/EMG-EPN612/testingJSON/user219/user219.json,idx_64
pinch,trainingSamples,raw_data/EMG-EPN612/testingJSON/user219/user219.json,idx_65
pinch,trainingSamples,raw_data/EMG-EPN612/testingJSON/user219/user219.json,idx_66
pinch,trainingSamples,raw_data/EMG-EPN612/testingJSON/user219/user219.json,idx_67
pinch,trainingSamples,raw_data/EMG-EPN612/testingJSON/user219/user219.json,idx_68
pinch,trainingSamples,raw_data/EMG-EPN612/testingJSON/user219/user219.json,idx_69
pinch,trainingSamples,raw_data/EMG-EPN612/testingJSON/user219/user219.json,idx_70
pinch,trainingSamples,raw_data/EMG-EPN612/testingJSON/user219/user219.json,idx_71
pinch,trainingSamples,raw_data/EMG-EPN612/testingJSON/user219/user219.json,idx_72
pinch,trainingSamples,raw_data/EMG-EPN612/testingJSON/user219/user219.json,idx_73
pinch,trainingSamples,raw_data/EMG-EPN612/testingJSON/user219/user219.json,idx_74
pinch,trainingSamples,raw_data/EMG-EPN612/testingJSON/user219/user219.json,idx_75
fist,trainingSamples,raw_data/EMG-EPN612/testingJSON/user219/user219.json,idx_76
fist,trainingSamples,raw_data/EMG-EPN612/testingJSON/user219/user219.json,idx_77
fist,trainingSamples,raw_data/EMG-EPN612/testingJSON/user219/user219.json,idx_78
fist,trainingSamples,raw_data/EMG-EPN612/testingJSON/user219/user219.json,idx_79
fist,trainingSamples,raw_data/EMG-EPN612/testingJSON/user219/user219.json,idx_80
fist,trainingSamples,raw_data/EMG-EPN612/testingJSON/user219/user219.json,idx_81
fist,trainingSamples,raw_data/EMG-EPN612/testingJSON/user219/user219.json,idx_82
fist,trainingSamples,raw_data/EMG-EPN612/testingJSON/user219/user219.json,idx_83
fist,trainingSamples,raw_data/EMG-EPN612/testingJSON/user219/user219.json,idx_84
fist,trainingSamples,raw_data/EMG-EPN612/testingJSON/user219/user219.json,idx_85
fist,trainingSamples,raw_data/EMG-EPN612/testingJSON/user219/user219.json,idx_86
fist,trainingSamples,raw_data/EMG-EPN612/testingJSON/user219/user219.json,idx_87
fist,trainingSamples,raw_data/EMG-EPN612/testingJSON/user219/user219.json,idx_88
fist,trainingSamples,raw_data/EMG-EPN612/testingJSON/user219/user219.json,idx_89
fist,trainingSamples,raw_data/EMG-EPN612/testingJSON/user219/user219.json,idx_90
fist,trainingSamples,raw_data/EMG-EPN612/testingJSON/user219/user219.json,idx_91
fist,trainingSamples,raw_data/EMG-EPN612/testingJSON/user219/user219.json,idx_92
fist,trainingSamples,raw_data/EMG-EPN612/testingJSON/user219/user219.json,idx_93
fist,trainingSamples,raw_data/EMG-EPN612/testingJSON/user219/user219.json,idx_94
fist,trainingSamples,raw_data/EMG-EPN612/testingJSON/user219/user219.json,idx_95
fist,trainingSamples,raw_data/EMG-EPN612/testingJSON/user219/user219.json,idx_96
fist,trainingSamples,raw_data/EMG-EPN612/testingJSON/user219/user219.json,idx_97
fist,trainingSamples,raw_data/EMG-EPN612/testingJSON/user219/user219.json,idx_98
fist,trainingSamples,raw_data/EMG-EPN612/testingJSON/user219/user219.json,idx_99
fist,trainingSamples,raw_data/EMG-EPN612/testingJSON/user219/user219.json,idx_100
waveIn,trainingSamples,raw_data/EMG-EPN612/testingJSON/user219/user219.json,idx_101
waveIn,trainingSamples,raw_data/EMG-EPN612/testingJSON/user219/user219.json,idx_102
waveIn,trainingSamples,raw_data/EMG-EPN612/testingJSON/user219/user219.json,idx_103
waveIn,trainingSamples,raw_data/EMG-EPN612/testingJSON/user219/user219.json,idx_104
waveIn,trainingSamples,raw_data/EMG-EPN612/testingJSON/user219/user219.json,idx_105
waveIn,trainingSamples,raw_data/EMG-EPN612/testingJSON/user219/user219.json,idx_106
waveIn,trainingSamples,raw_data/EMG-EPN612/testingJSON/user219/user219.json,idx_107
waveIn,trainingSamples,raw_data/EMG-EPN612/testingJSON/user219/user219.json,idx_108
waveIn,trainingSamples,raw_data/EMG-EPN612/testingJSON/user219/user219.json,idx_109
waveIn,trainingSamples,raw_data/EMG-EPN612/testingJSON/user219/user219.json,idx_110
waveIn,trainingSamples,raw_data/EMG-EPN612/testingJSON/user219/user219.json,idx_111
waveIn,trainingSamples,raw_data/EMG-EPN612/testingJSON/user219/user219.json,idx_112
waveIn,trainingSamples,raw_data/EMG-EPN612/testingJSON/user219/user219.json,idx_113
waveIn,trainingSamples,raw_data/EMG-EPN612/testingJSON/user219/user219.json,idx_114
waveIn,trainingSamples,raw_data/EMG-EPN612/testingJSON/user219/user219.json,idx_115
waveIn,trainingSamples,raw_data/EMG-EPN612/testingJSON/user219/user219.json,idx_116
waveIn,trainingSamples,raw_data/EMG-EPN612/testingJSON/user219/user219.json,idx_117
waveIn,trainingSamples,raw_data/EMG-EPN612/testingJSON/user219/user219.json,idx_118
waveIn,trainingSamples,raw_data/EMG-EPN612/testingJSON/user219/user219.json,idx_119
waveIn,trainingSamples,raw_data/EMG-EPN612/testingJSON/user219/user219.json,idx_120
waveIn,trainingSamples,raw_data/EMG-EPN612/testingJSON/user219/user219.json,idx_121
waveIn,trainingSamples,raw_data/EMG-EPN612/testingJSON/user219/user219.json,idx_122
waveIn,trainingSamples,raw_data/EMG-EPN612/testingJSON/user219/user219.json,idx_123
waveIn,trainingSamples,raw_data/EMG-EPN612/testingJSON/user219/user219.json,idx_124
waveIn,trainingSamples,raw_data/EMG-EPN612/testingJSON/user219/user219.json,idx_125
open,trainingSamples,raw_data/EMG-EPN612/testingJSON/user219/user219.json,idx_126
open,trainingSamples,raw_data/EMG-EPN612/testingJSON/user219/user219.json,idx_127
open,trainingSamples,raw_data/EMG-EPN612/testingJSON/user219/user219.json,idx_128
open,trainingSamples,raw_data/EMG-EPN612/testingJSON/user219/user219.json,idx_129
open,trainingSamples,raw_data/EMG-EPN612/testingJSON/user219/user219.json,idx_130
open,trainingSamples,raw_data/EMG-EPN612/testingJSON/user219/user219.json,idx_131
open,trainingSamples,raw_data/EMG-EPN612/testingJSON/user219/user219.json,idx_132
open,trainingSamples,raw_data/EMG-EPN612/testingJSON/user219/user219.json,idx_133
open,trainingSamples,raw_data/EMG-EPN612/testingJSON/user219/user219.json,idx_134
open,trainingSamples,raw_data/EMG-EPN612/testingJSON/user219/user219.json,idx_135
open,trainingSamples,raw_data/EMG-EPN612/testingJSON/user219/user219.json,idx_136
open,trainingSamples,raw_data/EMG-EPN612/testingJSON/user219/user219.json,idx_137
open,trainingSamples,raw_data/EMG-EPN612/testingJSON/user219/user219.json,idx_138
open,trainingSamples,raw_data/EMG-EPN612/testingJSON/user219/user219.json,idx_139
open,trainingSamples,raw_data/EMG-EPN612/testingJSON/user219/user219.json,idx_140
open,trainingSamples,raw_data/EMG-EPN612/testingJSON/user219/user219.json,idx_141
open,trainingSamples,raw_data/EMG-EPN612/testingJSON/user219/user219.json,idx_142
open,trainingSamples,raw_data/EMG-EPN612/testingJSON/user219/user219.json,idx_143
open,trainingSamples,raw_data/EMG-EPN612/testingJSON/user219/user219.json,idx_144
open,trainingSamples,raw_data/EMG-EPN612/testingJSON/user219/user219.json,idx_145
open,trainingSamples,raw_data/EMG-EPN612/testingJSON/user219/user219.json,idx_146
open,trainingSamples,raw_data/EMG-EPN612/testingJSON/user219/user219.json,idx_147
open,trainingSamples,raw_data/EMG-EPN612/testingJSON/user219/user219.json,idx_148
open,trainingSamples,raw_data/EMG-EPN612/testingJSON/user219/user219.json,idx_149
open,trainingSamples,raw_data/EMG-EPN612/testingJSON/user219/user219.json,idx_150
noGesture,trainingSamples,raw_data/EMG-EPN612/testingJSON/user22/user22.json,idx_1
noGesture,trainingSamples,raw_data/EMG-EPN612/testingJSON/user22/user22.json,idx_2
noGesture,trainingSamples,raw_data/EMG-EPN612/testingJSON/user22/user22.json,idx_3
noGesture,trainingSamples,raw_data/EMG-EPN612/testingJSON/user22/user22.json,idx_4
noGesture,trainingSamples,raw_data/EMG-EPN612/testingJSON/user22/user22.json,idx_5
noGesture,trainingSamples,raw_data/EMG-EPN612/testingJSON/user22/user22.json,idx_6
noGesture,trainingSamples,raw_data/EMG-EPN612/testingJSON/user22/user22.json,idx_7
noGesture,trainingSamples,raw_data/EMG-EPN612/testingJSON/user22/user22.json,idx_8
noGesture,trainingSamples,raw_data/EMG-EPN612/testingJSON/user22/user22.json,idx_9
noGesture,trainingSamples,raw_data/EMG-EPN612/testingJSON/user22/user22.json,idx_10
noGesture,trainingSamples,raw_data/EMG-EPN612/testingJSON/user22/user22.json,idx_11
noGesture,trainingSamples,raw_data/EMG-EPN612/testingJSON/user22/user22.json,idx_12
noGesture,trainingSamples,raw_data/EMG-EPN612/testingJSON/user22/user22.json,idx_13
noGesture,trainingSamples,raw_data/EMG-EPN612/testingJSON/user22/user22.json,idx_14
noGesture,trainingSamples,raw_data/EMG-EPN612/testingJSON/user22/user22.json,idx_15
noGesture,trainingSamples,raw_data/EMG-EPN612/testingJSON/user22/user22.json,idx_16
noGesture,trainingSamples,raw_data/EMG-EPN612/testingJSON/user22/user22.json,idx_17
noGesture,trainingSamples,raw_data/EMG-EPN612/testingJSON/user22/user22.json,idx_18
noGesture,trainingSamples,raw_data/EMG-EPN612/testingJSON/user22/user22.json,idx_19
noGesture,trainingSamples,raw_data/EMG-EPN612/testingJSON/user22/user22.json,idx_20
noGesture,trainingSamples,raw_data/EMG-EPN612/testingJSON/user22/user22.json,idx_21
noGesture,trainingSamples,raw_data/EMG-EPN612/testingJSON/user22/user22.json,idx_22
noGesture,trainingSamples,raw_data/EMG-EPN612/testingJSON/user22/user22.json,idx_23
noGesture,trainingSamples,raw_data/EMG-EPN612/testingJSON/user22/user22.json,idx_24
noGesture,trainingSamples,raw_data/EMG-EPN612/testingJSON/user22/user22.json,idx_25
waveOut,trainingSamples,raw_data/EMG-EPN612/testingJSON/user22/user22.json,idx_26
waveOut,trainingSamples,raw_data/EMG-EPN612/testingJSON/user22/user22.json,idx_27
waveOut,trainingSamples,raw_data/EMG-EPN612/testingJSON/user22/user22.json,idx_28
waveOut,trainingSamples,raw_data/EMG-EPN612/testingJSON/user22/user22.json,idx_29
waveOut,trainingSamples,raw_data/EMG-EPN612/testingJSON/user22/user22.json,idx_30
waveOut,trainingSamples,raw_data/EMG-EPN612/testingJSON/user22/user22.json,idx_31
waveOut,trainingSamples,raw_data/EMG-EPN612/testingJSON/user22/user22.json,idx_32
waveOut,trainingSamples,raw_data/EMG-EPN612/testingJSON/user22/user22.json,idx_33
waveOut,trainingSamples,raw_data/EMG-EPN612/testingJSON/user22/user22.json,idx_34
waveOut,trainingSamples,raw_data/EMG-EPN612/testingJSON/user22/user22.json,idx_35
waveOut,trainingSamples,raw_data/EMG-EPN612/testingJSON/user22/user22.json,idx_36
waveOut,trainingSamples,raw_data/EMG-EPN612/testingJSON/user22/user22.json,idx_37
waveOut,trainingSamples,raw_data/EMG-EPN612/testingJSON/user22/user22.json,idx_38
waveOut,trainingSamples,raw_data/EMG-EPN612/testingJSON/user22/user22.json,idx_39
waveOut,trainingSamples,raw_data/EMG-EPN612/testingJSON/user22/user22.json,idx_40
waveOut,trainingSamples,raw_data/EMG-EPN612/testingJSON/user22/user22.json,idx_41
waveOut,trainingSamples,raw_data/EMG-EPN612/testingJSON/user22/user22.json,idx_42
waveOut,trainingSamples,raw_data/EMG-EPN612/testingJSON/user22/user22.json,idx_43
waveOut,trainingSamples,raw_data/EMG-EPN612/testingJSON/user22/user22.json,idx_44
waveOut,trainingSamples,raw_data/EMG-EPN612/testingJSON/user22/user22.json,idx_45
waveOut,trainingSamples,raw_data/EMG-EPN612/testingJSON/user22/user22.json,idx_46
waveOut,trainingSamples,raw_data/EMG-EPN612/testingJSON/user22/user22.json,idx_47
waveOut,trainingSamples,raw_data/EMG-EPN612/testingJSON/user22/user22.json,idx_48
waveOut,trainingSamples,raw_data/EMG-EPN612/testingJSON/user22/user22.json,idx_49
waveOut,trainingSamples,raw_data/EMG-EPN612/testingJSON/user22/user22.json,idx_50
pinch,trainingSamples,raw_data/EMG-EPN612/testingJSON/user22/user22.json,idx_51
pinch,trainingSamples,raw_data/EMG-EPN612/testingJSON/user22/user22.json,idx_52
pinch,trainingSamples,raw_data/EMG-EPN612/testingJSON/user22/user22.json,idx_53
pinch,trainingSamples,raw_data/EMG-EPN612/testingJSON/user22/user22.json,idx_54
pinch,trainingSamples,raw_data/EMG-EPN612/testingJSON/user22/user22.json,idx_55
pinch,trainingSamples,raw_data/EMG-EPN612/testingJSON/user22/user22.json,idx_56
pinch,trainingSamples,raw_data/EMG-EPN612/testingJSON/user22/user22.json,idx_57
pinch,trainingSamples,raw_data/EMG-EPN612/testingJSON/user22/user22.json,idx_58
pinch,trainingSamples,raw_data/EMG-EPN612/testingJSON/user22/user22.json,idx_59
pinch,trainingSamples,raw_data/EMG-EPN612/testingJSON/user22/user22.json,idx_60
pinch,trainingSamples,raw_data/EMG-EPN612/testingJSON/user22/user22.json,idx_61
pinch,trainingSamples,raw_data/EMG-EPN612/testingJSON/user22/user22.json,idx_62
pinch,trainingSamples,raw_data/EMG-EPN612/testingJSON/user22/user22.json,idx_63
pinch,trainingSamples,raw_data/EMG-EPN612/testingJSON/user22/user22.json,idx_64
pinch,trainingSamples,raw_data/EMG-EPN612/testingJSON/user22/user22.json,idx_65
pinch,trainingSamples,raw_data/EMG-EPN612/testingJSON/user22/user22.json,idx_66
pinch,trainingSamples,raw_data/EMG-EPN612/testingJSON/user22/user22.json,idx_67
pinch,trainingSamples,raw_data/EMG-EPN612/testingJSON/user22/user22.json,idx_68
pinch,trainingSamples,raw_data/EMG-EPN612/testingJSON/user22/user22.json,idx_69
pinch,trainingSamples,raw_data/EMG-EPN612/testingJSON/user22/user22.json,idx_70
pinch,trainingSamples,raw_data/EMG-EPN612/testingJSON/user22/user22.json,idx_71
pinch,trainingSamples,raw_data/EMG-EPN612/testingJSON/user22/user22.json,idx_72
pinch,trainingSamples,raw_data/EMG-EPN612/testingJSON/user22/user22.json,idx_73
pinch,trainingSamples,raw_data/EMG-EPN612/testingJSON/user22/user22.json,idx_74
pinch,trainingSamples,raw_data/EMG-EPN612/testingJSON/user22/user22.json,idx_75
fist,trainingSamples,raw_data/EMG-EPN612/testingJSON/user22/user22.json,idx_76
fist,trainingSamples,raw_data/EMG-EPN612/testingJSON/user22/user22.json,idx_77
fist,trainingSamples,raw_data/EMG-EPN612/testingJSON/user22/user22.json,idx_78
fist,trainingSamples,raw_data/EMG-EPN612/testingJSON/user22/user22.json,idx_79
fist,trainingSamples,raw_data/EMG-EPN612/testingJSON/user22/user22.json,idx_80
fist,trainingSamples,raw_data/EMG-EPN612/testingJSON/user22/user22.json,idx_81
fist,trainingSamples,raw_data/EMG-EPN612/testingJSON/user22/user22.json,idx_82
fist,trainingSamples,raw_data/EMG-EPN612/testingJSON/user22/user22.json,idx_83
fist,trainingSamples,raw_data/EMG-EPN612/testingJSON/user22/user22.json,idx_84
fist,trainingSamples,raw_data/EMG-EPN612/testingJSON/user22/user22.json,idx_85
fist,trainingSamples,raw_data/EMG-EPN612/testingJSON/user22/user22.json,idx_86
fist,trainingSamples,raw_data/EMG-EPN612/testingJSON/user22/user22.json,idx_87
fist,trainingSamples,raw_data/EMG-EPN612/testingJSON/user22/user22.json,idx_88
fist,trainingSamples,raw_data/EMG-EPN612/testingJSON/user22/user22.json,idx_89
fist,trainingSamples,raw_data/EMG-EPN612/testingJSON/user22/user22.json,idx_90
fist,trainingSamples,raw_data/EMG-EPN612/testingJSON/user22/user22.json,idx_91
fist,trainingSamples,raw_data/EMG-EPN612/testingJSON/user22/user22.json,idx_92
fist,trainingSamples,raw_data/EMG-EPN612/testingJSON/user22/user22.json,idx_93
fist,trainingSamples,raw_data/EMG-EPN612/testingJSON/user22/user22.json,idx_94
fist,trainingSamples,raw_data/EMG-EPN612/testingJSON/user22/user22.json,idx_95
fist,trainingSamples,raw_data/EMG-EPN612/testingJSON/user22/user22.json,idx_96
fist,trainingSamples,raw_data/EMG-EPN612/testingJSON/user22/user22.json,idx_97
fist,trainingSamples,raw_data/EMG-EPN612/testingJSON/user22/user22.json,idx_98
fist,trainingSamples,raw_data/EMG-EPN612/testingJSON/user22/user22.json,idx_99
fist,trainingSamples,raw_data/EMG-EPN612/testingJSON/user22/user22.json,idx_100
waveIn,trainingSamples,raw_data/EMG-EPN612/testingJSON/user22/user22.json,idx_101
waveIn,trainingSamples,raw_data/EMG-EPN612/testingJSON/user22/user22.json,idx_102
waveIn,trainingSamples,raw_data/EMG-EPN612/testingJSON/user22/user22.json,idx_103
waveIn,trainingSamples,raw_data/EMG-EPN612/testingJSON/user22/user22.json,idx_104
waveIn,trainingSamples,raw_data/EMG-EPN612/testingJSON/user22/user22.json,idx_105
waveIn,trainingSamples,raw_data/EMG-EPN612/testingJSON/user22/user22.json,idx_106
waveIn,trainingSamples,raw_data/EMG-EPN612/testingJSON/user22/user22.json,idx_107
waveIn,trainingSamples,raw_data/EMG-EPN612/testingJSON/user22/user22.json,idx_108
waveIn,trainingSamples,raw_data/EMG-EPN612/testingJSON/user22/user22.json,idx_109
waveIn,trainingSamples,raw_data/EMG-EPN612/testingJSON/user22/user22.json,idx_110
waveIn,trainingSamples,raw_data/EMG-EPN612/testingJSON/user22/user22.json,idx_111
waveIn,trainingSamples,raw_data/EMG-EPN612/testingJSON/user22/user22.json,idx_112
waveIn,trainingSamples,raw_data/EMG-EPN612/testingJSON/user22/user22.json,idx_113
waveIn,trainingSamples,raw_data/EMG-EPN612/testingJSON/user22/user22.json,idx_114
waveIn,trainingSamples,raw_data/EMG-EPN612/testingJSON/user22/user22.json,idx_115
waveIn,trainingSamples,raw_data/EMG-EPN612/testingJSON/user22/user22.json,idx_116
waveIn,trainingSamples,raw_data/EMG-EPN612/testingJSON/user22/user22.json,idx_117
waveIn,trainingSamples,raw_data/EMG-EPN612/testingJSON/user22/user22.json,idx_118
waveIn,trainingSamples,raw_data/EMG-EPN612/testingJSON/user22/user22.json,idx_119
waveIn,trainingSamples,raw_data/EMG-EPN612/testingJSON/user22/user22.json,idx_120
waveIn,trainingSamples,raw_data/EMG-EPN612/testingJSON/user22/user22.json,idx_121
waveIn,trainingSamples,raw_data/EMG-EPN612/testingJSON/user22/user22.json,idx_122
waveIn,trainingSamples,raw_data/EMG-EPN612/testingJSON/user22/user22.json,idx_123
waveIn,trainingSamples,raw_data/EMG-EPN612/testingJSON/user22/user22.json,idx_124
waveIn,trainingSamples,raw_data/EMG-EPN612/testingJSON/user22/user22.json,idx_125
open,trainingSamples,raw_data/EMG-EPN612/testingJSON/user22/user22.json,idx_126
open,trainingSamples,raw_data/EMG-EPN612/testingJSON/user22/user22.json,idx_127
open,trainingSamples,raw_data/EMG-EPN612/testingJSON/user22/user22.json,idx_128
open,trainingSamples,raw_data/EMG-EPN612/testingJSON/user22/user22.json,idx_129
open,trainingSamples,raw_data/EMG-EPN612/testingJSON/user22/user22.json,idx_130
open,trainingSamples,raw_data/EMG-EPN612/testingJSON/user22/user22.json,idx_131
open,trainingSamples,raw_data/EMG-EPN612/testingJSON/user22/user22.json,idx_132
open,trainingSamples,raw_data/EMG-EPN612/testingJSON/user22/user22.json,idx_133
open,trainingSamples,raw_data/EMG-EPN612/testingJSON/user22/user22.json,idx_134
open,trainingSamples,raw_data/EMG-EPN612/testingJSON/user22/user22.json,idx_135
open,trainingSamples,raw_data/EMG-EPN612/testingJSON/user22/user22.json,idx_136
open,trainingSamples,raw_data/EMG-EPN612/testingJSON/user22/user22.json,idx_137
open,trainingSamples,raw_data/EMG-EPN612/testingJSON/user22/user22.json,idx_138
open,trainingSamples,raw_data/EMG-EPN612/testingJSON/user22/user22.json,idx_139
open,trainingSamples,raw_data/EMG-EPN612/testingJSON/user22/user22.json,idx_140
open,trainingSamples,raw_data/EMG-EPN612/testingJSON/user22/user22.json,idx_141
open,trainingSamples,raw_data/EMG-EPN612/testingJSON/user22/user22.json,idx_142
open,trainingSamples,raw_data/EMG-EPN612/testingJSON/user22/user22.json,idx_143
open,trainingSamples,raw_data/EMG-EPN612/testingJSON/user22/user22.json,idx_144
open,trainingSamples,raw_data/EMG-EPN612/testingJSON/user22/user22.json,idx_145
open,trainingSamples,raw_data/EMG-EPN612/testingJSON/user22/user22.json,idx_146
open,trainingSamples,raw_data/EMG-EPN612/testingJSON/user22/user22.json,idx_147
open,trainingSamples,raw_data/EMG-EPN612/testingJSON/user22/user22.json,idx_148
open,trainingSamples,raw_data/EMG-EPN612/testingJSON/user22/user22.json,idx_149
open,trainingSamples,raw_data/EMG-EPN612/testingJSON/user22/user22.json,idx_150
noGesture,trainingSamples,raw_data/EMG-EPN612/testingJSON/user220/user220.json,idx_1
noGesture,trainingSamples,raw_data/EMG-EPN612/testingJSON/user220/user220.json,idx_2
noGesture,trainingSamples,raw_data/EMG-EPN612/testingJSON/user220/user220.json,idx_3
noGesture,trainingSamples,raw_data/EMG-EPN612/testingJSON/user220/user220.json,idx_4
noGesture,trainingSamples,raw_data/EMG-EPN612/testingJSON/user220/user220.json,idx_5
noGesture,trainingSamples,raw_data/EMG-EPN612/testingJSON/user220/user220.json,idx_6
noGesture,trainingSamples,raw_data/EMG-EPN612/testingJSON/user220/user220.json,idx_7
noGesture,trainingSamples,raw_data/EMG-EPN612/testingJSON/user220/user220.json,idx_8
noGesture,trainingSamples,raw_data/EMG-EPN612/testingJSON/user220/user220.json,idx_9
noGesture,trainingSamples,raw_data/EMG-EPN612/testingJSON/user220/user220.json,idx_10
noGesture,trainingSamples,raw_data/EMG-EPN612/testingJSON/user220/user220.json,idx_11
noGesture,trainingSamples,raw_data/EMG-EPN612/testingJSON/user220/user220.json,idx_12
noGesture,trainingSamples,raw_data/EMG-EPN612/testingJSON/user220/user220.json,idx_13
noGesture,trainingSamples,raw_data/EMG-EPN612/testingJSON/user220/user220.json,idx_14
noGesture,trainingSamples,raw_data/EMG-EPN612/testingJSON/user220/user220.json,idx_15
noGesture,trainingSamples,raw_data/EMG-EPN612/testingJSON/user220/user220.json,idx_16
noGesture,trainingSamples,raw_data/EMG-EPN612/testingJSON/user220/user220.json,idx_17
noGesture,trainingSamples,raw_data/EMG-EPN612/testingJSON/user220/user220.json,idx_18
noGesture,trainingSamples,raw_data/EMG-EPN612/testingJSON/user220/user220.json,idx_19
noGesture,trainingSamples,raw_data/EMG-EPN612/testingJSON/user220/user220.json,idx_20
noGesture,trainingSamples,raw_data/EMG-EPN612/testingJSON/user220/user220.json,idx_21
noGesture,trainingSamples,raw_data/EMG-EPN612/testingJSON/user220/user220.json,idx_22
noGesture,trainingSamples,raw_data/EMG-EPN612/testingJSON/user220/user220.json,idx_23
noGesture,trainingSamples,raw_data/EMG-EPN612/testingJSON/user220/user220.json,idx_24
noGesture,trainingSamples,raw_data/EMG-EPN612/testingJSON/user220/user220.json,idx_25
fist,trainingSamples,raw_data/EMG-EPN612/testingJSON/user220/user220.json,idx_26
fist,trainingSamples,raw_data/EMG-EPN612/testingJSON/user220/user220.json,idx_27
fist,trainingSamples,raw_data/EMG-EPN612/testingJSON/user220/user220.json,idx_28
fist,trainingSamples,raw_data/EMG-EPN612/testingJSON/user220/user220.json,idx_29
fist,trainingSamples,raw_data/EMG-EPN612/testingJSON/user220/user220.json,idx_30
fist,trainingSamples,raw_data/EMG-EPN612/testingJSON/user220/user220.json,idx_31
fist,trainingSamples,raw_data/EMG-EPN612/testingJSON/user220/user220.json,idx_32
fist,trainingSamples,raw_data/EMG-EPN612/testingJSON/user220/user220.json,idx_33
fist,trainingSamples,raw_data/EMG-EPN612/testingJSON/user220/user220.json,idx_34
fist,trainingSamples,raw_data/EMG-EPN612/testingJSON/user220/user220.json,idx_35
fist,trainingSamples,raw_data/EMG-EPN612/testingJSON/user220/user220.json,idx_36
fist,trainingSamples,raw_data/EMG-EPN612/testingJSON/user220/user220.json,idx_37
fist,trainingSamples,raw_data/EMG-EPN612/testingJSON/user220/user220.json,idx_38
fist,trainingSamples,raw_data/EMG-EPN612/testingJSON/user220/user220.json,idx_39
fist,trainingSamples,raw_data/EMG-EPN612/testingJSON/user220/user220.json,idx_40
fist,trainingSamples,raw_data/EMG-EPN612/testingJSON/user220/user220.json,idx_41
fist,trainingSamples,raw_data/EMG-EPN612/testingJSON/user220/user220.json,idx_42
fist,trainingSamples,raw_data/EMG-EPN612/testingJSON/user220/user220.json,idx_43
fist,trainingSamples,raw_data/EMG-EPN612/testingJSON/user220/user220.json,idx_44
fist,trainingSamples,raw_data/EMG-EPN612/testingJSON/user220/user220.json,idx_45
fist,trainingSamples,raw_data/EMG-EPN612/testingJSON/user220/user220.json,idx_46
fist,trainingSamples,raw_data/EMG-EPN612/testingJSON/user220/user220.json,idx_47
fist,trainingSamples,raw_data/EMG-EPN612/testingJSON/user220/user220.json,idx_48
fist,trainingSamples,raw_data/EMG-EPN612/testingJSON/user220/user220.json,idx_49
fist,trainingSamples,raw_data/EMG-EPN612/testingJSON/user220/user220.json,idx_50
waveIn,trainingSamples,raw_data/EMG-EPN612/testingJSON/user220/user220.json,idx_51
waveIn,trainingSamples,raw_data/EMG-EPN612/testingJSON/user220/user220.json,idx_52
waveIn,trainingSamples,raw_data/EMG-EPN612/testingJSON/user220/user220.json,idx_53
waveIn,trainingSamples,raw_data/EMG-EPN612/testingJSON/user220/user220.json,idx_54
waveIn,trainingSamples,raw_data/EMG-EPN612/testingJSON/user220/user220.json,idx_55
waveIn,trainingSamples,raw_data/EMG-EPN612/testingJSON/user220/user220.json,idx_56
waveIn,trainingSamples,raw_data/EMG-EPN612/testingJSON/user220/user220.json,idx_57
waveIn,trainingSamples,raw_data/EMG-EPN612/testingJSON/user220/user220.json,idx_58
waveIn,trainingSamples,raw_data/EMG-EPN612/testingJSON/user220/user220.json,idx_59
waveIn,trainingSamples,raw_data/EMG-EPN612/testingJSON/user220/user220.json,idx_60
waveIn,trainingSamples,raw_data/EMG-EPN612/testingJSON/user220/user220.json,idx_61
waveIn,trainingSamples,raw_data/EMG-EPN612/testingJSON/user220/user220.json,idx_62
waveIn,trainingSamples,raw_data/EMG-EPN612/testingJSON/user220/user220.json,idx_63
waveIn,trainingSamples,raw_data/EMG-EPN612/testingJSON/user220/user220.json,idx_64
waveIn,trainingSamples,raw_data/EMG-EPN612/testingJSON/user220/user220.json,idx_65
waveIn,trainingSamples,raw_data/EMG-EPN612/testingJSON/user220/user220.json,idx_66
waveIn,trainingSamples,raw_data/EMG-EPN612/testingJSON/user220/user220.json,idx_67
waveIn,trainingSamples,raw_data/EMG-EPN612/testingJSON/user220/user220.json,idx_68
waveIn,trainingSamples,raw_data/EMG-EPN612/testingJSON/user220/user220.json,idx_69
waveIn,trainingSamples,raw_data/EMG-EPN612/testingJSON/user220/user220.json,idx_70
waveIn,trainingSamples,raw_data/EMG-EPN612/testingJSON/user220/user220.json,idx_71
waveIn,trainingSamples,raw_data/EMG-EPN612/testingJSON/user220/user220.json,idx_72
waveIn,trainingSamples,raw_data/EMG-EPN612/testingJSON/user220/user220.json,idx_73
waveIn,trainingSamples,raw_data/EMG-EPN612/testingJSON/user220/user220.json,idx_74
waveIn,trainingSamples,raw_data/EMG-EPN612/testingJSON/user220/user220.json,idx_75
pinch,trainingSamples,raw_data/EMG-EPN612/testingJSON/user220/user220.json,idx_76
pinch,trainingSamples,raw_data/EMG-EPN612/testingJSON/user220/user220.json,idx_77
pinch,trainingSamples,raw_data/EMG-EPN612/testingJSON/user220/user220.json,idx_78
pinch,trainingSamples,raw_data/EMG-EPN612/testingJSON/user220/user220.json,idx_79
pinch,trainingSamples,raw_data/EMG-EPN612/testingJSON/user220/user220.json,idx_80
pinch,trainingSamples,raw_data/EMG-EPN612/testingJSON/user220/user220.json,idx_81
pinch,trainingSamples,raw_data/EMG-EPN612/testingJSON/user220/user220.json,idx_82
pinch,trainingSamples,raw_data/EMG-EPN612/testingJSON/user220/user220.json,idx_83
pinch,trainingSamples,raw_data/EMG-EPN612/testingJSON/user220/user220.json,idx_84
pinch,trainingSamples,raw_data/EMG-EPN612/testingJSON/user220/user220.json,idx_85
pinch,trainingSamples,raw_data/EMG-EPN612/testingJSON/user220/user220.json,idx_86
pinch,trainingSamples,raw_data/EMG-EPN612/testingJSON/user220/user220.json,idx_87
pinch,trainingSamples,raw_data/EMG-EPN612/testingJSON/user220/user220.json,idx_88
pinch,trainingSamples,raw_data/EMG-EPN612/testingJSON/user220/user220.json,idx_89
pinch,trainingSamples,raw_data/EMG-EPN612/testingJSON/user220/user220.json,idx_90
pinch,trainingSamples,raw_data/EMG-EPN612/testingJSON/user220/user220.json,idx_91
pinch,trainingSamples,raw_data/EMG-EPN612/testingJSON/user220/user220.json,idx_92
pinch,trainingSamples,raw_data/EMG-EPN612/testingJSON/user220/user220.json,idx_93
pinch,trainingSamples,raw_data/EMG-EPN612/testingJSON/user220/user220.json,idx_94
pinch,trainingSamples,raw_data/EMG-EPN612/testingJSON/user220/user220.json,idx_95
pinch,trainingSamples,raw_data/EMG-EPN612/testingJSON/user220/user220.json,idx_96
pinch,trainingSamples,raw_data/EMG-EPN612/testingJSON/user220/user220.json,idx_97
pinch,trainingSamples,raw_data/EMG-EPN612/testingJSON/user220/user220.json,idx_98
pinch,trainingSamples,raw_data/EMG-EPN612/testingJSON/user220/user220.json,idx_99
pinch,trainingSamples,raw_data/EMG-EPN612/testingJSON/user220/user220.json,idx_100
open,trainingSamples,raw_data/EMG-EPN612/testingJSON/user220/user220.json,idx_101
open,trainingSamples,raw_data/EMG-EPN612/testingJSON/user220/user220.json,idx_102
open,trainingSamples,raw_data/EMG-EPN612/testingJSON/user220/user220.json,idx_103
open,trainingSamples,raw_data/EMG-EPN612/testingJSON/user220/user220.json,idx_104
open,trainingSamples,raw_data/EMG-EPN612/testingJSON/user220/user220.json,idx_105
open,trainingSamples,raw_data/EMG-EPN612/testingJSON/user220/user220.json,idx_106
open,trainingSamples,raw_data/EMG-EPN612/testingJSON/user220/user220.json,idx_107
open,trainingSamples,raw_data/EMG-EPN612/testingJSON/user220/user220.json,idx_108
open,trainingSamples,raw_data/EMG-EPN612/testingJSON/user220/user220.json,idx_109
open,trainingSamples,raw_data/EMG-EPN612/testingJSON/user220/user220.json,idx_110
open,trainingSamples,raw_data/EMG-EPN612/testingJSON/user220/user220.json,idx_111
open,trainingSamples,raw_data/EMG-EPN612/testingJSON/user220/user220.json,idx_112
open,trainingSamples,raw_data/EMG-EPN612/testingJSON/user220/user220.json,idx_113
open,trainingSamples,raw_data/EMG-EPN612/testingJSON/user220/user220.json,idx_114
open,trainingSamples,raw_data/EMG-EPN612/testingJSON/user220/user220.json,idx_115
open,trainingSamples,raw_data/EMG-EPN612/testingJSON/user220/user220.json,idx_116
open,trainingSamples,raw_data/EMG-EPN612/testingJSON/user220/user220.json,idx_117
open,trainingSamples,raw_data/EMG-EPN612/testingJSON/user220/user220.json,idx_118
open,trainingSamples,raw_data/EMG-EPN612/testingJSON/user220/user220.json,idx_119
open,trainingSamples,raw_data/EMG-EPN612/testingJSON/user220/user220.json,idx_120
open,trainingSamples,raw_data/EMG-EPN612/testingJSON/user220/user220.json,idx_121
open,trainingSamples,raw_data/EMG-EPN612/testingJSON/user220/user220.json,idx_122
open,trainingSamples,raw_data/EMG-EPN612/testingJSON/user220/user220.json,idx_123
open,trainingSamples,raw_data/EMG-EPN612/testingJSON/user220/user220.json,idx_124
open,trainingSamples,raw_data/EMG-EPN612/testingJSON/user220/user220.json,idx_125
waveOut,trainingSamples,raw_data/EMG-EPN612/testingJSON/user220/user220.json,idx_126
waveOut,trainingSamples,raw_data/EMG-EPN612/testingJSON/user220/user220.json,idx_127
waveOut,trainingSamples,raw_data/EMG-EPN612/testingJSON/user220/user220.json,idx_128
waveOut,trainingSamples,raw_data/EMG-EPN612/testingJSON/user220/user220.json,idx_129
waveOut,trainingSamples,raw_data/EMG-EPN612/testingJSON/user220/user220.json,idx_130
waveOut,trainingSamples,raw_data/EMG-EPN612/testingJSON/user220/user220.json,idx_131
waveOut,trainingSamples,raw_data/EMG-EPN612/testingJSON/user220/user220.json,idx_132
waveOut,trainingSamples,raw_data/EMG-EPN612/testingJSON/user220/user220.json,idx_133
waveOut,trainingSamples,raw_data/EMG-EPN612/testingJSON/user220/user220.json,idx_134
waveOut,trainingSamples,raw_data/EMG-EPN612/testingJSON/user220/user220.json,idx_135
waveOut,trainingSamples,raw_data/EMG-EPN612/testingJSON/user220/user220.json,idx_136
waveOut,trainingSamples,raw_data/EMG-EPN612/testingJSON/user220/user220.json,idx_137
waveOut,trainingSamples,raw_data/EMG-EPN612/testingJSON/user220/user220.json,idx_138
waveOut,trainingSamples,raw_data/EMG-EPN612/testingJSON/user220/user220.json,idx_139
waveOut,trainingSamples,raw_data/EMG-EPN612/testingJSON/user220/user220.json,idx_140
waveOut,trainingSamples,raw_data/EMG-EPN612/testingJSON/user220/user220.json,idx_141
waveOut,trainingSamples,raw_data/EMG-EPN612/testingJSON/user220/user220.json,idx_142
waveOut,trainingSamples,raw_data/EMG-EPN612/testingJSON/user220/user220.json,idx_143
waveOut,trainingSamples,raw_data/EMG-EPN612/testingJSON/user220/user220.json,idx_144
waveOut,trainingSamples,raw_data/EMG-EPN612/testingJSON/user220/user220.json,idx_145
waveOut,trainingSamples,raw_data/EMG-EPN612/testingJSON/user220/user220.json,idx_146
waveOut,trainingSamples,raw_data/EMG-EPN612/testingJSON/user220/user220.json,idx_147
waveOut,trainingSamples,raw_data/EMG-EPN612/testingJSON/user220/user220.json,idx_148
waveOut,trainingSamples,raw_data/EMG-EPN612/testingJSON/user220/user220.json,idx_149
waveOut,trainingSamples,raw_data/EMG-EPN612/testingJSON/user220/user220.json,idx_150
noGesture,trainingSamples,raw_data/EMG-EPN612/testingJSON/user221/user221.json,idx_1
noGesture,trainingSamples,raw_data/EMG-EPN612/testingJSON/user221/user221.json,idx_2
noGesture,trainingSamples,raw_data/EMG-EPN612/testingJSON/user221/user221.json,idx_3
noGesture,trainingSamples,raw_data/EMG-EPN612/testingJSON/user221/user221.json,idx_4
noGesture,trainingSamples,raw_data/EMG-EPN612/testingJSON/user221/user221.json,idx_5
noGesture,trainingSamples,raw_data/EMG-EPN612/testingJSON/user221/user221.json,idx_6
noGesture,trainingSamples,raw_data/EMG-EPN612/testingJSON/user221/user221.json,idx_7
noGesture,trainingSamples,raw_data/EMG-EPN612/testingJSON/user221/user221.json,idx_8
noGesture,trainingSamples,raw_data/EMG-EPN612/testingJSON/user221/user221.json,idx_9
noGesture,trainingSamples,raw_data/EMG-EPN612/testingJSON/user221/user221.json,idx_10
noGesture,trainingSamples,raw_data/EMG-EPN612/testingJSON/user221/user221.json,idx_11
noGesture,trainingSamples,raw_data/EMG-EPN612/testingJSON/user221/user221.json,idx_12
noGesture,trainingSamples,raw_data/EMG-EPN612/testingJSON/user221/user221.json,idx_13
noGesture,trainingSamples,raw_data/EMG-EPN612/testingJSON/user221/user221.json,idx_14
noGesture,trainingSamples,raw_data/EMG-EPN612/testingJSON/user221/user221.json,idx_15
noGesture,trainingSamples,raw_data/EMG-EPN612/testingJSON/user221/user221.json,idx_16
noGesture,trainingSamples,raw_data/EMG-EPN612/testingJSON/user221/user221.json,idx_17
noGesture,trainingSamples,raw_data/EMG-EPN612/testingJSON/user221/user221.json,idx_18
noGesture,trainingSamples,raw_data/EMG-EPN612/testingJSON/user221/user221.json,idx_19
noGesture,trainingSamples,raw_data/EMG-EPN612/testingJSON/user221/user221.json,idx_20
noGesture,trainingSamples,raw_data/EMG-EPN612/testingJSON/user221/user221.json,idx_21
noGesture,trainingSamples,raw_data/EMG-EPN612/testingJSON/user221/user221.json,idx_22
noGesture,trainingSamples,raw_data/EMG-EPN612/testingJSON/user221/user221.json,idx_23
noGesture,trainingSamples,raw_data/EMG-EPN612/testingJSON/user221/user221.json,idx_24
noGesture,trainingSamples,raw_data/EMG-EPN612/testingJSON/user221/user221.json,idx_25
waveOut,trainingSamples,raw_data/EMG-EPN612/testingJSON/user221/user221.json,idx_26
waveOut,trainingSamples,raw_data/EMG-EPN612/testingJSON/user221/user221.json,idx_27
waveOut,trainingSamples,raw_data/EMG-EPN612/testingJSON/user221/user221.json,idx_28
waveOut,trainingSamples,raw_data/EMG-EPN612/testingJSON/user221/user221.json,idx_29
waveOut,trainingSamples,raw_data/EMG-EPN612/testingJSON/user221/user221.json,idx_30
waveOut,trainingSamples,raw_data/EMG-EPN612/testingJSON/user221/user221.json,idx_31
waveOut,trainingSamples,raw_data/EMG-EPN612/testingJSON/user221/user221.json,idx_32
waveOut,trainingSamples,raw_data/EMG-EPN612/testingJSON/user221/user221.json,idx_33
waveOut,trainingSamples,raw_data/EMG-EPN612/testingJSON/user221/user221.json,idx_34
waveOut,trainingSamples,raw_data/EMG-EPN612/testingJSON/user221/user221.json,idx_35
waveOut,trainingSamples,raw_data/EMG-EPN612/testingJSON/user221/user221.json,idx_36
waveOut,trainingSamples,raw_data/EMG-EPN612/testingJSON/user221/user221.json,idx_37
waveOut,trainingSamples,raw_data/EMG-EPN612/testingJSON/user221/user221.json,idx_38
waveOut,trainingSamples,raw_data/EMG-EPN612/testingJSON/user221/user221.json,idx_39
waveOut,trainingSamples,raw_data/EMG-EPN612/testingJSON/user221/user221.json,idx_40
waveOut,trainingSamples,raw_data/EMG-EPN612/testingJSON/user221/user221.json,idx_41
waveOut,trainingSamples,raw_data/EMG-EPN612/testingJSON/user221/user221.json,idx_42
waveOut,trainingSamples,raw_data/EMG-EPN612/testingJSON/user221/user221.json,idx_43
waveOut,trainingSamples,raw_data/EMG-EPN612/testingJSON/user221/user221.json,idx_44
waveOut,trainingSamples,raw_data/EMG-EPN612/testingJSON/user221/user221.json,idx_45
waveOut,trainingSamples,raw_data/EMG-EPN612/testingJSON/user221/user221.json,idx_46
waveOut,trainingSamples,raw_data/EMG-EPN612/testingJSON/user221/user221.json,idx_47
waveOut,trainingSamples,raw_data/EMG-EPN612/testingJSON/user221/user221.json,idx_48
waveOut,trainingSamples,raw_data/EMG-EPN612/testingJSON/user221/user221.json,idx_49
waveOut,trainingSamples,raw_data/EMG-EPN612/testingJSON/user221/user221.json,idx_50
pinch,trainingSamples,raw_data/EMG-EPN612/testingJSON/user221/user221.json,idx_51
pinch,trainingSamples,raw_data/EMG-EPN612/testingJSON/user221/user221.json,idx_52
pinch,trainingSamples,raw_data/EMG-EPN612/testingJSON/user221/user221.json,idx_53
pinch,trainingSamples,raw_data/EMG-EPN612/testingJSON/user221/user221.json,idx_54
pinch,trainingSamples,raw_data/EMG-EPN612/testingJSON/user221/user221.json,idx_55
pinch,trainingSamples,raw_data/EMG-EPN612/testingJSON/user221/user221.json,idx_56
pinch,trainingSamples,raw_data/EMG-EPN612/testingJSON/user221/user221.json,idx_57
pinch,trainingSamples,raw_data/EMG-EPN612/testingJSON/user221/user221.json,idx_58
pinch,trainingSamples,raw_data/EMG-EPN612/testingJSON/user221/user221.json,idx_59
pinch,trainingSamples,raw_data/EMG-EPN612/testingJSON/user221/user221.json,idx_60
pinch,trainingSamples,raw_data/EMG-EPN612/testingJSON/user221/user221.json,idx_61
pinch,trainingSamples,raw_data/EMG-EPN612/testingJSON/user221/user221.json,idx_62
pinch,trainingSamples,raw_data/EMG-EPN612/testingJSON/user221/user221.json,idx_63
pinch,trainingSamples,raw_data/EMG-EPN612/testingJSON/user221/user221.json,idx_64
pinch,trainingSamples,raw_data/EMG-EPN612/testingJSON/user221/user221.json,idx_65
pinch,trainingSamples,raw_data/EMG-EPN612/testingJSON/user221/user221.json,idx_66
pinch,trainingSamples,raw_data/EMG-EPN612/testingJSON/user221/user221.json,idx_67
pinch,trainingSamples,raw_data/EMG-EPN612/testingJSON/user221/user221.json,idx_68
pinch,trainingSamples,raw_data/EMG-EPN612/testingJSON/user221/user221.json,idx_69
pinch,trainingSamples,raw_data/EMG-EPN612/testingJSON/user221/user221.json,idx_70
pinch,trainingSamples,raw_data/EMG-EPN612/testingJSON/user221/user221.json,idx_71
pinch,trainingSamples,raw_data/EMG-EPN612/testingJSON/user221/user221.json,idx_72
pinch,trainingSamples,raw_data/EMG-EPN612/testingJSON/user221/user221.json,idx_73
pinch,trainingSamples,raw_data/EMG-EPN612/testingJSON/user221/user221.json,idx_74
pinch,trainingSamples,raw_data/EMG-EPN612/testingJSON/user221/user221.json,idx_75
fist,trainingSamples,raw_data/EMG-EPN612/testingJSON/user221/user221.json,idx_76
fist,trainingSamples,raw_data/EMG-EPN612/testingJSON/user221/user221.json,idx_77
fist,trainingSamples,raw_data/EMG-EPN612/testingJSON/user221/user221.json,idx_78
fist,trainingSamples,raw_data/EMG-EPN612/testingJSON/user221/user221.json,idx_79
fist,trainingSamples,raw_data/EMG-EPN612/testingJSON/user221/user221.json,idx_80
fist,trainingSamples,raw_data/EMG-EPN612/testingJSON/user221/user221.json,idx_81
fist,trainingSamples,raw_data/EMG-EPN612/testingJSON/user221/user221.json,idx_82
fist,trainingSamples,raw_data/EMG-EPN612/testingJSON/user221/user221.json,idx_83
fist,trainingSamples,raw_data/EMG-EPN612/testingJSON/user221/user221.json,idx_84
fist,trainingSamples,raw_data/EMG-EPN612/testingJSON/user221/user221.json,idx_85
fist,trainingSamples,raw_data/EMG-EPN612/testingJSON/user221/user221.json,idx_86
fist,trainingSamples,raw_data/EMG-EPN612/testingJSON/user221/user221.json,idx_87
fist,trainingSamples,raw_data/EMG-EPN612/testingJSON/user221/user221.json,idx_88
fist,trainingSamples,raw_data/EMG-EPN612/testingJSON/user221/user221.json,idx_89
fist,trainingSamples,raw_data/EMG-EPN612/testingJSON/user221/user221.json,idx_90
fist,trainingSamples,raw_data/EMG-EPN612/testingJSON/user221/user221.json,idx_91
fist,trainingSamples,raw_data/EMG-EPN612/testingJSON/user221/user221.json,idx_92
fist,trainingSamples,raw_data/EMG-EPN612/testingJSON/user221/user221.json,idx_93
fist,trainingSamples,raw_data/EMG-EPN612/testingJSON/user221/user221.json,idx_94
fist,trainingSamples,raw_data/EMG-EPN612/testingJSON/user221/user221.json,idx_95
fist,trainingSamples,raw_data/EMG-EPN612/testingJSON/user221/user221.json,idx_96
fist,trainingSamples,raw_data/EMG-EPN612/testingJSON/user221/user221.json,idx_97
fist,trainingSamples,raw_data/EMG-EPN612/testingJSON/user221/user221.json,idx_98
fist,trainingSamples,raw_data/EMG-EPN612/testingJSON/user221/user221.json,idx_99
fist,trainingSamples,raw_data/EMG-EPN612/testingJSON/user221/user221.json,idx_100
waveIn,trainingSamples,raw_data/EMG-EPN612/testingJSON/user221/user221.json,idx_101
waveIn,trainingSamples,raw_data/EMG-EPN612/testingJSON/user221/user221.json,idx_102
waveIn,trainingSamples,raw_data/EMG-EPN612/testingJSON/user221/user221.json,idx_103
waveIn,trainingSamples,raw_data/EMG-EPN612/testingJSON/user221/user221.json,idx_104
waveIn,trainingSamples,raw_data/EMG-EPN612/testingJSON/user221/user221.json,idx_105
waveIn,trainingSamples,raw_data/EMG-EPN612/testingJSON/user221/user221.json,idx_106
waveIn,trainingSamples,raw_data/EMG-EPN612/testingJSON/user221/user221.json,idx_107
waveIn,trainingSamples,raw_data/EMG-EPN612/testingJSON/user221/user221.json,idx_108
waveIn,trainingSamples,raw_data/EMG-EPN612/testingJSON/user221/user221.json,idx_109
waveIn,trainingSamples,raw_data/EMG-EPN612/testingJSON/user221/user221.json,idx_110
waveIn,trainingSamples,raw_data/EMG-EPN612/testingJSON/user221/user221.json,idx_111
waveIn,trainingSamples,raw_data/EMG-EPN612/testingJSON/user221/user221.json,idx_112
waveIn,trainingSamples,raw_data/EMG-EPN612/testingJSON/user221/user221.json,idx_113
waveIn,trainingSamples,raw_data/EMG-EPN612/testingJSON/user221/user221.json,idx_114
waveIn,trainingSamples,raw_data/EMG-EPN612/testingJSON/user221/user221.json,idx_115
waveIn,trainingSamples,raw_data/EMG-EPN612/testingJSON/user221/user221.json,idx_116
waveIn,trainingSamples,raw_data/EMG-EPN612/testingJSON/user221/user221.json,idx_117
waveIn,trainingSamples,raw_data/EMG-EPN612/testingJSON/user221/user221.json,idx_118
waveIn,trainingSamples,raw_data/EMG-EPN612/testingJSON/user221/user221.json,idx_119
waveIn,trainingSamples,raw_data/EMG-EPN612/testingJSON/user221/user221.json,idx_120
waveIn,trainingSamples,raw_data/EMG-EPN612/testingJSON/user221/user221.json,idx_121
waveIn,trainingSamples,raw_data/EMG-EPN612/testingJSON/user221/user221.json,idx_122
waveIn,trainingSamples,raw_data/EMG-EPN612/testingJSON/user221/user221.json,idx_123
waveIn,trainingSamples,raw_data/EMG-EPN612/testingJSON/user221/user221.json,idx_124
waveIn,trainingSamples,raw_data/EMG-EPN612/testingJSON/user221/user221.json,idx_125
open,trainingSamples,raw_data/EMG-EPN612/testingJSON/user221/user221.json,idx_126
open,trainingSamples,raw_data/EMG-EPN612/testingJSON/user221/user221.json,idx_127
open,trainingSamples,raw_data/EMG-EPN612/testingJSON/user221/user221.json,idx_128
open,trainingSamples,raw_data/EMG-EPN612/testingJSON/user221/user221.json,idx_129
open,trainingSamples,raw_data/EMG-EPN612/testingJSON/user221/user221.json,idx_130
open,trainingSamples,raw_data/EMG-EPN612/testingJSON/user221/user221.json,idx_131
open,trainingSamples,raw_data/EMG-EPN612/testingJSON/user221/user221.json,idx_132
open,trainingSamples,raw_data/EMG-EPN612/testingJSON/user221/user221.json,idx_133
open,trainingSamples,raw_data/EMG-EPN612/testingJSON/user221/user221.json,idx_134
open,trainingSamples,raw_data/EMG-EPN612/testingJSON/user221/user221.json,idx_135
open,trainingSamples,raw_data/EMG-EPN612/testingJSON/user221/user221.json,idx_136
open,trainingSamples,raw_data/EMG-EPN612/testingJSON/user221/user221.json,idx_137
open,trainingSamples,raw_data/EMG-EPN612/testingJSON/user221/user221.json,idx_138
open,trainingSamples,raw_data/EMG-EPN612/testingJSON/user221/user221.json,idx_139
open,trainingSamples,raw_data/EMG-EPN612/testingJSON/user221/user221.json,idx_140
open,trainingSamples,raw_data/EMG-EPN612/testingJSON/user221/user221.json,idx_141
open,trainingSamples,raw_data/EMG-EPN612/testingJSON/user221/user221.json,idx_142
open,trainingSamples,raw_data/EMG-EPN612/testingJSON/user221/user221.json,idx_143
open,trainingSamples,raw_data/EMG-EPN612/testingJSON/user221/user221.json,idx_144
open,trainingSamples,raw_data/EMG-EPN612/testingJSON/user221/user221.json,idx_145
open,trainingSamples,raw_data/EMG-EPN612/testingJSON/user221/user221.json,idx_146
open,trainingSamples,raw_data/EMG-EPN612/testingJSON/user221/user221.json,idx_147
open,trainingSamples,raw_data/EMG-EPN612/testingJSON/user221/user221.json,idx_148
open,trainingSamples,raw_data/EMG-EPN612/testingJSON/user221/user221.json,idx_149
open,trainingSamples,raw_data/EMG-EPN612/testingJSON/user221/user221.json,idx_150
noGesture,trainingSamples,raw_data/EMG-EPN612/testingJSON/user222/user222.json,idx_1
noGesture,trainingSamples,raw_data/EMG-EPN612/testingJSON/user222/user222.json,idx_2
noGesture,trainingSamples,raw_data/EMG-EPN612/testingJSON/user222/user222.json,idx_3
noGesture,trainingSamples,raw_data/EMG-EPN612/testingJSON/user222/user222.json,idx_4
noGesture,trainingSamples,raw_data/EMG-EPN612/testingJSON/user222/user222.json,idx_5
noGesture,trainingSamples,raw_data/EMG-EPN612/testingJSON/user222/user222.json,idx_6
noGesture,trainingSamples,raw_data/EMG-EPN612/testingJSON/user222/user222.json,idx_7
noGesture,trainingSamples,raw_data/EMG-EPN612/testingJSON/user222/user222.json,idx_8
noGesture,trainingSamples,raw_data/EMG-EPN612/testingJSON/user222/user222.json,idx_9
noGesture,trainingSamples,raw_data/EMG-EPN612/testingJSON/user222/user222.json,idx_10
noGesture,trainingSamples,raw_data/EMG-EPN612/testingJSON/user222/user222.json,idx_11
noGesture,trainingSamples,raw_data/EMG-EPN612/testingJSON/user222/user222.json,idx_12
noGesture,trainingSamples,raw_data/EMG-EPN612/testingJSON/user222/user222.json,idx_13
noGesture,trainingSamples,raw_data/EMG-EPN612/testingJSON/user222/user222.json,idx_14
noGesture,trainingSamples,raw_data/EMG-EPN612/testingJSON/user222/user222.json,idx_15
noGesture,trainingSamples,raw_data/EMG-EPN612/testingJSON/user222/user222.json,idx_16
noGesture,trainingSamples,raw_data/EMG-EPN612/testingJSON/user222/user222.json,idx_17
noGesture,trainingSamples,raw_data/EMG-EPN612/testingJSON/user222/user222.json,idx_18
noGesture,trainingSamples,raw_data/EMG-EPN612/testingJSON/user222/user222.json,idx_19
noGesture,trainingSamples,raw_data/EMG-EPN612/testingJSON/user222/user222.json,idx_20
noGesture,trainingSamples,raw_data/EMG-EPN612/testingJSON/user222/user222.json,idx_21
noGesture,trainingSamples,raw_data/EMG-EPN612/testingJSON/user222/user222.json,idx_22
noGesture,trainingSamples,raw_data/EMG-EPN612/testingJSON/user222/user222.json,idx_23
noGesture,trainingSamples,raw_data/EMG-EPN612/testingJSON/user222/user222.json,idx_24
noGesture,trainingSamples,raw_data/EMG-EPN612/testingJSON/user222/user222.json,idx_25
fist,trainingSamples,raw_data/EMG-EPN612/testingJSON/user222/user222.json,idx_26
fist,trainingSamples,raw_data/EMG-EPN612/testingJSON/user222/user222.json,idx_27
fist,trainingSamples,raw_data/EMG-EPN612/testingJSON/user222/user222.json,idx_28
fist,trainingSamples,raw_data/EMG-EPN612/testingJSON/user222/user222.json,idx_29
fist,trainingSamples,raw_data/EMG-EPN612/testingJSON/user222/user222.json,idx_30
fist,trainingSamples,raw_data/EMG-EPN612/testingJSON/user222/user222.json,idx_31
fist,trainingSamples,raw_data/EMG-EPN612/testingJSON/user222/user222.json,idx_32
fist,trainingSamples,raw_data/EMG-EPN612/testingJSON/user222/user222.json,idx_33
fist,trainingSamples,raw_data/EMG-EPN612/testingJSON/user222/user222.json,idx_34
fist,trainingSamples,raw_data/EMG-EPN612/testingJSON/user222/user222.json,idx_35
fist,trainingSamples,raw_data/EMG-EPN612/testingJSON/user222/user222.json,idx_36
fist,trainingSamples,raw_data/EMG-EPN612/testingJSON/user222/user222.json,idx_37
fist,trainingSamples,raw_data/EMG-EPN612/testingJSON/user222/user222.json,idx_38
fist,trainingSamples,raw_data/EMG-EPN612/testingJSON/user222/user222.json,idx_39
fist,trainingSamples,raw_data/EMG-EPN612/testingJSON/user222/user222.json,idx_40
fist,trainingSamples,raw_data/EMG-EPN612/testingJSON/user222/user222.json,idx_41
fist,trainingSamples,raw_data/EMG-EPN612/testingJSON/user222/user222.json,idx_42
fist,trainingSamples,raw_data/EMG-EPN612/testingJSON/user222/user222.json,idx_43
fist,trainingSamples,raw_data/EMG-EPN612/testingJSON/user222/user222.json,idx_44
fist,trainingSamples,raw_data/EMG-EPN612/testingJSON/user222/user222.json,idx_45
fist,trainingSamples,raw_data/EMG-EPN612/testingJSON/user222/user222.json,idx_46
fist,trainingSamples,raw_data/EMG-EPN612/testingJSON/user222/user222.json,idx_47
fist,trainingSamples,raw_data/EMG-EPN612/testingJSON/user222/user222.json,idx_48
fist,trainingSamples,raw_data/EMG-EPN612/testingJSON/user222/user222.json,idx_49
fist,trainingSamples,raw_data/EMG-EPN612/testingJSON/user222/user222.json,idx_50
open,trainingSamples,raw_data/EMG-EPN612/testingJSON/user222/user222.json,idx_51
open,trainingSamples,raw_data/EMG-EPN612/testingJSON/user222/user222.json,idx_52
open,trainingSamples,raw_data/EMG-EPN612/testingJSON/user222/user222.json,idx_53
open,trainingSamples,raw_data/EMG-EPN612/testingJSON/user222/user222.json,idx_54
open,trainingSamples,raw_data/EMG-EPN612/testingJSON/user222/user222.json,idx_55
open,trainingSamples,raw_data/EMG-EPN612/testingJSON/user222/user222.json,idx_56
open,trainingSamples,raw_data/EMG-EPN612/testingJSON/user222/user222.json,idx_57
open,trainingSamples,raw_data/EMG-EPN612/testingJSON/user222/user222.json,idx_58
open,trainingSamples,raw_data/EMG-EPN612/testingJSON/user222/user222.json,idx_59
open,trainingSamples,raw_data/EMG-EPN612/testingJSON/user222/user222.json,idx_60
open,trainingSamples,raw_data/EMG-EPN612/testingJSON/user222/user222.json,idx_61
open,trainingSamples,raw_data/EMG-EPN612/testingJSON/user222/user222.json,idx_62
open,trainingSamples,raw_data/EMG-EPN612/testingJSON/user222/user222.json,idx_63
open,trainingSamples,raw_data/EMG-EPN612/testingJSON/user222/user222.json,idx_64
open,trainingSamples,raw_data/EMG-EPN612/testingJSON/user222/user222.json,idx_65
open,trainingSamples,raw_data/EMG-EPN612/testingJSON/user222/user222.json,idx_66
open,trainingSamples,raw_data/EMG-EPN612/testingJSON/user222/user222.json,idx_67
open,trainingSamples,raw_data/EMG-EPN612/testingJSON/user222/user222.json,idx_68
open,trainingSamples,raw_data/EMG-EPN612/testingJSON/user222/user222.json,idx_69
open,trainingSamples,raw_data/EMG-EPN612/testingJSON/user222/user222.json,idx_70
open,trainingSamples,raw_data/EMG-EPN612/testingJSON/user222/user222.json,idx_71
open,trainingSamples,raw_data/EMG-EPN612/testingJSON/user222/user222.json,idx_72
open,trainingSamples,raw_data/EMG-EPN612/testingJSON/user222/user222.json,idx_73
open,trainingSamples,raw_data/EMG-EPN612/testingJSON/user222/user222.json,idx_74
open,trainingSamples,raw_data/EMG-EPN612/testingJSON/user222/user222.json,idx_75
pinch,trainingSamples,raw_data/EMG-EPN612/testingJSON/user222/user222.json,idx_76
pinch,trainingSamples,raw_data/EMG-EPN612/testingJSON/user222/user222.json,idx_77
pinch,trainingSamples,raw_data/EMG-EPN612/testingJSON/user222/user222.json,idx_78
pinch,trainingSamples,raw_data/EMG-EPN612/testingJSON/user222/user222.json,idx_79
pinch,trainingSamples,raw_data/EMG-EPN612/testingJSON/user222/user222.json,idx_80
pinch,trainingSamples,raw_data/EMG-EPN612/testingJSON/user222/user222.json,idx_81
pinch,trainingSamples,raw_data/EMG-EPN612/testingJSON/user222/user222.json,idx_82
pinch,trainingSamples,raw_data/EMG-EPN612/testingJSON/user222/user222.json,idx_83
pinch,trainingSamples,raw_data/EMG-EPN612/testingJSON/user222/user222.json,idx_84
pinch,trainingSamples,raw_data/EMG-EPN612/testingJSON/user222/user222.json,idx_85
pinch,trainingSamples,raw_data/EMG-EPN612/testingJSON/user222/user222.json,idx_86
pinch,trainingSamples,raw_data/EMG-EPN612/testingJSON/user222/user222.json,idx_87
pinch,trainingSamples,raw_data/EMG-EPN612/testingJSON/user222/user222.json,idx_88
pinch,trainingSamples,raw_data/EMG-EPN612/testingJSON/user222/user222.json,idx_89
pinch,trainingSamples,raw_data/EMG-EPN612/testingJSON/user222/user222.json,idx_90
pinch,trainingSamples,raw_data/EMG-EPN612/testingJSON/user222/user222.json,idx_91
pinch,trainingSamples,raw_data/EMG-EPN612/testingJSON/user222/user222.json,idx_92
pinch,trainingSamples,raw_data/EMG-EPN612/testingJSON/user222/user222.json,idx_93
pinch,trainingSamples,raw_data/EMG-EPN612/testingJSON/user222/user222.json,idx_94
pinch,trainingSamples,raw_data/EMG-EPN612/testingJSON/user222/user222.json,idx_95
pinch,trainingSamples,raw_data/EMG-EPN612/testingJSON/user222/user222.json,idx_96
pinch,trainingSamples,raw_data/EMG-EPN612/testingJSON/user222/user222.json,idx_97
pinch,trainingSamples,raw_data/EMG-EPN612/testingJSON/user222/user222.json,idx_98
pinch,trainingSamples,raw_data/EMG-EPN612/testingJSON/user222/user222.json,idx_99
pinch,trainingSamples,raw_data/EMG-EPN612/testingJSON/user222/user222.json,idx_100
waveIn,trainingSamples,raw_data/EMG-EPN612/testingJSON/user222/user222.json,idx_101
waveIn,trainingSamples,raw_data/EMG-EPN612/testingJSON/user222/user222.json,idx_102
waveIn,trainingSamples,raw_data/EMG-EPN612/testingJSON/user222/user222.json,idx_103
waveIn,trainingSamples,raw_data/EMG-EPN612/testingJSON/user222/user222.json,idx_104
waveIn,trainingSamples,raw_data/EMG-EPN612/testingJSON/user222/user222.json,idx_105
waveIn,trainingSamples,raw_data/EMG-EPN612/testingJSON/user222/user222.json,idx_106
waveIn,trainingSamples,raw_data/EMG-EPN612/testingJSON/user222/user222.json,idx_107
waveIn,trainingSamples,raw_data/EMG-EPN612/testingJSON/user222/user222.json,idx_108
waveIn,trainingSamples,raw_data/EMG-EPN612/testingJSON/user222/user222.json,idx_109
waveIn,trainingSamples,raw_data/EMG-EPN612/testingJSON/user222/user222.json,idx_110
waveIn,trainingSamples,raw_data/EMG-EPN612/testingJSON/user222/user222.json,idx_111
waveIn,trainingSamples,raw_data/EMG-EPN612/testingJSON/user222/user222.json,idx_112
waveIn,trainingSamples,raw_data/EMG-EPN612/testingJSON/user222/user222.json,idx_113
waveIn,trainingSamples,raw_data/EMG-EPN612/testingJSON/user222/user222.json,idx_114
waveIn,trainingSamples,raw_data/EMG-EPN612/testingJSON/user222/user222.json,idx_115
waveIn,trainingSamples,raw_data/EMG-EPN612/testingJSON/user222/user222.json,idx_116
waveIn,trainingSamples,raw_data/EMG-EPN612/testingJSON/user222/user222.json,idx_117
waveIn,trainingSamples,raw_data/EMG-EPN612/testingJSON/user222/user222.json,idx_118
waveIn,trainingSamples,raw_data/EMG-EPN612/testingJSON/user222/user222.json,idx_119
waveIn,trainingSamples,raw_data/EMG-EPN612/testingJSON/user222/user222.json,idx_120
waveIn,trainingSamples,raw_data/EMG-EPN612/testingJSON/user222/user222.json,idx_121
waveIn,trainingSamples,raw_data/EMG-EPN612/testingJSON/user222/user222.json,idx_122
waveIn,trainingSamples,raw_data/EMG-EPN612/testingJSON/user222/user222.json,idx_123
waveIn,trainingSamples,raw_data/EMG-EPN612/testingJSON/user222/user222.json,idx_124
waveIn,trainingSamples,raw_data/EMG-EPN612/testingJSON/user222/user222.json,idx_125
waveOut,trainingSamples,raw_data/EMG-EPN612/testingJSON/user222/user222.json,idx_126
waveOut,trainingSamples,raw_data/EMG-EPN612/testingJSON/user222/user222.json,idx_127
waveOut,trainingSamples,raw_data/EMG-EPN612/testingJSON/user222/user222.json,idx_128
waveOut,trainingSamples,raw_data/EMG-EPN612/testingJSON/user222/user222.json,idx_129
waveOut,trainingSamples,raw_data/EMG-EPN612/testingJSON/user222/user222.json,idx_130
waveOut,trainingSamples,raw_data/EMG-EPN612/testingJSON/user222/user222.json,idx_131
waveOut,trainingSamples,raw_data/EMG-EPN612/testingJSON/user222/user222.json,idx_132
waveOut,trainingSamples,raw_data/EMG-EPN612/testingJSON/user222/user222.json,idx_133
waveOut,trainingSamples,raw_data/EMG-EPN612/testingJSON/user222/user222.json,idx_134
waveOut,trainingSamples,raw_data/EMG-EPN612/testingJSON/user222/user222.json,idx_135
waveOut,trainingSamples,raw_data/EMG-EPN612/testingJSON/user222/user222.json,idx_136
waveOut,trainingSamples,raw_data/EMG-EPN612/testingJSON/user222/user222.json,idx_137
waveOut,trainingSamples,raw_data/EMG-EPN612/testingJSON/user222/user222.json,idx_138
waveOut,trainingSamples,raw_data/EMG-EPN612/testingJSON/user222/user222.json,idx_139
waveOut,trainingSamples,raw_data/EMG-EPN612/testingJSON/user222/user222.json,idx_140
waveOut,trainingSamples,raw_data/EMG-EPN612/testingJSON/user222/user222.json,idx_141
waveOut,trainingSamples,raw_data/EMG-EPN612/testingJSON/user222/user222.json,idx_142
waveOut,trainingSamples,raw_data/EMG-EPN612/testingJSON/user222/user222.json,idx_143
waveOut,trainingSamples,raw_data/EMG-EPN612/testingJSON/user222/user222.json,idx_144
waveOut,trainingSamples,raw_data/EMG-EPN612/testingJSON/user222/user222.json,idx_145
waveOut,trainingSamples,raw_data/EMG-EPN612/testingJSON/user222/user222.json,idx_146
waveOut,trainingSamples,raw_data/EMG-EPN612/testingJSON/user222/user222.json,idx_147
waveOut,trainingSamples,raw_data/EMG-EPN612/testingJSON/user222/user222.json,idx_148
waveOut,trainingSamples,raw_data/EMG-EPN612/testingJSON/user222/user222.json,idx_149
waveOut,trainingSamples,raw_data/EMG-EPN612/testingJSON/user222/user222.json,idx_150
noGesture,trainingSamples,raw_data/EMG-EPN612/testingJSON/user223/user223.json,idx_1
noGesture,trainingSamples,raw_data/EMG-EPN612/testingJSON/user223/user223.json,idx_2
noGesture,trainingSamples,raw_data/EMG-EPN612/testingJSON/user223/user223.json,idx_3
noGesture,trainingSamples,raw_data/EMG-EPN612/testingJSON/user223/user223.json,idx_4
noGesture,trainingSamples,raw_data/EMG-EPN612/testingJSON/user223/user223.json,idx_5
noGesture,trainingSamples,raw_data/EMG-EPN612/testingJSON/user223/user223.json,idx_6
noGesture,trainingSamples,raw_data/EMG-EPN612/testingJSON/user223/user223.json,idx_7
noGesture,trainingSamples,raw_data/EMG-EPN612/testingJSON/user223/user223.json,idx_8
noGesture,trainingSamples,raw_data/EMG-EPN612/testingJSON/user223/user223.json,idx_9
noGesture,trainingSamples,raw_data/EMG-EPN612/testingJSON/user223/user223.json,idx_10
noGesture,trainingSamples,raw_data/EMG-EPN612/testingJSON/user223/user223.json,idx_11
noGesture,trainingSamples,raw_data/EMG-EPN612/testingJSON/user223/user223.json,idx_12
noGesture,trainingSamples,raw_data/EMG-EPN612/testingJSON/user223/user223.json,idx_13
noGesture,trainingSamples,raw_data/EMG-EPN612/testingJSON/user223/user223.json,idx_14
noGesture,trainingSamples,raw_data/EMG-EPN612/testingJSON/user223/user223.json,idx_15
noGesture,trainingSamples,raw_data/EMG-EPN612/testingJSON/user223/user223.json,idx_16
noGesture,trainingSamples,raw_data/EMG-EPN612/testingJSON/user223/user223.json,idx_17
noGesture,trainingSamples,raw_data/EMG-EPN612/testingJSON/user223/user223.json,idx_18
noGesture,trainingSamples,raw_data/EMG-EPN612/testingJSON/user223/user223.json,idx_19
noGesture,trainingSamples,raw_data/EMG-EPN612/testingJSON/user223/user223.json,idx_20
noGesture,trainingSamples,raw_data/EMG-EPN612/testingJSON/user223/user223.json,idx_21
noGesture,trainingSamples,raw_data/EMG-EPN612/testingJSON/user223/user223.json,idx_22
noGesture,trainingSamples,raw_data/EMG-EPN612/testingJSON/user223/user223.json,idx_23
noGesture,trainingSamples,raw_data/EMG-EPN612/testingJSON/user223/user223.json,idx_24
noGesture,trainingSamples,raw_data/EMG-EPN612/testingJSON/user223/user223.json,idx_25
waveOut,trainingSamples,raw_data/EMG-EPN612/testingJSON/user223/user223.json,idx_26
waveOut,trainingSamples,raw_data/EMG-EPN612/testingJSON/user223/user223.json,idx_27
waveOut,trainingSamples,raw_data/EMG-EPN612/testingJSON/user223/user223.json,idx_28
waveOut,trainingSamples,raw_data/EMG-EPN612/testingJSON/user223/user223.json,idx_29
waveOut,trainingSamples,raw_data/EMG-EPN612/testingJSON/user223/user223.json,idx_30
waveOut,trainingSamples,raw_data/EMG-EPN612/testingJSON/user223/user223.json,idx_31
waveOut,trainingSamples,raw_data/EMG-EPN612/testingJSON/user223/user223.json,idx_32
waveOut,trainingSamples,raw_data/EMG-EPN612/testingJSON/user223/user223.json,idx_33
waveOut,trainingSamples,raw_data/EMG-EPN612/testingJSON/user223/user223.json,idx_34
waveOut,trainingSamples,raw_data/EMG-EPN612/testingJSON/user223/user223.json,idx_35
waveOut,trainingSamples,raw_data/EMG-EPN612/testingJSON/user223/user223.json,idx_36
waveOut,trainingSamples,raw_data/EMG-EPN612/testingJSON/user223/user223.json,idx_37
waveOut,trainingSamples,raw_data/EMG-EPN612/testingJSON/user223/user223.json,idx_38
waveOut,trainingSamples,raw_data/EMG-EPN612/testingJSON/user223/user223.json,idx_39
waveOut,trainingSamples,raw_data/EMG-EPN612/testingJSON/user223/user223.json,idx_40
waveOut,trainingSamples,raw_data/EMG-EPN612/testingJSON/user223/user223.json,idx_41
waveOut,trainingSamples,raw_data/EMG-EPN612/testingJSON/user223/user223.json,idx_42
waveOut,trainingSamples,raw_data/EMG-EPN612/testingJSON/user223/user223.json,idx_43
waveOut,trainingSamples,raw_data/EMG-EPN612/testingJSON/user223/user223.json,idx_44
waveOut,trainingSamples,raw_data/EMG-EPN612/testingJSON/user223/user223.json,idx_45
waveOut,trainingSamples,raw_data/EMG-EPN612/testingJSON/user223/user223.json,idx_46
waveOut,trainingSamples,raw_data/EMG-EPN612/testingJSON/user223/user223.json,idx_47
waveOut,trainingSamples,raw_data/EMG-EPN612/testingJSON/user223/user223.json,idx_48
waveOut,trainingSamples,raw_data/EMG-EPN612/testingJSON/user223/user223.json,idx_49
waveOut,trainingSamples,raw_data/EMG-EPN612/testingJSON/user223/user223.json,idx_50
pinch,trainingSamples,raw_data/EMG-EPN612/testingJSON/user223/user223.json,idx_51
pinch,trainingSamples,raw_data/EMG-EPN612/testingJSON/user223/user223.json,idx_52
pinch,trainingSamples,raw_data/EMG-EPN612/testingJSON/user223/user223.json,idx_53
pinch,trainingSamples,raw_data/EMG-EPN612/testingJSON/user223/user223.json,idx_54
pinch,trainingSamples,raw_data/EMG-EPN612/testingJSON/user223/user223.json,idx_55
pinch,trainingSamples,raw_data/EMG-EPN612/testingJSON/user223/user223.json,idx_56
pinch,trainingSamples,raw_data/EMG-EPN612/testingJSON/user223/user223.json,idx_57
pinch,trainingSamples,raw_data/EMG-EPN612/testingJSON/user223/user223.json,idx_58
pinch,trainingSamples,raw_data/EMG-EPN612/testingJSON/user223/user223.json,idx_59
pinch,trainingSamples,raw_data/EMG-EPN612/testingJSON/user223/user223.json,idx_60
pinch,trainingSamples,raw_data/EMG-EPN612/testingJSON/user223/user223.json,idx_61
pinch,trainingSamples,raw_data/EMG-EPN612/testingJSON/user223/user223.json,idx_62
pinch,trainingSamples,raw_data/EMG-EPN612/testingJSON/user223/user223.json,idx_63
pinch,trainingSamples,raw_data/EMG-EPN612/testingJSON/user223/user223.json,idx_64
pinch,trainingSamples,raw_data/EMG-EPN612/testingJSON/user223/user223.json,idx_65
pinch,trainingSamples,raw_data/EMG-EPN612/testingJSON/user223/user223.json,idx_66
pinch,trainingSamples,raw_data/EMG-EPN612/testingJSON/user223/user223.json,idx_67
pinch,trainingSamples,raw_data/EMG-EPN612/testingJSON/user223/user223.json,idx_68
pinch,trainingSamples,raw_data/EMG-EPN612/testingJSON/user223/user223.json,idx_69
pinch,trainingSamples,raw_data/EMG-EPN612/testingJSON/user223/user223.json,idx_70
pinch,trainingSamples,raw_data/EMG-EPN612/testingJSON/user223/user223.json,idx_71
pinch,trainingSamples,raw_data/EMG-EPN612/testingJSON/user223/user223.json,idx_72
pinch,trainingSamples,raw_data/EMG-EPN612/testingJSON/user223/user223.json,idx_73
pinch,trainingSamples,raw_data/EMG-EPN612/testingJSON/user223/user223.json,idx_74
pinch,trainingSamples,raw_data/EMG-EPN612/testingJSON/user223/user223.json,idx_75
fist,trainingSamples,raw_data/EMG-EPN612/testingJSON/user223/user223.json,idx_76
fist,trainingSamples,raw_data/EMG-EPN612/testingJSON/user223/user223.json,idx_77
fist,trainingSamples,raw_data/EMG-EPN612/testingJSON/user223/user223.json,idx_78
fist,trainingSamples,raw_data/EMG-EPN612/testingJSON/user223/user223.json,idx_79
fist,trainingSamples,raw_data/EMG-EPN612/testingJSON/user223/user223.json,idx_80
fist,trainingSamples,raw_data/EMG-EPN612/testingJSON/user223/user223.json,idx_81
fist,trainingSamples,raw_data/EMG-EPN612/testingJSON/user223/user223.json,idx_82
fist,trainingSamples,raw_data/EMG-EPN612/testingJSON/user223/user223.json,idx_83
fist,trainingSamples,raw_data/EMG-EPN612/testingJSON/user223/user223.json,idx_84
fist,trainingSamples,raw_data/EMG-EPN612/testingJSON/user223/user223.json,idx_85
fist,trainingSamples,raw_data/EMG-EPN612/testingJSON/user223/user223.json,idx_86
fist,trainingSamples,raw_data/EMG-EPN612/testingJSON/user223/user223.json,idx_87
fist,trainingSamples,raw_data/EMG-EPN612/testingJSON/user223/user223.json,idx_88
fist,trainingSamples,raw_data/EMG-EPN612/testingJSON/user223/user223.json,idx_89
fist,trainingSamples,raw_data/EMG-EPN612/testingJSON/user223/user223.json,idx_90
fist,trainingSamples,raw_data/EMG-EPN612/testingJSON/user223/user223.json,idx_91
fist,trainingSamples,raw_data/EMG-EPN612/testingJSON/user223/user223.json,idx_92
fist,trainingSamples,raw_data/EMG-EPN612/testingJSON/user223/user223.json,idx_93
fist,trainingSamples,raw_data/EMG-EPN612/testingJSON/user223/user223.json,idx_94
fist,trainingSamples,raw_data/EMG-EPN612/testingJSON/user223/user223.json,idx_95
fist,trainingSamples,raw_data/EMG-EPN612/testingJSON/user223/user223.json,idx_96
fist,trainingSamples,raw_data/EMG-EPN612/testingJSON/user223/user223.json,idx_97
fist,trainingSamples,raw_data/EMG-EPN612/testingJSON/user223/user223.json,idx_98
fist,trainingSamples,raw_data/EMG-EPN612/testingJSON/user223/user223.json,idx_99
fist,trainingSamples,raw_data/EMG-EPN612/testingJSON/user223/user223.json,idx_100
waveIn,trainingSamples,raw_data/EMG-EPN612/testingJSON/user223/user223.json,idx_101
waveIn,trainingSamples,raw_data/EMG-EPN612/testingJSON/user223/user223.json,idx_102
waveIn,trainingSamples,raw_data/EMG-EPN612/testingJSON/user223/user223.json,idx_103
waveIn,trainingSamples,raw_data/EMG-EPN612/testingJSON/user223/user223.json,idx_104
waveIn,trainingSamples,raw_data/EMG-EPN612/testingJSON/user223/user223.json,idx_105
waveIn,trainingSamples,raw_data/EMG-EPN612/testingJSON/user223/user223.json,idx_106
waveIn,trainingSamples,raw_data/EMG-EPN612/testingJSON/user223/user223.json,idx_107
waveIn,trainingSamples,raw_data/EMG-EPN612/testingJSON/user223/user223.json,idx_108
waveIn,trainingSamples,raw_data/EMG-EPN612/testingJSON/user223/user223.json,idx_109
waveIn,trainingSamples,raw_data/EMG-EPN612/testingJSON/user223/user223.json,idx_110
waveIn,trainingSamples,raw_data/EMG-EPN612/testingJSON/user223/user223.json,idx_111
waveIn,trainingSamples,raw_data/EMG-EPN612/testingJSON/user223/user223.json,idx_112
waveIn,trainingSamples,raw_data/EMG-EPN612/testingJSON/user223/user223.json,idx_113
waveIn,trainingSamples,raw_data/EMG-EPN612/testingJSON/user223/user223.json,idx_114
waveIn,trainingSamples,raw_data/EMG-EPN612/testingJSON/user223/user223.json,idx_115
waveIn,trainingSamples,raw_data/EMG-EPN612/testingJSON/user223/user223.json,idx_116
waveIn,trainingSamples,raw_data/EMG-EPN612/testingJSON/user223/user223.json,idx_117
waveIn,trainingSamples,raw_data/EMG-EPN612/testingJSON/user223/user223.json,idx_118
waveIn,trainingSamples,raw_data/EMG-EPN612/testingJSON/user223/user223.json,idx_119
waveIn,trainingSamples,raw_data/EMG-EPN612/testingJSON/user223/user223.json,idx_120
waveIn,trainingSamples,raw_data/EMG-EPN612/testingJSON/user223/user223.json,idx_121
waveIn,trainingSamples,raw_data/EMG-EPN612/testingJSON/user223/user223.json,idx_122
waveIn,trainingSamples,raw_data/EMG-EPN612/testingJSON/user223/user223.json,idx_123
waveIn,trainingSamples,raw_data/EMG-EPN612/testingJSON/user223/user223.json,idx_124
waveIn,trainingSamples,raw_data/EMG-EPN612/testingJSON/user223/user223.json,idx_125
open,trainingSamples,raw_data/EMG-EPN612/testingJSON/user223/user223.json,idx_126
open,trainingSamples,raw_data/EMG-EPN612/testingJSON/user223/user223.json,idx_127
open,trainingSamples,raw_data/EMG-EPN612/testingJSON/user223/user223.json,idx_128
open,trainingSamples,raw_data/EMG-EPN612/testingJSON/user223/user223.json,idx_129
open,trainingSamples,raw_data/EMG-EPN612/testingJSON/user223/user223.json,idx_130
open,trainingSamples,raw_data/EMG-EPN612/testingJSON/user223/user223.json,idx_131
open,trainingSamples,raw_data/EMG-EPN612/testingJSON/user223/user223.json,idx_132
open,trainingSamples,raw_data/EMG-EPN612/testingJSON/user223/user223.json,idx_133
open,trainingSamples,raw_data/EMG-EPN612/testingJSON/user223/user223.json,idx_134
open,trainingSamples,raw_data/EMG-EPN612/testingJSON/user223/user223.json,idx_135
open,trainingSamples,raw_data/EMG-EPN612/testingJSON/user223/user223.json,idx_136
open,trainingSamples,raw_data/EMG-EPN612/testingJSON/user223/user223.json,idx_137
open,trainingSamples,raw_data/EMG-EPN612/testingJSON/user223/user223.json,idx_138
open,trainingSamples,raw_data/EMG-EPN612/testingJSON/user223/user223.json,idx_139
open,trainingSamples,raw_data/EMG-EPN612/testingJSON/user223/user223.json,idx_140
open,trainingSamples,raw_data/EMG-EPN612/testingJSON/user223/user223.json,idx_141
open,trainingSamples,raw_data/EMG-EPN612/testingJSON/user223/user223.json,idx_142
open,trainingSamples,raw_data/EMG-EPN612/testingJSON/user223/user223.json,idx_143
open,trainingSamples,raw_data/EMG-EPN612/testingJSON/user223/user223.json,idx_144
open,trainingSamples,raw_data/EMG-EPN612/testingJSON/user223/user223.json,idx_145
open,trainingSamples,raw_data/EMG-EPN612/testingJSON/user223/user223.json,idx_146
open,trainingSamples,raw_data/EMG-EPN612/testingJSON/user223/user223.json,idx_147
open,trainingSamples,raw_data/EMG-EPN612/testingJSON/user223/user223.json,idx_148
open,trainingSamples,raw_data/EMG-EPN612/testingJSON/user223/user223.json,idx_149
open,trainingSamples,raw_data/EMG-EPN612/testingJSON/user223/user223.json,idx_150
noGesture,trainingSamples,raw_data/EMG-EPN612/testingJSON/user224/user224.json,idx_1
noGesture,trainingSamples,raw_data/EMG-EPN612/testingJSON/user224/user224.json,idx_2
noGesture,trainingSamples,raw_data/EMG-EPN612/testingJSON/user224/user224.json,idx_3
noGesture,trainingSamples,raw_data/EMG-EPN612/testingJSON/user224/user224.json,idx_4
noGesture,trainingSamples,raw_data/EMG-EPN612/testingJSON/user224/user224.json,idx_5
noGesture,trainingSamples,raw_data/EMG-EPN612/testingJSON/user224/user224.json,idx_6
noGesture,trainingSamples,raw_data/EMG-EPN612/testingJSON/user224/user224.json,idx_7
noGesture,trainingSamples,raw_data/EMG-EPN612/testingJSON/user224/user224.json,idx_8
noGesture,trainingSamples,raw_data/EMG-EPN612/testingJSON/user224/user224.json,idx_9
noGesture,trainingSamples,raw_data/EMG-EPN612/testingJSON/user224/user224.json,idx_10
noGesture,trainingSamples,raw_data/EMG-EPN612/testingJSON/user224/user224.json,idx_11
noGesture,trainingSamples,raw_data/EMG-EPN612/testingJSON/user224/user224.json,idx_12
noGesture,trainingSamples,raw_data/EMG-EPN612/testingJSON/user224/user224.json,idx_13
noGesture,trainingSamples,raw_data/EMG-EPN612/testingJSON/user224/user224.json,idx_14
noGesture,trainingSamples,raw_data/EMG-EPN612/testingJSON/user224/user224.json,idx_15
noGesture,trainingSamples,raw_data/EMG-EPN612/testingJSON/user224/user224.json,idx_16
noGesture,trainingSamples,raw_data/EMG-EPN612/testingJSON/user224/user224.json,idx_17
noGesture,trainingSamples,raw_data/EMG-EPN612/testingJSON/user224/user224.json,idx_18
noGesture,trainingSamples,raw_data/EMG-EPN612/testingJSON/user224/user224.json,idx_19
noGesture,trainingSamples,raw_data/EMG-EPN612/testingJSON/user224/user224.json,idx_20
noGesture,trainingSamples,raw_data/EMG-EPN612/testingJSON/user224/user224.json,idx_21
noGesture,trainingSamples,raw_data/EMG-EPN612/testingJSON/user224/user224.json,idx_22
noGesture,trainingSamples,raw_data/EMG-EPN612/testingJSON/user224/user224.json,idx_23
noGesture,trainingSamples,raw_data/EMG-EPN612/testingJSON/user224/user224.json,idx_24
noGesture,trainingSamples,raw_data/EMG-EPN612/testingJSON/user224/user224.json,idx_25
waveOut,trainingSamples,raw_data/EMG-EPN612/testingJSON/user224/user224.json,idx_26
waveOut,trainingSamples,raw_data/EMG-EPN612/testingJSON/user224/user224.json,idx_27
waveOut,trainingSamples,raw_data/EMG-EPN612/testingJSON/user224/user224.json,idx_28
waveOut,trainingSamples,raw_data/EMG-EPN612/testingJSON/user224/user224.json,idx_29
waveOut,trainingSamples,raw_data/EMG-EPN612/testingJSON/user224/user224.json,idx_30
waveOut,trainingSamples,raw_data/EMG-EPN612/testingJSON/user224/user224.json,idx_31
waveOut,trainingSamples,raw_data/EMG-EPN612/testingJSON/user224/user224.json,idx_32
waveOut,trainingSamples,raw_data/EMG-EPN612/testingJSON/user224/user224.json,idx_33
waveOut,trainingSamples,raw_data/EMG-EPN612/testingJSON/user224/user224.json,idx_34
waveOut,trainingSamples,raw_data/EMG-EPN612/testingJSON/user224/user224.json,idx_35
waveOut,trainingSamples,raw_data/EMG-EPN612/testingJSON/user224/user224.json,idx_36
waveOut,trainingSamples,raw_data/EMG-EPN612/testingJSON/user224/user224.json,idx_37
waveOut,trainingSamples,raw_data/EMG-EPN612/testingJSON/user224/user224.json,idx_38
waveOut,trainingSamples,raw_data/EMG-EPN612/testingJSON/user224/user224.json,idx_39
waveOut,trainingSamples,raw_data/EMG-EPN612/testingJSON/user224/user224.json,idx_40
waveOut,trainingSamples,raw_data/EMG-EPN612/testingJSON/user224/user224.json,idx_41
waveOut,trainingSamples,raw_data/EMG-EPN612/testingJSON/user224/user224.json,idx_42
waveOut,trainingSamples,raw_data/EMG-EPN612/testingJSON/user224/user224.json,idx_43
waveOut,trainingSamples,raw_data/EMG-EPN612/testingJSON/user224/user224.json,idx_44
waveOut,trainingSamples,raw_data/EMG-EPN612/testingJSON/user224/user224.json,idx_45
waveOut,trainingSamples,raw_data/EMG-EPN612/testingJSON/user224/user224.json,idx_46
waveOut,trainingSamples,raw_data/EMG-EPN612/testingJSON/user224/user224.json,idx_47
waveOut,trainingSamples,raw_data/EMG-EPN612/testingJSON/user224/user224.json,idx_48
waveOut,trainingSamples,raw_data/EMG-EPN612/testingJSON/user224/user224.json,idx_49
waveOut,trainingSamples,raw_data/EMG-EPN612/testingJSON/user224/user224.json,idx_50
pinch,trainingSamples,raw_data/EMG-EPN612/testingJSON/user224/user224.json,idx_51
pinch,trainingSamples,raw_data/EMG-EPN612/testingJSON/user224/user224.json,idx_52
pinch,trainingSamples,raw_data/EMG-EPN612/testingJSON/user224/user224.json,idx_53
pinch,trainingSamples,raw_data/EMG-EPN612/testingJSON/user224/user224.json,idx_54
pinch,trainingSamples,raw_data/EMG-EPN612/testingJSON/user224/user224.json,idx_55
pinch,trainingSamples,raw_data/EMG-EPN612/testingJSON/user224/user224.json,idx_56
pinch,trainingSamples,raw_data/EMG-EPN612/testingJSON/user224/user224.json,idx_57
pinch,trainingSamples,raw_data/EMG-EPN612/testingJSON/user224/user224.json,idx_58
pinch,trainingSamples,raw_data/EMG-EPN612/testingJSON/user224/user224.json,idx_59
pinch,trainingSamples,raw_data/EMG-EPN612/testingJSON/user224/user224.json,idx_60
pinch,trainingSamples,raw_data/EMG-EPN612/testingJSON/user224/user224.json,idx_61
pinch,trainingSamples,raw_data/EMG-EPN612/testingJSON/user224/user224.json,idx_62
pinch,trainingSamples,raw_data/EMG-EPN612/testingJSON/user224/user224.json,idx_63
pinch,trainingSamples,raw_data/EMG-EPN612/testingJSON/user224/user224.json,idx_64
pinch,trainingSamples,raw_data/EMG-EPN612/testingJSON/user224/user224.json,idx_65
pinch,trainingSamples,raw_data/EMG-EPN612/testingJSON/user224/user224.json,idx_66
pinch,trainingSamples,raw_data/EMG-EPN612/testingJSON/user224/user224.json,idx_67
pinch,trainingSamples,raw_data/EMG-EPN612/testingJSON/user224/user224.json,idx_68
pinch,trainingSamples,raw_data/EMG-EPN612/testingJSON/user224/user224.json,idx_69
pinch,trainingSamples,raw_data/EMG-EPN612/testingJSON/user224/user224.json,idx_70
pinch,trainingSamples,raw_data/EMG-EPN612/testingJSON/user224/user224.json,idx_71
pinch,trainingSamples,raw_data/EMG-EPN612/testingJSON/user224/user224.json,idx_72
pinch,trainingSamples,raw_data/EMG-EPN612/testingJSON/user224/user224.json,idx_73
pinch,trainingSamples,raw_data/EMG-EPN612/testingJSON/user224/user224.json,idx_74
pinch,trainingSamples,raw_data/EMG-EPN612/testingJSON/user224/user224.json,idx_75
fist,trainingSamples,raw_data/EMG-EPN612/testingJSON/user224/user224.json,idx_76
fist,trainingSamples,raw_data/EMG-EPN612/testingJSON/user224/user224.json,idx_77
fist,trainingSamples,raw_data/EMG-EPN612/testingJSON/user224/user224.json,idx_78
fist,trainingSamples,raw_data/EMG-EPN612/testingJSON/user224/user224.json,idx_79
fist,trainingSamples,raw_data/EMG-EPN612/testingJSON/user224/user224.json,idx_80
fist,trainingSamples,raw_data/EMG-EPN612/testingJSON/user224/user224.json,idx_81
fist,trainingSamples,raw_data/EMG-EPN612/testingJSON/user224/user224.json,idx_82
fist,trainingSamples,raw_data/EMG-EPN612/testingJSON/user224/user224.json,idx_83
fist,trainingSamples,raw_data/EMG-EPN612/testingJSON/user224/user224.json,idx_84
fist,trainingSamples,raw_data/EMG-EPN612/testingJSON/user224/user224.json,idx_85
fist,trainingSamples,raw_data/EMG-EPN612/testingJSON/user224/user224.json,idx_86
fist,trainingSamples,raw_data/EMG-EPN612/testingJSON/user224/user224.json,idx_87
fist,trainingSamples,raw_data/EMG-EPN612/testingJSON/user224/user224.json,idx_88
fist,trainingSamples,raw_data/EMG-EPN612/testingJSON/user224/user224.json,idx_89
fist,trainingSamples,raw_data/EMG-EPN612/testingJSON/user224/user224.json,idx_90
fist,trainingSamples,raw_data/EMG-EPN612/testingJSON/user224/user224.json,idx_91
fist,trainingSamples,raw_data/EMG-EPN612/testingJSON/user224/user224.json,idx_92
fist,trainingSamples,raw_data/EMG-EPN612/testingJSON/user224/user224.json,idx_93
fist,trainingSamples,raw_data/EMG-EPN612/testingJSON/user224/user224.json,idx_94
fist,trainingSamples,raw_data/EMG-EPN612/testingJSON/user224/user224.json,idx_95
fist,trainingSamples,raw_data/EMG-EPN612/testingJSON/user224/user224.json,idx_96
fist,trainingSamples,raw_data/EMG-EPN612/testingJSON/user224/user224.json,idx_97
fist,trainingSamples,raw_data/EMG-EPN612/testingJSON/user224/user224.json,idx_98
fist,trainingSamples,raw_data/EMG-EPN612/testingJSON/user224/user224.json,idx_99
fist,trainingSamples,raw_data/EMG-EPN612/testingJSON/user224/user224.json,idx_100
waveIn,trainingSamples,raw_data/EMG-EPN612/testingJSON/user224/user224.json,idx_101
waveIn,trainingSamples,raw_data/EMG-EPN612/testingJSON/user224/user224.json,idx_102
waveIn,trainingSamples,raw_data/EMG-EPN612/testingJSON/user224/user224.json,idx_103
waveIn,trainingSamples,raw_data/EMG-EPN612/testingJSON/user224/user224.json,idx_104
waveIn,trainingSamples,raw_data/EMG-EPN612/testingJSON/user224/user224.json,idx_105
waveIn,trainingSamples,raw_data/EMG-EPN612/testingJSON/user224/user224.json,idx_106
waveIn,trainingSamples,raw_data/EMG-EPN612/testingJSON/user224/user224.json,idx_107
waveIn,trainingSamples,raw_data/EMG-EPN612/testingJSON/user224/user224.json,idx_108
waveIn,trainingSamples,raw_data/EMG-EPN612/testingJSON/user224/user224.json,idx_109
waveIn,trainingSamples,raw_data/EMG-EPN612/testingJSON/user224/user224.json,idx_110
waveIn,trainingSamples,raw_data/EMG-EPN612/testingJSON/user224/user224.json,idx_111
waveIn,trainingSamples,raw_data/EMG-EPN612/testingJSON/user224/user224.json,idx_112
waveIn,trainingSamples,raw_data/EMG-EPN612/testingJSON/user224/user224.json,idx_113
waveIn,trainingSamples,raw_data/EMG-EPN612/testingJSON/user224/user224.json,idx_114
waveIn,trainingSamples,raw_data/EMG-EPN612/testingJSON/user224/user224.json,idx_115
waveIn,trainingSamples,raw_data/EMG-EPN612/testingJSON/user224/user224.json,idx_116
waveIn,trainingSamples,raw_data/EMG-EPN612/testingJSON/user224/user224.json,idx_117
waveIn,trainingSamples,raw_data/EMG-EPN612/testingJSON/user224/user224.json,idx_118
waveIn,trainingSamples,raw_data/EMG-EPN612/testingJSON/user224/user224.json,idx_119
waveIn,trainingSamples,raw_data/EMG-EPN612/testingJSON/user224/user224.json,idx_120
waveIn,trainingSamples,raw_data/EMG-EPN612/testingJSON/user224/user224.json,idx_121
waveIn,trainingSamples,raw_data/EMG-EPN612/testingJSON/user224/user224.json,idx_122
waveIn,trainingSamples,raw_data/EMG-EPN612/testingJSON/user224/user224.json,idx_123
waveIn,trainingSamples,raw_data/EMG-EPN612/testingJSON/user224/user224.json,idx_124
waveIn,trainingSamples,raw_data/EMG-EPN612/testingJSON/user224/user224.json,idx_125
open,trainingSamples,raw_data/EMG-EPN612/testingJSON/user224/user224.json,idx_126
open,trainingSamples,raw_data/EMG-EPN612/testingJSON/user224/user224.json,idx_127
open,trainingSamples,raw_data/EMG-EPN612/testingJSON/user224/user224.json,idx_128
open,trainingSamples,raw_data/EMG-EPN612/testingJSON/user224/user224.json,idx_129
open,trainingSamples,raw_data/EMG-EPN612/testingJSON/user224/user224.json,idx_130
open,trainingSamples,raw_data/EMG-EPN612/testingJSON/user224/user224.json,idx_131
open,trainingSamples,raw_data/EMG-EPN612/testingJSON/user224/user224.json,idx_132
open,trainingSamples,raw_data/EMG-EPN612/testingJSON/user224/user224.json,idx_133
open,trainingSamples,raw_data/EMG-EPN612/testingJSON/user224/user224.json,idx_134
open,trainingSamples,raw_data/EMG-EPN612/testingJSON/user224/user224.json,idx_135
open,trainingSamples,raw_data/EMG-EPN612/testingJSON/user224/user224.json,idx_136
open,trainingSamples,raw_data/EMG-EPN612/testingJSON/user224/user224.json,idx_137
open,trainingSamples,raw_data/EMG-EPN612/testingJSON/user224/user224.json,idx_138
open,trainingSamples,raw_data/EMG-EPN612/testingJSON/user224/user224.json,idx_139
open,trainingSamples,raw_data/EMG-EPN612/testingJSON/user224/user224.json,idx_140
open,trainingSamples,raw_data/EMG-EPN612/testingJSON/user224/user224.json,idx_141
open,trainingSamples,raw_data/EMG-EPN612/testingJSON/user224/user224.json,idx_142
open,trainingSamples,raw_data/EMG-EPN612/testingJSON/user224/user224.json,idx_143
open,trainingSamples,raw_data/EMG-EPN612/testingJSON/user224/user224.json,idx_144
open,trainingSamples,raw_data/EMG-EPN612/testingJSON/user224/user224.json,idx_145
open,trainingSamples,raw_data/EMG-EPN612/testingJSON/user224/user224.json,idx_146
open,trainingSamples,raw_data/EMG-EPN612/testingJSON/user224/user224.json,idx_147
open,trainingSamples,raw_data/EMG-EPN612/testingJSON/user224/user224.json,idx_148
open,trainingSamples,raw_data/EMG-EPN612/testingJSON/user224/user224.json,idx_149
open,trainingSamples,raw_data/EMG-EPN612/testingJSON/user224/user224.json,idx_150
noGesture,trainingSamples,raw_data/EMG-EPN612/testingJSON/user225/user225.json,idx_1
noGesture,trainingSamples,raw_data/EMG-EPN612/testingJSON/user225/user225.json,idx_2
noGesture,trainingSamples,raw_data/EMG-EPN612/testingJSON/user225/user225.json,idx_3
noGesture,trainingSamples,raw_data/EMG-EPN612/testingJSON/user225/user225.json,idx_4
noGesture,trainingSamples,raw_data/EMG-EPN612/testingJSON/user225/user225.json,idx_5
noGesture,trainingSamples,raw_data/EMG-EPN612/testingJSON/user225/user225.json,idx_6
noGesture,trainingSamples,raw_data/EMG-EPN612/testingJSON/user225/user225.json,idx_7
noGesture,trainingSamples,raw_data/EMG-EPN612/testingJSON/user225/user225.json,idx_8
noGesture,trainingSamples,raw_data/EMG-EPN612/testingJSON/user225/user225.json,idx_9
noGesture,trainingSamples,raw_data/EMG-EPN612/testingJSON/user225/user225.json,idx_10
noGesture,trainingSamples,raw_data/EMG-EPN612/testingJSON/user225/user225.json,idx_11
noGesture,trainingSamples,raw_data/EMG-EPN612/testingJSON/user225/user225.json,idx_12
noGesture,trainingSamples,raw_data/EMG-EPN612/testingJSON/user225/user225.json,idx_13
noGesture,trainingSamples,raw_data/EMG-EPN612/testingJSON/user225/user225.json,idx_14
noGesture,trainingSamples,raw_data/EMG-EPN612/testingJSON/user225/user225.json,idx_15
noGesture,trainingSamples,raw_data/EMG-EPN612/testingJSON/user225/user225.json,idx_16
noGesture,trainingSamples,raw_data/EMG-EPN612/testingJSON/user225/user225.json,idx_17
noGesture,trainingSamples,raw_data/EMG-EPN612/testingJSON/user225/user225.json,idx_18
noGesture,trainingSamples,raw_data/EMG-EPN612/testingJSON/user225/user225.json,idx_19
noGesture,trainingSamples,raw_data/EMG-EPN612/testingJSON/user225/user225.json,idx_20
noGesture,trainingSamples,raw_data/EMG-EPN612/testingJSON/user225/user225.json,idx_21
noGesture,trainingSamples,raw_data/EMG-EPN612/testingJSON/user225/user225.json,idx_22
noGesture,trainingSamples,raw_data/EMG-EPN612/testingJSON/user225/user225.json,idx_23
noGesture,trainingSamples,raw_data/EMG-EPN612/testingJSON/user225/user225.json,idx_24
noGesture,trainingSamples,raw_data/EMG-EPN612/testingJSON/user225/user225.json,idx_25
fist,trainingSamples,raw_data/EMG-EPN612/testingJSON/user225/user225.json,idx_26
fist,trainingSamples,raw_data/EMG-EPN612/testingJSON/user225/user225.json,idx_27
fist,trainingSamples,raw_data/EMG-EPN612/testingJSON/user225/user225.json,idx_28
fist,trainingSamples,raw_data/EMG-EPN612/testingJSON/user225/user225.json,idx_29
fist,trainingSamples,raw_data/EMG-EPN612/testingJSON/user225/user225.json,idx_30
fist,trainingSamples,raw_data/EMG-EPN612/testingJSON/user225/user225.json,idx_31
fist,trainingSamples,raw_data/EMG-EPN612/testingJSON/user225/user225.json,idx_32
fist,trainingSamples,raw_data/EMG-EPN612/testingJSON/user225/user225.json,idx_33
fist,trainingSamples,raw_data/EMG-EPN612/testingJSON/user225/user225.json,idx_34
fist,trainingSamples,raw_data/EMG-EPN612/testingJSON/user225/user225.json,idx_35
fist,trainingSamples,raw_data/EMG-EPN612/testingJSON/user225/user225.json,idx_36
fist,trainingSamples,raw_data/EMG-EPN612/testingJSON/user225/user225.json,idx_37
fist,trainingSamples,raw_data/EMG-EPN612/testingJSON/user225/user225.json,idx_38
fist,trainingSamples,raw_data/EMG-EPN612/testingJSON/user225/user225.json,idx_39
fist,trainingSamples,raw_data/EMG-EPN612/testingJSON/user225/user225.json,idx_40
fist,trainingSamples,raw_data/EMG-EPN612/testingJSON/user225/user225.json,idx_41
fist,trainingSamples,raw_data/EMG-EPN612/testingJSON/user225/user225.json,idx_42
fist,trainingSamples,raw_data/EMG-EPN612/testingJSON/user225/user225.json,idx_43
fist,trainingSamples,raw_data/EMG-EPN612/testingJSON/user225/user225.json,idx_44
fist,trainingSamples,raw_data/EMG-EPN612/testingJSON/user225/user225.json,idx_45
fist,trainingSamples,raw_data/EMG-EPN612/testingJSON/user225/user225.json,idx_46
fist,trainingSamples,raw_data/EMG-EPN612/testingJSON/user225/user225.json,idx_47
fist,trainingSamples,raw_data/EMG-EPN612/testingJSON/user225/user225.json,idx_48
fist,trainingSamples,raw_data/EMG-EPN612/testingJSON/user225/user225.json,idx_49
fist,trainingSamples,raw_data/EMG-EPN612/testingJSON/user225/user225.json,idx_50
waveIn,trainingSamples,raw_data/EMG-EPN612/testingJSON/user225/user225.json,idx_51
waveIn,trainingSamples,raw_data/EMG-EPN612/testingJSON/user225/user225.json,idx_52
waveIn,trainingSamples,raw_data/EMG-EPN612/testingJSON/user225/user225.json,idx_53
waveIn,trainingSamples,raw_data/EMG-EPN612/testingJSON/user225/user225.json,idx_54
waveIn,trainingSamples,raw_data/EMG-EPN612/testingJSON/user225/user225.json,idx_55
waveIn,trainingSamples,raw_data/EMG-EPN612/testingJSON/user225/user225.json,idx_56
waveIn,trainingSamples,raw_data/EMG-EPN612/testingJSON/user225/user225.json,idx_57
waveIn,trainingSamples,raw_data/EMG-EPN612/testingJSON/user225/user225.json,idx_58
waveIn,trainingSamples,raw_data/EMG-EPN612/testingJSON/user225/user225.json,idx_59
waveIn,trainingSamples,raw_data/EMG-EPN612/testingJSON/user225/user225.json,idx_60
waveIn,trainingSamples,raw_data/EMG-EPN612/testingJSON/user225/user225.json,idx_61
waveIn,trainingSamples,raw_data/EMG-EPN612/testingJSON/user225/user225.json,idx_62
waveIn,trainingSamples,raw_data/EMG-EPN612/testingJSON/user225/user225.json,idx_63
waveIn,trainingSamples,raw_data/EMG-EPN612/testingJSON/user225/user225.json,idx_64
waveIn,trainingSamples,raw_data/EMG-EPN612/testingJSON/user225/user225.json,idx_65
waveIn,trainingSamples,raw_data/EMG-EPN612/testingJSON/user225/user225.json,idx_66
waveIn,trainingSamples,raw_data/EMG-EPN612/testingJSON/user225/user225.json,idx_67
waveIn,trainingSamples,raw_data/EMG-EPN612/testingJSON/user225/user225.json,idx_68
waveIn,trainingSamples,raw_data/EMG-EPN612/testingJSON/user225/user225.json,idx_69
waveIn,trainingSamples,raw_data/EMG-EPN612/testingJSON/user225/user225.json,idx_70
waveIn,trainingSamples,raw_data/EMG-EPN612/testingJSON/user225/user225.json,idx_71
waveIn,trainingSamples,raw_data/EMG-EPN612/testingJSON/user225/user225.json,idx_72
waveIn,trainingSamples,raw_data/EMG-EPN612/testingJSON/user225/user225.json,idx_73
waveIn,trainingSamples,raw_data/EMG-EPN612/testingJSON/user225/user225.json,idx_74
waveIn,trainingSamples,raw_data/EMG-EPN612/testingJSON/user225/user225.json,idx_75
pinch,trainingSamples,raw_data/EMG-EPN612/testingJSON/user225/user225.json,idx_76
pinch,trainingSamples,raw_data/EMG-EPN612/testingJSON/user225/user225.json,idx_77
pinch,trainingSamples,raw_data/EMG-EPN612/testingJSON/user225/user225.json,idx_78
pinch,trainingSamples,raw_data/EMG-EPN612/testingJSON/user225/user225.json,idx_79
pinch,trainingSamples,raw_data/EMG-EPN612/testingJSON/user225/user225.json,idx_80
pinch,trainingSamples,raw_data/EMG-EPN612/testingJSON/user225/user225.json,idx_81
pinch,trainingSamples,raw_data/EMG-EPN612/testingJSON/user225/user225.json,idx_82
pinch,trainingSamples,raw_data/EMG-EPN612/testingJSON/user225/user225.json,idx_83
pinch,trainingSamples,raw_data/EMG-EPN612/testingJSON/user225/user225.json,idx_84
pinch,trainingSamples,raw_data/EMG-EPN612/testingJSON/user225/user225.json,idx_85
pinch,trainingSamples,raw_data/EMG-EPN612/testingJSON/user225/user225.json,idx_86
pinch,trainingSamples,raw_data/EMG-EPN612/testingJSON/user225/user225.json,idx_87
pinch,trainingSamples,raw_data/EMG-EPN612/testingJSON/user225/user225.json,idx_88
pinch,trainingSamples,raw_data/EMG-EPN612/testingJSON/user225/user225.json,idx_89
pinch,trainingSamples,raw_data/EMG-EPN612/testingJSON/user225/user225.json,idx_90
pinch,trainingSamples,raw_data/EMG-EPN612/testingJSON/user225/user225.json,idx_91
pinch,trainingSamples,raw_data/EMG-EPN612/testingJSON/user225/user225.json,idx_92
pinch,trainingSamples,raw_data/EMG-EPN612/testingJSON/user225/user225.json,idx_93
pinch,trainingSamples,raw_data/EMG-EPN612/testingJSON/user225/user225.json,idx_94
pinch,trainingSamples,raw_data/EMG-EPN612/testingJSON/user225/user225.json,idx_95
pinch,trainingSamples,raw_data/EMG-EPN612/testingJSON/user225/user225.json,idx_96
pinch,trainingSamples,raw_data/EMG-EPN612/testingJSON/user225/user225.json,idx_97
pinch,trainingSamples,raw_data/EMG-EPN612/testingJSON/user225/user225.json,idx_98
pinch,trainingSamples,raw_data/EMG-EPN612/testingJSON/user225/user225.json,idx_99
pinch,trainingSamples,raw_data/EMG-EPN612/testingJSON/user225/user225.json,idx_100
waveOut,trainingSamples,raw_data/EMG-EPN612/testingJSON/user225/user225.json,idx_101
waveOut,trainingSamples,raw_data/EMG-EPN612/testingJSON/user225/user225.json,idx_102
waveOut,trainingSamples,raw_data/EMG-EPN612/testingJSON/user225/user225.json,idx_103
waveOut,trainingSamples,raw_data/EMG-EPN612/testingJSON/user225/user225.json,idx_104
waveOut,trainingSamples,raw_data/EMG-EPN612/testingJSON/user225/user225.json,idx_105
waveOut,trainingSamples,raw_data/EMG-EPN612/testingJSON/user225/user225.json,idx_106
waveOut,trainingSamples,raw_data/EMG-EPN612/testingJSON/user225/user225.json,idx_107
waveOut,trainingSamples,raw_data/EMG-EPN612/testingJSON/user225/user225.json,idx_108
waveOut,trainingSamples,raw_data/EMG-EPN612/testingJSON/user225/user225.json,idx_109
waveOut,trainingSamples,raw_data/EMG-EPN612/testingJSON/user225/user225.json,idx_110
waveOut,trainingSamples,raw_data/EMG-EPN612/testingJSON/user225/user225.json,idx_111
waveOut,trainingSamples,raw_data/EMG-EPN612/testingJSON/user225/user225.json,idx_112
waveOut,trainingSamples,raw_data/EMG-EPN612/testingJSON/user225/user225.json,idx_113
waveOut,trainingSamples,raw_data/EMG-EPN612/testingJSON/user225/user225.json,idx_114
waveOut,trainingSamples,raw_data/EMG-EPN612/testingJSON/user225/user225.json,idx_115
waveOut,trainingSamples,raw_data/EMG-EPN612/testingJSON/user225/user225.json,idx_116
waveOut,trainingSamples,raw_data/EMG-EPN612/testingJSON/user225/user225.json,idx_117
waveOut,trainingSamples,raw_data/EMG-EPN612/testingJSON/user225/user225.json,idx_118
waveOut,trainingSamples,raw_data/EMG-EPN612/testingJSON/user225/user225.json,idx_119
waveOut,trainingSamples,raw_data/EMG-EPN612/testingJSON/user225/user225.json,idx_120
waveOut,trainingSamples,raw_data/EMG-EPN612/testingJSON/user225/user225.json,idx_121
waveOut,trainingSamples,raw_data/EMG-EPN612/testingJSON/user225/user225.json,idx_122
waveOut,trainingSamples,raw_data/EMG-EPN612/testingJSON/user225/user225.json,idx_123
waveOut,trainingSamples,raw_data/EMG-EPN612/testingJSON/user225/user225.json,idx_124
waveOut,trainingSamples,raw_data/EMG-EPN612/testingJSON/user225/user225.json,idx_125
open,trainingSamples,raw_data/EMG-EPN612/testingJSON/user225/user225.json,idx_126
open,trainingSamples,raw_data/EMG-EPN612/testingJSON/user225/user225.json,idx_127
open,trainingSamples,raw_data/EMG-EPN612/testingJSON/user225/user225.json,idx_128
open,trainingSamples,raw_data/EMG-EPN612/testingJSON/user225/user225.json,idx_129
open,trainingSamples,raw_data/EMG-EPN612/testingJSON/user225/user225.json,idx_130
open,trainingSamples,raw_data/EMG-EPN612/testingJSON/user225/user225.json,idx_131
open,trainingSamples,raw_data/EMG-EPN612/testingJSON/user225/user225.json,idx_132
open,trainingSamples,raw_data/EMG-EPN612/testingJSON/user225/user225.json,idx_133
open,trainingSamples,raw_data/EMG-EPN612/testingJSON/user225/user225.json,idx_134
open,trainingSamples,raw_data/EMG-EPN612/testingJSON/user225/user225.json,idx_135
open,trainingSamples,raw_data/EMG-EPN612/testingJSON/user225/user225.json,idx_136
open,trainingSamples,raw_data/EMG-EPN612/testingJSON/user225/user225.json,idx_137
open,trainingSamples,raw_data/EMG-EPN612/testingJSON/user225/user225.json,idx_138
open,trainingSamples,raw_data/EMG-EPN612/testingJSON/user225/user225.json,idx_139
open,trainingSamples,raw_data/EMG-EPN612/testingJSON/user225/user225.json,idx_140
open,trainingSamples,raw_data/EMG-EPN612/testingJSON/user225/user225.json,idx_141
open,trainingSamples,raw_data/EMG-EPN612/testingJSON/user225/user225.json,idx_142
open,trainingSamples,raw_data/EMG-EPN612/testingJSON/user225/user225.json,idx_143
open,trainingSamples,raw_data/EMG-EPN612/testingJSON/user225/user225.json,idx_144
open,trainingSamples,raw_data/EMG-EPN612/testingJSON/user225/user225.json,idx_145
open,trainingSamples,raw_data/EMG-EPN612/testingJSON/user225/user225.json,idx_146
open,trainingSamples,raw_data/EMG-EPN612/testingJSON/user225/user225.json,idx_147
open,trainingSamples,raw_data/EMG-EPN612/testingJSON/user225/user225.json,idx_148
open,trainingSamples,raw_data/EMG-EPN612/testingJSON/user225/user225.json,idx_149
open,trainingSamples,raw_data/EMG-EPN612/testingJSON/user225/user225.json,idx_150
noGesture,trainingSamples,raw_data/EMG-EPN612/testingJSON/user226/user226.json,idx_1
noGesture,trainingSamples,raw_data/EMG-EPN612/testingJSON/user226/user226.json,idx_2
noGesture,trainingSamples,raw_data/EMG-EPN612/testingJSON/user226/user226.json,idx_3
noGesture,trainingSamples,raw_data/EMG-EPN612/testingJSON/user226/user226.json,idx_4
noGesture,trainingSamples,raw_data/EMG-EPN612/testingJSON/user226/user226.json,idx_5
noGesture,trainingSamples,raw_data/EMG-EPN612/testingJSON/user226/user226.json,idx_6
noGesture,trainingSamples,raw_data/EMG-EPN612/testingJSON/user226/user226.json,idx_7
noGesture,trainingSamples,raw_data/EMG-EPN612/testingJSON/user226/user226.json,idx_8
noGesture,trainingSamples,raw_data/EMG-EPN612/testingJSON/user226/user226.json,idx_9
noGesture,trainingSamples,raw_data/EMG-EPN612/testingJSON/user226/user226.json,idx_10
noGesture,trainingSamples,raw_data/EMG-EPN612/testingJSON/user226/user226.json,idx_11
noGesture,trainingSamples,raw_data/EMG-EPN612/testingJSON/user226/user226.json,idx_12
noGesture,trainingSamples,raw_data/EMG-EPN612/testingJSON/user226/user226.json,idx_13
noGesture,trainingSamples,raw_data/EMG-EPN612/testingJSON/user226/user226.json,idx_14
noGesture,trainingSamples,raw_data/EMG-EPN612/testingJSON/user226/user226.json,idx_15
noGesture,trainingSamples,raw_data/EMG-EPN612/testingJSON/user226/user226.json,idx_16
noGesture,trainingSamples,raw_data/EMG-EPN612/testingJSON/user226/user226.json,idx_17
noGesture,trainingSamples,raw_data/EMG-EPN612/testingJSON/user226/user226.json,idx_18
noGesture,trainingSamples,raw_data/EMG-EPN612/testingJSON/user226/user226.json,idx_19
noGesture,trainingSamples,raw_data/EMG-EPN612/testingJSON/user226/user226.json,idx_20
noGesture,trainingSamples,raw_data/EMG-EPN612/testingJSON/user226/user226.json,idx_21
noGesture,trainingSamples,raw_data/EMG-EPN612/testingJSON/user226/user226.json,idx_22
noGesture,trainingSamples,raw_data/EMG-EPN612/testingJSON/user226/user226.json,idx_23
noGesture,trainingSamples,raw_data/EMG-EPN612/testingJSON/user226/user226.json,idx_24
noGesture,trainingSamples,raw_data/EMG-EPN612/testingJSON/user226/user226.json,idx_25
waveOut,trainingSamples,raw_data/EMG-EPN612/testingJSON/user226/user226.json,idx_26
waveOut,trainingSamples,raw_data/EMG-EPN612/testingJSON/user226/user226.json,idx_27
waveOut,trainingSamples,raw_data/EMG-EPN612/testingJSON/user226/user226.json,idx_28
waveOut,trainingSamples,raw_data/EMG-EPN612/testingJSON/user226/user226.json,idx_29
waveOut,trainingSamples,raw_data/EMG-EPN612/testingJSON/user226/user226.json,idx_30
waveOut,trainingSamples,raw_data/EMG-EPN612/testingJSON/user226/user226.json,idx_31
waveOut,trainingSamples,raw_data/EMG-EPN612/testingJSON/user226/user226.json,idx_32
waveOut,trainingSamples,raw_data/EMG-EPN612/testingJSON/user226/user226.json,idx_33
waveOut,trainingSamples,raw_data/EMG-EPN612/testingJSON/user226/user226.json,idx_34
waveOut,trainingSamples,raw_data/EMG-EPN612/testingJSON/user226/user226.json,idx_35
waveOut,trainingSamples,raw_data/EMG-EPN612/testingJSON/user226/user226.json,idx_36
waveOut,trainingSamples,raw_data/EMG-EPN612/testingJSON/user226/user226.json,idx_37
waveOut,trainingSamples,raw_data/EMG-EPN612/testingJSON/user226/user226.json,idx_38
waveOut,trainingSamples,raw_data/EMG-EPN612/testingJSON/user226/user226.json,idx_39
waveOut,trainingSamples,raw_data/EMG-EPN612/testingJSON/user226/user226.json,idx_40
waveOut,trainingSamples,raw_data/EMG-EPN612/testingJSON/user226/user226.json,idx_41
waveOut,trainingSamples,raw_data/EMG-EPN612/testingJSON/user226/user226.json,idx_42
waveOut,trainingSamples,raw_data/EMG-EPN612/testingJSON/user226/user226.json,idx_43
waveOut,trainingSamples,raw_data/EMG-EPN612/testingJSON/user226/user226.json,idx_44
waveOut,trainingSamples,raw_data/EMG-EPN612/testingJSON/user226/user226.json,idx_45
waveOut,trainingSamples,raw_data/EMG-EPN612/testingJSON/user226/user226.json,idx_46
waveOut,trainingSamples,raw_data/EMG-EPN612/testingJSON/user226/user226.json,idx_47
waveOut,trainingSamples,raw_data/EMG-EPN612/testingJSON/user226/user226.json,idx_48
waveOut,trainingSamples,raw_data/EMG-EPN612/testingJSON/user226/user226.json,idx_49
waveOut,trainingSamples,raw_data/EMG-EPN612/testingJSON/user226/user226.json,idx_50
pinch,trainingSamples,raw_data/EMG-EPN612/testingJSON/user226/user226.json,idx_51
pinch,trainingSamples,raw_data/EMG-EPN612/testingJSON/user226/user226.json,idx_52
pinch,trainingSamples,raw_data/EMG-EPN612/testingJSON/user226/user226.json,idx_53
pinch,trainingSamples,raw_data/EMG-EPN612/testingJSON/user226/user226.json,idx_54
pinch,trainingSamples,raw_data/EMG-EPN612/testingJSON/user226/user226.json,idx_55
pinch,trainingSamples,raw_data/EMG-EPN612/testingJSON/user226/user226.json,idx_56
pinch,trainingSamples,raw_data/EMG-EPN612/testingJSON/user226/user226.json,idx_57
pinch,trainingSamples,raw_data/EMG-EPN612/testingJSON/user226/user226.json,idx_58
pinch,trainingSamples,raw_data/EMG-EPN612/testingJSON/user226/user226.json,idx_59
pinch,trainingSamples,raw_data/EMG-EPN612/testingJSON/user226/user226.json,idx_60
pinch,trainingSamples,raw_data/EMG-EPN612/testingJSON/user226/user226.json,idx_61
pinch,trainingSamples,raw_data/EMG-EPN612/testingJSON/user226/user226.json,idx_62
pinch,trainingSamples,raw_data/EMG-EPN612/testingJSON/user226/user226.json,idx_63
pinch,trainingSamples,raw_data/EMG-EPN612/testingJSON/user226/user226.json,idx_64
pinch,trainingSamples,raw_data/EMG-EPN612/testingJSON/user226/user226.json,idx_65
pinch,trainingSamples,raw_data/EMG-EPN612/testingJSON/user226/user226.json,idx_66
pinch,trainingSamples,raw_data/EMG-EPN612/testingJSON/user226/user226.json,idx_67
pinch,trainingSamples,raw_data/EMG-EPN612/testingJSON/user226/user226.json,idx_68
pinch,trainingSamples,raw_data/EMG-EPN612/testingJSON/user226/user226.json,idx_69
pinch,trainingSamples,raw_data/EMG-EPN612/testingJSON/user226/user226.json,idx_70
pinch,trainingSamples,raw_data/EMG-EPN612/testingJSON/user226/user226.json,idx_71
pinch,trainingSamples,raw_data/EMG-EPN612/testingJSON/user226/user226.json,idx_72
pinch,trainingSamples,raw_data/EMG-EPN612/testingJSON/user226/user226.json,idx_73
pinch,trainingSamples,raw_data/EMG-EPN612/testingJSON/user226/user226.json,idx_74
pinch,trainingSamples,raw_data/EMG-EPN612/testingJSON/user226/user226.json,idx_75
fist,trainingSamples,raw_data/EMG-EPN612/testingJSON/user226/user226.json,idx_76
fist,trainingSamples,raw_data/EMG-EPN612/testingJSON/user226/user226.json,idx_77
fist,trainingSamples,raw_data/EMG-EPN612/testingJSON/user226/user226.json,idx_78
fist,trainingSamples,raw_data/EMG-EPN612/testingJSON/user226/user226.json,idx_79
fist,trainingSamples,raw_data/EMG-EPN612/testingJSON/user226/user226.json,idx_80
fist,trainingSamples,raw_data/EMG-EPN612/testingJSON/user226/user226.json,idx_81
fist,trainingSamples,raw_data/EMG-EPN612/testingJSON/user226/user226.json,idx_82
fist,trainingSamples,raw_data/EMG-EPN612/testingJSON/user226/user226.json,idx_83
fist,trainingSamples,raw_data/EMG-EPN612/testingJSON/user226/user226.json,idx_84
fist,trainingSamples,raw_data/EMG-EPN612/testingJSON/user226/user226.json,idx_85
fist,trainingSamples,raw_data/EMG-EPN612/testingJSON/user226/user226.json,idx_86
fist,trainingSamples,raw_data/EMG-EPN612/testingJSON/user226/user226.json,idx_87
fist,trainingSamples,raw_data/EMG-EPN612/testingJSON/user226/user226.json,idx_88
fist,trainingSamples,raw_data/EMG-EPN612/testingJSON/user226/user226.json,idx_89
fist,trainingSamples,raw_data/EMG-EPN612/testingJSON/user226/user226.json,idx_90
fist,trainingSamples,raw_data/EMG-EPN612/testingJSON/user226/user226.json,idx_91
fist,trainingSamples,raw_data/EMG-EPN612/testingJSON/user226/user226.json,idx_92
fist,trainingSamples,raw_data/EMG-EPN612/testingJSON/user226/user226.json,idx_93
fist,trainingSamples,raw_data/EMG-EPN612/testingJSON/user226/user226.json,idx_94
fist,trainingSamples,raw_data/EMG-EPN612/testingJSON/user226/user226.json,idx_95
fist,trainingSamples,raw_data/EMG-EPN612/testingJSON/user226/user226.json,idx_96
fist,trainingSamples,raw_data/EMG-EPN612/testingJSON/user226/user226.json,idx_97
fist,trainingSamples,raw_data/EMG-EPN612/testingJSON/user226/user226.json,idx_98
fist,trainingSamples,raw_data/EMG-EPN612/testingJSON/user226/user226.json,idx_99
fist,trainingSamples,raw_data/EMG-EPN612/testingJSON/user226/user226.json,idx_100
waveIn,trainingSamples,raw_data/EMG-EPN612/testingJSON/user226/user226.json,idx_101
waveIn,trainingSamples,raw_data/EMG-EPN612/testingJSON/user226/user226.json,idx_102
waveIn,trainingSamples,raw_data/EMG-EPN612/testingJSON/user226/user226.json,idx_103
waveIn,trainingSamples,raw_data/EMG-EPN612/testingJSON/user226/user226.json,idx_104
waveIn,trainingSamples,raw_data/EMG-EPN612/testingJSON/user226/user226.json,idx_105
waveIn,trainingSamples,raw_data/EMG-EPN612/testingJSON/user226/user226.json,idx_106
waveIn,trainingSamples,raw_data/EMG-EPN612/testingJSON/user226/user226.json,idx_107
waveIn,trainingSamples,raw_data/EMG-EPN612/testingJSON/user226/user226.json,idx_108
waveIn,trainingSamples,raw_data/EMG-EPN612/testingJSON/user226/user226.json,idx_109
waveIn,trainingSamples,raw_data/EMG-EPN612/testingJSON/user226/user226.json,idx_110
waveIn,trainingSamples,raw_data/EMG-EPN612/testingJSON/user226/user226.json,idx_111
waveIn,trainingSamples,raw_data/EMG-EPN612/testingJSON/user226/user226.json,idx_112
waveIn,trainingSamples,raw_data/EMG-EPN612/testingJSON/user226/user226.json,idx_113
waveIn,trainingSamples,raw_data/EMG-EPN612/testingJSON/user226/user226.json,idx_114
waveIn,trainingSamples,raw_data/EMG-EPN612/testingJSON/user226/user226.json,idx_115
waveIn,trainingSamples,raw_data/EMG-EPN612/testingJSON/user226/user226.json,idx_116
waveIn,trainingSamples,raw_data/EMG-EPN612/testingJSON/user226/user226.json,idx_117
waveIn,trainingSamples,raw_data/EMG-EPN612/testingJSON/user226/user226.json,idx_118
waveIn,trainingSamples,raw_data/EMG-EPN612/testingJSON/user226/user226.json,idx_119
waveIn,trainingSamples,raw_data/EMG-EPN612/testingJSON/user226/user226.json,idx_120
waveIn,trainingSamples,raw_data/EMG-EPN612/testingJSON/user226/user226.json,idx_121
waveIn,trainingSamples,raw_data/EMG-EPN612/testingJSON/user226/user226.json,idx_122
waveIn,trainingSamples,raw_data/EMG-EPN612/testingJSON/user226/user226.json,idx_123
waveIn,trainingSamples,raw_data/EMG-EPN612/testingJSON/user226/user226.json,idx_124
waveIn,trainingSamples,raw_data/EMG-EPN612/testingJSON/user226/user226.json,idx_125
open,trainingSamples,raw_data/EMG-EPN612/testingJSON/user226/user226.json,idx_126
open,trainingSamples,raw_data/EMG-EPN612/testingJSON/user226/user226.json,idx_127
open,trainingSamples,raw_data/EMG-EPN612/testingJSON/user226/user226.json,idx_128
open,trainingSamples,raw_data/EMG-EPN612/testingJSON/user226/user226.json,idx_129
open,trainingSamples,raw_data/EMG-EPN612/testingJSON/user226/user226.json,idx_130
open,trainingSamples,raw_data/EMG-EPN612/testingJSON/user226/user226.json,idx_131
open,trainingSamples,raw_data/EMG-EPN612/testingJSON/user226/user226.json,idx_132
open,trainingSamples,raw_data/EMG-EPN612/testingJSON/user226/user226.json,idx_133
open,trainingSamples,raw_data/EMG-EPN612/testingJSON/user226/user226.json,idx_134
open,trainingSamples,raw_data/EMG-EPN612/testingJSON/user226/user226.json,idx_135
open,trainingSamples,raw_data/EMG-EPN612/testingJSON/user226/user226.json,idx_136
open,trainingSamples,raw_data/EMG-EPN612/testingJSON/user226/user226.json,idx_137
open,trainingSamples,raw_data/EMG-EPN612/testingJSON/user226/user226.json,idx_138
open,trainingSamples,raw_data/EMG-EPN612/testingJSON/user226/user226.json,idx_139
open,trainingSamples,raw_data/EMG-EPN612/testingJSON/user226/user226.json,idx_140
open,trainingSamples,raw_data/EMG-EPN612/testingJSON/user226/user226.json,idx_141
open,trainingSamples,raw_data/EMG-EPN612/testingJSON/user226/user226.json,idx_142
open,trainingSamples,raw_data/EMG-EPN612/testingJSON/user226/user226.json,idx_143
open,trainingSamples,raw_data/EMG-EPN612/testingJSON/user226/user226.json,idx_144
open,trainingSamples,raw_data/EMG-EPN612/testingJSON/user226/user226.json,idx_145
open,trainingSamples,raw_data/EMG-EPN612/testingJSON/user226/user226.json,idx_146
open,trainingSamples,raw_data/EMG-EPN612/testingJSON/user226/user226.json,idx_147
open,trainingSamples,raw_data/EMG-EPN612/testingJSON/user226/user226.json,idx_148
open,trainingSamples,raw_data/EMG-EPN612/testingJSON/user226/user226.json,idx_149
open,trainingSamples,raw_data/EMG-EPN612/testingJSON/user226/user226.json,idx_150
noGesture,trainingSamples,raw_data/EMG-EPN612/testingJSON/user227/user227.json,idx_1
noGesture,trainingSamples,raw_data/EMG-EPN612/testingJSON/user227/user227.json,idx_2
noGesture,trainingSamples,raw_data/EMG-EPN612/testingJSON/user227/user227.json,idx_3
noGesture,trainingSamples,raw_data/EMG-EPN612/testingJSON/user227/user227.json,idx_4
noGesture,trainingSamples,raw_data/EMG-EPN612/testingJSON/user227/user227.json,idx_5
noGesture,trainingSamples,raw_data/EMG-EPN612/testingJSON/user227/user227.json,idx_6
noGesture,trainingSamples,raw_data/EMG-EPN612/testingJSON/user227/user227.json,idx_7
noGesture,trainingSamples,raw_data/EMG-EPN612/testingJSON/user227/user227.json,idx_8
noGesture,trainingSamples,raw_data/EMG-EPN612/testingJSON/user227/user227.json,idx_9
noGesture,trainingSamples,raw_data/EMG-EPN612/testingJSON/user227/user227.json,idx_10
noGesture,trainingSamples,raw_data/EMG-EPN612/testingJSON/user227/user227.json,idx_11
noGesture,trainingSamples,raw_data/EMG-EPN612/testingJSON/user227/user227.json,idx_12
noGesture,trainingSamples,raw_data/EMG-EPN612/testingJSON/user227/user227.json,idx_13
noGesture,trainingSamples,raw_data/EMG-EPN612/testingJSON/user227/user227.json,idx_14
noGesture,trainingSamples,raw_data/EMG-EPN612/testingJSON/user227/user227.json,idx_15
noGesture,trainingSamples,raw_data/EMG-EPN612/testingJSON/user227/user227.json,idx_16
noGesture,trainingSamples,raw_data/EMG-EPN612/testingJSON/user227/user227.json,idx_17
noGesture,trainingSamples,raw_data/EMG-EPN612/testingJSON/user227/user227.json,idx_18
noGesture,trainingSamples,raw_data/EMG-EPN612/testingJSON/user227/user227.json,idx_19
noGesture,trainingSamples,raw_data/EMG-EPN612/testingJSON/user227/user227.json,idx_20
noGesture,trainingSamples,raw_data/EMG-EPN612/testingJSON/user227/user227.json,idx_21
noGesture,trainingSamples,raw_data/EMG-EPN612/testingJSON/user227/user227.json,idx_22
noGesture,trainingSamples,raw_data/EMG-EPN612/testingJSON/user227/user227.json,idx_23
noGesture,trainingSamples,raw_data/EMG-EPN612/testingJSON/user227/user227.json,idx_24
noGesture,trainingSamples,raw_data/EMG-EPN612/testingJSON/user227/user227.json,idx_25
fist,trainingSamples,raw_data/EMG-EPN612/testingJSON/user227/user227.json,idx_26
fist,trainingSamples,raw_data/EMG-EPN612/testingJSON/user227/user227.json,idx_27
fist,trainingSamples,raw_data/EMG-EPN612/testingJSON/user227/user227.json,idx_28
fist,trainingSamples,raw_data/EMG-EPN612/testingJSON/user227/user227.json,idx_29
fist,trainingSamples,raw_data/EMG-EPN612/testingJSON/user227/user227.json,idx_30
fist,trainingSamples,raw_data/EMG-EPN612/testingJSON/user227/user227.json,idx_31
fist,trainingSamples,raw_data/EMG-EPN612/testingJSON/user227/user227.json,idx_32
fist,trainingSamples,raw_data/EMG-EPN612/testingJSON/user227/user227.json,idx_33
fist,trainingSamples,raw_data/EMG-EPN612/testingJSON/user227/user227.json,idx_34
fist,trainingSamples,raw_data/EMG-EPN612/testingJSON/user227/user227.json,idx_35
fist,trainingSamples,raw_data/EMG-EPN612/testingJSON/user227/user227.json,idx_36
fist,trainingSamples,raw_data/EMG-EPN612/testingJSON/user227/user227.json,idx_37
fist,trainingSamples,raw_data/EMG-EPN612/testingJSON/user227/user227.json,idx_38
fist,trainingSamples,raw_data/EMG-EPN612/testingJSON/user227/user227.json,idx_39
fist,trainingSamples,raw_data/EMG-EPN612/testingJSON/user227/user227.json,idx_40
fist,trainingSamples,raw_data/EMG-EPN612/testingJSON/user227/user227.json,idx_41
fist,trainingSamples,raw_data/EMG-EPN612/testingJSON/user227/user227.json,idx_42
fist,trainingSamples,raw_data/EMG-EPN612/testingJSON/user227/user227.json,idx_43
fist,trainingSamples,raw_data/EMG-EPN612/testingJSON/user227/user227.json,idx_44
fist,trainingSamples,raw_data/EMG-EPN612/testingJSON/user227/user227.json,idx_45
fist,trainingSamples,raw_data/EMG-EPN612/testingJSON/user227/user227.json,idx_46
fist,trainingSamples,raw_data/EMG-EPN612/testingJSON/user227/user227.json,idx_47
fist,trainingSamples,raw_data/EMG-EPN612/testingJSON/user227/user227.json,idx_48
fist,trainingSamples,raw_data/EMG-EPN612/testingJSON/user227/user227.json,idx_49
fist,trainingSamples,raw_data/EMG-EPN612/testingJSON/user227/user227.json,idx_50
open,trainingSamples,raw_data/EMG-EPN612/testingJSON/user227/user227.json,idx_51
open,trainingSamples,raw_data/EMG-EPN612/testingJSON/user227/user227.json,idx_52
open,trainingSamples,raw_data/EMG-EPN612/testingJSON/user227/user227.json,idx_53
open,trainingSamples,raw_data/EMG-EPN612/testingJSON/user227/user227.json,idx_54
open,trainingSamples,raw_data/EMG-EPN612/testingJSON/user227/user227.json,idx_55
open,trainingSamples,raw_data/EMG-EPN612/testingJSON/user227/user227.json,idx_56
open,trainingSamples,raw_data/EMG-EPN612/testingJSON/user227/user227.json,idx_57
open,trainingSamples,raw_data/EMG-EPN612/testingJSON/user227/user227.json,idx_58
open,trainingSamples,raw_data/EMG-EPN612/testingJSON/user227/user227.json,idx_59
open,trainingSamples,raw_data/EMG-EPN612/testingJSON/user227/user227.json,idx_60
open,trainingSamples,raw_data/EMG-EPN612/testingJSON/user227/user227.json,idx_61
open,trainingSamples,raw_data/EMG-EPN612/testingJSON/user227/user227.json,idx_62
open,trainingSamples,raw_data/EMG-EPN612/testingJSON/user227/user227.json,idx_63
open,trainingSamples,raw_data/EMG-EPN612/testingJSON/user227/user227.json,idx_64
open,trainingSamples,raw_data/EMG-EPN612/testingJSON/user227/user227.json,idx_65
open,trainingSamples,raw_data/EMG-EPN612/testingJSON/user227/user227.json,idx_66
open,trainingSamples,raw_data/EMG-EPN612/testingJSON/user227/user227.json,idx_67
open,trainingSamples,raw_data/EMG-EPN612/testingJSON/user227/user227.json,idx_68
open,trainingSamples,raw_data/EMG-EPN612/testingJSON/user227/user227.json,idx_69
open,trainingSamples,raw_data/EMG-EPN612/testingJSON/user227/user227.json,idx_70
open,trainingSamples,raw_data/EMG-EPN612/testingJSON/user227/user227.json,idx_71
open,trainingSamples,raw_data/EMG-EPN612/testingJSON/user227/user227.json,idx_72
open,trainingSamples,raw_data/EMG-EPN612/testingJSON/user227/user227.json,idx_73
open,trainingSamples,raw_data/EMG-EPN612/testingJSON/user227/user227.json,idx_74
open,trainingSamples,raw_data/EMG-EPN612/testingJSON/user227/user227.json,idx_75
waveOut,trainingSamples,raw_data/EMG-EPN612/testingJSON/user227/user227.json,idx_76
waveOut,trainingSamples,raw_data/EMG-EPN612/testingJSON/user227/user227.json,idx_77
waveOut,trainingSamples,raw_data/EMG-EPN612/testingJSON/user227/user227.json,idx_78
waveOut,trainingSamples,raw_data/EMG-EPN612/testingJSON/user227/user227.json,idx_79
waveOut,trainingSamples,raw_data/EMG-EPN612/testingJSON/user227/user227.json,idx_80
waveOut,trainingSamples,raw_data/EMG-EPN612/testingJSON/user227/user227.json,idx_81
waveOut,trainingSamples,raw_data/EMG-EPN612/testingJSON/user227/user227.json,idx_82
waveOut,trainingSamples,raw_data/EMG-EPN612/testingJSON/user227/user227.json,idx_83
waveOut,trainingSamples,raw_data/EMG-EPN612/testingJSON/user227/user227.json,idx_84
waveOut,trainingSamples,raw_data/EMG-EPN612/testingJSON/user227/user227.json,idx_85
waveOut,trainingSamples,raw_data/EMG-EPN612/testingJSON/user227/user227.json,idx_86
waveOut,trainingSamples,raw_data/EMG-EPN612/testingJSON/user227/user227.json,idx_87
waveOut,trainingSamples,raw_data/EMG-EPN612/testingJSON/user227/user227.json,idx_88
waveOut,trainingSamples,raw_data/EMG-EPN612/testingJSON/user227/user227.json,idx_89
waveOut,trainingSamples,raw_data/EMG-EPN612/testingJSON/user227/user227.json,idx_90
waveOut,trainingSamples,raw_data/EMG-EPN612/testingJSON/user227/user227.json,idx_91
waveOut,trainingSamples,raw_data/EMG-EPN612/testingJSON/user227/user227.json,idx_92
waveOut,trainingSamples,raw_data/EMG-EPN612/testingJSON/user227/user227.json,idx_93
waveOut,trainingSamples,raw_data/EMG-EPN612/testingJSON/user227/user227.json,idx_94
waveOut,trainingSamples,raw_data/EMG-EPN612/testingJSON/user227/user227.json,idx_95
waveOut,trainingSamples,raw_data/EMG-EPN612/testingJSON/user227/user227.json,idx_96
waveOut,trainingSamples,raw_data/EMG-EPN612/testingJSON/user227/user227.json,idx_97
waveOut,trainingSamples,raw_data/EMG-EPN612/testingJSON/user227/user227.json,idx_98
waveOut,trainingSamples,raw_data/EMG-EPN612/testingJSON/user227/user227.json,idx_99
waveOut,trainingSamples,raw_data/EMG-EPN612/testingJSON/user227/user227.json,idx_100
waveIn,trainingSamples,raw_data/EMG-EPN612/testingJSON/user227/user227.json,idx_101
waveIn,trainingSamples,raw_data/EMG-EPN612/testingJSON/user227/user227.json,idx_102
waveIn,trainingSamples,raw_data/EMG-EPN612/testingJSON/user227/user227.json,idx_103
waveIn,trainingSamples,raw_data/EMG-EPN612/testingJSON/user227/user227.json,idx_104
waveIn,trainingSamples,raw_data/EMG-EPN612/testingJSON/user227/user227.json,idx_105
waveIn,trainingSamples,raw_data/EMG-EPN612/testingJSON/user227/user227.json,idx_106
waveIn,trainingSamples,raw_data/EMG-EPN612/testingJSON/user227/user227.json,idx_107
waveIn,trainingSamples,raw_data/EMG-EPN612/testingJSON/user227/user227.json,idx_108
waveIn,trainingSamples,raw_data/EMG-EPN612/testingJSON/user227/user227.json,idx_109
waveIn,trainingSamples,raw_data/EMG-EPN612/testingJSON/user227/user227.json,idx_110
waveIn,trainingSamples,raw_data/EMG-EPN612/testingJSON/user227/user227.json,idx_111
waveIn,trainingSamples,raw_data/EMG-EPN612/testingJSON/user227/user227.json,idx_112
waveIn,trainingSamples,raw_data/EMG-EPN612/testingJSON/user227/user227.json,idx_113
waveIn,trainingSamples,raw_data/EMG-EPN612/testingJSON/user227/user227.json,idx_114
waveIn,trainingSamples,raw_data/EMG-EPN612/testingJSON/user227/user227.json,idx_115
waveIn,trainingSamples,raw_data/EMG-EPN612/testingJSON/user227/user227.json,idx_116
waveIn,trainingSamples,raw_data/EMG-EPN612/testingJSON/user227/user227.json,idx_117
waveIn,trainingSamples,raw_data/EMG-EPN612/testingJSON/user227/user227.json,idx_118
waveIn,trainingSamples,raw_data/EMG-EPN612/testingJSON/user227/user227.json,idx_119
waveIn,trainingSamples,raw_data/EMG-EPN612/testingJSON/user227/user227.json,idx_120
waveIn,trainingSamples,raw_data/EMG-EPN612/testingJSON/user227/user227.json,idx_121
waveIn,trainingSamples,raw_data/EMG-EPN612/testingJSON/user227/user227.json,idx_122
waveIn,trainingSamples,raw_data/EMG-EPN612/testingJSON/user227/user227.json,idx_123
waveIn,trainingSamples,raw_data/EMG-EPN612/testingJSON/user227/user227.json,idx_124
waveIn,trainingSamples,raw_data/EMG-EPN612/testingJSON/user227/user227.json,idx_125
pinch,trainingSamples,raw_data/EMG-EPN612/testingJSON/user227/user227.json,idx_126
pinch,trainingSamples,raw_data/EMG-EPN612/testingJSON/user227/user227.json,idx_127
pinch,trainingSamples,raw_data/EMG-EPN612/testingJSON/user227/user227.json,idx_128
pinch,trainingSamples,raw_data/EMG-EPN612/testingJSON/user227/user227.json,idx_129
pinch,trainingSamples,raw_data/EMG-EPN612/testingJSON/user227/user227.json,idx_130
pinch,trainingSamples,raw_data/EMG-EPN612/testingJSON/user227/user227.json,idx_131
pinch,trainingSamples,raw_data/EMG-EPN612/testingJSON/user227/user227.json,idx_132
pinch,trainingSamples,raw_data/EMG-EPN612/testingJSON/user227/user227.json,idx_133
pinch,trainingSamples,raw_data/EMG-EPN612/testingJSON/user227/user227.json,idx_134
pinch,trainingSamples,raw_data/EMG-EPN612/testingJSON/user227/user227.json,idx_135
pinch,trainingSamples,raw_data/EMG-EPN612/testingJSON/user227/user227.json,idx_136
pinch,trainingSamples,raw_data/EMG-EPN612/testingJSON/user227/user227.json,idx_137
pinch,trainingSamples,raw_data/EMG-EPN612/testingJSON/user227/user227.json,idx_138
pinch,trainingSamples,raw_data/EMG-EPN612/testingJSON/user227/user227.json,idx_139
pinch,trainingSamples,raw_data/EMG-EPN612/testingJSON/user227/user227.json,idx_140
pinch,trainingSamples,raw_data/EMG-EPN612/testingJSON/user227/user227.json,idx_141
pinch,trainingSamples,raw_data/EMG-EPN612/testingJSON/user227/user227.json,idx_142
pinch,trainingSamples,raw_data/EMG-EPN612/testingJSON/user227/user227.json,idx_143
pinch,trainingSamples,raw_data/EMG-EPN612/testingJSON/user227/user227.json,idx_144
pinch,trainingSamples,raw_data/EMG-EPN612/testingJSON/user227/user227.json,idx_145
pinch,trainingSamples,raw_data/EMG-EPN612/testingJSON/user227/user227.json,idx_146
pinch,trainingSamples,raw_data/EMG-EPN612/testingJSON/user227/user227.json,idx_147
pinch,trainingSamples,raw_data/EMG-EPN612/testingJSON/user227/user227.json,idx_148
pinch,trainingSamples,raw_data/EMG-EPN612/testingJSON/user227/user227.json,idx_149
pinch,trainingSamples,raw_data/EMG-EPN612/testingJSON/user227/user227.json,idx_150
noGesture,trainingSamples,raw_data/EMG-EPN612/testingJSON/user228/user228.json,idx_1
noGesture,trainingSamples,raw_data/EMG-EPN612/testingJSON/user228/user228.json,idx_2
noGesture,trainingSamples,raw_data/EMG-EPN612/testingJSON/user228/user228.json,idx_3
noGesture,trainingSamples,raw_data/EMG-EPN612/testingJSON/user228/user228.json,idx_4
noGesture,trainingSamples,raw_data/EMG-EPN612/testingJSON/user228/user228.json,idx_5
noGesture,trainingSamples,raw_data/EMG-EPN612/testingJSON/user228/user228.json,idx_6
noGesture,trainingSamples,raw_data/EMG-EPN612/testingJSON/user228/user228.json,idx_7
noGesture,trainingSamples,raw_data/EMG-EPN612/testingJSON/user228/user228.json,idx_8
noGesture,trainingSamples,raw_data/EMG-EPN612/testingJSON/user228/user228.json,idx_9
noGesture,trainingSamples,raw_data/EMG-EPN612/testingJSON/user228/user228.json,idx_10
noGesture,trainingSamples,raw_data/EMG-EPN612/testingJSON/user228/user228.json,idx_11
noGesture,trainingSamples,raw_data/EMG-EPN612/testingJSON/user228/user228.json,idx_12
noGesture,trainingSamples,raw_data/EMG-EPN612/testingJSON/user228/user228.json,idx_13
noGesture,trainingSamples,raw_data/EMG-EPN612/testingJSON/user228/user228.json,idx_14
noGesture,trainingSamples,raw_data/EMG-EPN612/testingJSON/user228/user228.json,idx_15
noGesture,trainingSamples,raw_data/EMG-EPN612/testingJSON/user228/user228.json,idx_16
noGesture,trainingSamples,raw_data/EMG-EPN612/testingJSON/user228/user228.json,idx_17
noGesture,trainingSamples,raw_data/EMG-EPN612/testingJSON/user228/user228.json,idx_18
noGesture,trainingSamples,raw_data/EMG-EPN612/testingJSON/user228/user228.json,idx_19
noGesture,trainingSamples,raw_data/EMG-EPN612/testingJSON/user228/user228.json,idx_20
noGesture,trainingSamples,raw_data/EMG-EPN612/testingJSON/user228/user228.json,idx_21
noGesture,trainingSamples,raw_data/EMG-EPN612/testingJSON/user228/user228.json,idx_22
noGesture,trainingSamples,raw_data/EMG-EPN612/testingJSON/user228/user228.json,idx_23
noGesture,trainingSamples,raw_data/EMG-EPN612/testingJSON/user228/user228.json,idx_24
noGesture,trainingSamples,raw_data/EMG-EPN612/testingJSON/user228/user228.json,idx_25
waveOut,trainingSamples,raw_data/EMG-EPN612/testingJSON/user228/user228.json,idx_26
waveOut,trainingSamples,raw_data/EMG-EPN612/testingJSON/user228/user228.json,idx_27
waveOut,trainingSamples,raw_data/EMG-EPN612/testingJSON/user228/user228.json,idx_28
waveOut,trainingSamples,raw_data/EMG-EPN612/testingJSON/user228/user228.json,idx_29
waveOut,trainingSamples,raw_data/EMG-EPN612/testingJSON/user228/user228.json,idx_30
waveOut,trainingSamples,raw_data/EMG-EPN612/testingJSON/user228/user228.json,idx_31
waveOut,trainingSamples,raw_data/EMG-EPN612/testingJSON/user228/user228.json,idx_32
waveOut,trainingSamples,raw_data/EMG-EPN612/testingJSON/user228/user228.json,idx_33
waveOut,trainingSamples,raw_data/EMG-EPN612/testingJSON/user228/user228.json,idx_34
waveOut,trainingSamples,raw_data/EMG-EPN612/testingJSON/user228/user228.json,idx_35
waveOut,trainingSamples,raw_data/EMG-EPN612/testingJSON/user228/user228.json,idx_36
waveOut,trainingSamples,raw_data/EMG-EPN612/testingJSON/user228/user228.json,idx_37
waveOut,trainingSamples,raw_data/EMG-EPN612/testingJSON/user228/user228.json,idx_38
waveOut,trainingSamples,raw_data/EMG-EPN612/testingJSON/user228/user228.json,idx_39
waveOut,trainingSamples,raw_data/EMG-EPN612/testingJSON/user228/user228.json,idx_40
waveOut,trainingSamples,raw_data/EMG-EPN612/testingJSON/user228/user228.json,idx_41
waveOut,trainingSamples,raw_data/EMG-EPN612/testingJSON/user228/user228.json,idx_42
waveOut,trainingSamples,raw_data/EMG-EPN612/testingJSON/user228/user228.json,idx_43
waveOut,trainingSamples,raw_data/EMG-EPN612/testingJSON/user228/user228.json,idx_44
waveOut,trainingSamples,raw_data/EMG-EPN612/testingJSON/user228/user228.json,idx_45
waveOut,trainingSamples,raw_data/EMG-EPN612/testingJSON/user228/user228.json,idx_46
waveOut,trainingSamples,raw_data/EMG-EPN612/testingJSON/user228/user228.json,idx_47
waveOut,trainingSamples,raw_data/EMG-EPN612/testingJSON/user228/user228.json,idx_48
waveOut,trainingSamples,raw_data/EMG-EPN612/testingJSON/user228/user228.json,idx_49
waveOut,trainingSamples,raw_data/EMG-EPN612/testingJSON/user228/user228.json,idx_50
pinch,trainingSamples,raw_data/EMG-EPN612/testingJSON/user228/user228.json,idx_51
pinch,trainingSamples,raw_data/EMG-EPN612/testingJSON/user228/user228.json,idx_52
pinch,trainingSamples,raw_data/EMG-EPN612/testingJSON/user228/user228.json,idx_53
pinch,trainingSamples,raw_data/EMG-EPN612/testingJSON/user228/user228.json,idx_54
pinch,trainingSamples,raw_data/EMG-EPN612/testingJSON/user228/user228.json,idx_55
pinch,trainingSamples,raw_data/EMG-EPN612/testingJSON/user228/user228.json,idx_56
pinch,trainingSamples,raw_data/EMG-EPN612/testingJSON/user228/user228.json,idx_57
pinch,trainingSamples,raw_data/EMG-EPN612/testingJSON/user228/user228.json,idx_58
pinch,trainingSamples,raw_data/EMG-EPN612/testingJSON/user228/user228.json,idx_59
pinch,trainingSamples,raw_data/EMG-EPN612/testingJSON/user228/user228.json,idx_60
pinch,trainingSamples,raw_data/EMG-EPN612/testingJSON/user228/user228.json,idx_61
pinch,trainingSamples,raw_data/EMG-EPN612/testingJSON/user228/user228.json,idx_62
pinch,trainingSamples,raw_data/EMG-EPN612/testingJSON/user228/user228.json,idx_63
pinch,trainingSamples,raw_data/EMG-EPN612/testingJSON/user228/user228.json,idx_64
pinch,trainingSamples,raw_data/EMG-EPN612/testingJSON/user228/user228.json,idx_65
pinch,trainingSamples,raw_data/EMG-EPN612/testingJSON/user228/user228.json,idx_66
pinch,trainingSamples,raw_data/EMG-EPN612/testingJSON/user228/user228.json,idx_67
pinch,trainingSamples,raw_data/EMG-EPN612/testingJSON/user228/user228.json,idx_68
pinch,trainingSamples,raw_data/EMG-EPN612/testingJSON/user228/user228.json,idx_69
pinch,trainingSamples,raw_data/EMG-EPN612/testingJSON/user228/user228.json,idx_70
pinch,trainingSamples,raw_data/EMG-EPN612/testingJSON/user228/user228.json,idx_71
pinch,trainingSamples,raw_data/EMG-EPN612/testingJSON/user228/user228.json,idx_72
pinch,trainingSamples,raw_data/EMG-EPN612/testingJSON/user228/user228.json,idx_73
pinch,trainingSamples,raw_data/EMG-EPN612/testingJSON/user228/user228.json,idx_74
pinch,trainingSamples,raw_data/EMG-EPN612/testingJSON/user228/user228.json,idx_75
fist,trainingSamples,raw_data/EMG-EPN612/testingJSON/user228/user228.json,idx_76
fist,trainingSamples,raw_data/EMG-EPN612/testingJSON/user228/user228.json,idx_77
fist,trainingSamples,raw_data/EMG-EPN612/testingJSON/user228/user228.json,idx_78
fist,trainingSamples,raw_data/EMG-EPN612/testingJSON/user228/user228.json,idx_79
fist,trainingSamples,raw_data/EMG-EPN612/testingJSON/user228/user228.json,idx_80
fist,trainingSamples,raw_data/EMG-EPN612/testingJSON/user228/user228.json,idx_81
fist,trainingSamples,raw_data/EMG-EPN612/testingJSON/user228/user228.json,idx_82
fist,trainingSamples,raw_data/EMG-EPN612/testingJSON/user228/user228.json,idx_83
fist,trainingSamples,raw_data/EMG-EPN612/testingJSON/user228/user228.json,idx_84
fist,trainingSamples,raw_data/EMG-EPN612/testingJSON/user228/user228.json,idx_85
fist,trainingSamples,raw_data/EMG-EPN612/testingJSON/user228/user228.json,idx_86
fist,trainingSamples,raw_data/EMG-EPN612/testingJSON/user228/user228.json,idx_87
fist,trainingSamples,raw_data/EMG-EPN612/testingJSON/user228/user228.json,idx_88
fist,trainingSamples,raw_data/EMG-EPN612/testingJSON/user228/user228.json,idx_89
fist,trainingSamples,raw_data/EMG-EPN612/testingJSON/user228/user228.json,idx_90
fist,trainingSamples,raw_data/EMG-EPN612/testingJSON/user228/user228.json,idx_91
fist,trainingSamples,raw_data/EMG-EPN612/testingJSON/user228/user228.json,idx_92
fist,trainingSamples,raw_data/EMG-EPN612/testingJSON/user228/user228.json,idx_93
fist,trainingSamples,raw_data/EMG-EPN612/testingJSON/user228/user228.json,idx_94
fist,trainingSamples,raw_data/EMG-EPN612/testingJSON/user228/user228.json,idx_95
fist,trainingSamples,raw_data/EMG-EPN612/testingJSON/user228/user228.json,idx_96
fist,trainingSamples,raw_data/EMG-EPN612/testingJSON/user228/user228.json,idx_97
fist,trainingSamples,raw_data/EMG-EPN612/testingJSON/user228/user228.json,idx_98
fist,trainingSamples,raw_data/EMG-EPN612/testingJSON/user228/user228.json,idx_99
fist,trainingSamples,raw_data/EMG-EPN612/testingJSON/user228/user228.json,idx_100
waveIn,trainingSamples,raw_data/EMG-EPN612/testingJSON/user228/user228.json,idx_101
waveIn,trainingSamples,raw_data/EMG-EPN612/testingJSON/user228/user228.json,idx_102
waveIn,trainingSamples,raw_data/EMG-EPN612/testingJSON/user228/user228.json,idx_103
waveIn,trainingSamples,raw_data/EMG-EPN612/testingJSON/user228/user228.json,idx_104
waveIn,trainingSamples,raw_data/EMG-EPN612/testingJSON/user228/user228.json,idx_105
waveIn,trainingSamples,raw_data/EMG-EPN612/testingJSON/user228/user228.json,idx_106
waveIn,trainingSamples,raw_data/EMG-EPN612/testingJSON/user228/user228.json,idx_107
waveIn,trainingSamples,raw_data/EMG-EPN612/testingJSON/user228/user228.json,idx_108
waveIn,trainingSamples,raw_data/EMG-EPN612/testingJSON/user228/user228.json,idx_109
waveIn,trainingSamples,raw_data/EMG-EPN612/testingJSON/user228/user228.json,idx_110
waveIn,trainingSamples,raw_data/EMG-EPN612/testingJSON/user228/user228.json,idx_111
waveIn,trainingSamples,raw_data/EMG-EPN612/testingJSON/user228/user228.json,idx_112
waveIn,trainingSamples,raw_data/EMG-EPN612/testingJSON/user228/user228.json,idx_113
waveIn,trainingSamples,raw_data/EMG-EPN612/testingJSON/user228/user228.json,idx_114
waveIn,trainingSamples,raw_data/EMG-EPN612/testingJSON/user228/user228.json,idx_115
waveIn,trainingSamples,raw_data/EMG-EPN612/testingJSON/user228/user228.json,idx_116
waveIn,trainingSamples,raw_data/EMG-EPN612/testingJSON/user228/user228.json,idx_117
waveIn,trainingSamples,raw_data/EMG-EPN612/testingJSON/user228/user228.json,idx_118
waveIn,trainingSamples,raw_data/EMG-EPN612/testingJSON/user228/user228.json,idx_119
waveIn,trainingSamples,raw_data/EMG-EPN612/testingJSON/user228/user228.json,idx_120
waveIn,trainingSamples,raw_data/EMG-EPN612/testingJSON/user228/user228.json,idx_121
waveIn,trainingSamples,raw_data/EMG-EPN612/testingJSON/user228/user228.json,idx_122
waveIn,trainingSamples,raw_data/EMG-EPN612/testingJSON/user228/user228.json,idx_123
waveIn,trainingSamples,raw_data/EMG-EPN612/testingJSON/user228/user228.json,idx_124
waveIn,trainingSamples,raw_data/EMG-EPN612/testingJSON/user228/user228.json,idx_125
open,trainingSamples,raw_data/EMG-EPN612/testingJSON/user228/user228.json,idx_126
open,trainingSamples,raw_data/EMG-EPN612/testingJSON/user228/user228.json,idx_127
open,trainingSamples,raw_data/EMG-EPN612/testingJSON/user228/user228.json,idx_128
open,trainingSamples,raw_data/EMG-EPN612/testingJSON/user228/user228.json,idx_129
open,trainingSamples,raw_data/EMG-EPN612/testingJSON/user228/user228.json,idx_130
open,trainingSamples,raw_data/EMG-EPN612/testingJSON/user228/user228.json,idx_131
open,trainingSamples,raw_data/EMG-EPN612/testingJSON/user228/user228.json,idx_132
open,trainingSamples,raw_data/EMG-EPN612/testingJSON/user228/user228.json,idx_133
open,trainingSamples,raw_data/EMG-EPN612/testingJSON/user228/user228.json,idx_134
open,trainingSamples,raw_data/EMG-EPN612/testingJSON/user228/user228.json,idx_135
open,trainingSamples,raw_data/EMG-EPN612/testingJSON/user228/user228.json,idx_136
open,trainingSamples,raw_data/EMG-EPN612/testingJSON/user228/user228.json,idx_137
open,trainingSamples,raw_data/EMG-EPN612/testingJSON/user228/user228.json,idx_138
open,trainingSamples,raw_data/EMG-EPN612/testingJSON/user228/user228.json,idx_139
open,trainingSamples,raw_data/EMG-EPN612/testingJSON/user228/user228.json,idx_140
open,trainingSamples,raw_data/EMG-EPN612/testingJSON/user228/user228.json,idx_141
open,trainingSamples,raw_data/EMG-EPN612/testingJSON/user228/user228.json,idx_142
open,trainingSamples,raw_data/EMG-EPN612/testingJSON/user228/user228.json,idx_143
open,trainingSamples,raw_data/EMG-EPN612/testingJSON/user228/user228.json,idx_144
open,trainingSamples,raw_data/EMG-EPN612/testingJSON/user228/user228.json,idx_145
open,trainingSamples,raw_data/EMG-EPN612/testingJSON/user228/user228.json,idx_146
open,trainingSamples,raw_data/EMG-EPN612/testingJSON/user228/user228.json,idx_147
open,trainingSamples,raw_data/EMG-EPN612/testingJSON/user228/user228.json,idx_148
open,trainingSamples,raw_data/EMG-EPN612/testingJSON/user228/user228.json,idx_149
open,trainingSamples,raw_data/EMG-EPN612/testingJSON/user228/user228.json,idx_150
noGesture,trainingSamples,raw_data/EMG-EPN612/testingJSON/user229/user229.json,idx_1
noGesture,trainingSamples,raw_data/EMG-EPN612/testingJSON/user229/user229.json,idx_2
noGesture,trainingSamples,raw_data/EMG-EPN612/testingJSON/user229/user229.json,idx_3
noGesture,trainingSamples,raw_data/EMG-EPN612/testingJSON/user229/user229.json,idx_4
noGesture,trainingSamples,raw_data/EMG-EPN612/testingJSON/user229/user229.json,idx_5
noGesture,trainingSamples,raw_data/EMG-EPN612/testingJSON/user229/user229.json,idx_6
noGesture,trainingSamples,raw_data/EMG-EPN612/testingJSON/user229/user229.json,idx_7
noGesture,trainingSamples,raw_data/EMG-EPN612/testingJSON/user229/user229.json,idx_8
noGesture,trainingSamples,raw_data/EMG-EPN612/testingJSON/user229/user229.json,idx_9
noGesture,trainingSamples,raw_data/EMG-EPN612/testingJSON/user229/user229.json,idx_10
noGesture,trainingSamples,raw_data/EMG-EPN612/testingJSON/user229/user229.json,idx_11
noGesture,trainingSamples,raw_data/EMG-EPN612/testingJSON/user229/user229.json,idx_12
noGesture,trainingSamples,raw_data/EMG-EPN612/testingJSON/user229/user229.json,idx_13
noGesture,trainingSamples,raw_data/EMG-EPN612/testingJSON/user229/user229.json,idx_14
noGesture,trainingSamples,raw_data/EMG-EPN612/testingJSON/user229/user229.json,idx_15
noGesture,trainingSamples,raw_data/EMG-EPN612/testingJSON/user229/user229.json,idx_16
noGesture,trainingSamples,raw_data/EMG-EPN612/testingJSON/user229/user229.json,idx_17
noGesture,trainingSamples,raw_data/EMG-EPN612/testingJSON/user229/user229.json,idx_18
noGesture,trainingSamples,raw_data/EMG-EPN612/testingJSON/user229/user229.json,idx_19
noGesture,trainingSamples,raw_data/EMG-EPN612/testingJSON/user229/user229.json,idx_20
noGesture,trainingSamples,raw_data/EMG-EPN612/testingJSON/user229/user229.json,idx_21
noGesture,trainingSamples,raw_data/EMG-EPN612/testingJSON/user229/user229.json,idx_22
noGesture,trainingSamples,raw_data/EMG-EPN612/testingJSON/user229/user229.json,idx_23
noGesture,trainingSamples,raw_data/EMG-EPN612/testingJSON/user229/user229.json,idx_24
noGesture,trainingSamples,raw_data/EMG-EPN612/testingJSON/user229/user229.json,idx_25
waveOut,trainingSamples,raw_data/EMG-EPN612/testingJSON/user229/user229.json,idx_26
waveOut,trainingSamples,raw_data/EMG-EPN612/testingJSON/user229/user229.json,idx_27
waveOut,trainingSamples,raw_data/EMG-EPN612/testingJSON/user229/user229.json,idx_28
waveOut,trainingSamples,raw_data/EMG-EPN612/testingJSON/user229/user229.json,idx_29
waveOut,trainingSamples,raw_data/EMG-EPN612/testingJSON/user229/user229.json,idx_30
waveOut,trainingSamples,raw_data/EMG-EPN612/testingJSON/user229/user229.json,idx_31
waveOut,trainingSamples,raw_data/EMG-EPN612/testingJSON/user229/user229.json,idx_32
waveOut,trainingSamples,raw_data/EMG-EPN612/testingJSON/user229/user229.json,idx_33
waveOut,trainingSamples,raw_data/EMG-EPN612/testingJSON/user229/user229.json,idx_34
waveOut,trainingSamples,raw_data/EMG-EPN612/testingJSON/user229/user229.json,idx_35
waveOut,trainingSamples,raw_data/EMG-EPN612/testingJSON/user229/user229.json,idx_36
waveOut,trainingSamples,raw_data/EMG-EPN612/testingJSON/user229/user229.json,idx_37
waveOut,trainingSamples,raw_data/EMG-EPN612/testingJSON/user229/user229.json,idx_38
waveOut,trainingSamples,raw_data/EMG-EPN612/testingJSON/user229/user229.json,idx_39
waveOut,trainingSamples,raw_data/EMG-EPN612/testingJSON/user229/user229.json,idx_40
waveOut,trainingSamples,raw_data/EMG-EPN612/testingJSON/user229/user229.json,idx_41
waveOut,trainingSamples,raw_data/EMG-EPN612/testingJSON/user229/user229.json,idx_42
waveOut,trainingSamples,raw_data/EMG-EPN612/testingJSON/user229/user229.json,idx_43
waveOut,trainingSamples,raw_data/EMG-EPN612/testingJSON/user229/user229.json,idx_44
waveOut,trainingSamples,raw_data/EMG-EPN612/testingJSON/user229/user229.json,idx_45
waveOut,trainingSamples,raw_data/EMG-EPN612/testingJSON/user229/user229.json,idx_46
waveOut,trainingSamples,raw_data/EMG-EPN612/testingJSON/user229/user229.json,idx_47
waveOut,trainingSamples,raw_data/EMG-EPN612/testingJSON/user229/user229.json,idx_48
waveOut,trainingSamples,raw_data/EMG-EPN612/testingJSON/user229/user229.json,idx_49
waveOut,trainingSamples,raw_data/EMG-EPN612/testingJSON/user229/user229.json,idx_50
pinch,trainingSamples,raw_data/EMG-EPN612/testingJSON/user229/user229.json,idx_51
pinch,trainingSamples,raw_data/EMG-EPN612/testingJSON/user229/user229.json,idx_52
pinch,trainingSamples,raw_data/EMG-EPN612/testingJSON/user229/user229.json,idx_53
pinch,trainingSamples,raw_data/EMG-EPN612/testingJSON/user229/user229.json,idx_54
pinch,trainingSamples,raw_data/EMG-EPN612/testingJSON/user229/user229.json,idx_55
pinch,trainingSamples,raw_data/EMG-EPN612/testingJSON/user229/user229.json,idx_56
pinch,trainingSamples,raw_data/EMG-EPN612/testingJSON/user229/user229.json,idx_57
pinch,trainingSamples,raw_data/EMG-EPN612/testingJSON/user229/user229.json,idx_58
pinch,trainingSamples,raw_data/EMG-EPN612/testingJSON/user229/user229.json,idx_59
pinch,trainingSamples,raw_data/EMG-EPN612/testingJSON/user229/user229.json,idx_60
pinch,trainingSamples,raw_data/EMG-EPN612/testingJSON/user229/user229.json,idx_61
pinch,trainingSamples,raw_data/EMG-EPN612/testingJSON/user229/user229.json,idx_62
pinch,trainingSamples,raw_data/EMG-EPN612/testingJSON/user229/user229.json,idx_63
pinch,trainingSamples,raw_data/EMG-EPN612/testingJSON/user229/user229.json,idx_64
pinch,trainingSamples,raw_data/EMG-EPN612/testingJSON/user229/user229.json,idx_65
pinch,trainingSamples,raw_data/EMG-EPN612/testingJSON/user229/user229.json,idx_66
pinch,trainingSamples,raw_data/EMG-EPN612/testingJSON/user229/user229.json,idx_67
pinch,trainingSamples,raw_data/EMG-EPN612/testingJSON/user229/user229.json,idx_68
pinch,trainingSamples,raw_data/EMG-EPN612/testingJSON/user229/user229.json,idx_69
pinch,trainingSamples,raw_data/EMG-EPN612/testingJSON/user229/user229.json,idx_70
pinch,trainingSamples,raw_data/EMG-EPN612/testingJSON/user229/user229.json,idx_71
pinch,trainingSamples,raw_data/EMG-EPN612/testingJSON/user229/user229.json,idx_72
pinch,trainingSamples,raw_data/EMG-EPN612/testingJSON/user229/user229.json,idx_73
pinch,trainingSamples,raw_data/EMG-EPN612/testingJSON/user229/user229.json,idx_74
pinch,trainingSamples,raw_data/EMG-EPN612/testingJSON/user229/user229.json,idx_75
fist,trainingSamples,raw_data/EMG-EPN612/testingJSON/user229/user229.json,idx_76
fist,trainingSamples,raw_data/EMG-EPN612/testingJSON/user229/user229.json,idx_77
fist,trainingSamples,raw_data/EMG-EPN612/testingJSON/user229/user229.json,idx_78
fist,trainingSamples,raw_data/EMG-EPN612/testingJSON/user229/user229.json,idx_79
fist,trainingSamples,raw_data/EMG-EPN612/testingJSON/user229/user229.json,idx_80
fist,trainingSamples,raw_data/EMG-EPN612/testingJSON/user229/user229.json,idx_81
fist,trainingSamples,raw_data/EMG-EPN612/testingJSON/user229/user229.json,idx_82
fist,trainingSamples,raw_data/EMG-EPN612/testingJSON/user229/user229.json,idx_83
fist,trainingSamples,raw_data/EMG-EPN612/testingJSON/user229/user229.json,idx_84
fist,trainingSamples,raw_data/EMG-EPN612/testingJSON/user229/user229.json,idx_85
fist,trainingSamples,raw_data/EMG-EPN612/testingJSON/user229/user229.json,idx_86
fist,trainingSamples,raw_data/EMG-EPN612/testingJSON/user229/user229.json,idx_87
fist,trainingSamples,raw_data/EMG-EPN612/testingJSON/user229/user229.json,idx_88
fist,trainingSamples,raw_data/EMG-EPN612/testingJSON/user229/user229.json,idx_89
fist,trainingSamples,raw_data/EMG-EPN612/testingJSON/user229/user229.json,idx_90
fist,trainingSamples,raw_data/EMG-EPN612/testingJSON/user229/user229.json,idx_91
fist,trainingSamples,raw_data/EMG-EPN612/testingJSON/user229/user229.json,idx_92
fist,trainingSamples,raw_data/EMG-EPN612/testingJSON/user229/user229.json,idx_93
fist,trainingSamples,raw_data/EMG-EPN612/testingJSON/user229/user229.json,idx_94
fist,trainingSamples,raw_data/EMG-EPN612/testingJSON/user229/user229.json,idx_95
fist,trainingSamples,raw_data/EMG-EPN612/testingJSON/user229/user229.json,idx_96
fist,trainingSamples,raw_data/EMG-EPN612/testingJSON/user229/user229.json,idx_97
fist,trainingSamples,raw_data/EMG-EPN612/testingJSON/user229/user229.json,idx_98
fist,trainingSamples,raw_data/EMG-EPN612/testingJSON/user229/user229.json,idx_99
fist,trainingSamples,raw_data/EMG-EPN612/testingJSON/user229/user229.json,idx_100
waveIn,trainingSamples,raw_data/EMG-EPN612/testingJSON/user229/user229.json,idx_101
waveIn,trainingSamples,raw_data/EMG-EPN612/testingJSON/user229/user229.json,idx_102
waveIn,trainingSamples,raw_data/EMG-EPN612/testingJSON/user229/user229.json,idx_103
waveIn,trainingSamples,raw_data/EMG-EPN612/testingJSON/user229/user229.json,idx_104
waveIn,trainingSamples,raw_data/EMG-EPN612/testingJSON/user229/user229.json,idx_105
waveIn,trainingSamples,raw_data/EMG-EPN612/testingJSON/user229/user229.json,idx_106
waveIn,trainingSamples,raw_data/EMG-EPN612/testingJSON/user229/user229.json,idx_107
waveIn,trainingSamples,raw_data/EMG-EPN612/testingJSON/user229/user229.json,idx_108
waveIn,trainingSamples,raw_data/EMG-EPN612/testingJSON/user229/user229.json,idx_109
waveIn,trainingSamples,raw_data/EMG-EPN612/testingJSON/user229/user229.json,idx_110
waveIn,trainingSamples,raw_data/EMG-EPN612/testingJSON/user229/user229.json,idx_111
waveIn,trainingSamples,raw_data/EMG-EPN612/testingJSON/user229/user229.json,idx_112
waveIn,trainingSamples,raw_data/EMG-EPN612/testingJSON/user229/user229.json,idx_113
waveIn,trainingSamples,raw_data/EMG-EPN612/testingJSON/user229/user229.json,idx_114
waveIn,trainingSamples,raw_data/EMG-EPN612/testingJSON/user229/user229.json,idx_115
waveIn,trainingSamples,raw_data/EMG-EPN612/testingJSON/user229/user229.json,idx_116
waveIn,trainingSamples,raw_data/EMG-EPN612/testingJSON/user229/user229.json,idx_117
waveIn,trainingSamples,raw_data/EMG-EPN612/testingJSON/user229/user229.json,idx_118
waveIn,trainingSamples,raw_data/EMG-EPN612/testingJSON/user229/user229.json,idx_119
waveIn,trainingSamples,raw_data/EMG-EPN612/testingJSON/user229/user229.json,idx_120
waveIn,trainingSamples,raw_data/EMG-EPN612/testingJSON/user229/user229.json,idx_121
waveIn,trainingSamples,raw_data/EMG-EPN612/testingJSON/user229/user229.json,idx_122
waveIn,trainingSamples,raw_data/EMG-EPN612/testingJSON/user229/user229.json,idx_123
waveIn,trainingSamples,raw_data/EMG-EPN612/testingJSON/user229/user229.json,idx_124
waveIn,trainingSamples,raw_data/EMG-EPN612/testingJSON/user229/user229.json,idx_125
open,trainingSamples,raw_data/EMG-EPN612/testingJSON/user229/user229.json,idx_126
open,trainingSamples,raw_data/EMG-EPN612/testingJSON/user229/user229.json,idx_127
open,trainingSamples,raw_data/EMG-EPN612/testingJSON/user229/user229.json,idx_128
open,trainingSamples,raw_data/EMG-EPN612/testingJSON/user229/user229.json,idx_129
open,trainingSamples,raw_data/EMG-EPN612/testingJSON/user229/user229.json,idx_130
open,trainingSamples,raw_data/EMG-EPN612/testingJSON/user229/user229.json,idx_131
open,trainingSamples,raw_data/EMG-EPN612/testingJSON/user229/user229.json,idx_132
open,trainingSamples,raw_data/EMG-EPN612/testingJSON/user229/user229.json,idx_133
open,trainingSamples,raw_data/EMG-EPN612/testingJSON/user229/user229.json,idx_134
open,trainingSamples,raw_data/EMG-EPN612/testingJSON/user229/user229.json,idx_135
open,trainingSamples,raw_data/EMG-EPN612/testingJSON/user229/user229.json,idx_136
open,trainingSamples,raw_data/EMG-EPN612/testingJSON/user229/user229.json,idx_137
open,trainingSamples,raw_data/EMG-EPN612/testingJSON/user229/user229.json,idx_138
open,trainingSamples,raw_data/EMG-EPN612/testingJSON/user229/user229.json,idx_139
open,trainingSamples,raw_data/EMG-EPN612/testingJSON/user229/user229.json,idx_140
open,trainingSamples,raw_data/EMG-EPN612/testingJSON/user229/user229.json,idx_141
open,trainingSamples,raw_data/EMG-EPN612/testingJSON/user229/user229.json,idx_142
open,trainingSamples,raw_data/EMG-EPN612/testingJSON/user229/user229.json,idx_143
open,trainingSamples,raw_data/EMG-EPN612/testingJSON/user229/user229.json,idx_144
open,trainingSamples,raw_data/EMG-EPN612/testingJSON/user229/user229.json,idx_145
open,trainingSamples,raw_data/EMG-EPN612/testingJSON/user229/user229.json,idx_146
open,trainingSamples,raw_data/EMG-EPN612/testingJSON/user229/user229.json,idx_147
open,trainingSamples,raw_data/EMG-EPN612/testingJSON/user229/user229.json,idx_148
open,trainingSamples,raw_data/EMG-EPN612/testingJSON/user229/user229.json,idx_149
open,trainingSamples,raw_data/EMG-EPN612/testingJSON/user229/user229.json,idx_150
noGesture,trainingSamples,raw_data/EMG-EPN612/testingJSON/user23/user23.json,idx_1
noGesture,trainingSamples,raw_data/EMG-EPN612/testingJSON/user23/user23.json,idx_2
noGesture,trainingSamples,raw_data/EMG-EPN612/testingJSON/user23/user23.json,idx_3
noGesture,trainingSamples,raw_data/EMG-EPN612/testingJSON/user23/user23.json,idx_4
noGesture,trainingSamples,raw_data/EMG-EPN612/testingJSON/user23/user23.json,idx_5
noGesture,trainingSamples,raw_data/EMG-EPN612/testingJSON/user23/user23.json,idx_6
noGesture,trainingSamples,raw_data/EMG-EPN612/testingJSON/user23/user23.json,idx_7
noGesture,trainingSamples,raw_data/EMG-EPN612/testingJSON/user23/user23.json,idx_8
noGesture,trainingSamples,raw_data/EMG-EPN612/testingJSON/user23/user23.json,idx_9
noGesture,trainingSamples,raw_data/EMG-EPN612/testingJSON/user23/user23.json,idx_10
noGesture,trainingSamples,raw_data/EMG-EPN612/testingJSON/user23/user23.json,idx_11
noGesture,trainingSamples,raw_data/EMG-EPN612/testingJSON/user23/user23.json,idx_12
noGesture,trainingSamples,raw_data/EMG-EPN612/testingJSON/user23/user23.json,idx_13
noGesture,trainingSamples,raw_data/EMG-EPN612/testingJSON/user23/user23.json,idx_14
noGesture,trainingSamples,raw_data/EMG-EPN612/testingJSON/user23/user23.json,idx_15
noGesture,trainingSamples,raw_data/EMG-EPN612/testingJSON/user23/user23.json,idx_16
noGesture,trainingSamples,raw_data/EMG-EPN612/testingJSON/user23/user23.json,idx_17
noGesture,trainingSamples,raw_data/EMG-EPN612/testingJSON/user23/user23.json,idx_18
noGesture,trainingSamples,raw_data/EMG-EPN612/testingJSON/user23/user23.json,idx_19
noGesture,trainingSamples,raw_data/EMG-EPN612/testingJSON/user23/user23.json,idx_20
noGesture,trainingSamples,raw_data/EMG-EPN612/testingJSON/user23/user23.json,idx_21
noGesture,trainingSamples,raw_data/EMG-EPN612/testingJSON/user23/user23.json,idx_22
noGesture,trainingSamples,raw_data/EMG-EPN612/testingJSON/user23/user23.json,idx_23
noGesture,trainingSamples,raw_data/EMG-EPN612/testingJSON/user23/user23.json,idx_24
noGesture,trainingSamples,raw_data/EMG-EPN612/testingJSON/user23/user23.json,idx_25
waveOut,trainingSamples,raw_data/EMG-EPN612/testingJSON/user23/user23.json,idx_26
waveOut,trainingSamples,raw_data/EMG-EPN612/testingJSON/user23/user23.json,idx_27
waveOut,trainingSamples,raw_data/EMG-EPN612/testingJSON/user23/user23.json,idx_28
waveOut,trainingSamples,raw_data/EMG-EPN612/testingJSON/user23/user23.json,idx_29
waveOut,trainingSamples,raw_data/EMG-EPN612/testingJSON/user23/user23.json,idx_30
waveOut,trainingSamples,raw_data/EMG-EPN612/testingJSON/user23/user23.json,idx_31
waveOut,trainingSamples,raw_data/EMG-EPN612/testingJSON/user23/user23.json,idx_32
waveOut,trainingSamples,raw_data/EMG-EPN612/testingJSON/user23/user23.json,idx_33
waveOut,trainingSamples,raw_data/EMG-EPN612/testingJSON/user23/user23.json,idx_34
waveOut,trainingSamples,raw_data/EMG-EPN612/testingJSON/user23/user23.json,idx_35
waveOut,trainingSamples,raw_data/EMG-EPN612/testingJSON/user23/user23.json,idx_36
waveOut,trainingSamples,raw_data/EMG-EPN612/testingJSON/user23/user23.json,idx_37
waveOut,trainingSamples,raw_data/EMG-EPN612/testingJSON/user23/user23.json,idx_38
waveOut,trainingSamples,raw_data/EMG-EPN612/testingJSON/user23/user23.json,idx_39
waveOut,trainingSamples,raw_data/EMG-EPN612/testingJSON/user23/user23.json,idx_40
waveOut,trainingSamples,raw_data/EMG-EPN612/testingJSON/user23/user23.json,idx_41
waveOut,trainingSamples,raw_data/EMG-EPN612/testingJSON/user23/user23.json,idx_42
waveOut,trainingSamples,raw_data/EMG-EPN612/testingJSON/user23/user23.json,idx_43
waveOut,trainingSamples,raw_data/EMG-EPN612/testingJSON/user23/user23.json,idx_44
waveOut,trainingSamples,raw_data/EMG-EPN612/testingJSON/user23/user23.json,idx_45
waveOut,trainingSamples,raw_data/EMG-EPN612/testingJSON/user23/user23.json,idx_46
waveOut,trainingSamples,raw_data/EMG-EPN612/testingJSON/user23/user23.json,idx_47
waveOut,trainingSamples,raw_data/EMG-EPN612/testingJSON/user23/user23.json,idx_48
waveOut,trainingSamples,raw_data/EMG-EPN612/testingJSON/user23/user23.json,idx_49
waveOut,trainingSamples,raw_data/EMG-EPN612/testingJSON/user23/user23.json,idx_50
pinch,trainingSamples,raw_data/EMG-EPN612/testingJSON/user23/user23.json,idx_51
pinch,trainingSamples,raw_data/EMG-EPN612/testingJSON/user23/user23.json,idx_52
pinch,trainingSamples,raw_data/EMG-EPN612/testingJSON/user23/user23.json,idx_53
pinch,trainingSamples,raw_data/EMG-EPN612/testingJSON/user23/user23.json,idx_54
pinch,trainingSamples,raw_data/EMG-EPN612/testingJSON/user23/user23.json,idx_55
pinch,trainingSamples,raw_data/EMG-EPN612/testingJSON/user23/user23.json,idx_56
pinch,trainingSamples,raw_data/EMG-EPN612/testingJSON/user23/user23.json,idx_57
pinch,trainingSamples,raw_data/EMG-EPN612/testingJSON/user23/user23.json,idx_58
pinch,trainingSamples,raw_data/EMG-EPN612/testingJSON/user23/user23.json,idx_59
pinch,trainingSamples,raw_data/EMG-EPN612/testingJSON/user23/user23.json,idx_60
pinch,trainingSamples,raw_data/EMG-EPN612/testingJSON/user23/user23.json,idx_61
pinch,trainingSamples,raw_data/EMG-EPN612/testingJSON/user23/user23.json,idx_62
pinch,trainingSamples,raw_data/EMG-EPN612/testingJSON/user23/user23.json,idx_63
pinch,trainingSamples,raw_data/EMG-EPN612/testingJSON/user23/user23.json,idx_64
pinch,trainingSamples,raw_data/EMG-EPN612/testingJSON/user23/user23.json,idx_65
pinch,trainingSamples,raw_data/EMG-EPN612/testingJSON/user23/user23.json,idx_66
pinch,trainingSamples,raw_data/EMG-EPN612/testingJSON/user23/user23.json,idx_67
pinch,trainingSamples,raw_data/EMG-EPN612/testingJSON/user23/user23.json,idx_68
pinch,trainingSamples,raw_data/EMG-EPN612/testingJSON/user23/user23.json,idx_69
pinch,trainingSamples,raw_data/EMG-EPN612/testingJSON/user23/user23.json,idx_70
pinch,trainingSamples,raw_data/EMG-EPN612/testingJSON/user23/user23.json,idx_71
pinch,trainingSamples,raw_data/EMG-EPN612/testingJSON/user23/user23.json,idx_72
pinch,trainingSamples,raw_data/EMG-EPN612/testingJSON/user23/user23.json,idx_73
pinch,trainingSamples,raw_data/EMG-EPN612/testingJSON/user23/user23.json,idx_74
pinch,trainingSamples,raw_data/EMG-EPN612/testingJSON/user23/user23.json,idx_75
fist,trainingSamples,raw_data/EMG-EPN612/testingJSON/user23/user23.json,idx_76
fist,trainingSamples,raw_data/EMG-EPN612/testingJSON/user23/user23.json,idx_77
fist,trainingSamples,raw_data/EMG-EPN612/testingJSON/user23/user23.json,idx_78
fist,trainingSamples,raw_data/EMG-EPN612/testingJSON/user23/user23.json,idx_79
fist,trainingSamples,raw_data/EMG-EPN612/testingJSON/user23/user23.json,idx_80
fist,trainingSamples,raw_data/EMG-EPN612/testingJSON/user23/user23.json,idx_81
fist,trainingSamples,raw_data/EMG-EPN612/testingJSON/user23/user23.json,idx_82
fist,trainingSamples,raw_data/EMG-EPN612/testingJSON/user23/user23.json,idx_83
fist,trainingSamples,raw_data/EMG-EPN612/testingJSON/user23/user23.json,idx_84
fist,trainingSamples,raw_data/EMG-EPN612/testingJSON/user23/user23.json,idx_85
fist,trainingSamples,raw_data/EMG-EPN612/testingJSON/user23/user23.json,idx_86
fist,trainingSamples,raw_data/EMG-EPN612/testingJSON/user23/user23.json,idx_87
fist,trainingSamples,raw_data/EMG-EPN612/testingJSON/user23/user23.json,idx_88
fist,trainingSamples,raw_data/EMG-EPN612/testingJSON/user23/user23.json,idx_89
fist,trainingSamples,raw_data/EMG-EPN612/testingJSON/user23/user23.json,idx_90
fist,trainingSamples,raw_data/EMG-EPN612/testingJSON/user23/user23.json,idx_91
fist,trainingSamples,raw_data/EMG-EPN612/testingJSON/user23/user23.json,idx_92
fist,trainingSamples,raw_data/EMG-EPN612/testingJSON/user23/user23.json,idx_93
fist,trainingSamples,raw_data/EMG-EPN612/testingJSON/user23/user23.json,idx_94
fist,trainingSamples,raw_data/EMG-EPN612/testingJSON/user23/user23.json,idx_95
fist,trainingSamples,raw_data/EMG-EPN612/testingJSON/user23/user23.json,idx_96
fist,trainingSamples,raw_data/EMG-EPN612/testingJSON/user23/user23.json,idx_97
fist,trainingSamples,raw_data/EMG-EPN612/testingJSON/user23/user23.json,idx_98
fist,trainingSamples,raw_data/EMG-EPN612/testingJSON/user23/user23.json,idx_99
fist,trainingSamples,raw_data/EMG-EPN612/testingJSON/user23/user23.json,idx_100
waveIn,trainingSamples,raw_data/EMG-EPN612/testingJSON/user23/user23.json,idx_101
waveIn,trainingSamples,raw_data/EMG-EPN612/testingJSON/user23/user23.json,idx_102
waveIn,trainingSamples,raw_data/EMG-EPN612/testingJSON/user23/user23.json,idx_103
waveIn,trainingSamples,raw_data/EMG-EPN612/testingJSON/user23/user23.json,idx_104
waveIn,trainingSamples,raw_data/EMG-EPN612/testingJSON/user23/user23.json,idx_105
waveIn,trainingSamples,raw_data/EMG-EPN612/testingJSON/user23/user23.json,idx_106
waveIn,trainingSamples,raw_data/EMG-EPN612/testingJSON/user23/user23.json,idx_107
waveIn,trainingSamples,raw_data/EMG-EPN612/testingJSON/user23/user23.json,idx_108
waveIn,trainingSamples,raw_data/EMG-EPN612/testingJSON/user23/user23.json,idx_109
waveIn,trainingSamples,raw_data/EMG-EPN612/testingJSON/user23/user23.json,idx_110
waveIn,trainingSamples,raw_data/EMG-EPN612/testingJSON/user23/user23.json,idx_111
waveIn,trainingSamples,raw_data/EMG-EPN612/testingJSON/user23/user23.json,idx_112
waveIn,trainingSamples,raw_data/EMG-EPN612/testingJSON/user23/user23.json,idx_113
waveIn,trainingSamples,raw_data/EMG-EPN612/testingJSON/user23/user23.json,idx_114
waveIn,trainingSamples,raw_data/EMG-EPN612/testingJSON/user23/user23.json,idx_115
waveIn,trainingSamples,raw_data/EMG-EPN612/testingJSON/user23/user23.json,idx_116
waveIn,trainingSamples,raw_data/EMG-EPN612/testingJSON/user23/user23.json,idx_117
waveIn,trainingSamples,raw_data/EMG-EPN612/testingJSON/user23/user23.json,idx_118
waveIn,trainingSamples,raw_data/EMG-EPN612/testingJSON/user23/user23.json,idx_119
waveIn,trainingSamples,raw_data/EMG-EPN612/testingJSON/user23/user23.json,idx_120
waveIn,trainingSamples,raw_data/EMG-EPN612/testingJSON/user23/user23.json,idx_121
waveIn,trainingSamples,raw_data/EMG-EPN612/testingJSON/user23/user23.json,idx_122
waveIn,trainingSamples,raw_data/EMG-EPN612/testingJSON/user23/user23.json,idx_123
waveIn,trainingSamples,raw_data/EMG-EPN612/testingJSON/user23/user23.json,idx_124
waveIn,trainingSamples,raw_data/EMG-EPN612/testingJSON/user23/user23.json,idx_125
open,trainingSamples,raw_data/EMG-EPN612/testingJSON/user23/user23.json,idx_126
open,trainingSamples,raw_data/EMG-EPN612/testingJSON/user23/user23.json,idx_127
open,trainingSamples,raw_data/EMG-EPN612/testingJSON/user23/user23.json,idx_128
open,trainingSamples,raw_data/EMG-EPN612/testingJSON/user23/user23.json,idx_129
open,trainingSamples,raw_data/EMG-EPN612/testingJSON/user23/user23.json,idx_130
open,trainingSamples,raw_data/EMG-EPN612/testingJSON/user23/user23.json,idx_131
open,trainingSamples,raw_data/EMG-EPN612/testingJSON/user23/user23.json,idx_132
open,trainingSamples,raw_data/EMG-EPN612/testingJSON/user23/user23.json,idx_133
open,trainingSamples,raw_data/EMG-EPN612/testingJSON/user23/user23.json,idx_134
open,trainingSamples,raw_data/EMG-EPN612/testingJSON/user23/user23.json,idx_135
open,trainingSamples,raw_data/EMG-EPN612/testingJSON/user23/user23.json,idx_136
open,trainingSamples,raw_data/EMG-EPN612/testingJSON/user23/user23.json,idx_137
open,trainingSamples,raw_data/EMG-EPN612/testingJSON/user23/user23.json,idx_138
open,trainingSamples,raw_data/EMG-EPN612/testingJSON/user23/user23.json,idx_139
open,trainingSamples,raw_data/EMG-EPN612/testingJSON/user23/user23.json,idx_140
open,trainingSamples,raw_data/EMG-EPN612/testingJSON/user23/user23.json,idx_141
open,trainingSamples,raw_data/EMG-EPN612/testingJSON/user23/user23.json,idx_142
open,trainingSamples,raw_data/EMG-EPN612/testingJSON/user23/user23.json,idx_143
open,trainingSamples,raw_data/EMG-EPN612/testingJSON/user23/user23.json,idx_144
open,trainingSamples,raw_data/EMG-EPN612/testingJSON/user23/user23.json,idx_145
open,trainingSamples,raw_data/EMG-EPN612/testingJSON/user23/user23.json,idx_146
open,trainingSamples,raw_data/EMG-EPN612/testingJSON/user23/user23.json,idx_147
open,trainingSamples,raw_data/EMG-EPN612/testingJSON/user23/user23.json,idx_148
open,trainingSamples,raw_data/EMG-EPN612/testingJSON/user23/user23.json,idx_149
open,trainingSamples,raw_data/EMG-EPN612/testingJSON/user23/user23.json,idx_150
noGesture,trainingSamples,raw_data/EMG-EPN612/testingJSON/user230/user230.json,idx_1
noGesture,trainingSamples,raw_data/EMG-EPN612/testingJSON/user230/user230.json,idx_2
noGesture,trainingSamples,raw_data/EMG-EPN612/testingJSON/user230/user230.json,idx_3
noGesture,trainingSamples,raw_data/EMG-EPN612/testingJSON/user230/user230.json,idx_4
noGesture,trainingSamples,raw_data/EMG-EPN612/testingJSON/user230/user230.json,idx_5
noGesture,trainingSamples,raw_data/EMG-EPN612/testingJSON/user230/user230.json,idx_6
noGesture,trainingSamples,raw_data/EMG-EPN612/testingJSON/user230/user230.json,idx_7
noGesture,trainingSamples,raw_data/EMG-EPN612/testingJSON/user230/user230.json,idx_8
noGesture,trainingSamples,raw_data/EMG-EPN612/testingJSON/user230/user230.json,idx_9
noGesture,trainingSamples,raw_data/EMG-EPN612/testingJSON/user230/user230.json,idx_10
noGesture,trainingSamples,raw_data/EMG-EPN612/testingJSON/user230/user230.json,idx_11
noGesture,trainingSamples,raw_data/EMG-EPN612/testingJSON/user230/user230.json,idx_12
noGesture,trainingSamples,raw_data/EMG-EPN612/testingJSON/user230/user230.json,idx_13
noGesture,trainingSamples,raw_data/EMG-EPN612/testingJSON/user230/user230.json,idx_14
noGesture,trainingSamples,raw_data/EMG-EPN612/testingJSON/user230/user230.json,idx_15
noGesture,trainingSamples,raw_data/EMG-EPN612/testingJSON/user230/user230.json,idx_16
noGesture,trainingSamples,raw_data/EMG-EPN612/testingJSON/user230/user230.json,idx_17
noGesture,trainingSamples,raw_data/EMG-EPN612/testingJSON/user230/user230.json,idx_18
noGesture,trainingSamples,raw_data/EMG-EPN612/testingJSON/user230/user230.json,idx_19
noGesture,trainingSamples,raw_data/EMG-EPN612/testingJSON/user230/user230.json,idx_20
noGesture,trainingSamples,raw_data/EMG-EPN612/testingJSON/user230/user230.json,idx_21
noGesture,trainingSamples,raw_data/EMG-EPN612/testingJSON/user230/user230.json,idx_22
noGesture,trainingSamples,raw_data/EMG-EPN612/testingJSON/user230/user230.json,idx_23
noGesture,trainingSamples,raw_data/EMG-EPN612/testingJSON/user230/user230.json,idx_24
noGesture,trainingSamples,raw_data/EMG-EPN612/testingJSON/user230/user230.json,idx_25
waveOut,trainingSamples,raw_data/EMG-EPN612/testingJSON/user230/user230.json,idx_26
waveOut,trainingSamples,raw_data/EMG-EPN612/testingJSON/user230/user230.json,idx_27
waveOut,trainingSamples,raw_data/EMG-EPN612/testingJSON/user230/user230.json,idx_28
waveOut,trainingSamples,raw_data/EMG-EPN612/testingJSON/user230/user230.json,idx_29
waveOut,trainingSamples,raw_data/EMG-EPN612/testingJSON/user230/user230.json,idx_30
waveOut,trainingSamples,raw_data/EMG-EPN612/testingJSON/user230/user230.json,idx_31
waveOut,trainingSamples,raw_data/EMG-EPN612/testingJSON/user230/user230.json,idx_32
waveOut,trainingSamples,raw_data/EMG-EPN612/testingJSON/user230/user230.json,idx_33
waveOut,trainingSamples,raw_data/EMG-EPN612/testingJSON/user230/user230.json,idx_34
waveOut,trainingSamples,raw_data/EMG-EPN612/testingJSON/user230/user230.json,idx_35
waveOut,trainingSamples,raw_data/EMG-EPN612/testingJSON/user230/user230.json,idx_36
waveOut,trainingSamples,raw_data/EMG-EPN612/testingJSON/user230/user230.json,idx_37
waveOut,trainingSamples,raw_data/EMG-EPN612/testingJSON/user230/user230.json,idx_38
waveOut,trainingSamples,raw_data/EMG-EPN612/testingJSON/user230/user230.json,idx_39
waveOut,trainingSamples,raw_data/EMG-EPN612/testingJSON/user230/user230.json,idx_40
waveOut,trainingSamples,raw_data/EMG-EPN612/testingJSON/user230/user230.json,idx_41
waveOut,trainingSamples,raw_data/EMG-EPN612/testingJSON/user230/user230.json,idx_42
waveOut,trainingSamples,raw_data/EMG-EPN612/testingJSON/user230/user230.json,idx_43
waveOut,trainingSamples,raw_data/EMG-EPN612/testingJSON/user230/user230.json,idx_44
waveOut,trainingSamples,raw_data/EMG-EPN612/testingJSON/user230/user230.json,idx_45
waveOut,trainingSamples,raw_data/EMG-EPN612/testingJSON/user230/user230.json,idx_46
waveOut,trainingSamples,raw_data/EMG-EPN612/testingJSON/user230/user230.json,idx_47
waveOut,trainingSamples,raw_data/EMG-EPN612/testingJSON/user230/user230.json,idx_48
waveOut,trainingSamples,raw_data/EMG-EPN612/testingJSON/user230/user230.json,idx_49
waveOut,trainingSamples,raw_data/EMG-EPN612/testingJSON/user230/user230.json,idx_50
pinch,trainingSamples,raw_data/EMG-EPN612/testingJSON/user230/user230.json,idx_51
pinch,trainingSamples,raw_data/EMG-EPN612/testingJSON/user230/user230.json,idx_52
pinch,trainingSamples,raw_data/EMG-EPN612/testingJSON/user230/user230.json,idx_53
pinch,trainingSamples,raw_data/EMG-EPN612/testingJSON/user230/user230.json,idx_54
pinch,trainingSamples,raw_data/EMG-EPN612/testingJSON/user230/user230.json,idx_55
pinch,trainingSamples,raw_data/EMG-EPN612/testingJSON/user230/user230.json,idx_56
pinch,trainingSamples,raw_data/EMG-EPN612/testingJSON/user230/user230.json,idx_57
pinch,trainingSamples,raw_data/EMG-EPN612/testingJSON/user230/user230.json,idx_58
pinch,trainingSamples,raw_data/EMG-EPN612/testingJSON/user230/user230.json,idx_59
pinch,trainingSamples,raw_data/EMG-EPN612/testingJSON/user230/user230.json,idx_60
pinch,trainingSamples,raw_data/EMG-EPN612/testingJSON/user230/user230.json,idx_61
pinch,trainingSamples,raw_data/EMG-EPN612/testingJSON/user230/user230.json,idx_62
pinch,trainingSamples,raw_data/EMG-EPN612/testingJSON/user230/user230.json,idx_63
pinch,trainingSamples,raw_data/EMG-EPN612/testingJSON/user230/user230.json,idx_64
pinch,trainingSamples,raw_data/EMG-EPN612/testingJSON/user230/user230.json,idx_65
pinch,trainingSamples,raw_data/EMG-EPN612/testingJSON/user230/user230.json,idx_66
pinch,trainingSamples,raw_data/EMG-EPN612/testingJSON/user230/user230.json,idx_67
pinch,trainingSamples,raw_data/EMG-EPN612/testingJSON/user230/user230.json,idx_68
pinch,trainingSamples,raw_data/EMG-EPN612/testingJSON/user230/user230.json,idx_69
pinch,trainingSamples,raw_data/EMG-EPN612/testingJSON/user230/user230.json,idx_70
pinch,trainingSamples,raw_data/EMG-EPN612/testingJSON/user230/user230.json,idx_71
pinch,trainingSamples,raw_data/EMG-EPN612/testingJSON/user230/user230.json,idx_72
pinch,trainingSamples,raw_data/EMG-EPN612/testingJSON/user230/user230.json,idx_73
pinch,trainingSamples,raw_data/EMG-EPN612/testingJSON/user230/user230.json,idx_74
pinch,trainingSamples,raw_data/EMG-EPN612/testingJSON/user230/user230.json,idx_75
fist,trainingSamples,raw_data/EMG-EPN612/testingJSON/user230/user230.json,idx_76
fist,trainingSamples,raw_data/EMG-EPN612/testingJSON/user230/user230.json,idx_77
fist,trainingSamples,raw_data/EMG-EPN612/testingJSON/user230/user230.json,idx_78
fist,trainingSamples,raw_data/EMG-EPN612/testingJSON/user230/user230.json,idx_79
fist,trainingSamples,raw_data/EMG-EPN612/testingJSON/user230/user230.json,idx_80
fist,trainingSamples,raw_data/EMG-EPN612/testingJSON/user230/user230.json,idx_81
fist,trainingSamples,raw_data/EMG-EPN612/testingJSON/user230/user230.json,idx_82
fist,trainingSamples,raw_data/EMG-EPN612/testingJSON/user230/user230.json,idx_83
fist,trainingSamples,raw_data/EMG-EPN612/testingJSON/user230/user230.json,idx_84
fist,trainingSamples,raw_data/EMG-EPN612/testingJSON/user230/user230.json,idx_85
fist,trainingSamples,raw_data/EMG-EPN612/testingJSON/user230/user230.json,idx_86
fist,trainingSamples,raw_data/EMG-EPN612/testingJSON/user230/user230.json,idx_87
fist,trainingSamples,raw_data/EMG-EPN612/testingJSON/user230/user230.json,idx_88
fist,trainingSamples,raw_data/EMG-EPN612/testingJSON/user230/user230.json,idx_89
fist,trainingSamples,raw_data/EMG-EPN612/testingJSON/user230/user230.json,idx_90
fist,trainingSamples,raw_data/EMG-EPN612/testingJSON/user230/user230.json,idx_91
fist,trainingSamples,raw_data/EMG-EPN612/testingJSON/user230/user230.json,idx_92
fist,trainingSamples,raw_data/EMG-EPN612/testingJSON/user230/user230.json,idx_93
fist,trainingSamples,raw_data/EMG-EPN612/testingJSON/user230/user230.json,idx_94
fist,trainingSamples,raw_data/EMG-EPN612/testingJSON/user230/user230.json,idx_95
fist,trainingSamples,raw_data/EMG-EPN612/testingJSON/user230/user230.json,idx_96
fist,trainingSamples,raw_data/EMG-EPN612/testingJSON/user230/user230.json,idx_97
fist,trainingSamples,raw_data/EMG-EPN612/testingJSON/user230/user230.json,idx_98
fist,trainingSamples,raw_data/EMG-EPN612/testingJSON/user230/user230.json,idx_99
fist,trainingSamples,raw_data/EMG-EPN612/testingJSON/user230/user230.json,idx_100
waveIn,trainingSamples,raw_data/EMG-EPN612/testingJSON/user230/user230.json,idx_101
waveIn,trainingSamples,raw_data/EMG-EPN612/testingJSON/user230/user230.json,idx_102
waveIn,trainingSamples,raw_data/EMG-EPN612/testingJSON/user230/user230.json,idx_103
waveIn,trainingSamples,raw_data/EMG-EPN612/testingJSON/user230/user230.json,idx_104
waveIn,trainingSamples,raw_data/EMG-EPN612/testingJSON/user230/user230.json,idx_105
waveIn,trainingSamples,raw_data/EMG-EPN612/testingJSON/user230/user230.json,idx_106
waveIn,trainingSamples,raw_data/EMG-EPN612/testingJSON/user230/user230.json,idx_107
waveIn,trainingSamples,raw_data/EMG-EPN612/testingJSON/user230/user230.json,idx_108
waveIn,trainingSamples,raw_data/EMG-EPN612/testingJSON/user230/user230.json,idx_109
waveIn,trainingSamples,raw_data/EMG-EPN612/testingJSON/user230/user230.json,idx_110
waveIn,trainingSamples,raw_data/EMG-EPN612/testingJSON/user230/user230.json,idx_111
waveIn,trainingSamples,raw_data/EMG-EPN612/testingJSON/user230/user230.json,idx_112
waveIn,trainingSamples,raw_data/EMG-EPN612/testingJSON/user230/user230.json,idx_113
waveIn,trainingSamples,raw_data/EMG-EPN612/testingJSON/user230/user230.json,idx_114
waveIn,trainingSamples,raw_data/EMG-EPN612/testingJSON/user230/user230.json,idx_115
waveIn,trainingSamples,raw_data/EMG-EPN612/testingJSON/user230/user230.json,idx_116
waveIn,trainingSamples,raw_data/EMG-EPN612/testingJSON/user230/user230.json,idx_117
waveIn,trainingSamples,raw_data/EMG-EPN612/testingJSON/user230/user230.json,idx_118
waveIn,trainingSamples,raw_data/EMG-EPN612/testingJSON/user230/user230.json,idx_119
waveIn,trainingSamples,raw_data/EMG-EPN612/testingJSON/user230/user230.json,idx_120
waveIn,trainingSamples,raw_data/EMG-EPN612/testingJSON/user230/user230.json,idx_121
waveIn,trainingSamples,raw_data/EMG-EPN612/testingJSON/user230/user230.json,idx_122
waveIn,trainingSamples,raw_data/EMG-EPN612/testingJSON/user230/user230.json,idx_123
waveIn,trainingSamples,raw_data/EMG-EPN612/testingJSON/user230/user230.json,idx_124
waveIn,trainingSamples,raw_data/EMG-EPN612/testingJSON/user230/user230.json,idx_125
open,trainingSamples,raw_data/EMG-EPN612/testingJSON/user230/user230.json,idx_126
open,trainingSamples,raw_data/EMG-EPN612/testingJSON/user230/user230.json,idx_127
open,trainingSamples,raw_data/EMG-EPN612/testingJSON/user230/user230.json,idx_128
open,trainingSamples,raw_data/EMG-EPN612/testingJSON/user230/user230.json,idx_129
open,trainingSamples,raw_data/EMG-EPN612/testingJSON/user230/user230.json,idx_130
open,trainingSamples,raw_data/EMG-EPN612/testingJSON/user230/user230.json,idx_131
open,trainingSamples,raw_data/EMG-EPN612/testingJSON/user230/user230.json,idx_132
open,trainingSamples,raw_data/EMG-EPN612/testingJSON/user230/user230.json,idx_133
open,trainingSamples,raw_data/EMG-EPN612/testingJSON/user230/user230.json,idx_134
open,trainingSamples,raw_data/EMG-EPN612/testingJSON/user230/user230.json,idx_135
open,trainingSamples,raw_data/EMG-EPN612/testingJSON/user230/user230.json,idx_136
open,trainingSamples,raw_data/EMG-EPN612/testingJSON/user230/user230.json,idx_137
open,trainingSamples,raw_data/EMG-EPN612/testingJSON/user230/user230.json,idx_138
open,trainingSamples,raw_data/EMG-EPN612/testingJSON/user230/user230.json,idx_139
open,trainingSamples,raw_data/EMG-EPN612/testingJSON/user230/user230.json,idx_140
open,trainingSamples,raw_data/EMG-EPN612/testingJSON/user230/user230.json,idx_141
open,trainingSamples,raw_data/EMG-EPN612/testingJSON/user230/user230.json,idx_142
open,trainingSamples,raw_data/EMG-EPN612/testingJSON/user230/user230.json,idx_143
open,trainingSamples,raw_data/EMG-EPN612/testingJSON/user230/user230.json,idx_144
open,trainingSamples,raw_data/EMG-EPN612/testingJSON/user230/user230.json,idx_145
open,trainingSamples,raw_data/EMG-EPN612/testingJSON/user230/user230.json,idx_146
open,trainingSamples,raw_data/EMG-EPN612/testingJSON/user230/user230.json,idx_147
open,trainingSamples,raw_data/EMG-EPN612/testingJSON/user230/user230.json,idx_148
open,trainingSamples,raw_data/EMG-EPN612/testingJSON/user230/user230.json,idx_149
open,trainingSamples,raw_data/EMG-EPN612/testingJSON/user230/user230.json,idx_150
noGesture,trainingSamples,raw_data/EMG-EPN612/testingJSON/user231/user231.json,idx_1
noGesture,trainingSamples,raw_data/EMG-EPN612/testingJSON/user231/user231.json,idx_2
noGesture,trainingSamples,raw_data/EMG-EPN612/testingJSON/user231/user231.json,idx_3
noGesture,trainingSamples,raw_data/EMG-EPN612/testingJSON/user231/user231.json,idx_4
noGesture,trainingSamples,raw_data/EMG-EPN612/testingJSON/user231/user231.json,idx_5
noGesture,trainingSamples,raw_data/EMG-EPN612/testingJSON/user231/user231.json,idx_6
noGesture,trainingSamples,raw_data/EMG-EPN612/testingJSON/user231/user231.json,idx_7
noGesture,trainingSamples,raw_data/EMG-EPN612/testingJSON/user231/user231.json,idx_8
noGesture,trainingSamples,raw_data/EMG-EPN612/testingJSON/user231/user231.json,idx_9
noGesture,trainingSamples,raw_data/EMG-EPN612/testingJSON/user231/user231.json,idx_10
noGesture,trainingSamples,raw_data/EMG-EPN612/testingJSON/user231/user231.json,idx_11
noGesture,trainingSamples,raw_data/EMG-EPN612/testingJSON/user231/user231.json,idx_12
noGesture,trainingSamples,raw_data/EMG-EPN612/testingJSON/user231/user231.json,idx_13
noGesture,trainingSamples,raw_data/EMG-EPN612/testingJSON/user231/user231.json,idx_14
noGesture,trainingSamples,raw_data/EMG-EPN612/testingJSON/user231/user231.json,idx_15
noGesture,trainingSamples,raw_data/EMG-EPN612/testingJSON/user231/user231.json,idx_16
noGesture,trainingSamples,raw_data/EMG-EPN612/testingJSON/user231/user231.json,idx_17
noGesture,trainingSamples,raw_data/EMG-EPN612/testingJSON/user231/user231.json,idx_18
noGesture,trainingSamples,raw_data/EMG-EPN612/testingJSON/user231/user231.json,idx_19
noGesture,trainingSamples,raw_data/EMG-EPN612/testingJSON/user231/user231.json,idx_20
noGesture,trainingSamples,raw_data/EMG-EPN612/testingJSON/user231/user231.json,idx_21
noGesture,trainingSamples,raw_data/EMG-EPN612/testingJSON/user231/user231.json,idx_22
noGesture,trainingSamples,raw_data/EMG-EPN612/testingJSON/user231/user231.json,idx_23
noGesture,trainingSamples,raw_data/EMG-EPN612/testingJSON/user231/user231.json,idx_24
noGesture,trainingSamples,raw_data/EMG-EPN612/testingJSON/user231/user231.json,idx_25
fist,trainingSamples,raw_data/EMG-EPN612/testingJSON/user231/user231.json,idx_26
fist,trainingSamples,raw_data/EMG-EPN612/testingJSON/user231/user231.json,idx_27
fist,trainingSamples,raw_data/EMG-EPN612/testingJSON/user231/user231.json,idx_28
fist,trainingSamples,raw_data/EMG-EPN612/testingJSON/user231/user231.json,idx_29
fist,trainingSamples,raw_data/EMG-EPN612/testingJSON/user231/user231.json,idx_30
fist,trainingSamples,raw_data/EMG-EPN612/testingJSON/user231/user231.json,idx_31
fist,trainingSamples,raw_data/EMG-EPN612/testingJSON/user231/user231.json,idx_32
fist,trainingSamples,raw_data/EMG-EPN612/testingJSON/user231/user231.json,idx_33
fist,trainingSamples,raw_data/EMG-EPN612/testingJSON/user231/user231.json,idx_34
fist,trainingSamples,raw_data/EMG-EPN612/testingJSON/user231/user231.json,idx_35
fist,trainingSamples,raw_data/EMG-EPN612/testingJSON/user231/user231.json,idx_36
fist,trainingSamples,raw_data/EMG-EPN612/testingJSON/user231/user231.json,idx_37
fist,trainingSamples,raw_data/EMG-EPN612/testingJSON/user231/user231.json,idx_38
fist,trainingSamples,raw_data/EMG-EPN612/testingJSON/user231/user231.json,idx_39
fist,trainingSamples,raw_data/EMG-EPN612/testingJSON/user231/user231.json,idx_40
fist,trainingSamples,raw_data/EMG-EPN612/testingJSON/user231/user231.json,idx_41
fist,trainingSamples,raw_data/EMG-EPN612/testingJSON/user231/user231.json,idx_42
fist,trainingSamples,raw_data/EMG-EPN612/testingJSON/user231/user231.json,idx_43
fist,trainingSamples,raw_data/EMG-EPN612/testingJSON/user231/user231.json,idx_44
fist,trainingSamples,raw_data/EMG-EPN612/testingJSON/user231/user231.json,idx_45
fist,trainingSamples,raw_data/EMG-EPN612/testingJSON/user231/user231.json,idx_46
fist,trainingSamples,raw_data/EMG-EPN612/testingJSON/user231/user231.json,idx_47
fist,trainingSamples,raw_data/EMG-EPN612/testingJSON/user231/user231.json,idx_48
fist,trainingSamples,raw_data/EMG-EPN612/testingJSON/user231/user231.json,idx_49
fist,trainingSamples,raw_data/EMG-EPN612/testingJSON/user231/user231.json,idx_50
open,trainingSamples,raw_data/EMG-EPN612/testingJSON/user231/user231.json,idx_51
open,trainingSamples,raw_data/EMG-EPN612/testingJSON/user231/user231.json,idx_52
open,trainingSamples,raw_data/EMG-EPN612/testingJSON/user231/user231.json,idx_53
open,trainingSamples,raw_data/EMG-EPN612/testingJSON/user231/user231.json,idx_54
open,trainingSamples,raw_data/EMG-EPN612/testingJSON/user231/user231.json,idx_55
open,trainingSamples,raw_data/EMG-EPN612/testingJSON/user231/user231.json,idx_56
open,trainingSamples,raw_data/EMG-EPN612/testingJSON/user231/user231.json,idx_57
open,trainingSamples,raw_data/EMG-EPN612/testingJSON/user231/user231.json,idx_58
open,trainingSamples,raw_data/EMG-EPN612/testingJSON/user231/user231.json,idx_59
open,trainingSamples,raw_data/EMG-EPN612/testingJSON/user231/user231.json,idx_60
open,trainingSamples,raw_data/EMG-EPN612/testingJSON/user231/user231.json,idx_61
open,trainingSamples,raw_data/EMG-EPN612/testingJSON/user231/user231.json,idx_62
open,trainingSamples,raw_data/EMG-EPN612/testingJSON/user231/user231.json,idx_63
open,trainingSamples,raw_data/EMG-EPN612/testingJSON/user231/user231.json,idx_64
open,trainingSamples,raw_data/EMG-EPN612/testingJSON/user231/user231.json,idx_65
open,trainingSamples,raw_data/EMG-EPN612/testingJSON/user231/user231.json,idx_66
open,trainingSamples,raw_data/EMG-EPN612/testingJSON/user231/user231.json,idx_67
open,trainingSamples,raw_data/EMG-EPN612/testingJSON/user231/user231.json,idx_68
open,trainingSamples,raw_data/EMG-EPN612/testingJSON/user231/user231.json,idx_69
open,trainingSamples,raw_data/EMG-EPN612/testingJSON/user231/user231.json,idx_70
open,trainingSamples,raw_data/EMG-EPN612/testingJSON/user231/user231.json,idx_71
open,trainingSamples,raw_data/EMG-EPN612/testingJSON/user231/user231.json,idx_72
open,trainingSamples,raw_data/EMG-EPN612/testingJSON/user231/user231.json,idx_73
open,trainingSamples,raw_data/EMG-EPN612/testingJSON/user231/user231.json,idx_74
open,trainingSamples,raw_data/EMG-EPN612/testingJSON/user231/user231.json,idx_75
waveOut,trainingSamples,raw_data/EMG-EPN612/testingJSON/user231/user231.json,idx_76
waveOut,trainingSamples,raw_data/EMG-EPN612/testingJSON/user231/user231.json,idx_77
waveOut,trainingSamples,raw_data/EMG-EPN612/testingJSON/user231/user231.json,idx_78
waveOut,trainingSamples,raw_data/EMG-EPN612/testingJSON/user231/user231.json,idx_79
waveOut,trainingSamples,raw_data/EMG-EPN612/testingJSON/user231/user231.json,idx_80
waveOut,trainingSamples,raw_data/EMG-EPN612/testingJSON/user231/user231.json,idx_81
waveOut,trainingSamples,raw_data/EMG-EPN612/testingJSON/user231/user231.json,idx_82
waveOut,trainingSamples,raw_data/EMG-EPN612/testingJSON/user231/user231.json,idx_83
waveOut,trainingSamples,raw_data/EMG-EPN612/testingJSON/user231/user231.json,idx_84
waveOut,trainingSamples,raw_data/EMG-EPN612/testingJSON/user231/user231.json,idx_85
waveOut,trainingSamples,raw_data/EMG-EPN612/testingJSON/user231/user231.json,idx_86
waveOut,trainingSamples,raw_data/EMG-EPN612/testingJSON/user231/user231.json,idx_87
waveOut,trainingSamples,raw_data/EMG-EPN612/testingJSON/user231/user231.json,idx_88
waveOut,trainingSamples,raw_data/EMG-EPN612/testingJSON/user231/user231.json,idx_89
waveOut,trainingSamples,raw_data/EMG-EPN612/testingJSON/user231/user231.json,idx_90
waveOut,trainingSamples,raw_data/EMG-EPN612/testingJSON/user231/user231.json,idx_91
waveOut,trainingSamples,raw_data/EMG-EPN612/testingJSON/user231/user231.json,idx_92
waveOut,trainingSamples,raw_data/EMG-EPN612/testingJSON/user231/user231.json,idx_93
waveOut,trainingSamples,raw_data/EMG-EPN612/testingJSON/user231/user231.json,idx_94
waveOut,trainingSamples,raw_data/EMG-EPN612/testingJSON/user231/user231.json,idx_95
waveOut,trainingSamples,raw_data/EMG-EPN612/testingJSON/user231/user231.json,idx_96
waveOut,trainingSamples,raw_data/EMG-EPN612/testingJSON/user231/user231.json,idx_97
waveOut,trainingSamples,raw_data/EMG-EPN612/testingJSON/user231/user231.json,idx_98
waveOut,trainingSamples,raw_data/EMG-EPN612/testingJSON/user231/user231.json,idx_99
waveOut,trainingSamples,raw_data/EMG-EPN612/testingJSON/user231/user231.json,idx_100
waveIn,trainingSamples,raw_data/EMG-EPN612/testingJSON/user231/user231.json,idx_101
waveIn,trainingSamples,raw_data/EMG-EPN612/testingJSON/user231/user231.json,idx_102
waveIn,trainingSamples,raw_data/EMG-EPN612/testingJSON/user231/user231.json,idx_103
waveIn,trainingSamples,raw_data/EMG-EPN612/testingJSON/user231/user231.json,idx_104
waveIn,trainingSamples,raw_data/EMG-EPN612/testingJSON/user231/user231.json,idx_105
waveIn,trainingSamples,raw_data/EMG-EPN612/testingJSON/user231/user231.json,idx_106
waveIn,trainingSamples,raw_data/EMG-EPN612/testingJSON/user231/user231.json,idx_107
waveIn,trainingSamples,raw_data/EMG-EPN612/testingJSON/user231/user231.json,idx_108
waveIn,trainingSamples,raw_data/EMG-EPN612/testingJSON/user231/user231.json,idx_109
waveIn,trainingSamples,raw_data/EMG-EPN612/testingJSON/user231/user231.json,idx_110
waveIn,trainingSamples,raw_data/EMG-EPN612/testingJSON/user231/user231.json,idx_111
waveIn,trainingSamples,raw_data/EMG-EPN612/testingJSON/user231/user231.json,idx_112
waveIn,trainingSamples,raw_data/EMG-EPN612/testingJSON/user231/user231.json,idx_113
waveIn,trainingSamples,raw_data/EMG-EPN612/testingJSON/user231/user231.json,idx_114
waveIn,trainingSamples,raw_data/EMG-EPN612/testingJSON/user231/user231.json,idx_115
waveIn,trainingSamples,raw_data/EMG-EPN612/testingJSON/user231/user231.json,idx_116
waveIn,trainingSamples,raw_data/EMG-EPN612/testingJSON/user231/user231.json,idx_117
waveIn,trainingSamples,raw_data/EMG-EPN612/testingJSON/user231/user231.json,idx_118
waveIn,trainingSamples,raw_data/EMG-EPN612/testingJSON/user231/user231.json,idx_119
waveIn,trainingSamples,raw_data/EMG-EPN612/testingJSON/user231/user231.json,idx_120
waveIn,trainingSamples,raw_data/EMG-EPN612/testingJSON/user231/user231.json,idx_121
waveIn,trainingSamples,raw_data/EMG-EPN612/testingJSON/user231/user231.json,idx_122
waveIn,trainingSamples,raw_data/EMG-EPN612/testingJSON/user231/user231.json,idx_123
waveIn,trainingSamples,raw_data/EMG-EPN612/testingJSON/user231/user231.json,idx_124
waveIn,trainingSamples,raw_data/EMG-EPN612/testingJSON/user231/user231.json,idx_125
pinch,trainingSamples,raw_data/EMG-EPN612/testingJSON/user231/user231.json,idx_126
pinch,trainingSamples,raw_data/EMG-EPN612/testingJSON/user231/user231.json,idx_127
pinch,trainingSamples,raw_data/EMG-EPN612/testingJSON/user231/user231.json,idx_128
pinch,trainingSamples,raw_data/EMG-EPN612/testingJSON/user231/user231.json,idx_129
pinch,trainingSamples,raw_data/EMG-EPN612/testingJSON/user231/user231.json,idx_130
pinch,trainingSamples,raw_data/EMG-EPN612/testingJSON/user231/user231.json,idx_131
pinch,trainingSamples,raw_data/EMG-EPN612/testingJSON/user231/user231.json,idx_132
pinch,trainingSamples,raw_data/EMG-EPN612/testingJSON/user231/user231.json,idx_133
pinch,trainingSamples,raw_data/EMG-EPN612/testingJSON/user231/user231.json,idx_134
pinch,trainingSamples,raw_data/EMG-EPN612/testingJSON/user231/user231.json,idx_135
pinch,trainingSamples,raw_data/EMG-EPN612/testingJSON/user231/user231.json,idx_136
pinch,trainingSamples,raw_data/EMG-EPN612/testingJSON/user231/user231.json,idx_137
pinch,trainingSamples,raw_data/EMG-EPN612/testingJSON/user231/user231.json,idx_138
pinch,trainingSamples,raw_data/EMG-EPN612/testingJSON/user231/user231.json,idx_139
pinch,trainingSamples,raw_data/EMG-EPN612/testingJSON/user231/user231.json,idx_140
pinch,trainingSamples,raw_data/EMG-EPN612/testingJSON/user231/user231.json,idx_141
pinch,trainingSamples,raw_data/EMG-EPN612/testingJSON/user231/user231.json,idx_142
pinch,trainingSamples,raw_data/EMG-EPN612/testingJSON/user231/user231.json,idx_143
pinch,trainingSamples,raw_data/EMG-EPN612/testingJSON/user231/user231.json,idx_144
pinch,trainingSamples,raw_data/EMG-EPN612/testingJSON/user231/user231.json,idx_145
pinch,trainingSamples,raw_data/EMG-EPN612/testingJSON/user231/user231.json,idx_146
pinch,trainingSamples,raw_data/EMG-EPN612/testingJSON/user231/user231.json,idx_147
pinch,trainingSamples,raw_data/EMG-EPN612/testingJSON/user231/user231.json,idx_148
pinch,trainingSamples,raw_data/EMG-EPN612/testingJSON/user231/user231.json,idx_149
pinch,trainingSamples,raw_data/EMG-EPN612/testingJSON/user231/user231.json,idx_150
noGesture,trainingSamples,raw_data/EMG-EPN612/testingJSON/user232/user232.json,idx_1
noGesture,trainingSamples,raw_data/EMG-EPN612/testingJSON/user232/user232.json,idx_2
noGesture,trainingSamples,raw_data/EMG-EPN612/testingJSON/user232/user232.json,idx_3
noGesture,trainingSamples,raw_data/EMG-EPN612/testingJSON/user232/user232.json,idx_4
noGesture,trainingSamples,raw_data/EMG-EPN612/testingJSON/user232/user232.json,idx_5
noGesture,trainingSamples,raw_data/EMG-EPN612/testingJSON/user232/user232.json,idx_6
noGesture,trainingSamples,raw_data/EMG-EPN612/testingJSON/user232/user232.json,idx_7
noGesture,trainingSamples,raw_data/EMG-EPN612/testingJSON/user232/user232.json,idx_8
noGesture,trainingSamples,raw_data/EMG-EPN612/testingJSON/user232/user232.json,idx_9
noGesture,trainingSamples,raw_data/EMG-EPN612/testingJSON/user232/user232.json,idx_10
noGesture,trainingSamples,raw_data/EMG-EPN612/testingJSON/user232/user232.json,idx_11
noGesture,trainingSamples,raw_data/EMG-EPN612/testingJSON/user232/user232.json,idx_12
noGesture,trainingSamples,raw_data/EMG-EPN612/testingJSON/user232/user232.json,idx_13
noGesture,trainingSamples,raw_data/EMG-EPN612/testingJSON/user232/user232.json,idx_14
noGesture,trainingSamples,raw_data/EMG-EPN612/testingJSON/user232/user232.json,idx_15
noGesture,trainingSamples,raw_data/EMG-EPN612/testingJSON/user232/user232.json,idx_16
noGesture,trainingSamples,raw_data/EMG-EPN612/testingJSON/user232/user232.json,idx_17
noGesture,trainingSamples,raw_data/EMG-EPN612/testingJSON/user232/user232.json,idx_18
noGesture,trainingSamples,raw_data/EMG-EPN612/testingJSON/user232/user232.json,idx_19
noGesture,trainingSamples,raw_data/EMG-EPN612/testingJSON/user232/user232.json,idx_20
noGesture,trainingSamples,raw_data/EMG-EPN612/testingJSON/user232/user232.json,idx_21
noGesture,trainingSamples,raw_data/EMG-EPN612/testingJSON/user232/user232.json,idx_22
noGesture,trainingSamples,raw_data/EMG-EPN612/testingJSON/user232/user232.json,idx_23
noGesture,trainingSamples,raw_data/EMG-EPN612/testingJSON/user232/user232.json,idx_24
noGesture,trainingSamples,raw_data/EMG-EPN612/testingJSON/user232/user232.json,idx_25
fist,trainingSamples,raw_data/EMG-EPN612/testingJSON/user232/user232.json,idx_26
fist,trainingSamples,raw_data/EMG-EPN612/testingJSON/user232/user232.json,idx_27
fist,trainingSamples,raw_data/EMG-EPN612/testingJSON/user232/user232.json,idx_28
fist,trainingSamples,raw_data/EMG-EPN612/testingJSON/user232/user232.json,idx_29
fist,trainingSamples,raw_data/EMG-EPN612/testingJSON/user232/user232.json,idx_30
fist,trainingSamples,raw_data/EMG-EPN612/testingJSON/user232/user232.json,idx_31
fist,trainingSamples,raw_data/EMG-EPN612/testingJSON/user232/user232.json,idx_32
fist,trainingSamples,raw_data/EMG-EPN612/testingJSON/user232/user232.json,idx_33
fist,trainingSamples,raw_data/EMG-EPN612/testingJSON/user232/user232.json,idx_34
fist,trainingSamples,raw_data/EMG-EPN612/testingJSON/user232/user232.json,idx_35
fist,trainingSamples,raw_data/EMG-EPN612/testingJSON/user232/user232.json,idx_36
fist,trainingSamples,raw_data/EMG-EPN612/testingJSON/user232/user232.json,idx_37
fist,trainingSamples,raw_data/EMG-EPN612/testingJSON/user232/user232.json,idx_38
fist,trainingSamples,raw_data/EMG-EPN612/testingJSON/user232/user232.json,idx_39
fist,trainingSamples,raw_data/EMG-EPN612/testingJSON/user232/user232.json,idx_40
fist,trainingSamples,raw_data/EMG-EPN612/testingJSON/user232/user232.json,idx_41
fist,trainingSamples,raw_data/EMG-EPN612/testingJSON/user232/user232.json,idx_42
fist,trainingSamples,raw_data/EMG-EPN612/testingJSON/user232/user232.json,idx_43
fist,trainingSamples,raw_data/EMG-EPN612/testingJSON/user232/user232.json,idx_44
fist,trainingSamples,raw_data/EMG-EPN612/testingJSON/user232/user232.json,idx_45
fist,trainingSamples,raw_data/EMG-EPN612/testingJSON/user232/user232.json,idx_46
fist,trainingSamples,raw_data/EMG-EPN612/testingJSON/user232/user232.json,idx_47
fist,trainingSamples,raw_data/EMG-EPN612/testingJSON/user232/user232.json,idx_48
fist,trainingSamples,raw_data/EMG-EPN612/testingJSON/user232/user232.json,idx_49
fist,trainingSamples,raw_data/EMG-EPN612/testingJSON/user232/user232.json,idx_50
open,trainingSamples,raw_data/EMG-EPN612/testingJSON/user232/user232.json,idx_51
open,trainingSamples,raw_data/EMG-EPN612/testingJSON/user232/user232.json,idx_52
open,trainingSamples,raw_data/EMG-EPN612/testingJSON/user232/user232.json,idx_53
open,trainingSamples,raw_data/EMG-EPN612/testingJSON/user232/user232.json,idx_54
open,trainingSamples,raw_data/EMG-EPN612/testingJSON/user232/user232.json,idx_55
open,trainingSamples,raw_data/EMG-EPN612/testingJSON/user232/user232.json,idx_56
open,trainingSamples,raw_data/EMG-EPN612/testingJSON/user232/user232.json,idx_57
open,trainingSamples,raw_data/EMG-EPN612/testingJSON/user232/user232.json,idx_58
open,trainingSamples,raw_data/EMG-EPN612/testingJSON/user232/user232.json,idx_59
open,trainingSamples,raw_data/EMG-EPN612/testingJSON/user232/user232.json,idx_60
open,trainingSamples,raw_data/EMG-EPN612/testingJSON/user232/user232.json,idx_61
open,trainingSamples,raw_data/EMG-EPN612/testingJSON/user232/user232.json,idx_62
open,trainingSamples,raw_data/EMG-EPN612/testingJSON/user232/user232.json,idx_63
open,trainingSamples,raw_data/EMG-EPN612/testingJSON/user232/user232.json,idx_64
open,trainingSamples,raw_data/EMG-EPN612/testingJSON/user232/user232.json,idx_65
open,trainingSamples,raw_data/EMG-EPN612/testingJSON/user232/user232.json,idx_66
open,trainingSamples,raw_data/EMG-EPN612/testingJSON/user232/user232.json,idx_67
open,trainingSamples,raw_data/EMG-EPN612/testingJSON/user232/user232.json,idx_68
open,trainingSamples,raw_data/EMG-EPN612/testingJSON/user232/user232.json,idx_69
open,trainingSamples,raw_data/EMG-EPN612/testingJSON/user232/user232.json,idx_70
open,trainingSamples,raw_data/EMG-EPN612/testingJSON/user232/user232.json,idx_71
open,trainingSamples,raw_data/EMG-EPN612/testingJSON/user232/user232.json,idx_72
open,trainingSamples,raw_data/EMG-EPN612/testingJSON/user232/user232.json,idx_73
open,trainingSamples,raw_data/EMG-EPN612/testingJSON/user232/user232.json,idx_74
open,trainingSamples,raw_data/EMG-EPN612/testingJSON/user232/user232.json,idx_75
pinch,trainingSamples,raw_data/EMG-EPN612/testingJSON/user232/user232.json,idx_76
pinch,trainingSamples,raw_data/EMG-EPN612/testingJSON/user232/user232.json,idx_77
pinch,trainingSamples,raw_data/EMG-EPN612/testingJSON/user232/user232.json,idx_78
pinch,trainingSamples,raw_data/EMG-EPN612/testingJSON/user232/user232.json,idx_79
pinch,trainingSamples,raw_data/EMG-EPN612/testingJSON/user232/user232.json,idx_80
pinch,trainingSamples,raw_data/EMG-EPN612/testingJSON/user232/user232.json,idx_81
pinch,trainingSamples,raw_data/EMG-EPN612/testingJSON/user232/user232.json,idx_82
pinch,trainingSamples,raw_data/EMG-EPN612/testingJSON/user232/user232.json,idx_83
pinch,trainingSamples,raw_data/EMG-EPN612/testingJSON/user232/user232.json,idx_84
pinch,trainingSamples,raw_data/EMG-EPN612/testingJSON/user232/user232.json,idx_85
pinch,trainingSamples,raw_data/EMG-EPN612/testingJSON/user232/user232.json,idx_86
pinch,trainingSamples,raw_data/EMG-EPN612/testingJSON/user232/user232.json,idx_87
pinch,trainingSamples,raw_data/EMG-EPN612/testingJSON/user232/user232.json,idx_88
pinch,trainingSamples,raw_data/EMG-EPN612/testingJSON/user232/user232.json,idx_89
pinch,trainingSamples,raw_data/EMG-EPN612/testingJSON/user232/user232.json,idx_90
pinch,trainingSamples,raw_data/EMG-EPN612/testingJSON/user232/user232.json,idx_91
pinch,trainingSamples,raw_data/EMG-EPN612/testingJSON/user232/user232.json,idx_92
pinch,trainingSamples,raw_data/EMG-EPN612/testingJSON/user232/user232.json,idx_93
pinch,trainingSamples,raw_data/EMG-EPN612/testingJSON/user232/user232.json,idx_94
pinch,trainingSamples,raw_data/EMG-EPN612/testingJSON/user232/user232.json,idx_95
pinch,trainingSamples,raw_data/EMG-EPN612/testingJSON/user232/user232.json,idx_96
pinch,trainingSamples,raw_data/EMG-EPN612/testingJSON/user232/user232.json,idx_97
pinch,trainingSamples,raw_data/EMG-EPN612/testingJSON/user232/user232.json,idx_98
pinch,trainingSamples,raw_data/EMG-EPN612/testingJSON/user232/user232.json,idx_99
pinch,trainingSamples,raw_data/EMG-EPN612/testingJSON/user232/user232.json,idx_100
waveIn,trainingSamples,raw_data/EMG-EPN612/testingJSON/user232/user232.json,idx_101
waveIn,trainingSamples,raw_data/EMG-EPN612/testingJSON/user232/user232.json,idx_102
waveIn,trainingSamples,raw_data/EMG-EPN612/testingJSON/user232/user232.json,idx_103
waveIn,trainingSamples,raw_data/EMG-EPN612/testingJSON/user232/user232.json,idx_104
waveIn,trainingSamples,raw_data/EMG-EPN612/testingJSON/user232/user232.json,idx_105
waveIn,trainingSamples,raw_data/EMG-EPN612/testingJSON/user232/user232.json,idx_106
waveIn,trainingSamples,raw_data/EMG-EPN612/testingJSON/user232/user232.json,idx_107
waveIn,trainingSamples,raw_data/EMG-EPN612/testingJSON/user232/user232.json,idx_108
waveIn,trainingSamples,raw_data/EMG-EPN612/testingJSON/user232/user232.json,idx_109
waveIn,trainingSamples,raw_data/EMG-EPN612/testingJSON/user232/user232.json,idx_110
waveIn,trainingSamples,raw_data/EMG-EPN612/testingJSON/user232/user232.json,idx_111
waveIn,trainingSamples,raw_data/EMG-EPN612/testingJSON/user232/user232.json,idx_112
waveIn,trainingSamples,raw_data/EMG-EPN612/testingJSON/user232/user232.json,idx_113
waveIn,trainingSamples,raw_data/EMG-EPN612/testingJSON/user232/user232.json,idx_114
waveIn,trainingSamples,raw_data/EMG-EPN612/testingJSON/user232/user232.json,idx_115
waveIn,trainingSamples,raw_data/EMG-EPN612/testingJSON/user232/user232.json,idx_116
waveIn,trainingSamples,raw_data/EMG-EPN612/testingJSON/user232/user232.json,idx_117
waveIn,trainingSamples,raw_data/EMG-EPN612/testingJSON/user232/user232.json,idx_118
waveIn,trainingSamples,raw_data/EMG-EPN612/testingJSON/user232/user232.json,idx_119
waveIn,trainingSamples,raw_data/EMG-EPN612/testingJSON/user232/user232.json,idx_120
waveIn,trainingSamples,raw_data/EMG-EPN612/testingJSON/user232/user232.json,idx_121
waveIn,trainingSamples,raw_data/EMG-EPN612/testingJSON/user232/user232.json,idx_122
waveIn,trainingSamples,raw_data/EMG-EPN612/testingJSON/user232/user232.json,idx_123
waveIn,trainingSamples,raw_data/EMG-EPN612/testingJSON/user232/user232.json,idx_124
waveIn,trainingSamples,raw_data/EMG-EPN612/testingJSON/user232/user232.json,idx_125
waveOut,trainingSamples,raw_data/EMG-EPN612/testingJSON/user232/user232.json,idx_126
waveOut,trainingSamples,raw_data/EMG-EPN612/testingJSON/user232/user232.json,idx_127
waveOut,trainingSamples,raw_data/EMG-EPN612/testingJSON/user232/user232.json,idx_128
waveOut,trainingSamples,raw_data/EMG-EPN612/testingJSON/user232/user232.json,idx_129
waveOut,trainingSamples,raw_data/EMG-EPN612/testingJSON/user232/user232.json,idx_130
waveOut,trainingSamples,raw_data/EMG-EPN612/testingJSON/user232/user232.json,idx_131
waveOut,trainingSamples,raw_data/EMG-EPN612/testingJSON/user232/user232.json,idx_132
waveOut,trainingSamples,raw_data/EMG-EPN612/testingJSON/user232/user232.json,idx_133
waveOut,trainingSamples,raw_data/EMG-EPN612/testingJSON/user232/user232.json,idx_134
waveOut,trainingSamples,raw_data/EMG-EPN612/testingJSON/user232/user232.json,idx_135
waveOut,trainingSamples,raw_data/EMG-EPN612/testingJSON/user232/user232.json,idx_136
waveOut,trainingSamples,raw_data/EMG-EPN612/testingJSON/user232/user232.json,idx_137
waveOut,trainingSamples,raw_data/EMG-EPN612/testingJSON/user232/user232.json,idx_138
waveOut,trainingSamples,raw_data/EMG-EPN612/testingJSON/user232/user232.json,idx_139
waveOut,trainingSamples,raw_data/EMG-EPN612/testingJSON/user232/user232.json,idx_140
waveOut,trainingSamples,raw_data/EMG-EPN612/testingJSON/user232/user232.json,idx_141
waveOut,trainingSamples,raw_data/EMG-EPN612/testingJSON/user232/user232.json,idx_142
waveOut,trainingSamples,raw_data/EMG-EPN612/testingJSON/user232/user232.json,idx_143
waveOut,trainingSamples,raw_data/EMG-EPN612/testingJSON/user232/user232.json,idx_144
waveOut,trainingSamples,raw_data/EMG-EPN612/testingJSON/user232/user232.json,idx_145
waveOut,trainingSamples,raw_data/EMG-EPN612/testingJSON/user232/user232.json,idx_146
waveOut,trainingSamples,raw_data/EMG-EPN612/testingJSON/user232/user232.json,idx_147
waveOut,trainingSamples,raw_data/EMG-EPN612/testingJSON/user232/user232.json,idx_148
waveOut,trainingSamples,raw_data/EMG-EPN612/testingJSON/user232/user232.json,idx_149
waveOut,trainingSamples,raw_data/EMG-EPN612/testingJSON/user232/user232.json,idx_150
noGesture,trainingSamples,raw_data/EMG-EPN612/testingJSON/user233/user233.json,idx_1
noGesture,trainingSamples,raw_data/EMG-EPN612/testingJSON/user233/user233.json,idx_2
noGesture,trainingSamples,raw_data/EMG-EPN612/testingJSON/user233/user233.json,idx_3
noGesture,trainingSamples,raw_data/EMG-EPN612/testingJSON/user233/user233.json,idx_4
noGesture,trainingSamples,raw_data/EMG-EPN612/testingJSON/user233/user233.json,idx_5
noGesture,trainingSamples,raw_data/EMG-EPN612/testingJSON/user233/user233.json,idx_6
noGesture,trainingSamples,raw_data/EMG-EPN612/testingJSON/user233/user233.json,idx_7
noGesture,trainingSamples,raw_data/EMG-EPN612/testingJSON/user233/user233.json,idx_8
noGesture,trainingSamples,raw_data/EMG-EPN612/testingJSON/user233/user233.json,idx_9
noGesture,trainingSamples,raw_data/EMG-EPN612/testingJSON/user233/user233.json,idx_10
noGesture,trainingSamples,raw_data/EMG-EPN612/testingJSON/user233/user233.json,idx_11
noGesture,trainingSamples,raw_data/EMG-EPN612/testingJSON/user233/user233.json,idx_12
noGesture,trainingSamples,raw_data/EMG-EPN612/testingJSON/user233/user233.json,idx_13
noGesture,trainingSamples,raw_data/EMG-EPN612/testingJSON/user233/user233.json,idx_14
noGesture,trainingSamples,raw_data/EMG-EPN612/testingJSON/user233/user233.json,idx_15
noGesture,trainingSamples,raw_data/EMG-EPN612/testingJSON/user233/user233.json,idx_16
noGesture,trainingSamples,raw_data/EMG-EPN612/testingJSON/user233/user233.json,idx_17
noGesture,trainingSamples,raw_data/EMG-EPN612/testingJSON/user233/user233.json,idx_18
noGesture,trainingSamples,raw_data/EMG-EPN612/testingJSON/user233/user233.json,idx_19
noGesture,trainingSamples,raw_data/EMG-EPN612/testingJSON/user233/user233.json,idx_20
noGesture,trainingSamples,raw_data/EMG-EPN612/testingJSON/user233/user233.json,idx_21
noGesture,trainingSamples,raw_data/EMG-EPN612/testingJSON/user233/user233.json,idx_22
noGesture,trainingSamples,raw_data/EMG-EPN612/testingJSON/user233/user233.json,idx_23
noGesture,trainingSamples,raw_data/EMG-EPN612/testingJSON/user233/user233.json,idx_24
noGesture,trainingSamples,raw_data/EMG-EPN612/testingJSON/user233/user233.json,idx_25
open,trainingSamples,raw_data/EMG-EPN612/testingJSON/user233/user233.json,idx_26
open,trainingSamples,raw_data/EMG-EPN612/testingJSON/user233/user233.json,idx_27
open,trainingSamples,raw_data/EMG-EPN612/testingJSON/user233/user233.json,idx_28
open,trainingSamples,raw_data/EMG-EPN612/testingJSON/user233/user233.json,idx_29
open,trainingSamples,raw_data/EMG-EPN612/testingJSON/user233/user233.json,idx_30
open,trainingSamples,raw_data/EMG-EPN612/testingJSON/user233/user233.json,idx_31
open,trainingSamples,raw_data/EMG-EPN612/testingJSON/user233/user233.json,idx_32
open,trainingSamples,raw_data/EMG-EPN612/testingJSON/user233/user233.json,idx_33
open,trainingSamples,raw_data/EMG-EPN612/testingJSON/user233/user233.json,idx_34
open,trainingSamples,raw_data/EMG-EPN612/testingJSON/user233/user233.json,idx_35
open,trainingSamples,raw_data/EMG-EPN612/testingJSON/user233/user233.json,idx_36
open,trainingSamples,raw_data/EMG-EPN612/testingJSON/user233/user233.json,idx_37
open,trainingSamples,raw_data/EMG-EPN612/testingJSON/user233/user233.json,idx_38
open,trainingSamples,raw_data/EMG-EPN612/testingJSON/user233/user233.json,idx_39
open,trainingSamples,raw_data/EMG-EPN612/testingJSON/user233/user233.json,idx_40
open,trainingSamples,raw_data/EMG-EPN612/testingJSON/user233/user233.json,idx_41
open,trainingSamples,raw_data/EMG-EPN612/testingJSON/user233/user233.json,idx_42
open,trainingSamples,raw_data/EMG-EPN612/testingJSON/user233/user233.json,idx_43
open,trainingSamples,raw_data/EMG-EPN612/testingJSON/user233/user233.json,idx_44
open,trainingSamples,raw_data/EMG-EPN612/testingJSON/user233/user233.json,idx_45
open,trainingSamples,raw_data/EMG-EPN612/testingJSON/user233/user233.json,idx_46
open,trainingSamples,raw_data/EMG-EPN612/testingJSON/user233/user233.json,idx_47
open,trainingSamples,raw_data/EMG-EPN612/testingJSON/user233/user233.json,idx_48
open,trainingSamples,raw_data/EMG-EPN612/testingJSON/user233/user233.json,idx_49
open,trainingSamples,raw_data/EMG-EPN612/testingJSON/user233/user233.json,idx_50
pinch,trainingSamples,raw_data/EMG-EPN612/testingJSON/user233/user233.json,idx_51
pinch,trainingSamples,raw_data/EMG-EPN612/testingJSON/user233/user233.json,idx_52
pinch,trainingSamples,raw_data/EMG-EPN612/testingJSON/user233/user233.json,idx_53
pinch,trainingSamples,raw_data/EMG-EPN612/testingJSON/user233/user233.json,idx_54
pinch,trainingSamples,raw_data/EMG-EPN612/testingJSON/user233/user233.json,idx_55
pinch,trainingSamples,raw_data/EMG-EPN612/testingJSON/user233/user233.json,idx_56
pinch,trainingSamples,raw_data/EMG-EPN612/testingJSON/user233/user233.json,idx_57
pinch,trainingSamples,raw_data/EMG-EPN612/testingJSON/user233/user233.json,idx_58
pinch,trainingSamples,raw_data/EMG-EPN612/testingJSON/user233/user233.json,idx_59
pinch,trainingSamples,raw_data/EMG-EPN612/testingJSON/user233/user233.json,idx_60
pinch,trainingSamples,raw_data/EMG-EPN612/testingJSON/user233/user233.json,idx_61
pinch,trainingSamples,raw_data/EMG-EPN612/testingJSON/user233/user233.json,idx_62
pinch,trainingSamples,raw_data/EMG-EPN612/testingJSON/user233/user233.json,idx_63
pinch,trainingSamples,raw_data/EMG-EPN612/testingJSON/user233/user233.json,idx_64
pinch,trainingSamples,raw_data/EMG-EPN612/testingJSON/user233/user233.json,idx_65
pinch,trainingSamples,raw_data/EMG-EPN612/testingJSON/user233/user233.json,idx_66
pinch,trainingSamples,raw_data/EMG-EPN612/testingJSON/user233/user233.json,idx_67
pinch,trainingSamples,raw_data/EMG-EPN612/testingJSON/user233/user233.json,idx_68
pinch,trainingSamples,raw_data/EMG-EPN612/testingJSON/user233/user233.json,idx_69
pinch,trainingSamples,raw_data/EMG-EPN612/testingJSON/user233/user233.json,idx_70
pinch,trainingSamples,raw_data/EMG-EPN612/testingJSON/user233/user233.json,idx_71
pinch,trainingSamples,raw_data/EMG-EPN612/testingJSON/user233/user233.json,idx_72
pinch,trainingSamples,raw_data/EMG-EPN612/testingJSON/user233/user233.json,idx_73
pinch,trainingSamples,raw_data/EMG-EPN612/testingJSON/user233/user233.json,idx_74
pinch,trainingSamples,raw_data/EMG-EPN612/testingJSON/user233/user233.json,idx_75
waveIn,trainingSamples,raw_data/EMG-EPN612/testingJSON/user233/user233.json,idx_76
waveIn,trainingSamples,raw_data/EMG-EPN612/testingJSON/user233/user233.json,idx_77
waveIn,trainingSamples,raw_data/EMG-EPN612/testingJSON/user233/user233.json,idx_78
waveIn,trainingSamples,raw_data/EMG-EPN612/testingJSON/user233/user233.json,idx_79
waveIn,trainingSamples,raw_data/EMG-EPN612/testingJSON/user233/user233.json,idx_80
waveIn,trainingSamples,raw_data/EMG-EPN612/testingJSON/user233/user233.json,idx_81
waveIn,trainingSamples,raw_data/EMG-EPN612/testingJSON/user233/user233.json,idx_82
waveIn,trainingSamples,raw_data/EMG-EPN612/testingJSON/user233/user233.json,idx_83
waveIn,trainingSamples,raw_data/EMG-EPN612/testingJSON/user233/user233.json,idx_84
waveIn,trainingSamples,raw_data/EMG-EPN612/testingJSON/user233/user233.json,idx_85
waveIn,trainingSamples,raw_data/EMG-EPN612/testingJSON/user233/user233.json,idx_86
waveIn,trainingSamples,raw_data/EMG-EPN612/testingJSON/user233/user233.json,idx_87
waveIn,trainingSamples,raw_data/EMG-EPN612/testingJSON/user233/user233.json,idx_88
waveIn,trainingSamples,raw_data/EMG-EPN612/testingJSON/user233/user233.json,idx_89
waveIn,trainingSamples,raw_data/EMG-EPN612/testingJSON/user233/user233.json,idx_90
waveIn,trainingSamples,raw_data/EMG-EPN612/testingJSON/user233/user233.json,idx_91
waveIn,trainingSamples,raw_data/EMG-EPN612/testingJSON/user233/user233.json,idx_92
waveIn,trainingSamples,raw_data/EMG-EPN612/testingJSON/user233/user233.json,idx_93
waveIn,trainingSamples,raw_data/EMG-EPN612/testingJSON/user233/user233.json,idx_94
waveIn,trainingSamples,raw_data/EMG-EPN612/testingJSON/user233/user233.json,idx_95
waveIn,trainingSamples,raw_data/EMG-EPN612/testingJSON/user233/user233.json,idx_96
waveIn,trainingSamples,raw_data/EMG-EPN612/testingJSON/user233/user233.json,idx_97
waveIn,trainingSamples,raw_data/EMG-EPN612/testingJSON/user233/user233.json,idx_98
waveIn,trainingSamples,raw_data/EMG-EPN612/testingJSON/user233/user233.json,idx_99
waveIn,trainingSamples,raw_data/EMG-EPN612/testingJSON/user233/user233.json,idx_100
waveOut,trainingSamples,raw_data/EMG-EPN612/testingJSON/user233/user233.json,idx_101
waveOut,trainingSamples,raw_data/EMG-EPN612/testingJSON/user233/user233.json,idx_102
waveOut,trainingSamples,raw_data/EMG-EPN612/testingJSON/user233/user233.json,idx_103
waveOut,trainingSamples,raw_data/EMG-EPN612/testingJSON/user233/user233.json,idx_104
waveOut,trainingSamples,raw_data/EMG-EPN612/testingJSON/user233/user233.json,idx_105
waveOut,trainingSamples,raw_data/EMG-EPN612/testingJSON/user233/user233.json,idx_106
waveOut,trainingSamples,raw_data/EMG-EPN612/testingJSON/user233/user233.json,idx_107
waveOut,trainingSamples,raw_data/EMG-EPN612/testingJSON/user233/user233.json,idx_108
waveOut,trainingSamples,raw_data/EMG-EPN612/testingJSON/user233/user233.json,idx_109
waveOut,trainingSamples,raw_data/EMG-EPN612/testingJSON/user233/user233.json,idx_110
waveOut,trainingSamples,raw_data/EMG-EPN612/testingJSON/user233/user233.json,idx_111
waveOut,trainingSamples,raw_data/EMG-EPN612/testingJSON/user233/user233.json,idx_112
waveOut,trainingSamples,raw_data/EMG-EPN612/testingJSON/user233/user233.json,idx_113
waveOut,trainingSamples,raw_data/EMG-EPN612/testingJSON/user233/user233.json,idx_114
waveOut,trainingSamples,raw_data/EMG-EPN612/testingJSON/user233/user233.json,idx_115
waveOut,trainingSamples,raw_data/EMG-EPN612/testingJSON/user233/user233.json,idx_116
waveOut,trainingSamples,raw_data/EMG-EPN612/testingJSON/user233/user233.json,idx_117
waveOut,trainingSamples,raw_data/EMG-EPN612/testingJSON/user233/user233.json,idx_118
waveOut,trainingSamples,raw_data/EMG-EPN612/testingJSON/user233/user233.json,idx_119
waveOut,trainingSamples,raw_data/EMG-EPN612/testingJSON/user233/user233.json,idx_120
waveOut,trainingSamples,raw_data/EMG-EPN612/testingJSON/user233/user233.json,idx_121
waveOut,trainingSamples,raw_data/EMG-EPN612/testingJSON/user233/user233.json,idx_122
waveOut,trainingSamples,raw_data/EMG-EPN612/testingJSON/user233/user233.json,idx_123
waveOut,trainingSamples,raw_data/EMG-EPN612/testingJSON/user233/user233.json,idx_124
waveOut,trainingSamples,raw_data/EMG-EPN612/testingJSON/user233/user233.json,idx_125
fist,trainingSamples,raw_data/EMG-EPN612/testingJSON/user233/user233.json,idx_126
fist,trainingSamples,raw_data/EMG-EPN612/testingJSON/user233/user233.json,idx_127
fist,trainingSamples,raw_data/EMG-EPN612/testingJSON/user233/user233.json,idx_128
fist,trainingSamples,raw_data/EMG-EPN612/testingJSON/user233/user233.json,idx_129
fist,trainingSamples,raw_data/EMG-EPN612/testingJSON/user233/user233.json,idx_130
fist,trainingSamples,raw_data/EMG-EPN612/testingJSON/user233/user233.json,idx_131
fist,trainingSamples,raw_data/EMG-EPN612/testingJSON/user233/user233.json,idx_132
fist,trainingSamples,raw_data/EMG-EPN612/testingJSON/user233/user233.json,idx_133
fist,trainingSamples,raw_data/EMG-EPN612/testingJSON/user233/user233.json,idx_134
fist,trainingSamples,raw_data/EMG-EPN612/testingJSON/user233/user233.json,idx_135
fist,trainingSamples,raw_data/EMG-EPN612/testingJSON/user233/user233.json,idx_136
fist,trainingSamples,raw_data/EMG-EPN612/testingJSON/user233/user233.json,idx_137
fist,trainingSamples,raw_data/EMG-EPN612/testingJSON/user233/user233.json,idx_138
fist,trainingSamples,raw_data/EMG-EPN612/testingJSON/user233/user233.json,idx_139
fist,trainingSamples,raw_data/EMG-EPN612/testingJSON/user233/user233.json,idx_140
fist,trainingSamples,raw_data/EMG-EPN612/testingJSON/user233/user233.json,idx_141
fist,trainingSamples,raw_data/EMG-EPN612/testingJSON/user233/user233.json,idx_142
fist,trainingSamples,raw_data/EMG-EPN612/testingJSON/user233/user233.json,idx_143
fist,trainingSamples,raw_data/EMG-EPN612/testingJSON/user233/user233.json,idx_144
fist,trainingSamples,raw_data/EMG-EPN612/testingJSON/user233/user233.json,idx_145
fist,trainingSamples,raw_data/EMG-EPN612/testingJSON/user233/user233.json,idx_146
fist,trainingSamples,raw_data/EMG-EPN612/testingJSON/user233/user233.json,idx_147
fist,trainingSamples,raw_data/EMG-EPN612/testingJSON/user233/user233.json,idx_148
fist,trainingSamples,raw_data/EMG-EPN612/testingJSON/user233/user233.json,idx_149
fist,trainingSamples,raw_data/EMG-EPN612/testingJSON/user233/user233.json,idx_150
noGesture,trainingSamples,raw_data/EMG-EPN612/testingJSON/user234/user234.json,idx_1
noGesture,trainingSamples,raw_data/EMG-EPN612/testingJSON/user234/user234.json,idx_2
noGesture,trainingSamples,raw_data/EMG-EPN612/testingJSON/user234/user234.json,idx_3
noGesture,trainingSamples,raw_data/EMG-EPN612/testingJSON/user234/user234.json,idx_4
noGesture,trainingSamples,raw_data/EMG-EPN612/testingJSON/user234/user234.json,idx_5
noGesture,trainingSamples,raw_data/EMG-EPN612/testingJSON/user234/user234.json,idx_6
noGesture,trainingSamples,raw_data/EMG-EPN612/testingJSON/user234/user234.json,idx_7
noGesture,trainingSamples,raw_data/EMG-EPN612/testingJSON/user234/user234.json,idx_8
noGesture,trainingSamples,raw_data/EMG-EPN612/testingJSON/user234/user234.json,idx_9
noGesture,trainingSamples,raw_data/EMG-EPN612/testingJSON/user234/user234.json,idx_10
noGesture,trainingSamples,raw_data/EMG-EPN612/testingJSON/user234/user234.json,idx_11
noGesture,trainingSamples,raw_data/EMG-EPN612/testingJSON/user234/user234.json,idx_12
noGesture,trainingSamples,raw_data/EMG-EPN612/testingJSON/user234/user234.json,idx_13
noGesture,trainingSamples,raw_data/EMG-EPN612/testingJSON/user234/user234.json,idx_14
noGesture,trainingSamples,raw_data/EMG-EPN612/testingJSON/user234/user234.json,idx_15
noGesture,trainingSamples,raw_data/EMG-EPN612/testingJSON/user234/user234.json,idx_16
noGesture,trainingSamples,raw_data/EMG-EPN612/testingJSON/user234/user234.json,idx_17
noGesture,trainingSamples,raw_data/EMG-EPN612/testingJSON/user234/user234.json,idx_18
noGesture,trainingSamples,raw_data/EMG-EPN612/testingJSON/user234/user234.json,idx_19
noGesture,trainingSamples,raw_data/EMG-EPN612/testingJSON/user234/user234.json,idx_20
noGesture,trainingSamples,raw_data/EMG-EPN612/testingJSON/user234/user234.json,idx_21
noGesture,trainingSamples,raw_data/EMG-EPN612/testingJSON/user234/user234.json,idx_22
noGesture,trainingSamples,raw_data/EMG-EPN612/testingJSON/user234/user234.json,idx_23
noGesture,trainingSamples,raw_data/EMG-EPN612/testingJSON/user234/user234.json,idx_24
noGesture,trainingSamples,raw_data/EMG-EPN612/testingJSON/user234/user234.json,idx_25
open,trainingSamples,raw_data/EMG-EPN612/testingJSON/user234/user234.json,idx_26
open,trainingSamples,raw_data/EMG-EPN612/testingJSON/user234/user234.json,idx_27
open,trainingSamples,raw_data/EMG-EPN612/testingJSON/user234/user234.json,idx_28
open,trainingSamples,raw_data/EMG-EPN612/testingJSON/user234/user234.json,idx_29
open,trainingSamples,raw_data/EMG-EPN612/testingJSON/user234/user234.json,idx_30
open,trainingSamples,raw_data/EMG-EPN612/testingJSON/user234/user234.json,idx_31
open,trainingSamples,raw_data/EMG-EPN612/testingJSON/user234/user234.json,idx_32
open,trainingSamples,raw_data/EMG-EPN612/testingJSON/user234/user234.json,idx_33
open,trainingSamples,raw_data/EMG-EPN612/testingJSON/user234/user234.json,idx_34
open,trainingSamples,raw_data/EMG-EPN612/testingJSON/user234/user234.json,idx_35
open,trainingSamples,raw_data/EMG-EPN612/testingJSON/user234/user234.json,idx_36
open,trainingSamples,raw_data/EMG-EPN612/testingJSON/user234/user234.json,idx_37
open,trainingSamples,raw_data/EMG-EPN612/testingJSON/user234/user234.json,idx_38
open,trainingSamples,raw_data/EMG-EPN612/testingJSON/user234/user234.json,idx_39
open,trainingSamples,raw_data/EMG-EPN612/testingJSON/user234/user234.json,idx_40
open,trainingSamples,raw_data/EMG-EPN612/testingJSON/user234/user234.json,idx_41
open,trainingSamples,raw_data/EMG-EPN612/testingJSON/user234/user234.json,idx_42
open,trainingSamples,raw_data/EMG-EPN612/testingJSON/user234/user234.json,idx_43
open,trainingSamples,raw_data/EMG-EPN612/testingJSON/user234/user234.json,idx_44
open,trainingSamples,raw_data/EMG-EPN612/testingJSON/user234/user234.json,idx_45
open,trainingSamples,raw_data/EMG-EPN612/testingJSON/user234/user234.json,idx_46
open,trainingSamples,raw_data/EMG-EPN612/testingJSON/user234/user234.json,idx_47
open,trainingSamples,raw_data/EMG-EPN612/testingJSON/user234/user234.json,idx_48
open,trainingSamples,raw_data/EMG-EPN612/testingJSON/user234/user234.json,idx_49
open,trainingSamples,raw_data/EMG-EPN612/testingJSON/user234/user234.json,idx_50
pinch,trainingSamples,raw_data/EMG-EPN612/testingJSON/user234/user234.json,idx_51
pinch,trainingSamples,raw_data/EMG-EPN612/testingJSON/user234/user234.json,idx_52
pinch,trainingSamples,raw_data/EMG-EPN612/testingJSON/user234/user234.json,idx_53
pinch,trainingSamples,raw_data/EMG-EPN612/testingJSON/user234/user234.json,idx_54
pinch,trainingSamples,raw_data/EMG-EPN612/testingJSON/user234/user234.json,idx_55
pinch,trainingSamples,raw_data/EMG-EPN612/testingJSON/user234/user234.json,idx_56
pinch,trainingSamples,raw_data/EMG-EPN612/testingJSON/user234/user234.json,idx_57
pinch,trainingSamples,raw_data/EMG-EPN612/testingJSON/user234/user234.json,idx_58
pinch,trainingSamples,raw_data/EMG-EPN612/testingJSON/user234/user234.json,idx_59
pinch,trainingSamples,raw_data/EMG-EPN612/testingJSON/user234/user234.json,idx_60
pinch,trainingSamples,raw_data/EMG-EPN612/testingJSON/user234/user234.json,idx_61
pinch,trainingSamples,raw_data/EMG-EPN612/testingJSON/user234/user234.json,idx_62
pinch,trainingSamples,raw_data/EMG-EPN612/testingJSON/user234/user234.json,idx_63
pinch,trainingSamples,raw_data/EMG-EPN612/testingJSON/user234/user234.json,idx_64
pinch,trainingSamples,raw_data/EMG-EPN612/testingJSON/user234/user234.json,idx_65
pinch,trainingSamples,raw_data/EMG-EPN612/testingJSON/user234/user234.json,idx_66
pinch,trainingSamples,raw_data/EMG-EPN612/testingJSON/user234/user234.json,idx_67
pinch,trainingSamples,raw_data/EMG-EPN612/testingJSON/user234/user234.json,idx_68
pinch,trainingSamples,raw_data/EMG-EPN612/testingJSON/user234/user234.json,idx_69
pinch,trainingSamples,raw_data/EMG-EPN612/testingJSON/user234/user234.json,idx_70
pinch,trainingSamples,raw_data/EMG-EPN612/testingJSON/user234/user234.json,idx_71
pinch,trainingSamples,raw_data/EMG-EPN612/testingJSON/user234/user234.json,idx_72
pinch,trainingSamples,raw_data/EMG-EPN612/testingJSON/user234/user234.json,idx_73
pinch,trainingSamples,raw_data/EMG-EPN612/testingJSON/user234/user234.json,idx_74
pinch,trainingSamples,raw_data/EMG-EPN612/testingJSON/user234/user234.json,idx_75
fist,trainingSamples,raw_data/EMG-EPN612/testingJSON/user234/user234.json,idx_76
fist,trainingSamples,raw_data/EMG-EPN612/testingJSON/user234/user234.json,idx_77
fist,trainingSamples,raw_data/EMG-EPN612/testingJSON/user234/user234.json,idx_78
fist,trainingSamples,raw_data/EMG-EPN612/testingJSON/user234/user234.json,idx_79
fist,trainingSamples,raw_data/EMG-EPN612/testingJSON/user234/user234.json,idx_80
fist,trainingSamples,raw_data/EMG-EPN612/testingJSON/user234/user234.json,idx_81
fist,trainingSamples,raw_data/EMG-EPN612/testingJSON/user234/user234.json,idx_82
fist,trainingSamples,raw_data/EMG-EPN612/testingJSON/user234/user234.json,idx_83
fist,trainingSamples,raw_data/EMG-EPN612/testingJSON/user234/user234.json,idx_84
fist,trainingSamples,raw_data/EMG-EPN612/testingJSON/user234/user234.json,idx_85
fist,trainingSamples,raw_data/EMG-EPN612/testingJSON/user234/user234.json,idx_86
fist,trainingSamples,raw_data/EMG-EPN612/testingJSON/user234/user234.json,idx_87
fist,trainingSamples,raw_data/EMG-EPN612/testingJSON/user234/user234.json,idx_88
fist,trainingSamples,raw_data/EMG-EPN612/testingJSON/user234/user234.json,idx_89
fist,trainingSamples,raw_data/EMG-EPN612/testingJSON/user234/user234.json,idx_90
fist,trainingSamples,raw_data/EMG-EPN612/testingJSON/user234/user234.json,idx_91
fist,trainingSamples,raw_data/EMG-EPN612/testingJSON/user234/user234.json,idx_92
fist,trainingSamples,raw_data/EMG-EPN612/testingJSON/user234/user234.json,idx_93
fist,trainingSamples,raw_data/EMG-EPN612/testingJSON/user234/user234.json,idx_94
fist,trainingSamples,raw_data/EMG-EPN612/testingJSON/user234/user234.json,idx_95
fist,trainingSamples,raw_data/EMG-EPN612/testingJSON/user234/user234.json,idx_96
fist,trainingSamples,raw_data/EMG-EPN612/testingJSON/user234/user234.json,idx_97
fist,trainingSamples,raw_data/EMG-EPN612/testingJSON/user234/user234.json,idx_98
fist,trainingSamples,raw_data/EMG-EPN612/testingJSON/user234/user234.json,idx_99
fist,trainingSamples,raw_data/EMG-EPN612/testingJSON/user234/user234.json,idx_100
waveOut,trainingSamples,raw_data/EMG-EPN612/testingJSON/user234/user234.json,idx_101
waveOut,trainingSamples,raw_data/EMG-EPN612/testingJSON/user234/user234.json,idx_102
waveOut,trainingSamples,raw_data/EMG-EPN612/testingJSON/user234/user234.json,idx_103
waveOut,trainingSamples,raw_data/EMG-EPN612/testingJSON/user234/user234.json,idx_104
waveOut,trainingSamples,raw_data/EMG-EPN612/testingJSON/user234/user234.json,idx_105
waveOut,trainingSamples,raw_data/EMG-EPN612/testingJSON/user234/user234.json,idx_106
waveOut,trainingSamples,raw_data/EMG-EPN612/testingJSON/user234/user234.json,idx_107
waveOut,trainingSamples,raw_data/EMG-EPN612/testingJSON/user234/user234.json,idx_108
waveOut,trainingSamples,raw_data/EMG-EPN612/testingJSON/user234/user234.json,idx_109
waveOut,trainingSamples,raw_data/EMG-EPN612/testingJSON/user234/user234.json,idx_110
waveOut,trainingSamples,raw_data/EMG-EPN612/testingJSON/user234/user234.json,idx_111
waveOut,trainingSamples,raw_data/EMG-EPN612/testingJSON/user234/user234.json,idx_112
waveOut,trainingSamples,raw_data/EMG-EPN612/testingJSON/user234/user234.json,idx_113
waveOut,trainingSamples,raw_data/EMG-EPN612/testingJSON/user234/user234.json,idx_114
waveOut,trainingSamples,raw_data/EMG-EPN612/testingJSON/user234/user234.json,idx_115
waveOut,trainingSamples,raw_data/EMG-EPN612/testingJSON/user234/user234.json,idx_116
waveOut,trainingSamples,raw_data/EMG-EPN612/testingJSON/user234/user234.json,idx_117
waveOut,trainingSamples,raw_data/EMG-EPN612/testingJSON/user234/user234.json,idx_118
waveOut,trainingSamples,raw_data/EMG-EPN612/testingJSON/user234/user234.json,idx_119
waveOut,trainingSamples,raw_data/EMG-EPN612/testingJSON/user234/user234.json,idx_120
waveOut,trainingSamples,raw_data/EMG-EPN612/testingJSON/user234/user234.json,idx_121
waveOut,trainingSamples,raw_data/EMG-EPN612/testingJSON/user234/user234.json,idx_122
waveOut,trainingSamples,raw_data/EMG-EPN612/testingJSON/user234/user234.json,idx_123
waveOut,trainingSamples,raw_data/EMG-EPN612/testingJSON/user234/user234.json,idx_124
waveOut,trainingSamples,raw_data/EMG-EPN612/testingJSON/user234/user234.json,idx_125
waveIn,trainingSamples,raw_data/EMG-EPN612/testingJSON/user234/user234.json,idx_126
waveIn,trainingSamples,raw_data/EMG-EPN612/testingJSON/user234/user234.json,idx_127
waveIn,trainingSamples,raw_data/EMG-EPN612/testingJSON/user234/user234.json,idx_128
waveIn,trainingSamples,raw_data/EMG-EPN612/testingJSON/user234/user234.json,idx_129
waveIn,trainingSamples,raw_data/EMG-EPN612/testingJSON/user234/user234.json,idx_130
waveIn,trainingSamples,raw_data/EMG-EPN612/testingJSON/user234/user234.json,idx_131
waveIn,trainingSamples,raw_data/EMG-EPN612/testingJSON/user234/user234.json,idx_132
waveIn,trainingSamples,raw_data/EMG-EPN612/testingJSON/user234/user234.json,idx_133
waveIn,trainingSamples,raw_data/EMG-EPN612/testingJSON/user234/user234.json,idx_134
waveIn,trainingSamples,raw_data/EMG-EPN612/testingJSON/user234/user234.json,idx_135
waveIn,trainingSamples,raw_data/EMG-EPN612/testingJSON/user234/user234.json,idx_136
waveIn,trainingSamples,raw_data/EMG-EPN612/testingJSON/user234/user234.json,idx_137
waveIn,trainingSamples,raw_data/EMG-EPN612/testingJSON/user234/user234.json,idx_138
waveIn,trainingSamples,raw_data/EMG-EPN612/testingJSON/user234/user234.json,idx_139
waveIn,trainingSamples,raw_data/EMG-EPN612/testingJSON/user234/user234.json,idx_140
waveIn,trainingSamples,raw_data/EMG-EPN612/testingJSON/user234/user234.json,idx_141
waveIn,trainingSamples,raw_data/EMG-EPN612/testingJSON/user234/user234.json,idx_142
waveIn,trainingSamples,raw_data/EMG-EPN612/testingJSON/user234/user234.json,idx_143
waveIn,trainingSamples,raw_data/EMG-EPN612/testingJSON/user234/user234.json,idx_144
waveIn,trainingSamples,raw_data/EMG-EPN612/testingJSON/user234/user234.json,idx_145
waveIn,trainingSamples,raw_data/EMG-EPN612/testingJSON/user234/user234.json,idx_146
waveIn,trainingSamples,raw_data/EMG-EPN612/testingJSON/user234/user234.json,idx_147
waveIn,trainingSamples,raw_data/EMG-EPN612/testingJSON/user234/user234.json,idx_148
waveIn,trainingSamples,raw_data/EMG-EPN612/testingJSON/user234/user234.json,idx_149
waveIn,trainingSamples,raw_data/EMG-EPN612/testingJSON/user234/user234.json,idx_150
noGesture,trainingSamples,raw_data/EMG-EPN612/testingJSON/user235/user235.json,idx_1
noGesture,trainingSamples,raw_data/EMG-EPN612/testingJSON/user235/user235.json,idx_2
noGesture,trainingSamples,raw_data/EMG-EPN612/testingJSON/user235/user235.json,idx_3
noGesture,trainingSamples,raw_data/EMG-EPN612/testingJSON/user235/user235.json,idx_4
noGesture,trainingSamples,raw_data/EMG-EPN612/testingJSON/user235/user235.json,idx_5
noGesture,trainingSamples,raw_data/EMG-EPN612/testingJSON/user235/user235.json,idx_6
noGesture,trainingSamples,raw_data/EMG-EPN612/testingJSON/user235/user235.json,idx_7
noGesture,trainingSamples,raw_data/EMG-EPN612/testingJSON/user235/user235.json,idx_8
noGesture,trainingSamples,raw_data/EMG-EPN612/testingJSON/user235/user235.json,idx_9
noGesture,trainingSamples,raw_data/EMG-EPN612/testingJSON/user235/user235.json,idx_10
noGesture,trainingSamples,raw_data/EMG-EPN612/testingJSON/user235/user235.json,idx_11
noGesture,trainingSamples,raw_data/EMG-EPN612/testingJSON/user235/user235.json,idx_12
noGesture,trainingSamples,raw_data/EMG-EPN612/testingJSON/user235/user235.json,idx_13
noGesture,trainingSamples,raw_data/EMG-EPN612/testingJSON/user235/user235.json,idx_14
noGesture,trainingSamples,raw_data/EMG-EPN612/testingJSON/user235/user235.json,idx_15
noGesture,trainingSamples,raw_data/EMG-EPN612/testingJSON/user235/user235.json,idx_16
noGesture,trainingSamples,raw_data/EMG-EPN612/testingJSON/user235/user235.json,idx_17
noGesture,trainingSamples,raw_data/EMG-EPN612/testingJSON/user235/user235.json,idx_18
noGesture,trainingSamples,raw_data/EMG-EPN612/testingJSON/user235/user235.json,idx_19
noGesture,trainingSamples,raw_data/EMG-EPN612/testingJSON/user235/user235.json,idx_20
noGesture,trainingSamples,raw_data/EMG-EPN612/testingJSON/user235/user235.json,idx_21
noGesture,trainingSamples,raw_data/EMG-EPN612/testingJSON/user235/user235.json,idx_22
noGesture,trainingSamples,raw_data/EMG-EPN612/testingJSON/user235/user235.json,idx_23
noGesture,trainingSamples,raw_data/EMG-EPN612/testingJSON/user235/user235.json,idx_24
noGesture,trainingSamples,raw_data/EMG-EPN612/testingJSON/user235/user235.json,idx_25
open,trainingSamples,raw_data/EMG-EPN612/testingJSON/user235/user235.json,idx_26
open,trainingSamples,raw_data/EMG-EPN612/testingJSON/user235/user235.json,idx_27
open,trainingSamples,raw_data/EMG-EPN612/testingJSON/user235/user235.json,idx_28
open,trainingSamples,raw_data/EMG-EPN612/testingJSON/user235/user235.json,idx_29
open,trainingSamples,raw_data/EMG-EPN612/testingJSON/user235/user235.json,idx_30
open,trainingSamples,raw_data/EMG-EPN612/testingJSON/user235/user235.json,idx_31
open,trainingSamples,raw_data/EMG-EPN612/testingJSON/user235/user235.json,idx_32
open,trainingSamples,raw_data/EMG-EPN612/testingJSON/user235/user235.json,idx_33
open,trainingSamples,raw_data/EMG-EPN612/testingJSON/user235/user235.json,idx_34
open,trainingSamples,raw_data/EMG-EPN612/testingJSON/user235/user235.json,idx_35
open,trainingSamples,raw_data/EMG-EPN612/testingJSON/user235/user235.json,idx_36
open,trainingSamples,raw_data/EMG-EPN612/testingJSON/user235/user235.json,idx_37
open,trainingSamples,raw_data/EMG-EPN612/testingJSON/user235/user235.json,idx_38
open,trainingSamples,raw_data/EMG-EPN612/testingJSON/user235/user235.json,idx_39
open,trainingSamples,raw_data/EMG-EPN612/testingJSON/user235/user235.json,idx_40
open,trainingSamples,raw_data/EMG-EPN612/testingJSON/user235/user235.json,idx_41
open,trainingSamples,raw_data/EMG-EPN612/testingJSON/user235/user235.json,idx_42
open,trainingSamples,raw_data/EMG-EPN612/testingJSON/user235/user235.json,idx_43
open,trainingSamples,raw_data/EMG-EPN612/testingJSON/user235/user235.json,idx_44
open,trainingSamples,raw_data/EMG-EPN612/testingJSON/user235/user235.json,idx_45
open,trainingSamples,raw_data/EMG-EPN612/testingJSON/user235/user235.json,idx_46
open,trainingSamples,raw_data/EMG-EPN612/testingJSON/user235/user235.json,idx_47
open,trainingSamples,raw_data/EMG-EPN612/testingJSON/user235/user235.json,idx_48
open,trainingSamples,raw_data/EMG-EPN612/testingJSON/user235/user235.json,idx_49
open,trainingSamples,raw_data/EMG-EPN612/testingJSON/user235/user235.json,idx_50
pinch,trainingSamples,raw_data/EMG-EPN612/testingJSON/user235/user235.json,idx_51
pinch,trainingSamples,raw_data/EMG-EPN612/testingJSON/user235/user235.json,idx_52
pinch,trainingSamples,raw_data/EMG-EPN612/testingJSON/user235/user235.json,idx_53
pinch,trainingSamples,raw_data/EMG-EPN612/testingJSON/user235/user235.json,idx_54
pinch,trainingSamples,raw_data/EMG-EPN612/testingJSON/user235/user235.json,idx_55
pinch,trainingSamples,raw_data/EMG-EPN612/testingJSON/user235/user235.json,idx_56
pinch,trainingSamples,raw_data/EMG-EPN612/testingJSON/user235/user235.json,idx_57
pinch,trainingSamples,raw_data/EMG-EPN612/testingJSON/user235/user235.json,idx_58
pinch,trainingSamples,raw_data/EMG-EPN612/testingJSON/user235/user235.json,idx_59
pinch,trainingSamples,raw_data/EMG-EPN612/testingJSON/user235/user235.json,idx_60
pinch,trainingSamples,raw_data/EMG-EPN612/testingJSON/user235/user235.json,idx_61
pinch,trainingSamples,raw_data/EMG-EPN612/testingJSON/user235/user235.json,idx_62
pinch,trainingSamples,raw_data/EMG-EPN612/testingJSON/user235/user235.json,idx_63
pinch,trainingSamples,raw_data/EMG-EPN612/testingJSON/user235/user235.json,idx_64
pinch,trainingSamples,raw_data/EMG-EPN612/testingJSON/user235/user235.json,idx_65
pinch,trainingSamples,raw_data/EMG-EPN612/testingJSON/user235/user235.json,idx_66
pinch,trainingSamples,raw_data/EMG-EPN612/testingJSON/user235/user235.json,idx_67
pinch,trainingSamples,raw_data/EMG-EPN612/testingJSON/user235/user235.json,idx_68
pinch,trainingSamples,raw_data/EMG-EPN612/testingJSON/user235/user235.json,idx_69
pinch,trainingSamples,raw_data/EMG-EPN612/testingJSON/user235/user235.json,idx_70
pinch,trainingSamples,raw_data/EMG-EPN612/testingJSON/user235/user235.json,idx_71
pinch,trainingSamples,raw_data/EMG-EPN612/testingJSON/user235/user235.json,idx_72
pinch,trainingSamples,raw_data/EMG-EPN612/testingJSON/user235/user235.json,idx_73
pinch,trainingSamples,raw_data/EMG-EPN612/testingJSON/user235/user235.json,idx_74
pinch,trainingSamples,raw_data/EMG-EPN612/testingJSON/user235/user235.json,idx_75
waveIn,trainingSamples,raw_data/EMG-EPN612/testingJSON/user235/user235.json,idx_76
waveIn,trainingSamples,raw_data/EMG-EPN612/testingJSON/user235/user235.json,idx_77
waveIn,trainingSamples,raw_data/EMG-EPN612/testingJSON/user235/user235.json,idx_78
waveIn,trainingSamples,raw_data/EMG-EPN612/testingJSON/user235/user235.json,idx_79
waveIn,trainingSamples,raw_data/EMG-EPN612/testingJSON/user235/user235.json,idx_80
waveIn,trainingSamples,raw_data/EMG-EPN612/testingJSON/user235/user235.json,idx_81
waveIn,trainingSamples,raw_data/EMG-EPN612/testingJSON/user235/user235.json,idx_82
waveIn,trainingSamples,raw_data/EMG-EPN612/testingJSON/user235/user235.json,idx_83
waveIn,trainingSamples,raw_data/EMG-EPN612/testingJSON/user235/user235.json,idx_84
waveIn,trainingSamples,raw_data/EMG-EPN612/testingJSON/user235/user235.json,idx_85
waveIn,trainingSamples,raw_data/EMG-EPN612/testingJSON/user235/user235.json,idx_86
waveIn,trainingSamples,raw_data/EMG-EPN612/testingJSON/user235/user235.json,idx_87
waveIn,trainingSamples,raw_data/EMG-EPN612/testingJSON/user235/user235.json,idx_88
waveIn,trainingSamples,raw_data/EMG-EPN612/testingJSON/user235/user235.json,idx_89
waveIn,trainingSamples,raw_data/EMG-EPN612/testingJSON/user235/user235.json,idx_90
waveIn,trainingSamples,raw_data/EMG-EPN612/testingJSON/user235/user235.json,idx_91
waveIn,trainingSamples,raw_data/EMG-EPN612/testingJSON/user235/user235.json,idx_92
waveIn,trainingSamples,raw_data/EMG-EPN612/testingJSON/user235/user235.json,idx_93
waveIn,trainingSamples,raw_data/EMG-EPN612/testingJSON/user235/user235.json,idx_94
waveIn,trainingSamples,raw_data/EMG-EPN612/testingJSON/user235/user235.json,idx_95
waveIn,trainingSamples,raw_data/EMG-EPN612/testingJSON/user235/user235.json,idx_96
waveIn,trainingSamples,raw_data/EMG-EPN612/testingJSON/user235/user235.json,idx_97
waveIn,trainingSamples,raw_data/EMG-EPN612/testingJSON/user235/user235.json,idx_98
waveIn,trainingSamples,raw_data/EMG-EPN612/testingJSON/user235/user235.json,idx_99
waveIn,trainingSamples,raw_data/EMG-EPN612/testingJSON/user235/user235.json,idx_100
waveOut,trainingSamples,raw_data/EMG-EPN612/testingJSON/user235/user235.json,idx_101
waveOut,trainingSamples,raw_data/EMG-EPN612/testingJSON/user235/user235.json,idx_102
waveOut,trainingSamples,raw_data/EMG-EPN612/testingJSON/user235/user235.json,idx_103
waveOut,trainingSamples,raw_data/EMG-EPN612/testingJSON/user235/user235.json,idx_104
waveOut,trainingSamples,raw_data/EMG-EPN612/testingJSON/user235/user235.json,idx_105
waveOut,trainingSamples,raw_data/EMG-EPN612/testingJSON/user235/user235.json,idx_106
waveOut,trainingSamples,raw_data/EMG-EPN612/testingJSON/user235/user235.json,idx_107
waveOut,trainingSamples,raw_data/EMG-EPN612/testingJSON/user235/user235.json,idx_108
waveOut,trainingSamples,raw_data/EMG-EPN612/testingJSON/user235/user235.json,idx_109
waveOut,trainingSamples,raw_data/EMG-EPN612/testingJSON/user235/user235.json,idx_110
waveOut,trainingSamples,raw_data/EMG-EPN612/testingJSON/user235/user235.json,idx_111
waveOut,trainingSamples,raw_data/EMG-EPN612/testingJSON/user235/user235.json,idx_112
waveOut,trainingSamples,raw_data/EMG-EPN612/testingJSON/user235/user235.json,idx_113
waveOut,trainingSamples,raw_data/EMG-EPN612/testingJSON/user235/user235.json,idx_114
waveOut,trainingSamples,raw_data/EMG-EPN612/testingJSON/user235/user235.json,idx_115
waveOut,trainingSamples,raw_data/EMG-EPN612/testingJSON/user235/user235.json,idx_116
waveOut,trainingSamples,raw_data/EMG-EPN612/testingJSON/user235/user235.json,idx_117
waveOut,trainingSamples,raw_data/EMG-EPN612/testingJSON/user235/user235.json,idx_118
waveOut,trainingSamples,raw_data/EMG-EPN612/testingJSON/user235/user235.json,idx_119
waveOut,trainingSamples,raw_data/EMG-EPN612/testingJSON/user235/user235.json,idx_120
waveOut,trainingSamples,raw_data/EMG-EPN612/testingJSON/user235/user235.json,idx_121
waveOut,trainingSamples,raw_data/EMG-EPN612/testingJSON/user235/user235.json,idx_122
waveOut,trainingSamples,raw_data/EMG-EPN612/testingJSON/user235/user235.json,idx_123
waveOut,trainingSamples,raw_data/EMG-EPN612/testingJSON/user235/user235.json,idx_124
waveOut,trainingSamples,raw_data/EMG-EPN612/testingJSON/user235/user235.json,idx_125
fist,trainingSamples,raw_data/EMG-EPN612/testingJSON/user235/user235.json,idx_126
fist,trainingSamples,raw_data/EMG-EPN612/testingJSON/user235/user235.json,idx_127
fist,trainingSamples,raw_data/EMG-EPN612/testingJSON/user235/user235.json,idx_128
fist,trainingSamples,raw_data/EMG-EPN612/testingJSON/user235/user235.json,idx_129
fist,trainingSamples,raw_data/EMG-EPN612/testingJSON/user235/user235.json,idx_130
fist,trainingSamples,raw_data/EMG-EPN612/testingJSON/user235/user235.json,idx_131
fist,trainingSamples,raw_data/EMG-EPN612/testingJSON/user235/user235.json,idx_132
fist,trainingSamples,raw_data/EMG-EPN612/testingJSON/user235/user235.json,idx_133
fist,trainingSamples,raw_data/EMG-EPN612/testingJSON/user235/user235.json,idx_134
fist,trainingSamples,raw_data/EMG-EPN612/testingJSON/user235/user235.json,idx_135
fist,trainingSamples,raw_data/EMG-EPN612/testingJSON/user235/user235.json,idx_136
fist,trainingSamples,raw_data/EMG-EPN612/testingJSON/user235/user235.json,idx_137
fist,trainingSamples,raw_data/EMG-EPN612/testingJSON/user235/user235.json,idx_138
fist,trainingSamples,raw_data/EMG-EPN612/testingJSON/user235/user235.json,idx_139
fist,trainingSamples,raw_data/EMG-EPN612/testingJSON/user235/user235.json,idx_140
fist,trainingSamples,raw_data/EMG-EPN612/testingJSON/user235/user235.json,idx_141
fist,trainingSamples,raw_data/EMG-EPN612/testingJSON/user235/user235.json,idx_142
fist,trainingSamples,raw_data/EMG-EPN612/testingJSON/user235/user235.json,idx_143
fist,trainingSamples,raw_data/EMG-EPN612/testingJSON/user235/user235.json,idx_144
fist,trainingSamples,raw_data/EMG-EPN612/testingJSON/user235/user235.json,idx_145
fist,trainingSamples,raw_data/EMG-EPN612/testingJSON/user235/user235.json,idx_146
fist,trainingSamples,raw_data/EMG-EPN612/testingJSON/user235/user235.json,idx_147
fist,trainingSamples,raw_data/EMG-EPN612/testingJSON/user235/user235.json,idx_148
fist,trainingSamples,raw_data/EMG-EPN612/testingJSON/user235/user235.json,idx_149
fist,trainingSamples,raw_data/EMG-EPN612/testingJSON/user235/user235.json,idx_150
noGesture,trainingSamples,raw_data/EMG-EPN612/testingJSON/user236/user236.json,idx_1
noGesture,trainingSamples,raw_data/EMG-EPN612/testingJSON/user236/user236.json,idx_2
noGesture,trainingSamples,raw_data/EMG-EPN612/testingJSON/user236/user236.json,idx_3
noGesture,trainingSamples,raw_data/EMG-EPN612/testingJSON/user236/user236.json,idx_4
noGesture,trainingSamples,raw_data/EMG-EPN612/testingJSON/user236/user236.json,idx_5
noGesture,trainingSamples,raw_data/EMG-EPN612/testingJSON/user236/user236.json,idx_6
noGesture,trainingSamples,raw_data/EMG-EPN612/testingJSON/user236/user236.json,idx_7
noGesture,trainingSamples,raw_data/EMG-EPN612/testingJSON/user236/user236.json,idx_8
noGesture,trainingSamples,raw_data/EMG-EPN612/testingJSON/user236/user236.json,idx_9
noGesture,trainingSamples,raw_data/EMG-EPN612/testingJSON/user236/user236.json,idx_10
noGesture,trainingSamples,raw_data/EMG-EPN612/testingJSON/user236/user236.json,idx_11
noGesture,trainingSamples,raw_data/EMG-EPN612/testingJSON/user236/user236.json,idx_12
noGesture,trainingSamples,raw_data/EMG-EPN612/testingJSON/user236/user236.json,idx_13
noGesture,trainingSamples,raw_data/EMG-EPN612/testingJSON/user236/user236.json,idx_14
noGesture,trainingSamples,raw_data/EMG-EPN612/testingJSON/user236/user236.json,idx_15
noGesture,trainingSamples,raw_data/EMG-EPN612/testingJSON/user236/user236.json,idx_16
noGesture,trainingSamples,raw_data/EMG-EPN612/testingJSON/user236/user236.json,idx_17
noGesture,trainingSamples,raw_data/EMG-EPN612/testingJSON/user236/user236.json,idx_18
noGesture,trainingSamples,raw_data/EMG-EPN612/testingJSON/user236/user236.json,idx_19
noGesture,trainingSamples,raw_data/EMG-EPN612/testingJSON/user236/user236.json,idx_20
noGesture,trainingSamples,raw_data/EMG-EPN612/testingJSON/user236/user236.json,idx_21
noGesture,trainingSamples,raw_data/EMG-EPN612/testingJSON/user236/user236.json,idx_22
noGesture,trainingSamples,raw_data/EMG-EPN612/testingJSON/user236/user236.json,idx_23
noGesture,trainingSamples,raw_data/EMG-EPN612/testingJSON/user236/user236.json,idx_24
noGesture,trainingSamples,raw_data/EMG-EPN612/testingJSON/user236/user236.json,idx_25
waveOut,trainingSamples,raw_data/EMG-EPN612/testingJSON/user236/user236.json,idx_26
waveOut,trainingSamples,raw_data/EMG-EPN612/testingJSON/user236/user236.json,idx_27
waveOut,trainingSamples,raw_data/EMG-EPN612/testingJSON/user236/user236.json,idx_28
waveOut,trainingSamples,raw_data/EMG-EPN612/testingJSON/user236/user236.json,idx_29
waveOut,trainingSamples,raw_data/EMG-EPN612/testingJSON/user236/user236.json,idx_30
waveOut,trainingSamples,raw_data/EMG-EPN612/testingJSON/user236/user236.json,idx_31
waveOut,trainingSamples,raw_data/EMG-EPN612/testingJSON/user236/user236.json,idx_32
waveOut,trainingSamples,raw_data/EMG-EPN612/testingJSON/user236/user236.json,idx_33
waveOut,trainingSamples,raw_data/EMG-EPN612/testingJSON/user236/user236.json,idx_34
waveOut,trainingSamples,raw_data/EMG-EPN612/testingJSON/user236/user236.json,idx_35
waveOut,trainingSamples,raw_data/EMG-EPN612/testingJSON/user236/user236.json,idx_36
waveOut,trainingSamples,raw_data/EMG-EPN612/testingJSON/user236/user236.json,idx_37
waveOut,trainingSamples,raw_data/EMG-EPN612/testingJSON/user236/user236.json,idx_38
waveOut,trainingSamples,raw_data/EMG-EPN612/testingJSON/user236/user236.json,idx_39
waveOut,trainingSamples,raw_data/EMG-EPN612/testingJSON/user236/user236.json,idx_40
waveOut,trainingSamples,raw_data/EMG-EPN612/testingJSON/user236/user236.json,idx_41
waveOut,trainingSamples,raw_data/EMG-EPN612/testingJSON/user236/user236.json,idx_42
waveOut,trainingSamples,raw_data/EMG-EPN612/testingJSON/user236/user236.json,idx_43
waveOut,trainingSamples,raw_data/EMG-EPN612/testingJSON/user236/user236.json,idx_44
waveOut,trainingSamples,raw_data/EMG-EPN612/testingJSON/user236/user236.json,idx_45
waveOut,trainingSamples,raw_data/EMG-EPN612/testingJSON/user236/user236.json,idx_46
waveOut,trainingSamples,raw_data/EMG-EPN612/testingJSON/user236/user236.json,idx_47
waveOut,trainingSamples,raw_data/EMG-EPN612/testingJSON/user236/user236.json,idx_48
waveOut,trainingSamples,raw_data/EMG-EPN612/testingJSON/user236/user236.json,idx_49
waveOut,trainingSamples,raw_data/EMG-EPN612/testingJSON/user236/user236.json,idx_50
pinch,trainingSamples,raw_data/EMG-EPN612/testingJSON/user236/user236.json,idx_51
pinch,trainingSamples,raw_data/EMG-EPN612/testingJSON/user236/user236.json,idx_52
pinch,trainingSamples,raw_data/EMG-EPN612/testingJSON/user236/user236.json,idx_53
pinch,trainingSamples,raw_data/EMG-EPN612/testingJSON/user236/user236.json,idx_54
pinch,trainingSamples,raw_data/EMG-EPN612/testingJSON/user236/user236.json,idx_55
pinch,trainingSamples,raw_data/EMG-EPN612/testingJSON/user236/user236.json,idx_56
pinch,trainingSamples,raw_data/EMG-EPN612/testingJSON/user236/user236.json,idx_57
pinch,trainingSamples,raw_data/EMG-EPN612/testingJSON/user236/user236.json,idx_58
pinch,trainingSamples,raw_data/EMG-EPN612/testingJSON/user236/user236.json,idx_59
pinch,trainingSamples,raw_data/EMG-EPN612/testingJSON/user236/user236.json,idx_60
pinch,trainingSamples,raw_data/EMG-EPN612/testingJSON/user236/user236.json,idx_61
pinch,trainingSamples,raw_data/EMG-EPN612/testingJSON/user236/user236.json,idx_62
pinch,trainingSamples,raw_data/EMG-EPN612/testingJSON/user236/user236.json,idx_63
pinch,trainingSamples,raw_data/EMG-EPN612/testingJSON/user236/user236.json,idx_64
pinch,trainingSamples,raw_data/EMG-EPN612/testingJSON/user236/user236.json,idx_65
pinch,trainingSamples,raw_data/EMG-EPN612/testingJSON/user236/user236.json,idx_66
pinch,trainingSamples,raw_data/EMG-EPN612/testingJSON/user236/user236.json,idx_67
pinch,trainingSamples,raw_data/EMG-EPN612/testingJSON/user236/user236.json,idx_68
pinch,trainingSamples,raw_data/EMG-EPN612/testingJSON/user236/user236.json,idx_69
pinch,trainingSamples,raw_data/EMG-EPN612/testingJSON/user236/user236.json,idx_70
pinch,trainingSamples,raw_data/EMG-EPN612/testingJSON/user236/user236.json,idx_71
pinch,trainingSamples,raw_data/EMG-EPN612/testingJSON/user236/user236.json,idx_72
pinch,trainingSamples,raw_data/EMG-EPN612/testingJSON/user236/user236.json,idx_73
pinch,trainingSamples,raw_data/EMG-EPN612/testingJSON/user236/user236.json,idx_74
pinch,trainingSamples,raw_data/EMG-EPN612/testingJSON/user236/user236.json,idx_75
fist,trainingSamples,raw_data/EMG-EPN612/testingJSON/user236/user236.json,idx_76
fist,trainingSamples,raw_data/EMG-EPN612/testingJSON/user236/user236.json,idx_77
fist,trainingSamples,raw_data/EMG-EPN612/testingJSON/user236/user236.json,idx_78
fist,trainingSamples,raw_data/EMG-EPN612/testingJSON/user236/user236.json,idx_79
fist,trainingSamples,raw_data/EMG-EPN612/testingJSON/user236/user236.json,idx_80
fist,trainingSamples,raw_data/EMG-EPN612/testingJSON/user236/user236.json,idx_81
fist,trainingSamples,raw_data/EMG-EPN612/testingJSON/user236/user236.json,idx_82
fist,trainingSamples,raw_data/EMG-EPN612/testingJSON/user236/user236.json,idx_83
fist,trainingSamples,raw_data/EMG-EPN612/testingJSON/user236/user236.json,idx_84
fist,trainingSamples,raw_data/EMG-EPN612/testingJSON/user236/user236.json,idx_85
fist,trainingSamples,raw_data/EMG-EPN612/testingJSON/user236/user236.json,idx_86
fist,trainingSamples,raw_data/EMG-EPN612/testingJSON/user236/user236.json,idx_87
fist,trainingSamples,raw_data/EMG-EPN612/testingJSON/user236/user236.json,idx_88
fist,trainingSamples,raw_data/EMG-EPN612/testingJSON/user236/user236.json,idx_89
fist,trainingSamples,raw_data/EMG-EPN612/testingJSON/user236/user236.json,idx_90
fist,trainingSamples,raw_data/EMG-EPN612/testingJSON/user236/user236.json,idx_91
fist,trainingSamples,raw_data/EMG-EPN612/testingJSON/user236/user236.json,idx_92
fist,trainingSamples,raw_data/EMG-EPN612/testingJSON/user236/user236.json,idx_93
fist,trainingSamples,raw_data/EMG-EPN612/testingJSON/user236/user236.json,idx_94
fist,trainingSamples,raw_data/EMG-EPN612/testingJSON/user236/user236.json,idx_95
fist,trainingSamples,raw_data/EMG-EPN612/testingJSON/user236/user236.json,idx_96
fist,trainingSamples,raw_data/EMG-EPN612/testingJSON/user236/user236.json,idx_97
fist,trainingSamples,raw_data/EMG-EPN612/testingJSON/user236/user236.json,idx_98
fist,trainingSamples,raw_data/EMG-EPN612/testingJSON/user236/user236.json,idx_99
fist,trainingSamples,raw_data/EMG-EPN612/testingJSON/user236/user236.json,idx_100
waveIn,trainingSamples,raw_data/EMG-EPN612/testingJSON/user236/user236.json,idx_101
waveIn,trainingSamples,raw_data/EMG-EPN612/testingJSON/user236/user236.json,idx_102
waveIn,trainingSamples,raw_data/EMG-EPN612/testingJSON/user236/user236.json,idx_103
waveIn,trainingSamples,raw_data/EMG-EPN612/testingJSON/user236/user236.json,idx_104
waveIn,trainingSamples,raw_data/EMG-EPN612/testingJSON/user236/user236.json,idx_105
waveIn,trainingSamples,raw_data/EMG-EPN612/testingJSON/user236/user236.json,idx_106
waveIn,trainingSamples,raw_data/EMG-EPN612/testingJSON/user236/user236.json,idx_107
waveIn,trainingSamples,raw_data/EMG-EPN612/testingJSON/user236/user236.json,idx_108
waveIn,trainingSamples,raw_data/EMG-EPN612/testingJSON/user236/user236.json,idx_109
waveIn,trainingSamples,raw_data/EMG-EPN612/testingJSON/user236/user236.json,idx_110
waveIn,trainingSamples,raw_data/EMG-EPN612/testingJSON/user236/user236.json,idx_111
waveIn,trainingSamples,raw_data/EMG-EPN612/testingJSON/user236/user236.json,idx_112
waveIn,trainingSamples,raw_data/EMG-EPN612/testingJSON/user236/user236.json,idx_113
waveIn,trainingSamples,raw_data/EMG-EPN612/testingJSON/user236/user236.json,idx_114
waveIn,trainingSamples,raw_data/EMG-EPN612/testingJSON/user236/user236.json,idx_115
waveIn,trainingSamples,raw_data/EMG-EPN612/testingJSON/user236/user236.json,idx_116
waveIn,trainingSamples,raw_data/EMG-EPN612/testingJSON/user236/user236.json,idx_117
waveIn,trainingSamples,raw_data/EMG-EPN612/testingJSON/user236/user236.json,idx_118
waveIn,trainingSamples,raw_data/EMG-EPN612/testingJSON/user236/user236.json,idx_119
waveIn,trainingSamples,raw_data/EMG-EPN612/testingJSON/user236/user236.json,idx_120
waveIn,trainingSamples,raw_data/EMG-EPN612/testingJSON/user236/user236.json,idx_121
waveIn,trainingSamples,raw_data/EMG-EPN612/testingJSON/user236/user236.json,idx_122
waveIn,trainingSamples,raw_data/EMG-EPN612/testingJSON/user236/user236.json,idx_123
waveIn,trainingSamples,raw_data/EMG-EPN612/testingJSON/user236/user236.json,idx_124
waveIn,trainingSamples,raw_data/EMG-EPN612/testingJSON/user236/user236.json,idx_125
open,trainingSamples,raw_data/EMG-EPN612/testingJSON/user236/user236.json,idx_126
open,trainingSamples,raw_data/EMG-EPN612/testingJSON/user236/user236.json,idx_127
open,trainingSamples,raw_data/EMG-EPN612/testingJSON/user236/user236.json,idx_128
open,trainingSamples,raw_data/EMG-EPN612/testingJSON/user236/user236.json,idx_129
open,trainingSamples,raw_data/EMG-EPN612/testingJSON/user236/user236.json,idx_130
open,trainingSamples,raw_data/EMG-EPN612/testingJSON/user236/user236.json,idx_131
open,trainingSamples,raw_data/EMG-EPN612/testingJSON/user236/user236.json,idx_132
open,trainingSamples,raw_data/EMG-EPN612/testingJSON/user236/user236.json,idx_133
open,trainingSamples,raw_data/EMG-EPN612/testingJSON/user236/user236.json,idx_134
open,trainingSamples,raw_data/EMG-EPN612/testingJSON/user236/user236.json,idx_135
open,trainingSamples,raw_data/EMG-EPN612/testingJSON/user236/user236.json,idx_136
open,trainingSamples,raw_data/EMG-EPN612/testingJSON/user236/user236.json,idx_137
open,trainingSamples,raw_data/EMG-EPN612/testingJSON/user236/user236.json,idx_138
open,trainingSamples,raw_data/EMG-EPN612/testingJSON/user236/user236.json,idx_139
open,trainingSamples,raw_data/EMG-EPN612/testingJSON/user236/user236.json,idx_140
open,trainingSamples,raw_data/EMG-EPN612/testingJSON/user236/user236.json,idx_141
open,trainingSamples,raw_data/EMG-EPN612/testingJSON/user236/user236.json,idx_142
open,trainingSamples,raw_data/EMG-EPN612/testingJSON/user236/user236.json,idx_143
open,trainingSamples,raw_data/EMG-EPN612/testingJSON/user236/user236.json,idx_144
open,trainingSamples,raw_data/EMG-EPN612/testingJSON/user236/user236.json,idx_145
open,trainingSamples,raw_data/EMG-EPN612/testingJSON/user236/user236.json,idx_146
open,trainingSamples,raw_data/EMG-EPN612/testingJSON/user236/user236.json,idx_147
open,trainingSamples,raw_data/EMG-EPN612/testingJSON/user236/user236.json,idx_148
open,trainingSamples,raw_data/EMG-EPN612/testingJSON/user236/user236.json,idx_149
open,trainingSamples,raw_data/EMG-EPN612/testingJSON/user236/user236.json,idx_150
noGesture,trainingSamples,raw_data/EMG-EPN612/testingJSON/user237/user237.json,idx_1
noGesture,trainingSamples,raw_data/EMG-EPN612/testingJSON/user237/user237.json,idx_2
noGesture,trainingSamples,raw_data/EMG-EPN612/testingJSON/user237/user237.json,idx_3
noGesture,trainingSamples,raw_data/EMG-EPN612/testingJSON/user237/user237.json,idx_4
noGesture,trainingSamples,raw_data/EMG-EPN612/testingJSON/user237/user237.json,idx_5
noGesture,trainingSamples,raw_data/EMG-EPN612/testingJSON/user237/user237.json,idx_6
noGesture,trainingSamples,raw_data/EMG-EPN612/testingJSON/user237/user237.json,idx_7
noGesture,trainingSamples,raw_data/EMG-EPN612/testingJSON/user237/user237.json,idx_8
noGesture,trainingSamples,raw_data/EMG-EPN612/testingJSON/user237/user237.json,idx_9
noGesture,trainingSamples,raw_data/EMG-EPN612/testingJSON/user237/user237.json,idx_10
noGesture,trainingSamples,raw_data/EMG-EPN612/testingJSON/user237/user237.json,idx_11
noGesture,trainingSamples,raw_data/EMG-EPN612/testingJSON/user237/user237.json,idx_12
noGesture,trainingSamples,raw_data/EMG-EPN612/testingJSON/user237/user237.json,idx_13
noGesture,trainingSamples,raw_data/EMG-EPN612/testingJSON/user237/user237.json,idx_14
noGesture,trainingSamples,raw_data/EMG-EPN612/testingJSON/user237/user237.json,idx_15
noGesture,trainingSamples,raw_data/EMG-EPN612/testingJSON/user237/user237.json,idx_16
noGesture,trainingSamples,raw_data/EMG-EPN612/testingJSON/user237/user237.json,idx_17
noGesture,trainingSamples,raw_data/EMG-EPN612/testingJSON/user237/user237.json,idx_18
noGesture,trainingSamples,raw_data/EMG-EPN612/testingJSON/user237/user237.json,idx_19
noGesture,trainingSamples,raw_data/EMG-EPN612/testingJSON/user237/user237.json,idx_20
noGesture,trainingSamples,raw_data/EMG-EPN612/testingJSON/user237/user237.json,idx_21
noGesture,trainingSamples,raw_data/EMG-EPN612/testingJSON/user237/user237.json,idx_22
noGesture,trainingSamples,raw_data/EMG-EPN612/testingJSON/user237/user237.json,idx_23
noGesture,trainingSamples,raw_data/EMG-EPN612/testingJSON/user237/user237.json,idx_24
noGesture,trainingSamples,raw_data/EMG-EPN612/testingJSON/user237/user237.json,idx_25
waveOut,trainingSamples,raw_data/EMG-EPN612/testingJSON/user237/user237.json,idx_26
waveOut,trainingSamples,raw_data/EMG-EPN612/testingJSON/user237/user237.json,idx_27
waveOut,trainingSamples,raw_data/EMG-EPN612/testingJSON/user237/user237.json,idx_28
waveOut,trainingSamples,raw_data/EMG-EPN612/testingJSON/user237/user237.json,idx_29
waveOut,trainingSamples,raw_data/EMG-EPN612/testingJSON/user237/user237.json,idx_30
waveOut,trainingSamples,raw_data/EMG-EPN612/testingJSON/user237/user237.json,idx_31
waveOut,trainingSamples,raw_data/EMG-EPN612/testingJSON/user237/user237.json,idx_32
waveOut,trainingSamples,raw_data/EMG-EPN612/testingJSON/user237/user237.json,idx_33
waveOut,trainingSamples,raw_data/EMG-EPN612/testingJSON/user237/user237.json,idx_34
waveOut,trainingSamples,raw_data/EMG-EPN612/testingJSON/user237/user237.json,idx_35
waveOut,trainingSamples,raw_data/EMG-EPN612/testingJSON/user237/user237.json,idx_36
waveOut,trainingSamples,raw_data/EMG-EPN612/testingJSON/user237/user237.json,idx_37
waveOut,trainingSamples,raw_data/EMG-EPN612/testingJSON/user237/user237.json,idx_38
waveOut,trainingSamples,raw_data/EMG-EPN612/testingJSON/user237/user237.json,idx_39
waveOut,trainingSamples,raw_data/EMG-EPN612/testingJSON/user237/user237.json,idx_40
waveOut,trainingSamples,raw_data/EMG-EPN612/testingJSON/user237/user237.json,idx_41
waveOut,trainingSamples,raw_data/EMG-EPN612/testingJSON/user237/user237.json,idx_42
waveOut,trainingSamples,raw_data/EMG-EPN612/testingJSON/user237/user237.json,idx_43
waveOut,trainingSamples,raw_data/EMG-EPN612/testingJSON/user237/user237.json,idx_44
waveOut,trainingSamples,raw_data/EMG-EPN612/testingJSON/user237/user237.json,idx_45
waveOut,trainingSamples,raw_data/EMG-EPN612/testingJSON/user237/user237.json,idx_46
waveOut,trainingSamples,raw_data/EMG-EPN612/testingJSON/user237/user237.json,idx_47
waveOut,trainingSamples,raw_data/EMG-EPN612/testingJSON/user237/user237.json,idx_48
waveOut,trainingSamples,raw_data/EMG-EPN612/testingJSON/user237/user237.json,idx_49
waveOut,trainingSamples,raw_data/EMG-EPN612/testingJSON/user237/user237.json,idx_50
pinch,trainingSamples,raw_data/EMG-EPN612/testingJSON/user237/user237.json,idx_51
pinch,trainingSamples,raw_data/EMG-EPN612/testingJSON/user237/user237.json,idx_52
pinch,trainingSamples,raw_data/EMG-EPN612/testingJSON/user237/user237.json,idx_53
pinch,trainingSamples,raw_data/EMG-EPN612/testingJSON/user237/user237.json,idx_54
pinch,trainingSamples,raw_data/EMG-EPN612/testingJSON/user237/user237.json,idx_55
pinch,trainingSamples,raw_data/EMG-EPN612/testingJSON/user237/user237.json,idx_56
pinch,trainingSamples,raw_data/EMG-EPN612/testingJSON/user237/user237.json,idx_57
pinch,trainingSamples,raw_data/EMG-EPN612/testingJSON/user237/user237.json,idx_58
pinch,trainingSamples,raw_data/EMG-EPN612/testingJSON/user237/user237.json,idx_59
pinch,trainingSamples,raw_data/EMG-EPN612/testingJSON/user237/user237.json,idx_60
pinch,trainingSamples,raw_data/EMG-EPN612/testingJSON/user237/user237.json,idx_61
pinch,trainingSamples,raw_data/EMG-EPN612/testingJSON/user237/user237.json,idx_62
pinch,trainingSamples,raw_data/EMG-EPN612/testingJSON/user237/user237.json,idx_63
pinch,trainingSamples,raw_data/EMG-EPN612/testingJSON/user237/user237.json,idx_64
pinch,trainingSamples,raw_data/EMG-EPN612/testingJSON/user237/user237.json,idx_65
pinch,trainingSamples,raw_data/EMG-EPN612/testingJSON/user237/user237.json,idx_66
pinch,trainingSamples,raw_data/EMG-EPN612/testingJSON/user237/user237.json,idx_67
pinch,trainingSamples,raw_data/EMG-EPN612/testingJSON/user237/user237.json,idx_68
pinch,trainingSamples,raw_data/EMG-EPN612/testingJSON/user237/user237.json,idx_69
pinch,trainingSamples,raw_data/EMG-EPN612/testingJSON/user237/user237.json,idx_70
pinch,trainingSamples,raw_data/EMG-EPN612/testingJSON/user237/user237.json,idx_71
pinch,trainingSamples,raw_data/EMG-EPN612/testingJSON/user237/user237.json,idx_72
pinch,trainingSamples,raw_data/EMG-EPN612/testingJSON/user237/user237.json,idx_73
pinch,trainingSamples,raw_data/EMG-EPN612/testingJSON/user237/user237.json,idx_74
pinch,trainingSamples,raw_data/EMG-EPN612/testingJSON/user237/user237.json,idx_75
fist,trainingSamples,raw_data/EMG-EPN612/testingJSON/user237/user237.json,idx_76
fist,trainingSamples,raw_data/EMG-EPN612/testingJSON/user237/user237.json,idx_77
fist,trainingSamples,raw_data/EMG-EPN612/testingJSON/user237/user237.json,idx_78
fist,trainingSamples,raw_data/EMG-EPN612/testingJSON/user237/user237.json,idx_79
fist,trainingSamples,raw_data/EMG-EPN612/testingJSON/user237/user237.json,idx_80
fist,trainingSamples,raw_data/EMG-EPN612/testingJSON/user237/user237.json,idx_81
fist,trainingSamples,raw_data/EMG-EPN612/testingJSON/user237/user237.json,idx_82
fist,trainingSamples,raw_data/EMG-EPN612/testingJSON/user237/user237.json,idx_83
fist,trainingSamples,raw_data/EMG-EPN612/testingJSON/user237/user237.json,idx_84
fist,trainingSamples,raw_data/EMG-EPN612/testingJSON/user237/user237.json,idx_85
fist,trainingSamples,raw_data/EMG-EPN612/testingJSON/user237/user237.json,idx_86
fist,trainingSamples,raw_data/EMG-EPN612/testingJSON/user237/user237.json,idx_87
fist,trainingSamples,raw_data/EMG-EPN612/testingJSON/user237/user237.json,idx_88
fist,trainingSamples,raw_data/EMG-EPN612/testingJSON/user237/user237.json,idx_89
fist,trainingSamples,raw_data/EMG-EPN612/testingJSON/user237/user237.json,idx_90
fist,trainingSamples,raw_data/EMG-EPN612/testingJSON/user237/user237.json,idx_91
fist,trainingSamples,raw_data/EMG-EPN612/testingJSON/user237/user237.json,idx_92
fist,trainingSamples,raw_data/EMG-EPN612/testingJSON/user237/user237.json,idx_93
fist,trainingSamples,raw_data/EMG-EPN612/testingJSON/user237/user237.json,idx_94
fist,trainingSamples,raw_data/EMG-EPN612/testingJSON/user237/user237.json,idx_95
fist,trainingSamples,raw_data/EMG-EPN612/testingJSON/user237/user237.json,idx_96
fist,trainingSamples,raw_data/EMG-EPN612/testingJSON/user237/user237.json,idx_97
fist,trainingSamples,raw_data/EMG-EPN612/testingJSON/user237/user237.json,idx_98
fist,trainingSamples,raw_data/EMG-EPN612/testingJSON/user237/user237.json,idx_99
fist,trainingSamples,raw_data/EMG-EPN612/testingJSON/user237/user237.json,idx_100
waveIn,trainingSamples,raw_data/EMG-EPN612/testingJSON/user237/user237.json,idx_101
waveIn,trainingSamples,raw_data/EMG-EPN612/testingJSON/user237/user237.json,idx_102
waveIn,trainingSamples,raw_data/EMG-EPN612/testingJSON/user237/user237.json,idx_103
waveIn,trainingSamples,raw_data/EMG-EPN612/testingJSON/user237/user237.json,idx_104
waveIn,trainingSamples,raw_data/EMG-EPN612/testingJSON/user237/user237.json,idx_105
waveIn,trainingSamples,raw_data/EMG-EPN612/testingJSON/user237/user237.json,idx_106
waveIn,trainingSamples,raw_data/EMG-EPN612/testingJSON/user237/user237.json,idx_107
waveIn,trainingSamples,raw_data/EMG-EPN612/testingJSON/user237/user237.json,idx_108
waveIn,trainingSamples,raw_data/EMG-EPN612/testingJSON/user237/user237.json,idx_109
waveIn,trainingSamples,raw_data/EMG-EPN612/testingJSON/user237/user237.json,idx_110
waveIn,trainingSamples,raw_data/EMG-EPN612/testingJSON/user237/user237.json,idx_111
waveIn,trainingSamples,raw_data/EMG-EPN612/testingJSON/user237/user237.json,idx_112
waveIn,trainingSamples,raw_data/EMG-EPN612/testingJSON/user237/user237.json,idx_113
waveIn,trainingSamples,raw_data/EMG-EPN612/testingJSON/user237/user237.json,idx_114
waveIn,trainingSamples,raw_data/EMG-EPN612/testingJSON/user237/user237.json,idx_115
waveIn,trainingSamples,raw_data/EMG-EPN612/testingJSON/user237/user237.json,idx_116
waveIn,trainingSamples,raw_data/EMG-EPN612/testingJSON/user237/user237.json,idx_117
waveIn,trainingSamples,raw_data/EMG-EPN612/testingJSON/user237/user237.json,idx_118
waveIn,trainingSamples,raw_data/EMG-EPN612/testingJSON/user237/user237.json,idx_119
waveIn,trainingSamples,raw_data/EMG-EPN612/testingJSON/user237/user237.json,idx_120
waveIn,trainingSamples,raw_data/EMG-EPN612/testingJSON/user237/user237.json,idx_121
waveIn,trainingSamples,raw_data/EMG-EPN612/testingJSON/user237/user237.json,idx_122
waveIn,trainingSamples,raw_data/EMG-EPN612/testingJSON/user237/user237.json,idx_123
waveIn,trainingSamples,raw_data/EMG-EPN612/testingJSON/user237/user237.json,idx_124
waveIn,trainingSamples,raw_data/EMG-EPN612/testingJSON/user237/user237.json,idx_125
open,trainingSamples,raw_data/EMG-EPN612/testingJSON/user237/user237.json,idx_126
open,trainingSamples,raw_data/EMG-EPN612/testingJSON/user237/user237.json,idx_127
open,trainingSamples,raw_data/EMG-EPN612/testingJSON/user237/user237.json,idx_128
open,trainingSamples,raw_data/EMG-EPN612/testingJSON/user237/user237.json,idx_129
open,trainingSamples,raw_data/EMG-EPN612/testingJSON/user237/user237.json,idx_130
open,trainingSamples,raw_data/EMG-EPN612/testingJSON/user237/user237.json,idx_131
open,trainingSamples,raw_data/EMG-EPN612/testingJSON/user237/user237.json,idx_132
open,trainingSamples,raw_data/EMG-EPN612/testingJSON/user237/user237.json,idx_133
open,trainingSamples,raw_data/EMG-EPN612/testingJSON/user237/user237.json,idx_134
open,trainingSamples,raw_data/EMG-EPN612/testingJSON/user237/user237.json,idx_135
open,trainingSamples,raw_data/EMG-EPN612/testingJSON/user237/user237.json,idx_136
open,trainingSamples,raw_data/EMG-EPN612/testingJSON/user237/user237.json,idx_137
open,trainingSamples,raw_data/EMG-EPN612/testingJSON/user237/user237.json,idx_138
open,trainingSamples,raw_data/EMG-EPN612/testingJSON/user237/user237.json,idx_139
open,trainingSamples,raw_data/EMG-EPN612/testingJSON/user237/user237.json,idx_140
open,trainingSamples,raw_data/EMG-EPN612/testingJSON/user237/user237.json,idx_141
open,trainingSamples,raw_data/EMG-EPN612/testingJSON/user237/user237.json,idx_142
open,trainingSamples,raw_data/EMG-EPN612/testingJSON/user237/user237.json,idx_143
open,trainingSamples,raw_data/EMG-EPN612/testingJSON/user237/user237.json,idx_144
open,trainingSamples,raw_data/EMG-EPN612/testingJSON/user237/user237.json,idx_145
open,trainingSamples,raw_data/EMG-EPN612/testingJSON/user237/user237.json,idx_146
open,trainingSamples,raw_data/EMG-EPN612/testingJSON/user237/user237.json,idx_147
open,trainingSamples,raw_data/EMG-EPN612/testingJSON/user237/user237.json,idx_148
open,trainingSamples,raw_data/EMG-EPN612/testingJSON/user237/user237.json,idx_149
open,trainingSamples,raw_data/EMG-EPN612/testingJSON/user237/user237.json,idx_150
noGesture,trainingSamples,raw_data/EMG-EPN612/testingJSON/user238/user238.json,idx_1
noGesture,trainingSamples,raw_data/EMG-EPN612/testingJSON/user238/user238.json,idx_2
noGesture,trainingSamples,raw_data/EMG-EPN612/testingJSON/user238/user238.json,idx_3
noGesture,trainingSamples,raw_data/EMG-EPN612/testingJSON/user238/user238.json,idx_4
noGesture,trainingSamples,raw_data/EMG-EPN612/testingJSON/user238/user238.json,idx_5
noGesture,trainingSamples,raw_data/EMG-EPN612/testingJSON/user238/user238.json,idx_6
noGesture,trainingSamples,raw_data/EMG-EPN612/testingJSON/user238/user238.json,idx_7
noGesture,trainingSamples,raw_data/EMG-EPN612/testingJSON/user238/user238.json,idx_8
noGesture,trainingSamples,raw_data/EMG-EPN612/testingJSON/user238/user238.json,idx_9
noGesture,trainingSamples,raw_data/EMG-EPN612/testingJSON/user238/user238.json,idx_10
noGesture,trainingSamples,raw_data/EMG-EPN612/testingJSON/user238/user238.json,idx_11
noGesture,trainingSamples,raw_data/EMG-EPN612/testingJSON/user238/user238.json,idx_12
noGesture,trainingSamples,raw_data/EMG-EPN612/testingJSON/user238/user238.json,idx_13
noGesture,trainingSamples,raw_data/EMG-EPN612/testingJSON/user238/user238.json,idx_14
noGesture,trainingSamples,raw_data/EMG-EPN612/testingJSON/user238/user238.json,idx_15
noGesture,trainingSamples,raw_data/EMG-EPN612/testingJSON/user238/user238.json,idx_16
noGesture,trainingSamples,raw_data/EMG-EPN612/testingJSON/user238/user238.json,idx_17
noGesture,trainingSamples,raw_data/EMG-EPN612/testingJSON/user238/user238.json,idx_18
noGesture,trainingSamples,raw_data/EMG-EPN612/testingJSON/user238/user238.json,idx_19
noGesture,trainingSamples,raw_data/EMG-EPN612/testingJSON/user238/user238.json,idx_20
noGesture,trainingSamples,raw_data/EMG-EPN612/testingJSON/user238/user238.json,idx_21
noGesture,trainingSamples,raw_data/EMG-EPN612/testingJSON/user238/user238.json,idx_22
noGesture,trainingSamples,raw_data/EMG-EPN612/testingJSON/user238/user238.json,idx_23
noGesture,trainingSamples,raw_data/EMG-EPN612/testingJSON/user238/user238.json,idx_24
noGesture,trainingSamples,raw_data/EMG-EPN612/testingJSON/user238/user238.json,idx_25
waveOut,trainingSamples,raw_data/EMG-EPN612/testingJSON/user238/user238.json,idx_26
waveOut,trainingSamples,raw_data/EMG-EPN612/testingJSON/user238/user238.json,idx_27
waveOut,trainingSamples,raw_data/EMG-EPN612/testingJSON/user238/user238.json,idx_28
waveOut,trainingSamples,raw_data/EMG-EPN612/testingJSON/user238/user238.json,idx_29
waveOut,trainingSamples,raw_data/EMG-EPN612/testingJSON/user238/user238.json,idx_30
waveOut,trainingSamples,raw_data/EMG-EPN612/testingJSON/user238/user238.json,idx_31
waveOut,trainingSamples,raw_data/EMG-EPN612/testingJSON/user238/user238.json,idx_32
waveOut,trainingSamples,raw_data/EMG-EPN612/testingJSON/user238/user238.json,idx_33
waveOut,trainingSamples,raw_data/EMG-EPN612/testingJSON/user238/user238.json,idx_34
waveOut,trainingSamples,raw_data/EMG-EPN612/testingJSON/user238/user238.json,idx_35
waveOut,trainingSamples,raw_data/EMG-EPN612/testingJSON/user238/user238.json,idx_36
waveOut,trainingSamples,raw_data/EMG-EPN612/testingJSON/user238/user238.json,idx_37
waveOut,trainingSamples,raw_data/EMG-EPN612/testingJSON/user238/user238.json,idx_38
waveOut,trainingSamples,raw_data/EMG-EPN612/testingJSON/user238/user238.json,idx_39
waveOut,trainingSamples,raw_data/EMG-EPN612/testingJSON/user238/user238.json,idx_40
waveOut,trainingSamples,raw_data/EMG-EPN612/testingJSON/user238/user238.json,idx_41
waveOut,trainingSamples,raw_data/EMG-EPN612/testingJSON/user238/user238.json,idx_42
waveOut,trainingSamples,raw_data/EMG-EPN612/testingJSON/user238/user238.json,idx_43
waveOut,trainingSamples,raw_data/EMG-EPN612/testingJSON/user238/user238.json,idx_44
waveOut,trainingSamples,raw_data/EMG-EPN612/testingJSON/user238/user238.json,idx_45
waveOut,trainingSamples,raw_data/EMG-EPN612/testingJSON/user238/user238.json,idx_46
waveOut,trainingSamples,raw_data/EMG-EPN612/testingJSON/user238/user238.json,idx_47
waveOut,trainingSamples,raw_data/EMG-EPN612/testingJSON/user238/user238.json,idx_48
waveOut,trainingSamples,raw_data/EMG-EPN612/testingJSON/user238/user238.json,idx_49
waveOut,trainingSamples,raw_data/EMG-EPN612/testingJSON/user238/user238.json,idx_50
pinch,trainingSamples,raw_data/EMG-EPN612/testingJSON/user238/user238.json,idx_51
pinch,trainingSamples,raw_data/EMG-EPN612/testingJSON/user238/user238.json,idx_52
pinch,trainingSamples,raw_data/EMG-EPN612/testingJSON/user238/user238.json,idx_53
pinch,trainingSamples,raw_data/EMG-EPN612/testingJSON/user238/user238.json,idx_54
pinch,trainingSamples,raw_data/EMG-EPN612/testingJSON/user238/user238.json,idx_55
pinch,trainingSamples,raw_data/EMG-EPN612/testingJSON/user238/user238.json,idx_56
pinch,trainingSamples,raw_data/EMG-EPN612/testingJSON/user238/user238.json,idx_57
pinch,trainingSamples,raw_data/EMG-EPN612/testingJSON/user238/user238.json,idx_58
pinch,trainingSamples,raw_data/EMG-EPN612/testingJSON/user238/user238.json,idx_59
pinch,trainingSamples,raw_data/EMG-EPN612/testingJSON/user238/user238.json,idx_60
pinch,trainingSamples,raw_data/EMG-EPN612/testingJSON/user238/user238.json,idx_61
pinch,trainingSamples,raw_data/EMG-EPN612/testingJSON/user238/user238.json,idx_62
pinch,trainingSamples,raw_data/EMG-EPN612/testingJSON/user238/user238.json,idx_63
pinch,trainingSamples,raw_data/EMG-EPN612/testingJSON/user238/user238.json,idx_64
pinch,trainingSamples,raw_data/EMG-EPN612/testingJSON/user238/user238.json,idx_65
pinch,trainingSamples,raw_data/EMG-EPN612/testingJSON/user238/user238.json,idx_66
pinch,trainingSamples,raw_data/EMG-EPN612/testingJSON/user238/user238.json,idx_67
pinch,trainingSamples,raw_data/EMG-EPN612/testingJSON/user238/user238.json,idx_68
pinch,trainingSamples,raw_data/EMG-EPN612/testingJSON/user238/user238.json,idx_69
pinch,trainingSamples,raw_data/EMG-EPN612/testingJSON/user238/user238.json,idx_70
pinch,trainingSamples,raw_data/EMG-EPN612/testingJSON/user238/user238.json,idx_71
pinch,trainingSamples,raw_data/EMG-EPN612/testingJSON/user238/user238.json,idx_72
pinch,trainingSamples,raw_data/EMG-EPN612/testingJSON/user238/user238.json,idx_73
pinch,trainingSamples,raw_data/EMG-EPN612/testingJSON/user238/user238.json,idx_74
pinch,trainingSamples,raw_data/EMG-EPN612/testingJSON/user238/user238.json,idx_75
fist,trainingSamples,raw_data/EMG-EPN612/testingJSON/user238/user238.json,idx_76
fist,trainingSamples,raw_data/EMG-EPN612/testingJSON/user238/user238.json,idx_77
fist,trainingSamples,raw_data/EMG-EPN612/testingJSON/user238/user238.json,idx_78
fist,trainingSamples,raw_data/EMG-EPN612/testingJSON/user238/user238.json,idx_79
fist,trainingSamples,raw_data/EMG-EPN612/testingJSON/user238/user238.json,idx_80
fist,trainingSamples,raw_data/EMG-EPN612/testingJSON/user238/user238.json,idx_81
fist,trainingSamples,raw_data/EMG-EPN612/testingJSON/user238/user238.json,idx_82
fist,trainingSamples,raw_data/EMG-EPN612/testingJSON/user238/user238.json,idx_83
fist,trainingSamples,raw_data/EMG-EPN612/testingJSON/user238/user238.json,idx_84
fist,trainingSamples,raw_data/EMG-EPN612/testingJSON/user238/user238.json,idx_85
fist,trainingSamples,raw_data/EMG-EPN612/testingJSON/user238/user238.json,idx_86
fist,trainingSamples,raw_data/EMG-EPN612/testingJSON/user238/user238.json,idx_87
fist,trainingSamples,raw_data/EMG-EPN612/testingJSON/user238/user238.json,idx_88
fist,trainingSamples,raw_data/EMG-EPN612/testingJSON/user238/user238.json,idx_89
fist,trainingSamples,raw_data/EMG-EPN612/testingJSON/user238/user238.json,idx_90
fist,trainingSamples,raw_data/EMG-EPN612/testingJSON/user238/user238.json,idx_91
fist,trainingSamples,raw_data/EMG-EPN612/testingJSON/user238/user238.json,idx_92
fist,trainingSamples,raw_data/EMG-EPN612/testingJSON/user238/user238.json,idx_93
fist,trainingSamples,raw_data/EMG-EPN612/testingJSON/user238/user238.json,idx_94
fist,trainingSamples,raw_data/EMG-EPN612/testingJSON/user238/user238.json,idx_95
fist,trainingSamples,raw_data/EMG-EPN612/testingJSON/user238/user238.json,idx_96
fist,trainingSamples,raw_data/EMG-EPN612/testingJSON/user238/user238.json,idx_97
fist,trainingSamples,raw_data/EMG-EPN612/testingJSON/user238/user238.json,idx_98
fist,trainingSamples,raw_data/EMG-EPN612/testingJSON/user238/user238.json,idx_99
fist,trainingSamples,raw_data/EMG-EPN612/testingJSON/user238/user238.json,idx_100
waveIn,trainingSamples,raw_data/EMG-EPN612/testingJSON/user238/user238.json,idx_101
waveIn,trainingSamples,raw_data/EMG-EPN612/testingJSON/user238/user238.json,idx_102
waveIn,trainingSamples,raw_data/EMG-EPN612/testingJSON/user238/user238.json,idx_103
waveIn,trainingSamples,raw_data/EMG-EPN612/testingJSON/user238/user238.json,idx_104
waveIn,trainingSamples,raw_data/EMG-EPN612/testingJSON/user238/user238.json,idx_105
waveIn,trainingSamples,raw_data/EMG-EPN612/testingJSON/user238/user238.json,idx_106
waveIn,trainingSamples,raw_data/EMG-EPN612/testingJSON/user238/user238.json,idx_107
waveIn,trainingSamples,raw_data/EMG-EPN612/testingJSON/user238/user238.json,idx_108
waveIn,trainingSamples,raw_data/EMG-EPN612/testingJSON/user238/user238.json,idx_109
waveIn,trainingSamples,raw_data/EMG-EPN612/testingJSON/user238/user238.json,idx_110
waveIn,trainingSamples,raw_data/EMG-EPN612/testingJSON/user238/user238.json,idx_111
waveIn,trainingSamples,raw_data/EMG-EPN612/testingJSON/user238/user238.json,idx_112
waveIn,trainingSamples,raw_data/EMG-EPN612/testingJSON/user238/user238.json,idx_113
waveIn,trainingSamples,raw_data/EMG-EPN612/testingJSON/user238/user238.json,idx_114
waveIn,trainingSamples,raw_data/EMG-EPN612/testingJSON/user238/user238.json,idx_115
waveIn,trainingSamples,raw_data/EMG-EPN612/testingJSON/user238/user238.json,idx_116
waveIn,trainingSamples,raw_data/EMG-EPN612/testingJSON/user238/user238.json,idx_117
waveIn,trainingSamples,raw_data/EMG-EPN612/testingJSON/user238/user238.json,idx_118
waveIn,trainingSamples,raw_data/EMG-EPN612/testingJSON/user238/user238.json,idx_119
waveIn,trainingSamples,raw_data/EMG-EPN612/testingJSON/user238/user238.json,idx_120
waveIn,trainingSamples,raw_data/EMG-EPN612/testingJSON/user238/user238.json,idx_121
waveIn,trainingSamples,raw_data/EMG-EPN612/testingJSON/user238/user238.json,idx_122
waveIn,trainingSamples,raw_data/EMG-EPN612/testingJSON/user238/user238.json,idx_123
waveIn,trainingSamples,raw_data/EMG-EPN612/testingJSON/user238/user238.json,idx_124
waveIn,trainingSamples,raw_data/EMG-EPN612/testingJSON/user238/user238.json,idx_125
open,trainingSamples,raw_data/EMG-EPN612/testingJSON/user238/user238.json,idx_126
open,trainingSamples,raw_data/EMG-EPN612/testingJSON/user238/user238.json,idx_127
open,trainingSamples,raw_data/EMG-EPN612/testingJSON/user238/user238.json,idx_128
open,trainingSamples,raw_data/EMG-EPN612/testingJSON/user238/user238.json,idx_129
open,trainingSamples,raw_data/EMG-EPN612/testingJSON/user238/user238.json,idx_130
open,trainingSamples,raw_data/EMG-EPN612/testingJSON/user238/user238.json,idx_131
open,trainingSamples,raw_data/EMG-EPN612/testingJSON/user238/user238.json,idx_132
open,trainingSamples,raw_data/EMG-EPN612/testingJSON/user238/user238.json,idx_133
open,trainingSamples,raw_data/EMG-EPN612/testingJSON/user238/user238.json,idx_134
open,trainingSamples,raw_data/EMG-EPN612/testingJSON/user238/user238.json,idx_135
open,trainingSamples,raw_data/EMG-EPN612/testingJSON/user238/user238.json,idx_136
open,trainingSamples,raw_data/EMG-EPN612/testingJSON/user238/user238.json,idx_137
open,trainingSamples,raw_data/EMG-EPN612/testingJSON/user238/user238.json,idx_138
open,trainingSamples,raw_data/EMG-EPN612/testingJSON/user238/user238.json,idx_139
open,trainingSamples,raw_data/EMG-EPN612/testingJSON/user238/user238.json,idx_140
open,trainingSamples,raw_data/EMG-EPN612/testingJSON/user238/user238.json,idx_141
open,trainingSamples,raw_data/EMG-EPN612/testingJSON/user238/user238.json,idx_142
open,trainingSamples,raw_data/EMG-EPN612/testingJSON/user238/user238.json,idx_143
open,trainingSamples,raw_data/EMG-EPN612/testingJSON/user238/user238.json,idx_144
open,trainingSamples,raw_data/EMG-EPN612/testingJSON/user238/user238.json,idx_145
open,trainingSamples,raw_data/EMG-EPN612/testingJSON/user238/user238.json,idx_146
open,trainingSamples,raw_data/EMG-EPN612/testingJSON/user238/user238.json,idx_147
open,trainingSamples,raw_data/EMG-EPN612/testingJSON/user238/user238.json,idx_148
open,trainingSamples,raw_data/EMG-EPN612/testingJSON/user238/user238.json,idx_149
open,trainingSamples,raw_data/EMG-EPN612/testingJSON/user238/user238.json,idx_150
noGesture,trainingSamples,raw_data/EMG-EPN612/testingJSON/user239/user239.json,idx_1
noGesture,trainingSamples,raw_data/EMG-EPN612/testingJSON/user239/user239.json,idx_2
noGesture,trainingSamples,raw_data/EMG-EPN612/testingJSON/user239/user239.json,idx_3
noGesture,trainingSamples,raw_data/EMG-EPN612/testingJSON/user239/user239.json,idx_4
noGesture,trainingSamples,raw_data/EMG-EPN612/testingJSON/user239/user239.json,idx_5
noGesture,trainingSamples,raw_data/EMG-EPN612/testingJSON/user239/user239.json,idx_6
noGesture,trainingSamples,raw_data/EMG-EPN612/testingJSON/user239/user239.json,idx_7
noGesture,trainingSamples,raw_data/EMG-EPN612/testingJSON/user239/user239.json,idx_8
noGesture,trainingSamples,raw_data/EMG-EPN612/testingJSON/user239/user239.json,idx_9
noGesture,trainingSamples,raw_data/EMG-EPN612/testingJSON/user239/user239.json,idx_10
noGesture,trainingSamples,raw_data/EMG-EPN612/testingJSON/user239/user239.json,idx_11
noGesture,trainingSamples,raw_data/EMG-EPN612/testingJSON/user239/user239.json,idx_12
noGesture,trainingSamples,raw_data/EMG-EPN612/testingJSON/user239/user239.json,idx_13
noGesture,trainingSamples,raw_data/EMG-EPN612/testingJSON/user239/user239.json,idx_14
noGesture,trainingSamples,raw_data/EMG-EPN612/testingJSON/user239/user239.json,idx_15
noGesture,trainingSamples,raw_data/EMG-EPN612/testingJSON/user239/user239.json,idx_16
noGesture,trainingSamples,raw_data/EMG-EPN612/testingJSON/user239/user239.json,idx_17
noGesture,trainingSamples,raw_data/EMG-EPN612/testingJSON/user239/user239.json,idx_18
noGesture,trainingSamples,raw_data/EMG-EPN612/testingJSON/user239/user239.json,idx_19
noGesture,trainingSamples,raw_data/EMG-EPN612/testingJSON/user239/user239.json,idx_20
noGesture,trainingSamples,raw_data/EMG-EPN612/testingJSON/user239/user239.json,idx_21
noGesture,trainingSamples,raw_data/EMG-EPN612/testingJSON/user239/user239.json,idx_22
noGesture,trainingSamples,raw_data/EMG-EPN612/testingJSON/user239/user239.json,idx_23
noGesture,trainingSamples,raw_data/EMG-EPN612/testingJSON/user239/user239.json,idx_24
noGesture,trainingSamples,raw_data/EMG-EPN612/testingJSON/user239/user239.json,idx_25
waveOut,trainingSamples,raw_data/EMG-EPN612/testingJSON/user239/user239.json,idx_26
waveOut,trainingSamples,raw_data/EMG-EPN612/testingJSON/user239/user239.json,idx_27
waveOut,trainingSamples,raw_data/EMG-EPN612/testingJSON/user239/user239.json,idx_28
waveOut,trainingSamples,raw_data/EMG-EPN612/testingJSON/user239/user239.json,idx_29
waveOut,trainingSamples,raw_data/EMG-EPN612/testingJSON/user239/user239.json,idx_30
waveOut,trainingSamples,raw_data/EMG-EPN612/testingJSON/user239/user239.json,idx_31
waveOut,trainingSamples,raw_data/EMG-EPN612/testingJSON/user239/user239.json,idx_32
waveOut,trainingSamples,raw_data/EMG-EPN612/testingJSON/user239/user239.json,idx_33
waveOut,trainingSamples,raw_data/EMG-EPN612/testingJSON/user239/user239.json,idx_34
waveOut,trainingSamples,raw_data/EMG-EPN612/testingJSON/user239/user239.json,idx_35
waveOut,trainingSamples,raw_data/EMG-EPN612/testingJSON/user239/user239.json,idx_36
waveOut,trainingSamples,raw_data/EMG-EPN612/testingJSON/user239/user239.json,idx_37
waveOut,trainingSamples,raw_data/EMG-EPN612/testingJSON/user239/user239.json,idx_38
waveOut,trainingSamples,raw_data/EMG-EPN612/testingJSON/user239/user239.json,idx_39
waveOut,trainingSamples,raw_data/EMG-EPN612/testingJSON/user239/user239.json,idx_40
waveOut,trainingSamples,raw_data/EMG-EPN612/testingJSON/user239/user239.json,idx_41
waveOut,trainingSamples,raw_data/EMG-EPN612/testingJSON/user239/user239.json,idx_42
waveOut,trainingSamples,raw_data/EMG-EPN612/testingJSON/user239/user239.json,idx_43
waveOut,trainingSamples,raw_data/EMG-EPN612/testingJSON/user239/user239.json,idx_44
waveOut,trainingSamples,raw_data/EMG-EPN612/testingJSON/user239/user239.json,idx_45
waveOut,trainingSamples,raw_data/EMG-EPN612/testingJSON/user239/user239.json,idx_46
waveOut,trainingSamples,raw_data/EMG-EPN612/testingJSON/user239/user239.json,idx_47
waveOut,trainingSamples,raw_data/EMG-EPN612/testingJSON/user239/user239.json,idx_48
waveOut,trainingSamples,raw_data/EMG-EPN612/testingJSON/user239/user239.json,idx_49
waveOut,trainingSamples,raw_data/EMG-EPN612/testingJSON/user239/user239.json,idx_50
pinch,trainingSamples,raw_data/EMG-EPN612/testingJSON/user239/user239.json,idx_51
pinch,trainingSamples,raw_data/EMG-EPN612/testingJSON/user239/user239.json,idx_52
pinch,trainingSamples,raw_data/EMG-EPN612/testingJSON/user239/user239.json,idx_53
pinch,trainingSamples,raw_data/EMG-EPN612/testingJSON/user239/user239.json,idx_54
pinch,trainingSamples,raw_data/EMG-EPN612/testingJSON/user239/user239.json,idx_55
pinch,trainingSamples,raw_data/EMG-EPN612/testingJSON/user239/user239.json,idx_56
pinch,trainingSamples,raw_data/EMG-EPN612/testingJSON/user239/user239.json,idx_57
pinch,trainingSamples,raw_data/EMG-EPN612/testingJSON/user239/user239.json,idx_58
pinch,trainingSamples,raw_data/EMG-EPN612/testingJSON/user239/user239.json,idx_59
pinch,trainingSamples,raw_data/EMG-EPN612/testingJSON/user239/user239.json,idx_60
pinch,trainingSamples,raw_data/EMG-EPN612/testingJSON/user239/user239.json,idx_61
pinch,trainingSamples,raw_data/EMG-EPN612/testingJSON/user239/user239.json,idx_62
pinch,trainingSamples,raw_data/EMG-EPN612/testingJSON/user239/user239.json,idx_63
pinch,trainingSamples,raw_data/EMG-EPN612/testingJSON/user239/user239.json,idx_64
pinch,trainingSamples,raw_data/EMG-EPN612/testingJSON/user239/user239.json,idx_65
pinch,trainingSamples,raw_data/EMG-EPN612/testingJSON/user239/user239.json,idx_66
pinch,trainingSamples,raw_data/EMG-EPN612/testingJSON/user239/user239.json,idx_67
pinch,trainingSamples,raw_data/EMG-EPN612/testingJSON/user239/user239.json,idx_68
pinch,trainingSamples,raw_data/EMG-EPN612/testingJSON/user239/user239.json,idx_69
pinch,trainingSamples,raw_data/EMG-EPN612/testingJSON/user239/user239.json,idx_70
pinch,trainingSamples,raw_data/EMG-EPN612/testingJSON/user239/user239.json,idx_71
pinch,trainingSamples,raw_data/EMG-EPN612/testingJSON/user239/user239.json,idx_72
pinch,trainingSamples,raw_data/EMG-EPN612/testingJSON/user239/user239.json,idx_73
pinch,trainingSamples,raw_data/EMG-EPN612/testingJSON/user239/user239.json,idx_74
pinch,trainingSamples,raw_data/EMG-EPN612/testingJSON/user239/user239.json,idx_75
fist,trainingSamples,raw_data/EMG-EPN612/testingJSON/user239/user239.json,idx_76
fist,trainingSamples,raw_data/EMG-EPN612/testingJSON/user239/user239.json,idx_77
fist,trainingSamples,raw_data/EMG-EPN612/testingJSON/user239/user239.json,idx_78
fist,trainingSamples,raw_data/EMG-EPN612/testingJSON/user239/user239.json,idx_79
fist,trainingSamples,raw_data/EMG-EPN612/testingJSON/user239/user239.json,idx_80
fist,trainingSamples,raw_data/EMG-EPN612/testingJSON/user239/user239.json,idx_81
fist,trainingSamples,raw_data/EMG-EPN612/testingJSON/user239/user239.json,idx_82
fist,trainingSamples,raw_data/EMG-EPN612/testingJSON/user239/user239.json,idx_83
fist,trainingSamples,raw_data/EMG-EPN612/testingJSON/user239/user239.json,idx_84
fist,trainingSamples,raw_data/EMG-EPN612/testingJSON/user239/user239.json,idx_85
fist,trainingSamples,raw_data/EMG-EPN612/testingJSON/user239/user239.json,idx_86
fist,trainingSamples,raw_data/EMG-EPN612/testingJSON/user239/user239.json,idx_87
fist,trainingSamples,raw_data/EMG-EPN612/testingJSON/user239/user239.json,idx_88
fist,trainingSamples,raw_data/EMG-EPN612/testingJSON/user239/user239.json,idx_89
fist,trainingSamples,raw_data/EMG-EPN612/testingJSON/user239/user239.json,idx_90
fist,trainingSamples,raw_data/EMG-EPN612/testingJSON/user239/user239.json,idx_91
fist,trainingSamples,raw_data/EMG-EPN612/testingJSON/user239/user239.json,idx_92
fist,trainingSamples,raw_data/EMG-EPN612/testingJSON/user239/user239.json,idx_93
fist,trainingSamples,raw_data/EMG-EPN612/testingJSON/user239/user239.json,idx_94
fist,trainingSamples,raw_data/EMG-EPN612/testingJSON/user239/user239.json,idx_95
fist,trainingSamples,raw_data/EMG-EPN612/testingJSON/user239/user239.json,idx_96
fist,trainingSamples,raw_data/EMG-EPN612/testingJSON/user239/user239.json,idx_97
fist,trainingSamples,raw_data/EMG-EPN612/testingJSON/user239/user239.json,idx_98
fist,trainingSamples,raw_data/EMG-EPN612/testingJSON/user239/user239.json,idx_99
fist,trainingSamples,raw_data/EMG-EPN612/testingJSON/user239/user239.json,idx_100
waveIn,trainingSamples,raw_data/EMG-EPN612/testingJSON/user239/user239.json,idx_101
waveIn,trainingSamples,raw_data/EMG-EPN612/testingJSON/user239/user239.json,idx_102
waveIn,trainingSamples,raw_data/EMG-EPN612/testingJSON/user239/user239.json,idx_103
waveIn,trainingSamples,raw_data/EMG-EPN612/testingJSON/user239/user239.json,idx_104
waveIn,trainingSamples,raw_data/EMG-EPN612/testingJSON/user239/user239.json,idx_105
waveIn,trainingSamples,raw_data/EMG-EPN612/testingJSON/user239/user239.json,idx_106
waveIn,trainingSamples,raw_data/EMG-EPN612/testingJSON/user239/user239.json,idx_107
waveIn,trainingSamples,raw_data/EMG-EPN612/testingJSON/user239/user239.json,idx_108
waveIn,trainingSamples,raw_data/EMG-EPN612/testingJSON/user239/user239.json,idx_109
waveIn,trainingSamples,raw_data/EMG-EPN612/testingJSON/user239/user239.json,idx_110
waveIn,trainingSamples,raw_data/EMG-EPN612/testingJSON/user239/user239.json,idx_111
waveIn,trainingSamples,raw_data/EMG-EPN612/testingJSON/user239/user239.json,idx_112
waveIn,trainingSamples,raw_data/EMG-EPN612/testingJSON/user239/user239.json,idx_113
waveIn,trainingSamples,raw_data/EMG-EPN612/testingJSON/user239/user239.json,idx_114
waveIn,trainingSamples,raw_data/EMG-EPN612/testingJSON/user239/user239.json,idx_115
waveIn,trainingSamples,raw_data/EMG-EPN612/testingJSON/user239/user239.json,idx_116
waveIn,trainingSamples,raw_data/EMG-EPN612/testingJSON/user239/user239.json,idx_117
waveIn,trainingSamples,raw_data/EMG-EPN612/testingJSON/user239/user239.json,idx_118
waveIn,trainingSamples,raw_data/EMG-EPN612/testingJSON/user239/user239.json,idx_119
waveIn,trainingSamples,raw_data/EMG-EPN612/testingJSON/user239/user239.json,idx_120
waveIn,trainingSamples,raw_data/EMG-EPN612/testingJSON/user239/user239.json,idx_121
waveIn,trainingSamples,raw_data/EMG-EPN612/testingJSON/user239/user239.json,idx_122
waveIn,trainingSamples,raw_data/EMG-EPN612/testingJSON/user239/user239.json,idx_123
waveIn,trainingSamples,raw_data/EMG-EPN612/testingJSON/user239/user239.json,idx_124
waveIn,trainingSamples,raw_data/EMG-EPN612/testingJSON/user239/user239.json,idx_125
open,trainingSamples,raw_data/EMG-EPN612/testingJSON/user239/user239.json,idx_126
open,trainingSamples,raw_data/EMG-EPN612/testingJSON/user239/user239.json,idx_127
open,trainingSamples,raw_data/EMG-EPN612/testingJSON/user239/user239.json,idx_128
open,trainingSamples,raw_data/EMG-EPN612/testingJSON/user239/user239.json,idx_129
open,trainingSamples,raw_data/EMG-EPN612/testingJSON/user239/user239.json,idx_130
open,trainingSamples,raw_data/EMG-EPN612/testingJSON/user239/user239.json,idx_131
open,trainingSamples,raw_data/EMG-EPN612/testingJSON/user239/user239.json,idx_132
open,trainingSamples,raw_data/EMG-EPN612/testingJSON/user239/user239.json,idx_133
open,trainingSamples,raw_data/EMG-EPN612/testingJSON/user239/user239.json,idx_134
open,trainingSamples,raw_data/EMG-EPN612/testingJSON/user239/user239.json,idx_135
open,trainingSamples,raw_data/EMG-EPN612/testingJSON/user239/user239.json,idx_136
open,trainingSamples,raw_data/EMG-EPN612/testingJSON/user239/user239.json,idx_137
open,trainingSamples,raw_data/EMG-EPN612/testingJSON/user239/user239.json,idx_138
open,trainingSamples,raw_data/EMG-EPN612/testingJSON/user239/user239.json,idx_139
open,trainingSamples,raw_data/EMG-EPN612/testingJSON/user239/user239.json,idx_140
open,trainingSamples,raw_data/EMG-EPN612/testingJSON/user239/user239.json,idx_141
open,trainingSamples,raw_data/EMG-EPN612/testingJSON/user239/user239.json,idx_142
open,trainingSamples,raw_data/EMG-EPN612/testingJSON/user239/user239.json,idx_143
open,trainingSamples,raw_data/EMG-EPN612/testingJSON/user239/user239.json,idx_144
open,trainingSamples,raw_data/EMG-EPN612/testingJSON/user239/user239.json,idx_145
open,trainingSamples,raw_data/EMG-EPN612/testingJSON/user239/user239.json,idx_146
open,trainingSamples,raw_data/EMG-EPN612/testingJSON/user239/user239.json,idx_147
open,trainingSamples,raw_data/EMG-EPN612/testingJSON/user239/user239.json,idx_148
open,trainingSamples,raw_data/EMG-EPN612/testingJSON/user239/user239.json,idx_149
open,trainingSamples,raw_data/EMG-EPN612/testingJSON/user239/user239.json,idx_150
noGesture,trainingSamples,raw_data/EMG-EPN612/testingJSON/user24/user24.json,idx_1
noGesture,trainingSamples,raw_data/EMG-EPN612/testingJSON/user24/user24.json,idx_2
noGesture,trainingSamples,raw_data/EMG-EPN612/testingJSON/user24/user24.json,idx_3
noGesture,trainingSamples,raw_data/EMG-EPN612/testingJSON/user24/user24.json,idx_4
noGesture,trainingSamples,raw_data/EMG-EPN612/testingJSON/user24/user24.json,idx_5
noGesture,trainingSamples,raw_data/EMG-EPN612/testingJSON/user24/user24.json,idx_6
noGesture,trainingSamples,raw_data/EMG-EPN612/testingJSON/user24/user24.json,idx_7
noGesture,trainingSamples,raw_data/EMG-EPN612/testingJSON/user24/user24.json,idx_8
noGesture,trainingSamples,raw_data/EMG-EPN612/testingJSON/user24/user24.json,idx_9
noGesture,trainingSamples,raw_data/EMG-EPN612/testingJSON/user24/user24.json,idx_10
noGesture,trainingSamples,raw_data/EMG-EPN612/testingJSON/user24/user24.json,idx_11
noGesture,trainingSamples,raw_data/EMG-EPN612/testingJSON/user24/user24.json,idx_12
noGesture,trainingSamples,raw_data/EMG-EPN612/testingJSON/user24/user24.json,idx_13
noGesture,trainingSamples,raw_data/EMG-EPN612/testingJSON/user24/user24.json,idx_14
noGesture,trainingSamples,raw_data/EMG-EPN612/testingJSON/user24/user24.json,idx_15
noGesture,trainingSamples,raw_data/EMG-EPN612/testingJSON/user24/user24.json,idx_16
noGesture,trainingSamples,raw_data/EMG-EPN612/testingJSON/user24/user24.json,idx_17
noGesture,trainingSamples,raw_data/EMG-EPN612/testingJSON/user24/user24.json,idx_18
noGesture,trainingSamples,raw_data/EMG-EPN612/testingJSON/user24/user24.json,idx_19
noGesture,trainingSamples,raw_data/EMG-EPN612/testingJSON/user24/user24.json,idx_20
noGesture,trainingSamples,raw_data/EMG-EPN612/testingJSON/user24/user24.json,idx_21
noGesture,trainingSamples,raw_data/EMG-EPN612/testingJSON/user24/user24.json,idx_22
noGesture,trainingSamples,raw_data/EMG-EPN612/testingJSON/user24/user24.json,idx_23
noGesture,trainingSamples,raw_data/EMG-EPN612/testingJSON/user24/user24.json,idx_24
noGesture,trainingSamples,raw_data/EMG-EPN612/testingJSON/user24/user24.json,idx_25
waveOut,trainingSamples,raw_data/EMG-EPN612/testingJSON/user24/user24.json,idx_26
waveOut,trainingSamples,raw_data/EMG-EPN612/testingJSON/user24/user24.json,idx_27
waveOut,trainingSamples,raw_data/EMG-EPN612/testingJSON/user24/user24.json,idx_28
waveOut,trainingSamples,raw_data/EMG-EPN612/testingJSON/user24/user24.json,idx_29
waveOut,trainingSamples,raw_data/EMG-EPN612/testingJSON/user24/user24.json,idx_30
waveOut,trainingSamples,raw_data/EMG-EPN612/testingJSON/user24/user24.json,idx_31
waveOut,trainingSamples,raw_data/EMG-EPN612/testingJSON/user24/user24.json,idx_32
waveOut,trainingSamples,raw_data/EMG-EPN612/testingJSON/user24/user24.json,idx_33
waveOut,trainingSamples,raw_data/EMG-EPN612/testingJSON/user24/user24.json,idx_34
waveOut,trainingSamples,raw_data/EMG-EPN612/testingJSON/user24/user24.json,idx_35
waveOut,trainingSamples,raw_data/EMG-EPN612/testingJSON/user24/user24.json,idx_36
waveOut,trainingSamples,raw_data/EMG-EPN612/testingJSON/user24/user24.json,idx_37
waveOut,trainingSamples,raw_data/EMG-EPN612/testingJSON/user24/user24.json,idx_38
waveOut,trainingSamples,raw_data/EMG-EPN612/testingJSON/user24/user24.json,idx_39
waveOut,trainingSamples,raw_data/EMG-EPN612/testingJSON/user24/user24.json,idx_40
waveOut,trainingSamples,raw_data/EMG-EPN612/testingJSON/user24/user24.json,idx_41
waveOut,trainingSamples,raw_data/EMG-EPN612/testingJSON/user24/user24.json,idx_42
waveOut,trainingSamples,raw_data/EMG-EPN612/testingJSON/user24/user24.json,idx_43
waveOut,trainingSamples,raw_data/EMG-EPN612/testingJSON/user24/user24.json,idx_44
waveOut,trainingSamples,raw_data/EMG-EPN612/testingJSON/user24/user24.json,idx_45
waveOut,trainingSamples,raw_data/EMG-EPN612/testingJSON/user24/user24.json,idx_46
waveOut,trainingSamples,raw_data/EMG-EPN612/testingJSON/user24/user24.json,idx_47
waveOut,trainingSamples,raw_data/EMG-EPN612/testingJSON/user24/user24.json,idx_48
waveOut,trainingSamples,raw_data/EMG-EPN612/testingJSON/user24/user24.json,idx_49
waveOut,trainingSamples,raw_data/EMG-EPN612/testingJSON/user24/user24.json,idx_50
pinch,trainingSamples,raw_data/EMG-EPN612/testingJSON/user24/user24.json,idx_51
pinch,trainingSamples,raw_data/EMG-EPN612/testingJSON/user24/user24.json,idx_52
pinch,trainingSamples,raw_data/EMG-EPN612/testingJSON/user24/user24.json,idx_53
pinch,trainingSamples,raw_data/EMG-EPN612/testingJSON/user24/user24.json,idx_54
pinch,trainingSamples,raw_data/EMG-EPN612/testingJSON/user24/user24.json,idx_55
pinch,trainingSamples,raw_data/EMG-EPN612/testingJSON/user24/user24.json,idx_56
pinch,trainingSamples,raw_data/EMG-EPN612/testingJSON/user24/user24.json,idx_57
pinch,trainingSamples,raw_data/EMG-EPN612/testingJSON/user24/user24.json,idx_58
pinch,trainingSamples,raw_data/EMG-EPN612/testingJSON/user24/user24.json,idx_59
pinch,trainingSamples,raw_data/EMG-EPN612/testingJSON/user24/user24.json,idx_60
pinch,trainingSamples,raw_data/EMG-EPN612/testingJSON/user24/user24.json,idx_61
pinch,trainingSamples,raw_data/EMG-EPN612/testingJSON/user24/user24.json,idx_62
pinch,trainingSamples,raw_data/EMG-EPN612/testingJSON/user24/user24.json,idx_63
pinch,trainingSamples,raw_data/EMG-EPN612/testingJSON/user24/user24.json,idx_64
pinch,trainingSamples,raw_data/EMG-EPN612/testingJSON/user24/user24.json,idx_65
pinch,trainingSamples,raw_data/EMG-EPN612/testingJSON/user24/user24.json,idx_66
pinch,trainingSamples,raw_data/EMG-EPN612/testingJSON/user24/user24.json,idx_67
pinch,trainingSamples,raw_data/EMG-EPN612/testingJSON/user24/user24.json,idx_68
pinch,trainingSamples,raw_data/EMG-EPN612/testingJSON/user24/user24.json,idx_69
pinch,trainingSamples,raw_data/EMG-EPN612/testingJSON/user24/user24.json,idx_70
pinch,trainingSamples,raw_data/EMG-EPN612/testingJSON/user24/user24.json,idx_71
pinch,trainingSamples,raw_data/EMG-EPN612/testingJSON/user24/user24.json,idx_72
pinch,trainingSamples,raw_data/EMG-EPN612/testingJSON/user24/user24.json,idx_73
pinch,trainingSamples,raw_data/EMG-EPN612/testingJSON/user24/user24.json,idx_74
pinch,trainingSamples,raw_data/EMG-EPN612/testingJSON/user24/user24.json,idx_75
fist,trainingSamples,raw_data/EMG-EPN612/testingJSON/user24/user24.json,idx_76
fist,trainingSamples,raw_data/EMG-EPN612/testingJSON/user24/user24.json,idx_77
fist,trainingSamples,raw_data/EMG-EPN612/testingJSON/user24/user24.json,idx_78
fist,trainingSamples,raw_data/EMG-EPN612/testingJSON/user24/user24.json,idx_79
fist,trainingSamples,raw_data/EMG-EPN612/testingJSON/user24/user24.json,idx_80
fist,trainingSamples,raw_data/EMG-EPN612/testingJSON/user24/user24.json,idx_81
fist,trainingSamples,raw_data/EMG-EPN612/testingJSON/user24/user24.json,idx_82
fist,trainingSamples,raw_data/EMG-EPN612/testingJSON/user24/user24.json,idx_83
fist,trainingSamples,raw_data/EMG-EPN612/testingJSON/user24/user24.json,idx_84
fist,trainingSamples,raw_data/EMG-EPN612/testingJSON/user24/user24.json,idx_85
fist,trainingSamples,raw_data/EMG-EPN612/testingJSON/user24/user24.json,idx_86
fist,trainingSamples,raw_data/EMG-EPN612/testingJSON/user24/user24.json,idx_87
fist,trainingSamples,raw_data/EMG-EPN612/testingJSON/user24/user24.json,idx_88
fist,trainingSamples,raw_data/EMG-EPN612/testingJSON/user24/user24.json,idx_89
fist,trainingSamples,raw_data/EMG-EPN612/testingJSON/user24/user24.json,idx_90
fist,trainingSamples,raw_data/EMG-EPN612/testingJSON/user24/user24.json,idx_91
fist,trainingSamples,raw_data/EMG-EPN612/testingJSON/user24/user24.json,idx_92
fist,trainingSamples,raw_data/EMG-EPN612/testingJSON/user24/user24.json,idx_93
fist,trainingSamples,raw_data/EMG-EPN612/testingJSON/user24/user24.json,idx_94
fist,trainingSamples,raw_data/EMG-EPN612/testingJSON/user24/user24.json,idx_95
fist,trainingSamples,raw_data/EMG-EPN612/testingJSON/user24/user24.json,idx_96
fist,trainingSamples,raw_data/EMG-EPN612/testingJSON/user24/user24.json,idx_97
fist,trainingSamples,raw_data/EMG-EPN612/testingJSON/user24/user24.json,idx_98
fist,trainingSamples,raw_data/EMG-EPN612/testingJSON/user24/user24.json,idx_99
fist,trainingSamples,raw_data/EMG-EPN612/testingJSON/user24/user24.json,idx_100
waveIn,trainingSamples,raw_data/EMG-EPN612/testingJSON/user24/user24.json,idx_101
waveIn,trainingSamples,raw_data/EMG-EPN612/testingJSON/user24/user24.json,idx_102
waveIn,trainingSamples,raw_data/EMG-EPN612/testingJSON/user24/user24.json,idx_103
waveIn,trainingSamples,raw_data/EMG-EPN612/testingJSON/user24/user24.json,idx_104
waveIn,trainingSamples,raw_data/EMG-EPN612/testingJSON/user24/user24.json,idx_105
waveIn,trainingSamples,raw_data/EMG-EPN612/testingJSON/user24/user24.json,idx_106
waveIn,trainingSamples,raw_data/EMG-EPN612/testingJSON/user24/user24.json,idx_107
waveIn,trainingSamples,raw_data/EMG-EPN612/testingJSON/user24/user24.json,idx_108
waveIn,trainingSamples,raw_data/EMG-EPN612/testingJSON/user24/user24.json,idx_109
waveIn,trainingSamples,raw_data/EMG-EPN612/testingJSON/user24/user24.json,idx_110
waveIn,trainingSamples,raw_data/EMG-EPN612/testingJSON/user24/user24.json,idx_111
waveIn,trainingSamples,raw_data/EMG-EPN612/testingJSON/user24/user24.json,idx_112
waveIn,trainingSamples,raw_data/EMG-EPN612/testingJSON/user24/user24.json,idx_113
waveIn,trainingSamples,raw_data/EMG-EPN612/testingJSON/user24/user24.json,idx_114
waveIn,trainingSamples,raw_data/EMG-EPN612/testingJSON/user24/user24.json,idx_115
waveIn,trainingSamples,raw_data/EMG-EPN612/testingJSON/user24/user24.json,idx_116
waveIn,trainingSamples,raw_data/EMG-EPN612/testingJSON/user24/user24.json,idx_117
waveIn,trainingSamples,raw_data/EMG-EPN612/testingJSON/user24/user24.json,idx_118
waveIn,trainingSamples,raw_data/EMG-EPN612/testingJSON/user24/user24.json,idx_119
waveIn,trainingSamples,raw_data/EMG-EPN612/testingJSON/user24/user24.json,idx_120
waveIn,trainingSamples,raw_data/EMG-EPN612/testingJSON/user24/user24.json,idx_121
waveIn,trainingSamples,raw_data/EMG-EPN612/testingJSON/user24/user24.json,idx_122
waveIn,trainingSamples,raw_data/EMG-EPN612/testingJSON/user24/user24.json,idx_123
waveIn,trainingSamples,raw_data/EMG-EPN612/testingJSON/user24/user24.json,idx_124
waveIn,trainingSamples,raw_data/EMG-EPN612/testingJSON/user24/user24.json,idx_125
open,trainingSamples,raw_data/EMG-EPN612/testingJSON/user24/user24.json,idx_126
open,trainingSamples,raw_data/EMG-EPN612/testingJSON/user24/user24.json,idx_127
open,trainingSamples,raw_data/EMG-EPN612/testingJSON/user24/user24.json,idx_128
open,trainingSamples,raw_data/EMG-EPN612/testingJSON/user24/user24.json,idx_129
open,trainingSamples,raw_data/EMG-EPN612/testingJSON/user24/user24.json,idx_130
open,trainingSamples,raw_data/EMG-EPN612/testingJSON/user24/user24.json,idx_131
open,trainingSamples,raw_data/EMG-EPN612/testingJSON/user24/user24.json,idx_132
open,trainingSamples,raw_data/EMG-EPN612/testingJSON/user24/user24.json,idx_133
open,trainingSamples,raw_data/EMG-EPN612/testingJSON/user24/user24.json,idx_134
open,trainingSamples,raw_data/EMG-EPN612/testingJSON/user24/user24.json,idx_135
open,trainingSamples,raw_data/EMG-EPN612/testingJSON/user24/user24.json,idx_136
open,trainingSamples,raw_data/EMG-EPN612/testingJSON/user24/user24.json,idx_137
open,trainingSamples,raw_data/EMG-EPN612/testingJSON/user24/user24.json,idx_138
open,trainingSamples,raw_data/EMG-EPN612/testingJSON/user24/user24.json,idx_139
open,trainingSamples,raw_data/EMG-EPN612/testingJSON/user24/user24.json,idx_140
open,trainingSamples,raw_data/EMG-EPN612/testingJSON/user24/user24.json,idx_141
open,trainingSamples,raw_data/EMG-EPN612/testingJSON/user24/user24.json,idx_142
open,trainingSamples,raw_data/EMG-EPN612/testingJSON/user24/user24.json,idx_143
open,trainingSamples,raw_data/EMG-EPN612/testingJSON/user24/user24.json,idx_144
open,trainingSamples,raw_data/EMG-EPN612/testingJSON/user24/user24.json,idx_145
open,trainingSamples,raw_data/EMG-EPN612/testingJSON/user24/user24.json,idx_146
open,trainingSamples,raw_data/EMG-EPN612/testingJSON/user24/user24.json,idx_147
open,trainingSamples,raw_data/EMG-EPN612/testingJSON/user24/user24.json,idx_148
open,trainingSamples,raw_data/EMG-EPN612/testingJSON/user24/user24.json,idx_149
open,trainingSamples,raw_data/EMG-EPN612/testingJSON/user24/user24.json,idx_150
noGesture,trainingSamples,raw_data/EMG-EPN612/testingJSON/user240/user240.json,idx_1
noGesture,trainingSamples,raw_data/EMG-EPN612/testingJSON/user240/user240.json,idx_2
noGesture,trainingSamples,raw_data/EMG-EPN612/testingJSON/user240/user240.json,idx_3
noGesture,trainingSamples,raw_data/EMG-EPN612/testingJSON/user240/user240.json,idx_4
noGesture,trainingSamples,raw_data/EMG-EPN612/testingJSON/user240/user240.json,idx_5
noGesture,trainingSamples,raw_data/EMG-EPN612/testingJSON/user240/user240.json,idx_6
noGesture,trainingSamples,raw_data/EMG-EPN612/testingJSON/user240/user240.json,idx_7
noGesture,trainingSamples,raw_data/EMG-EPN612/testingJSON/user240/user240.json,idx_8
noGesture,trainingSamples,raw_data/EMG-EPN612/testingJSON/user240/user240.json,idx_9
noGesture,trainingSamples,raw_data/EMG-EPN612/testingJSON/user240/user240.json,idx_10
noGesture,trainingSamples,raw_data/EMG-EPN612/testingJSON/user240/user240.json,idx_11
noGesture,trainingSamples,raw_data/EMG-EPN612/testingJSON/user240/user240.json,idx_12
noGesture,trainingSamples,raw_data/EMG-EPN612/testingJSON/user240/user240.json,idx_13
noGesture,trainingSamples,raw_data/EMG-EPN612/testingJSON/user240/user240.json,idx_14
noGesture,trainingSamples,raw_data/EMG-EPN612/testingJSON/user240/user240.json,idx_15
noGesture,trainingSamples,raw_data/EMG-EPN612/testingJSON/user240/user240.json,idx_16
noGesture,trainingSamples,raw_data/EMG-EPN612/testingJSON/user240/user240.json,idx_17
noGesture,trainingSamples,raw_data/EMG-EPN612/testingJSON/user240/user240.json,idx_18
noGesture,trainingSamples,raw_data/EMG-EPN612/testingJSON/user240/user240.json,idx_19
noGesture,trainingSamples,raw_data/EMG-EPN612/testingJSON/user240/user240.json,idx_20
noGesture,trainingSamples,raw_data/EMG-EPN612/testingJSON/user240/user240.json,idx_21
noGesture,trainingSamples,raw_data/EMG-EPN612/testingJSON/user240/user240.json,idx_22
noGesture,trainingSamples,raw_data/EMG-EPN612/testingJSON/user240/user240.json,idx_23
noGesture,trainingSamples,raw_data/EMG-EPN612/testingJSON/user240/user240.json,idx_24
noGesture,trainingSamples,raw_data/EMG-EPN612/testingJSON/user240/user240.json,idx_25
fist,trainingSamples,raw_data/EMG-EPN612/testingJSON/user240/user240.json,idx_26
fist,trainingSamples,raw_data/EMG-EPN612/testingJSON/user240/user240.json,idx_27
fist,trainingSamples,raw_data/EMG-EPN612/testingJSON/user240/user240.json,idx_28
fist,trainingSamples,raw_data/EMG-EPN612/testingJSON/user240/user240.json,idx_29
fist,trainingSamples,raw_data/EMG-EPN612/testingJSON/user240/user240.json,idx_30
fist,trainingSamples,raw_data/EMG-EPN612/testingJSON/user240/user240.json,idx_31
fist,trainingSamples,raw_data/EMG-EPN612/testingJSON/user240/user240.json,idx_32
fist,trainingSamples,raw_data/EMG-EPN612/testingJSON/user240/user240.json,idx_33
fist,trainingSamples,raw_data/EMG-EPN612/testingJSON/user240/user240.json,idx_34
fist,trainingSamples,raw_data/EMG-EPN612/testingJSON/user240/user240.json,idx_35
fist,trainingSamples,raw_data/EMG-EPN612/testingJSON/user240/user240.json,idx_36
fist,trainingSamples,raw_data/EMG-EPN612/testingJSON/user240/user240.json,idx_37
fist,trainingSamples,raw_data/EMG-EPN612/testingJSON/user240/user240.json,idx_38
fist,trainingSamples,raw_data/EMG-EPN612/testingJSON/user240/user240.json,idx_39
fist,trainingSamples,raw_data/EMG-EPN612/testingJSON/user240/user240.json,idx_40
fist,trainingSamples,raw_data/EMG-EPN612/testingJSON/user240/user240.json,idx_41
fist,trainingSamples,raw_data/EMG-EPN612/testingJSON/user240/user240.json,idx_42
fist,trainingSamples,raw_data/EMG-EPN612/testingJSON/user240/user240.json,idx_43
fist,trainingSamples,raw_data/EMG-EPN612/testingJSON/user240/user240.json,idx_44
fist,trainingSamples,raw_data/EMG-EPN612/testingJSON/user240/user240.json,idx_45
fist,trainingSamples,raw_data/EMG-EPN612/testingJSON/user240/user240.json,idx_46
fist,trainingSamples,raw_data/EMG-EPN612/testingJSON/user240/user240.json,idx_47
fist,trainingSamples,raw_data/EMG-EPN612/testingJSON/user240/user240.json,idx_48
fist,trainingSamples,raw_data/EMG-EPN612/testingJSON/user240/user240.json,idx_49
fist,trainingSamples,raw_data/EMG-EPN612/testingJSON/user240/user240.json,idx_50
open,trainingSamples,raw_data/EMG-EPN612/testingJSON/user240/user240.json,idx_51
open,trainingSamples,raw_data/EMG-EPN612/testingJSON/user240/user240.json,idx_52
open,trainingSamples,raw_data/EMG-EPN612/testingJSON/user240/user240.json,idx_53
open,trainingSamples,raw_data/EMG-EPN612/testingJSON/user240/user240.json,idx_54
open,trainingSamples,raw_data/EMG-EPN612/testingJSON/user240/user240.json,idx_55
open,trainingSamples,raw_data/EMG-EPN612/testingJSON/user240/user240.json,idx_56
open,trainingSamples,raw_data/EMG-EPN612/testingJSON/user240/user240.json,idx_57
open,trainingSamples,raw_data/EMG-EPN612/testingJSON/user240/user240.json,idx_58
open,trainingSamples,raw_data/EMG-EPN612/testingJSON/user240/user240.json,idx_59
open,trainingSamples,raw_data/EMG-EPN612/testingJSON/user240/user240.json,idx_60
open,trainingSamples,raw_data/EMG-EPN612/testingJSON/user240/user240.json,idx_61
open,trainingSamples,raw_data/EMG-EPN612/testingJSON/user240/user240.json,idx_62
open,trainingSamples,raw_data/EMG-EPN612/testingJSON/user240/user240.json,idx_63
open,trainingSamples,raw_data/EMG-EPN612/testingJSON/user240/user240.json,idx_64
open,trainingSamples,raw_data/EMG-EPN612/testingJSON/user240/user240.json,idx_65
open,trainingSamples,raw_data/EMG-EPN612/testingJSON/user240/user240.json,idx_66
open,trainingSamples,raw_data/EMG-EPN612/testingJSON/user240/user240.json,idx_67
open,trainingSamples,raw_data/EMG-EPN612/testingJSON/user240/user240.json,idx_68
open,trainingSamples,raw_data/EMG-EPN612/testingJSON/user240/user240.json,idx_69
open,trainingSamples,raw_data/EMG-EPN612/testingJSON/user240/user240.json,idx_70
open,trainingSamples,raw_data/EMG-EPN612/testingJSON/user240/user240.json,idx_71
open,trainingSamples,raw_data/EMG-EPN612/testingJSON/user240/user240.json,idx_72
open,trainingSamples,raw_data/EMG-EPN612/testingJSON/user240/user240.json,idx_73
open,trainingSamples,raw_data/EMG-EPN612/testingJSON/user240/user240.json,idx_74
open,trainingSamples,raw_data/EMG-EPN612/testingJSON/user240/user240.json,idx_75
pinch,trainingSamples,raw_data/EMG-EPN612/testingJSON/user240/user240.json,idx_76
pinch,trainingSamples,raw_data/EMG-EPN612/testingJSON/user240/user240.json,idx_77
pinch,trainingSamples,raw_data/EMG-EPN612/testingJSON/user240/user240.json,idx_78
pinch,trainingSamples,raw_data/EMG-EPN612/testingJSON/user240/user240.json,idx_79
pinch,trainingSamples,raw_data/EMG-EPN612/testingJSON/user240/user240.json,idx_80
pinch,trainingSamples,raw_data/EMG-EPN612/testingJSON/user240/user240.json,idx_81
pinch,trainingSamples,raw_data/EMG-EPN612/testingJSON/user240/user240.json,idx_82
pinch,trainingSamples,raw_data/EMG-EPN612/testingJSON/user240/user240.json,idx_83
pinch,trainingSamples,raw_data/EMG-EPN612/testingJSON/user240/user240.json,idx_84
pinch,trainingSamples,raw_data/EMG-EPN612/testingJSON/user240/user240.json,idx_85
pinch,trainingSamples,raw_data/EMG-EPN612/testingJSON/user240/user240.json,idx_86
pinch,trainingSamples,raw_data/EMG-EPN612/testingJSON/user240/user240.json,idx_87
pinch,trainingSamples,raw_data/EMG-EPN612/testingJSON/user240/user240.json,idx_88
pinch,trainingSamples,raw_data/EMG-EPN612/testingJSON/user240/user240.json,idx_89
pinch,trainingSamples,raw_data/EMG-EPN612/testingJSON/user240/user240.json,idx_90
pinch,trainingSamples,raw_data/EMG-EPN612/testingJSON/user240/user240.json,idx_91
pinch,trainingSamples,raw_data/EMG-EPN612/testingJSON/user240/user240.json,idx_92
pinch,trainingSamples,raw_data/EMG-EPN612/testingJSON/user240/user240.json,idx_93
pinch,trainingSamples,raw_data/EMG-EPN612/testingJSON/user240/user240.json,idx_94
pinch,trainingSamples,raw_data/EMG-EPN612/testingJSON/user240/user240.json,idx_95
pinch,trainingSamples,raw_data/EMG-EPN612/testingJSON/user240/user240.json,idx_96
pinch,trainingSamples,raw_data/EMG-EPN612/testingJSON/user240/user240.json,idx_97
pinch,trainingSamples,raw_data/EMG-EPN612/testingJSON/user240/user240.json,idx_98
pinch,trainingSamples,raw_data/EMG-EPN612/testingJSON/user240/user240.json,idx_99
pinch,trainingSamples,raw_data/EMG-EPN612/testingJSON/user240/user240.json,idx_100
waveOut,trainingSamples,raw_data/EMG-EPN612/testingJSON/user240/user240.json,idx_101
waveOut,trainingSamples,raw_data/EMG-EPN612/testingJSON/user240/user240.json,idx_102
waveOut,trainingSamples,raw_data/EMG-EPN612/testingJSON/user240/user240.json,idx_103
waveOut,trainingSamples,raw_data/EMG-EPN612/testingJSON/user240/user240.json,idx_104
waveOut,trainingSamples,raw_data/EMG-EPN612/testingJSON/user240/user240.json,idx_105
waveOut,trainingSamples,raw_data/EMG-EPN612/testingJSON/user240/user240.json,idx_106
waveOut,trainingSamples,raw_data/EMG-EPN612/testingJSON/user240/user240.json,idx_107
waveOut,trainingSamples,raw_data/EMG-EPN612/testingJSON/user240/user240.json,idx_108
waveOut,trainingSamples,raw_data/EMG-EPN612/testingJSON/user240/user240.json,idx_109
waveOut,trainingSamples,raw_data/EMG-EPN612/testingJSON/user240/user240.json,idx_110
waveOut,trainingSamples,raw_data/EMG-EPN612/testingJSON/user240/user240.json,idx_111
waveOut,trainingSamples,raw_data/EMG-EPN612/testingJSON/user240/user240.json,idx_112
waveOut,trainingSamples,raw_data/EMG-EPN612/testingJSON/user240/user240.json,idx_113
waveOut,trainingSamples,raw_data/EMG-EPN612/testingJSON/user240/user240.json,idx_114
waveOut,trainingSamples,raw_data/EMG-EPN612/testingJSON/user240/user240.json,idx_115
waveOut,trainingSamples,raw_data/EMG-EPN612/testingJSON/user240/user240.json,idx_116
waveOut,trainingSamples,raw_data/EMG-EPN612/testingJSON/user240/user240.json,idx_117
waveOut,trainingSamples,raw_data/EMG-EPN612/testingJSON/user240/user240.json,idx_118
waveOut,trainingSamples,raw_data/EMG-EPN612/testingJSON/user240/user240.json,idx_119
waveOut,trainingSamples,raw_data/EMG-EPN612/testingJSON/user240/user240.json,idx_120
waveOut,trainingSamples,raw_data/EMG-EPN612/testingJSON/user240/user240.json,idx_121
waveOut,trainingSamples,raw_data/EMG-EPN612/testingJSON/user240/user240.json,idx_122
waveOut,trainingSamples,raw_data/EMG-EPN612/testingJSON/user240/user240.json,idx_123
waveOut,trainingSamples,raw_data/EMG-EPN612/testingJSON/user240/user240.json,idx_124
waveOut,trainingSamples,raw_data/EMG-EPN612/testingJSON/user240/user240.json,idx_125
waveIn,trainingSamples,raw_data/EMG-EPN612/testingJSON/user240/user240.json,idx_126
waveIn,trainingSamples,raw_data/EMG-EPN612/testingJSON/user240/user240.json,idx_127
waveIn,trainingSamples,raw_data/EMG-EPN612/testingJSON/user240/user240.json,idx_128
waveIn,trainingSamples,raw_data/EMG-EPN612/testingJSON/user240/user240.json,idx_129
waveIn,trainingSamples,raw_data/EMG-EPN612/testingJSON/user240/user240.json,idx_130
waveIn,trainingSamples,raw_data/EMG-EPN612/testingJSON/user240/user240.json,idx_131
waveIn,trainingSamples,raw_data/EMG-EPN612/testingJSON/user240/user240.json,idx_132
waveIn,trainingSamples,raw_data/EMG-EPN612/testingJSON/user240/user240.json,idx_133
waveIn,trainingSamples,raw_data/EMG-EPN612/testingJSON/user240/user240.json,idx_134
waveIn,trainingSamples,raw_data/EMG-EPN612/testingJSON/user240/user240.json,idx_135
waveIn,trainingSamples,raw_data/EMG-EPN612/testingJSON/user240/user240.json,idx_136
waveIn,trainingSamples,raw_data/EMG-EPN612/testingJSON/user240/user240.json,idx_137
waveIn,trainingSamples,raw_data/EMG-EPN612/testingJSON/user240/user240.json,idx_138
waveIn,trainingSamples,raw_data/EMG-EPN612/testingJSON/user240/user240.json,idx_139
waveIn,trainingSamples,raw_data/EMG-EPN612/testingJSON/user240/user240.json,idx_140
waveIn,trainingSamples,raw_data/EMG-EPN612/testingJSON/user240/user240.json,idx_141
waveIn,trainingSamples,raw_data/EMG-EPN612/testingJSON/user240/user240.json,idx_142
waveIn,trainingSamples,raw_data/EMG-EPN612/testingJSON/user240/user240.json,idx_143
waveIn,trainingSamples,raw_data/EMG-EPN612/testingJSON/user240/user240.json,idx_144
waveIn,trainingSamples,raw_data/EMG-EPN612/testingJSON/user240/user240.json,idx_145
waveIn,trainingSamples,raw_data/EMG-EPN612/testingJSON/user240/user240.json,idx_146
waveIn,trainingSamples,raw_data/EMG-EPN612/testingJSON/user240/user240.json,idx_147
waveIn,trainingSamples,raw_data/EMG-EPN612/testingJSON/user240/user240.json,idx_148
waveIn,trainingSamples,raw_data/EMG-EPN612/testingJSON/user240/user240.json,idx_149
waveIn,trainingSamples,raw_data/EMG-EPN612/testingJSON/user240/user240.json,idx_150
noGesture,trainingSamples,raw_data/EMG-EPN612/testingJSON/user241/user241.json,idx_1
noGesture,trainingSamples,raw_data/EMG-EPN612/testingJSON/user241/user241.json,idx_2
noGesture,trainingSamples,raw_data/EMG-EPN612/testingJSON/user241/user241.json,idx_3
noGesture,trainingSamples,raw_data/EMG-EPN612/testingJSON/user241/user241.json,idx_4
noGesture,trainingSamples,raw_data/EMG-EPN612/testingJSON/user241/user241.json,idx_5
noGesture,trainingSamples,raw_data/EMG-EPN612/testingJSON/user241/user241.json,idx_6
noGesture,trainingSamples,raw_data/EMG-EPN612/testingJSON/user241/user241.json,idx_7
noGesture,trainingSamples,raw_data/EMG-EPN612/testingJSON/user241/user241.json,idx_8
noGesture,trainingSamples,raw_data/EMG-EPN612/testingJSON/user241/user241.json,idx_9
noGesture,trainingSamples,raw_data/EMG-EPN612/testingJSON/user241/user241.json,idx_10
noGesture,trainingSamples,raw_data/EMG-EPN612/testingJSON/user241/user241.json,idx_11
noGesture,trainingSamples,raw_data/EMG-EPN612/testingJSON/user241/user241.json,idx_12
noGesture,trainingSamples,raw_data/EMG-EPN612/testingJSON/user241/user241.json,idx_13
noGesture,trainingSamples,raw_data/EMG-EPN612/testingJSON/user241/user241.json,idx_14
noGesture,trainingSamples,raw_data/EMG-EPN612/testingJSON/user241/user241.json,idx_15
noGesture,trainingSamples,raw_data/EMG-EPN612/testingJSON/user241/user241.json,idx_16
noGesture,trainingSamples,raw_data/EMG-EPN612/testingJSON/user241/user241.json,idx_17
noGesture,trainingSamples,raw_data/EMG-EPN612/testingJSON/user241/user241.json,idx_18
noGesture,trainingSamples,raw_data/EMG-EPN612/testingJSON/user241/user241.json,idx_19
noGesture,trainingSamples,raw_data/EMG-EPN612/testingJSON/user241/user241.json,idx_20
noGesture,trainingSamples,raw_data/EMG-EPN612/testingJSON/user241/user241.json,idx_21
noGesture,trainingSamples,raw_data/EMG-EPN612/testingJSON/user241/user241.json,idx_22
noGesture,trainingSamples,raw_data/EMG-EPN612/testingJSON/user241/user241.json,idx_23
noGesture,trainingSamples,raw_data/EMG-EPN612/testingJSON/user241/user241.json,idx_24
noGesture,trainingSamples,raw_data/EMG-EPN612/testingJSON/user241/user241.json,idx_25
waveOut,trainingSamples,raw_data/EMG-EPN612/testingJSON/user241/user241.json,idx_26
waveOut,trainingSamples,raw_data/EMG-EPN612/testingJSON/user241/user241.json,idx_27
waveOut,trainingSamples,raw_data/EMG-EPN612/testingJSON/user241/user241.json,idx_28
waveOut,trainingSamples,raw_data/EMG-EPN612/testingJSON/user241/user241.json,idx_29
waveOut,trainingSamples,raw_data/EMG-EPN612/testingJSON/user241/user241.json,idx_30
waveOut,trainingSamples,raw_data/EMG-EPN612/testingJSON/user241/user241.json,idx_31
waveOut,trainingSamples,raw_data/EMG-EPN612/testingJSON/user241/user241.json,idx_32
waveOut,trainingSamples,raw_data/EMG-EPN612/testingJSON/user241/user241.json,idx_33
waveOut,trainingSamples,raw_data/EMG-EPN612/testingJSON/user241/user241.json,idx_34
waveOut,trainingSamples,raw_data/EMG-EPN612/testingJSON/user241/user241.json,idx_35
waveOut,trainingSamples,raw_data/EMG-EPN612/testingJSON/user241/user241.json,idx_36
waveOut,trainingSamples,raw_data/EMG-EPN612/testingJSON/user241/user241.json,idx_37
waveOut,trainingSamples,raw_data/EMG-EPN612/testingJSON/user241/user241.json,idx_38
waveOut,trainingSamples,raw_data/EMG-EPN612/testingJSON/user241/user241.json,idx_39
waveOut,trainingSamples,raw_data/EMG-EPN612/testingJSON/user241/user241.json,idx_40
waveOut,trainingSamples,raw_data/EMG-EPN612/testingJSON/user241/user241.json,idx_41
waveOut,trainingSamples,raw_data/EMG-EPN612/testingJSON/user241/user241.json,idx_42
waveOut,trainingSamples,raw_data/EMG-EPN612/testingJSON/user241/user241.json,idx_43
waveOut,trainingSamples,raw_data/EMG-EPN612/testingJSON/user241/user241.json,idx_44
waveOut,trainingSamples,raw_data/EMG-EPN612/testingJSON/user241/user241.json,idx_45
waveOut,trainingSamples,raw_data/EMG-EPN612/testingJSON/user241/user241.json,idx_46
waveOut,trainingSamples,raw_data/EMG-EPN612/testingJSON/user241/user241.json,idx_47
waveOut,trainingSamples,raw_data/EMG-EPN612/testingJSON/user241/user241.json,idx_48
waveOut,trainingSamples,raw_data/EMG-EPN612/testingJSON/user241/user241.json,idx_49
waveOut,trainingSamples,raw_data/EMG-EPN612/testingJSON/user241/user241.json,idx_50
pinch,trainingSamples,raw_data/EMG-EPN612/testingJSON/user241/user241.json,idx_51
pinch,trainingSamples,raw_data/EMG-EPN612/testingJSON/user241/user241.json,idx_52
pinch,trainingSamples,raw_data/EMG-EPN612/testingJSON/user241/user241.json,idx_53
pinch,trainingSamples,raw_data/EMG-EPN612/testingJSON/user241/user241.json,idx_54
pinch,trainingSamples,raw_data/EMG-EPN612/testingJSON/user241/user241.json,idx_55
pinch,trainingSamples,raw_data/EMG-EPN612/testingJSON/user241/user241.json,idx_56
pinch,trainingSamples,raw_data/EMG-EPN612/testingJSON/user241/user241.json,idx_57
pinch,trainingSamples,raw_data/EMG-EPN612/testingJSON/user241/user241.json,idx_58
pinch,trainingSamples,raw_data/EMG-EPN612/testingJSON/user241/user241.json,idx_59
pinch,trainingSamples,raw_data/EMG-EPN612/testingJSON/user241/user241.json,idx_60
pinch,trainingSamples,raw_data/EMG-EPN612/testingJSON/user241/user241.json,idx_61
pinch,trainingSamples,raw_data/EMG-EPN612/testingJSON/user241/user241.json,idx_62
pinch,trainingSamples,raw_data/EMG-EPN612/testingJSON/user241/user241.json,idx_63
pinch,trainingSamples,raw_data/EMG-EPN612/testingJSON/user241/user241.json,idx_64
pinch,trainingSamples,raw_data/EMG-EPN612/testingJSON/user241/user241.json,idx_65
pinch,trainingSamples,raw_data/EMG-EPN612/testingJSON/user241/user241.json,idx_66
pinch,trainingSamples,raw_data/EMG-EPN612/testingJSON/user241/user241.json,idx_67
pinch,trainingSamples,raw_data/EMG-EPN612/testingJSON/user241/user241.json,idx_68
pinch,trainingSamples,raw_data/EMG-EPN612/testingJSON/user241/user241.json,idx_69
pinch,trainingSamples,raw_data/EMG-EPN612/testingJSON/user241/user241.json,idx_70
pinch,trainingSamples,raw_data/EMG-EPN612/testingJSON/user241/user241.json,idx_71
pinch,trainingSamples,raw_data/EMG-EPN612/testingJSON/user241/user241.json,idx_72
pinch,trainingSamples,raw_data/EMG-EPN612/testingJSON/user241/user241.json,idx_73
pinch,trainingSamples,raw_data/EMG-EPN612/testingJSON/user241/user241.json,idx_74
pinch,trainingSamples,raw_data/EMG-EPN612/testingJSON/user241/user241.json,idx_75
fist,trainingSamples,raw_data/EMG-EPN612/testingJSON/user241/user241.json,idx_76
fist,trainingSamples,raw_data/EMG-EPN612/testingJSON/user241/user241.json,idx_77
fist,trainingSamples,raw_data/EMG-EPN612/testingJSON/user241/user241.json,idx_78
fist,trainingSamples,raw_data/EMG-EPN612/testingJSON/user241/user241.json,idx_79
fist,trainingSamples,raw_data/EMG-EPN612/testingJSON/user241/user241.json,idx_80
fist,trainingSamples,raw_data/EMG-EPN612/testingJSON/user241/user241.json,idx_81
fist,trainingSamples,raw_data/EMG-EPN612/testingJSON/user241/user241.json,idx_82
fist,trainingSamples,raw_data/EMG-EPN612/testingJSON/user241/user241.json,idx_83
fist,trainingSamples,raw_data/EMG-EPN612/testingJSON/user241/user241.json,idx_84
fist,trainingSamples,raw_data/EMG-EPN612/testingJSON/user241/user241.json,idx_85
fist,trainingSamples,raw_data/EMG-EPN612/testingJSON/user241/user241.json,idx_86
fist,trainingSamples,raw_data/EMG-EPN612/testingJSON/user241/user241.json,idx_87
fist,trainingSamples,raw_data/EMG-EPN612/testingJSON/user241/user241.json,idx_88
fist,trainingSamples,raw_data/EMG-EPN612/testingJSON/user241/user241.json,idx_89
fist,trainingSamples,raw_data/EMG-EPN612/testingJSON/user241/user241.json,idx_90
fist,trainingSamples,raw_data/EMG-EPN612/testingJSON/user241/user241.json,idx_91
fist,trainingSamples,raw_data/EMG-EPN612/testingJSON/user241/user241.json,idx_92
fist,trainingSamples,raw_data/EMG-EPN612/testingJSON/user241/user241.json,idx_93
fist,trainingSamples,raw_data/EMG-EPN612/testingJSON/user241/user241.json,idx_94
fist,trainingSamples,raw_data/EMG-EPN612/testingJSON/user241/user241.json,idx_95
fist,trainingSamples,raw_data/EMG-EPN612/testingJSON/user241/user241.json,idx_96
fist,trainingSamples,raw_data/EMG-EPN612/testingJSON/user241/user241.json,idx_97
fist,trainingSamples,raw_data/EMG-EPN612/testingJSON/user241/user241.json,idx_98
fist,trainingSamples,raw_data/EMG-EPN612/testingJSON/user241/user241.json,idx_99
fist,trainingSamples,raw_data/EMG-EPN612/testingJSON/user241/user241.json,idx_100
waveIn,trainingSamples,raw_data/EMG-EPN612/testingJSON/user241/user241.json,idx_101
waveIn,trainingSamples,raw_data/EMG-EPN612/testingJSON/user241/user241.json,idx_102
waveIn,trainingSamples,raw_data/EMG-EPN612/testingJSON/user241/user241.json,idx_103
waveIn,trainingSamples,raw_data/EMG-EPN612/testingJSON/user241/user241.json,idx_104
waveIn,trainingSamples,raw_data/EMG-EPN612/testingJSON/user241/user241.json,idx_105
waveIn,trainingSamples,raw_data/EMG-EPN612/testingJSON/user241/user241.json,idx_106
waveIn,trainingSamples,raw_data/EMG-EPN612/testingJSON/user241/user241.json,idx_107
waveIn,trainingSamples,raw_data/EMG-EPN612/testingJSON/user241/user241.json,idx_108
waveIn,trainingSamples,raw_data/EMG-EPN612/testingJSON/user241/user241.json,idx_109
waveIn,trainingSamples,raw_data/EMG-EPN612/testingJSON/user241/user241.json,idx_110
waveIn,trainingSamples,raw_data/EMG-EPN612/testingJSON/user241/user241.json,idx_111
waveIn,trainingSamples,raw_data/EMG-EPN612/testingJSON/user241/user241.json,idx_112
waveIn,trainingSamples,raw_data/EMG-EPN612/testingJSON/user241/user241.json,idx_113
waveIn,trainingSamples,raw_data/EMG-EPN612/testingJSON/user241/user241.json,idx_114
waveIn,trainingSamples,raw_data/EMG-EPN612/testingJSON/user241/user241.json,idx_115
waveIn,trainingSamples,raw_data/EMG-EPN612/testingJSON/user241/user241.json,idx_116
waveIn,trainingSamples,raw_data/EMG-EPN612/testingJSON/user241/user241.json,idx_117
waveIn,trainingSamples,raw_data/EMG-EPN612/testingJSON/user241/user241.json,idx_118
waveIn,trainingSamples,raw_data/EMG-EPN612/testingJSON/user241/user241.json,idx_119
waveIn,trainingSamples,raw_data/EMG-EPN612/testingJSON/user241/user241.json,idx_120
waveIn,trainingSamples,raw_data/EMG-EPN612/testingJSON/user241/user241.json,idx_121
waveIn,trainingSamples,raw_data/EMG-EPN612/testingJSON/user241/user241.json,idx_122
waveIn,trainingSamples,raw_data/EMG-EPN612/testingJSON/user241/user241.json,idx_123
waveIn,trainingSamples,raw_data/EMG-EPN612/testingJSON/user241/user241.json,idx_124
waveIn,trainingSamples,raw_data/EMG-EPN612/testingJSON/user241/user241.json,idx_125
open,trainingSamples,raw_data/EMG-EPN612/testingJSON/user241/user241.json,idx_126
open,trainingSamples,raw_data/EMG-EPN612/testingJSON/user241/user241.json,idx_127
open,trainingSamples,raw_data/EMG-EPN612/testingJSON/user241/user241.json,idx_128
open,trainingSamples,raw_data/EMG-EPN612/testingJSON/user241/user241.json,idx_129
open,trainingSamples,raw_data/EMG-EPN612/testingJSON/user241/user241.json,idx_130
open,trainingSamples,raw_data/EMG-EPN612/testingJSON/user241/user241.json,idx_131
open,trainingSamples,raw_data/EMG-EPN612/testingJSON/user241/user241.json,idx_132
open,trainingSamples,raw_data/EMG-EPN612/testingJSON/user241/user241.json,idx_133
open,trainingSamples,raw_data/EMG-EPN612/testingJSON/user241/user241.json,idx_134
open,trainingSamples,raw_data/EMG-EPN612/testingJSON/user241/user241.json,idx_135
open,trainingSamples,raw_data/EMG-EPN612/testingJSON/user241/user241.json,idx_136
open,trainingSamples,raw_data/EMG-EPN612/testingJSON/user241/user241.json,idx_137
open,trainingSamples,raw_data/EMG-EPN612/testingJSON/user241/user241.json,idx_138
open,trainingSamples,raw_data/EMG-EPN612/testingJSON/user241/user241.json,idx_139
open,trainingSamples,raw_data/EMG-EPN612/testingJSON/user241/user241.json,idx_140
open,trainingSamples,raw_data/EMG-EPN612/testingJSON/user241/user241.json,idx_141
open,trainingSamples,raw_data/EMG-EPN612/testingJSON/user241/user241.json,idx_142
open,trainingSamples,raw_data/EMG-EPN612/testingJSON/user241/user241.json,idx_143
open,trainingSamples,raw_data/EMG-EPN612/testingJSON/user241/user241.json,idx_144
open,trainingSamples,raw_data/EMG-EPN612/testingJSON/user241/user241.json,idx_145
open,trainingSamples,raw_data/EMG-EPN612/testingJSON/user241/user241.json,idx_146
open,trainingSamples,raw_data/EMG-EPN612/testingJSON/user241/user241.json,idx_147
open,trainingSamples,raw_data/EMG-EPN612/testingJSON/user241/user241.json,idx_148
open,trainingSamples,raw_data/EMG-EPN612/testingJSON/user241/user241.json,idx_149
open,trainingSamples,raw_data/EMG-EPN612/testingJSON/user241/user241.json,idx_150
noGesture,trainingSamples,raw_data/EMG-EPN612/testingJSON/user242/user242.json,idx_1
noGesture,trainingSamples,raw_data/EMG-EPN612/testingJSON/user242/user242.json,idx_2
noGesture,trainingSamples,raw_data/EMG-EPN612/testingJSON/user242/user242.json,idx_3
noGesture,trainingSamples,raw_data/EMG-EPN612/testingJSON/user242/user242.json,idx_4
noGesture,trainingSamples,raw_data/EMG-EPN612/testingJSON/user242/user242.json,idx_5
noGesture,trainingSamples,raw_data/EMG-EPN612/testingJSON/user242/user242.json,idx_6
noGesture,trainingSamples,raw_data/EMG-EPN612/testingJSON/user242/user242.json,idx_7
noGesture,trainingSamples,raw_data/EMG-EPN612/testingJSON/user242/user242.json,idx_8
noGesture,trainingSamples,raw_data/EMG-EPN612/testingJSON/user242/user242.json,idx_9
noGesture,trainingSamples,raw_data/EMG-EPN612/testingJSON/user242/user242.json,idx_10
noGesture,trainingSamples,raw_data/EMG-EPN612/testingJSON/user242/user242.json,idx_11
noGesture,trainingSamples,raw_data/EMG-EPN612/testingJSON/user242/user242.json,idx_12
noGesture,trainingSamples,raw_data/EMG-EPN612/testingJSON/user242/user242.json,idx_13
noGesture,trainingSamples,raw_data/EMG-EPN612/testingJSON/user242/user242.json,idx_14
noGesture,trainingSamples,raw_data/EMG-EPN612/testingJSON/user242/user242.json,idx_15
noGesture,trainingSamples,raw_data/EMG-EPN612/testingJSON/user242/user242.json,idx_16
noGesture,trainingSamples,raw_data/EMG-EPN612/testingJSON/user242/user242.json,idx_17
noGesture,trainingSamples,raw_data/EMG-EPN612/testingJSON/user242/user242.json,idx_18
noGesture,trainingSamples,raw_data/EMG-EPN612/testingJSON/user242/user242.json,idx_19
noGesture,trainingSamples,raw_data/EMG-EPN612/testingJSON/user242/user242.json,idx_20
noGesture,trainingSamples,raw_data/EMG-EPN612/testingJSON/user242/user242.json,idx_21
noGesture,trainingSamples,raw_data/EMG-EPN612/testingJSON/user242/user242.json,idx_22
noGesture,trainingSamples,raw_data/EMG-EPN612/testingJSON/user242/user242.json,idx_23
noGesture,trainingSamples,raw_data/EMG-EPN612/testingJSON/user242/user242.json,idx_24
noGesture,trainingSamples,raw_data/EMG-EPN612/testingJSON/user242/user242.json,idx_25
waveOut,trainingSamples,raw_data/EMG-EPN612/testingJSON/user242/user242.json,idx_26
waveOut,trainingSamples,raw_data/EMG-EPN612/testingJSON/user242/user242.json,idx_27
waveOut,trainingSamples,raw_data/EMG-EPN612/testingJSON/user242/user242.json,idx_28
waveOut,trainingSamples,raw_data/EMG-EPN612/testingJSON/user242/user242.json,idx_29
waveOut,trainingSamples,raw_data/EMG-EPN612/testingJSON/user242/user242.json,idx_30
waveOut,trainingSamples,raw_data/EMG-EPN612/testingJSON/user242/user242.json,idx_31
waveOut,trainingSamples,raw_data/EMG-EPN612/testingJSON/user242/user242.json,idx_32
waveOut,trainingSamples,raw_data/EMG-EPN612/testingJSON/user242/user242.json,idx_33
waveOut,trainingSamples,raw_data/EMG-EPN612/testingJSON/user242/user242.json,idx_34
waveOut,trainingSamples,raw_data/EMG-EPN612/testingJSON/user242/user242.json,idx_35
waveOut,trainingSamples,raw_data/EMG-EPN612/testingJSON/user242/user242.json,idx_36
waveOut,trainingSamples,raw_data/EMG-EPN612/testingJSON/user242/user242.json,idx_37
waveOut,trainingSamples,raw_data/EMG-EPN612/testingJSON/user242/user242.json,idx_38
waveOut,trainingSamples,raw_data/EMG-EPN612/testingJSON/user242/user242.json,idx_39
waveOut,trainingSamples,raw_data/EMG-EPN612/testingJSON/user242/user242.json,idx_40
waveOut,trainingSamples,raw_data/EMG-EPN612/testingJSON/user242/user242.json,idx_41
waveOut,trainingSamples,raw_data/EMG-EPN612/testingJSON/user242/user242.json,idx_42
waveOut,trainingSamples,raw_data/EMG-EPN612/testingJSON/user242/user242.json,idx_43
waveOut,trainingSamples,raw_data/EMG-EPN612/testingJSON/user242/user242.json,idx_44
waveOut,trainingSamples,raw_data/EMG-EPN612/testingJSON/user242/user242.json,idx_45
waveOut,trainingSamples,raw_data/EMG-EPN612/testingJSON/user242/user242.json,idx_46
waveOut,trainingSamples,raw_data/EMG-EPN612/testingJSON/user242/user242.json,idx_47
waveOut,trainingSamples,raw_data/EMG-EPN612/testingJSON/user242/user242.json,idx_48
waveOut,trainingSamples,raw_data/EMG-EPN612/testingJSON/user242/user242.json,idx_49
waveOut,trainingSamples,raw_data/EMG-EPN612/testingJSON/user242/user242.json,idx_50
pinch,trainingSamples,raw_data/EMG-EPN612/testingJSON/user242/user242.json,idx_51
pinch,trainingSamples,raw_data/EMG-EPN612/testingJSON/user242/user242.json,idx_52
pinch,trainingSamples,raw_data/EMG-EPN612/testingJSON/user242/user242.json,idx_53
pinch,trainingSamples,raw_data/EMG-EPN612/testingJSON/user242/user242.json,idx_54
pinch,trainingSamples,raw_data/EMG-EPN612/testingJSON/user242/user242.json,idx_55
pinch,trainingSamples,raw_data/EMG-EPN612/testingJSON/user242/user242.json,idx_56
pinch,trainingSamples,raw_data/EMG-EPN612/testingJSON/user242/user242.json,idx_57
pinch,trainingSamples,raw_data/EMG-EPN612/testingJSON/user242/user242.json,idx_58
pinch,trainingSamples,raw_data/EMG-EPN612/testingJSON/user242/user242.json,idx_59
pinch,trainingSamples,raw_data/EMG-EPN612/testingJSON/user242/user242.json,idx_60
pinch,trainingSamples,raw_data/EMG-EPN612/testingJSON/user242/user242.json,idx_61
pinch,trainingSamples,raw_data/EMG-EPN612/testingJSON/user242/user242.json,idx_62
pinch,trainingSamples,raw_data/EMG-EPN612/testingJSON/user242/user242.json,idx_63
pinch,trainingSamples,raw_data/EMG-EPN612/testingJSON/user242/user242.json,idx_64
pinch,trainingSamples,raw_data/EMG-EPN612/testingJSON/user242/user242.json,idx_65
pinch,trainingSamples,raw_data/EMG-EPN612/testingJSON/user242/user242.json,idx_66
pinch,trainingSamples,raw_data/EMG-EPN612/testingJSON/user242/user242.json,idx_67
pinch,trainingSamples,raw_data/EMG-EPN612/testingJSON/user242/user242.json,idx_68
pinch,trainingSamples,raw_data/EMG-EPN612/testingJSON/user242/user242.json,idx_69
pinch,trainingSamples,raw_data/EMG-EPN612/testingJSON/user242/user242.json,idx_70
pinch,trainingSamples,raw_data/EMG-EPN612/testingJSON/user242/user242.json,idx_71
pinch,trainingSamples,raw_data/EMG-EPN612/testingJSON/user242/user242.json,idx_72
pinch,trainingSamples,raw_data/EMG-EPN612/testingJSON/user242/user242.json,idx_73
pinch,trainingSamples,raw_data/EMG-EPN612/testingJSON/user242/user242.json,idx_74
pinch,trainingSamples,raw_data/EMG-EPN612/testingJSON/user242/user242.json,idx_75
fist,trainingSamples,raw_data/EMG-EPN612/testingJSON/user242/user242.json,idx_76
fist,trainingSamples,raw_data/EMG-EPN612/testingJSON/user242/user242.json,idx_77
fist,trainingSamples,raw_data/EMG-EPN612/testingJSON/user242/user242.json,idx_78
fist,trainingSamples,raw_data/EMG-EPN612/testingJSON/user242/user242.json,idx_79
fist,trainingSamples,raw_data/EMG-EPN612/testingJSON/user242/user242.json,idx_80
fist,trainingSamples,raw_data/EMG-EPN612/testingJSON/user242/user242.json,idx_81
fist,trainingSamples,raw_data/EMG-EPN612/testingJSON/user242/user242.json,idx_82
fist,trainingSamples,raw_data/EMG-EPN612/testingJSON/user242/user242.json,idx_83
fist,trainingSamples,raw_data/EMG-EPN612/testingJSON/user242/user242.json,idx_84
fist,trainingSamples,raw_data/EMG-EPN612/testingJSON/user242/user242.json,idx_85
fist,trainingSamples,raw_data/EMG-EPN612/testingJSON/user242/user242.json,idx_86
fist,trainingSamples,raw_data/EMG-EPN612/testingJSON/user242/user242.json,idx_87
fist,trainingSamples,raw_data/EMG-EPN612/testingJSON/user242/user242.json,idx_88
fist,trainingSamples,raw_data/EMG-EPN612/testingJSON/user242/user242.json,idx_89
fist,trainingSamples,raw_data/EMG-EPN612/testingJSON/user242/user242.json,idx_90
fist,trainingSamples,raw_data/EMG-EPN612/testingJSON/user242/user242.json,idx_91
fist,trainingSamples,raw_data/EMG-EPN612/testingJSON/user242/user242.json,idx_92
fist,trainingSamples,raw_data/EMG-EPN612/testingJSON/user242/user242.json,idx_93
fist,trainingSamples,raw_data/EMG-EPN612/testingJSON/user242/user242.json,idx_94
fist,trainingSamples,raw_data/EMG-EPN612/testingJSON/user242/user242.json,idx_95
fist,trainingSamples,raw_data/EMG-EPN612/testingJSON/user242/user242.json,idx_96
fist,trainingSamples,raw_data/EMG-EPN612/testingJSON/user242/user242.json,idx_97
fist,trainingSamples,raw_data/EMG-EPN612/testingJSON/user242/user242.json,idx_98
fist,trainingSamples,raw_data/EMG-EPN612/testingJSON/user242/user242.json,idx_99
fist,trainingSamples,raw_data/EMG-EPN612/testingJSON/user242/user242.json,idx_100
waveIn,trainingSamples,raw_data/EMG-EPN612/testingJSON/user242/user242.json,idx_101
waveIn,trainingSamples,raw_data/EMG-EPN612/testingJSON/user242/user242.json,idx_102
waveIn,trainingSamples,raw_data/EMG-EPN612/testingJSON/user242/user242.json,idx_103
waveIn,trainingSamples,raw_data/EMG-EPN612/testingJSON/user242/user242.json,idx_104
waveIn,trainingSamples,raw_data/EMG-EPN612/testingJSON/user242/user242.json,idx_105
waveIn,trainingSamples,raw_data/EMG-EPN612/testingJSON/user242/user242.json,idx_106
waveIn,trainingSamples,raw_data/EMG-EPN612/testingJSON/user242/user242.json,idx_107
waveIn,trainingSamples,raw_data/EMG-EPN612/testingJSON/user242/user242.json,idx_108
waveIn,trainingSamples,raw_data/EMG-EPN612/testingJSON/user242/user242.json,idx_109
waveIn,trainingSamples,raw_data/EMG-EPN612/testingJSON/user242/user242.json,idx_110
waveIn,trainingSamples,raw_data/EMG-EPN612/testingJSON/user242/user242.json,idx_111
waveIn,trainingSamples,raw_data/EMG-EPN612/testingJSON/user242/user242.json,idx_112
waveIn,trainingSamples,raw_data/EMG-EPN612/testingJSON/user242/user242.json,idx_113
waveIn,trainingSamples,raw_data/EMG-EPN612/testingJSON/user242/user242.json,idx_114
waveIn,trainingSamples,raw_data/EMG-EPN612/testingJSON/user242/user242.json,idx_115
waveIn,trainingSamples,raw_data/EMG-EPN612/testingJSON/user242/user242.json,idx_116
waveIn,trainingSamples,raw_data/EMG-EPN612/testingJSON/user242/user242.json,idx_117
waveIn,trainingSamples,raw_data/EMG-EPN612/testingJSON/user242/user242.json,idx_118
waveIn,trainingSamples,raw_data/EMG-EPN612/testingJSON/user242/user242.json,idx_119
waveIn,trainingSamples,raw_data/EMG-EPN612/testingJSON/user242/user242.json,idx_120
waveIn,trainingSamples,raw_data/EMG-EPN612/testingJSON/user242/user242.json,idx_121
waveIn,trainingSamples,raw_data/EMG-EPN612/testingJSON/user242/user242.json,idx_122
waveIn,trainingSamples,raw_data/EMG-EPN612/testingJSON/user242/user242.json,idx_123
waveIn,trainingSamples,raw_data/EMG-EPN612/testingJSON/user242/user242.json,idx_124
waveIn,trainingSamples,raw_data/EMG-EPN612/testingJSON/user242/user242.json,idx_125
open,trainingSamples,raw_data/EMG-EPN612/testingJSON/user242/user242.json,idx_126
open,trainingSamples,raw_data/EMG-EPN612/testingJSON/user242/user242.json,idx_127
open,trainingSamples,raw_data/EMG-EPN612/testingJSON/user242/user242.json,idx_128
open,trainingSamples,raw_data/EMG-EPN612/testingJSON/user242/user242.json,idx_129
open,trainingSamples,raw_data/EMG-EPN612/testingJSON/user242/user242.json,idx_130
open,trainingSamples,raw_data/EMG-EPN612/testingJSON/user242/user242.json,idx_131
open,trainingSamples,raw_data/EMG-EPN612/testingJSON/user242/user242.json,idx_132
open,trainingSamples,raw_data/EMG-EPN612/testingJSON/user242/user242.json,idx_133
open,trainingSamples,raw_data/EMG-EPN612/testingJSON/user242/user242.json,idx_134
open,trainingSamples,raw_data/EMG-EPN612/testingJSON/user242/user242.json,idx_135
open,trainingSamples,raw_data/EMG-EPN612/testingJSON/user242/user242.json,idx_136
open,trainingSamples,raw_data/EMG-EPN612/testingJSON/user242/user242.json,idx_137
open,trainingSamples,raw_data/EMG-EPN612/testingJSON/user242/user242.json,idx_138
open,trainingSamples,raw_data/EMG-EPN612/testingJSON/user242/user242.json,idx_139
open,trainingSamples,raw_data/EMG-EPN612/testingJSON/user242/user242.json,idx_140
open,trainingSamples,raw_data/EMG-EPN612/testingJSON/user242/user242.json,idx_141
open,trainingSamples,raw_data/EMG-EPN612/testingJSON/user242/user242.json,idx_142
open,trainingSamples,raw_data/EMG-EPN612/testingJSON/user242/user242.json,idx_143
open,trainingSamples,raw_data/EMG-EPN612/testingJSON/user242/user242.json,idx_144
open,trainingSamples,raw_data/EMG-EPN612/testingJSON/user242/user242.json,idx_145
open,trainingSamples,raw_data/EMG-EPN612/testingJSON/user242/user242.json,idx_146
open,trainingSamples,raw_data/EMG-EPN612/testingJSON/user242/user242.json,idx_147
open,trainingSamples,raw_data/EMG-EPN612/testingJSON/user242/user242.json,idx_148
open,trainingSamples,raw_data/EMG-EPN612/testingJSON/user242/user242.json,idx_149
open,trainingSamples,raw_data/EMG-EPN612/testingJSON/user242/user242.json,idx_150
noGesture,trainingSamples,raw_data/EMG-EPN612/testingJSON/user243/user243.json,idx_1
noGesture,trainingSamples,raw_data/EMG-EPN612/testingJSON/user243/user243.json,idx_2
noGesture,trainingSamples,raw_data/EMG-EPN612/testingJSON/user243/user243.json,idx_3
noGesture,trainingSamples,raw_data/EMG-EPN612/testingJSON/user243/user243.json,idx_4
noGesture,trainingSamples,raw_data/EMG-EPN612/testingJSON/user243/user243.json,idx_5
noGesture,trainingSamples,raw_data/EMG-EPN612/testingJSON/user243/user243.json,idx_6
noGesture,trainingSamples,raw_data/EMG-EPN612/testingJSON/user243/user243.json,idx_7
noGesture,trainingSamples,raw_data/EMG-EPN612/testingJSON/user243/user243.json,idx_8
noGesture,trainingSamples,raw_data/EMG-EPN612/testingJSON/user243/user243.json,idx_9
noGesture,trainingSamples,raw_data/EMG-EPN612/testingJSON/user243/user243.json,idx_10
noGesture,trainingSamples,raw_data/EMG-EPN612/testingJSON/user243/user243.json,idx_11
noGesture,trainingSamples,raw_data/EMG-EPN612/testingJSON/user243/user243.json,idx_12
noGesture,trainingSamples,raw_data/EMG-EPN612/testingJSON/user243/user243.json,idx_13
noGesture,trainingSamples,raw_data/EMG-EPN612/testingJSON/user243/user243.json,idx_14
noGesture,trainingSamples,raw_data/EMG-EPN612/testingJSON/user243/user243.json,idx_15
noGesture,trainingSamples,raw_data/EMG-EPN612/testingJSON/user243/user243.json,idx_16
noGesture,trainingSamples,raw_data/EMG-EPN612/testingJSON/user243/user243.json,idx_17
noGesture,trainingSamples,raw_data/EMG-EPN612/testingJSON/user243/user243.json,idx_18
noGesture,trainingSamples,raw_data/EMG-EPN612/testingJSON/user243/user243.json,idx_19
noGesture,trainingSamples,raw_data/EMG-EPN612/testingJSON/user243/user243.json,idx_20
noGesture,trainingSamples,raw_data/EMG-EPN612/testingJSON/user243/user243.json,idx_21
noGesture,trainingSamples,raw_data/EMG-EPN612/testingJSON/user243/user243.json,idx_22
noGesture,trainingSamples,raw_data/EMG-EPN612/testingJSON/user243/user243.json,idx_23
noGesture,trainingSamples,raw_data/EMG-EPN612/testingJSON/user243/user243.json,idx_24
noGesture,trainingSamples,raw_data/EMG-EPN612/testingJSON/user243/user243.json,idx_25
waveOut,trainingSamples,raw_data/EMG-EPN612/testingJSON/user243/user243.json,idx_26
waveOut,trainingSamples,raw_data/EMG-EPN612/testingJSON/user243/user243.json,idx_27
waveOut,trainingSamples,raw_data/EMG-EPN612/testingJSON/user243/user243.json,idx_28
waveOut,trainingSamples,raw_data/EMG-EPN612/testingJSON/user243/user243.json,idx_29
waveOut,trainingSamples,raw_data/EMG-EPN612/testingJSON/user243/user243.json,idx_30
waveOut,trainingSamples,raw_data/EMG-EPN612/testingJSON/user243/user243.json,idx_31
waveOut,trainingSamples,raw_data/EMG-EPN612/testingJSON/user243/user243.json,idx_32
waveOut,trainingSamples,raw_data/EMG-EPN612/testingJSON/user243/user243.json,idx_33
waveOut,trainingSamples,raw_data/EMG-EPN612/testingJSON/user243/user243.json,idx_34
waveOut,trainingSamples,raw_data/EMG-EPN612/testingJSON/user243/user243.json,idx_35
waveOut,trainingSamples,raw_data/EMG-EPN612/testingJSON/user243/user243.json,idx_36
waveOut,trainingSamples,raw_data/EMG-EPN612/testingJSON/user243/user243.json,idx_37
waveOut,trainingSamples,raw_data/EMG-EPN612/testingJSON/user243/user243.json,idx_38
waveOut,trainingSamples,raw_data/EMG-EPN612/testingJSON/user243/user243.json,idx_39
waveOut,trainingSamples,raw_data/EMG-EPN612/testingJSON/user243/user243.json,idx_40
waveOut,trainingSamples,raw_data/EMG-EPN612/testingJSON/user243/user243.json,idx_41
waveOut,trainingSamples,raw_data/EMG-EPN612/testingJSON/user243/user243.json,idx_42
waveOut,trainingSamples,raw_data/EMG-EPN612/testingJSON/user243/user243.json,idx_43
waveOut,trainingSamples,raw_data/EMG-EPN612/testingJSON/user243/user243.json,idx_44
waveOut,trainingSamples,raw_data/EMG-EPN612/testingJSON/user243/user243.json,idx_45
waveOut,trainingSamples,raw_data/EMG-EPN612/testingJSON/user243/user243.json,idx_46
waveOut,trainingSamples,raw_data/EMG-EPN612/testingJSON/user243/user243.json,idx_47
waveOut,trainingSamples,raw_data/EMG-EPN612/testingJSON/user243/user243.json,idx_48
waveOut,trainingSamples,raw_data/EMG-EPN612/testingJSON/user243/user243.json,idx_49
waveOut,trainingSamples,raw_data/EMG-EPN612/testingJSON/user243/user243.json,idx_50
pinch,trainingSamples,raw_data/EMG-EPN612/testingJSON/user243/user243.json,idx_51
pinch,trainingSamples,raw_data/EMG-EPN612/testingJSON/user243/user243.json,idx_52
pinch,trainingSamples,raw_data/EMG-EPN612/testingJSON/user243/user243.json,idx_53
pinch,trainingSamples,raw_data/EMG-EPN612/testingJSON/user243/user243.json,idx_54
pinch,trainingSamples,raw_data/EMG-EPN612/testingJSON/user243/user243.json,idx_55
pinch,trainingSamples,raw_data/EMG-EPN612/testingJSON/user243/user243.json,idx_56
pinch,trainingSamples,raw_data/EMG-EPN612/testingJSON/user243/user243.json,idx_57
pinch,trainingSamples,raw_data/EMG-EPN612/testingJSON/user243/user243.json,idx_58
pinch,trainingSamples,raw_data/EMG-EPN612/testingJSON/user243/user243.json,idx_59
pinch,trainingSamples,raw_data/EMG-EPN612/testingJSON/user243/user243.json,idx_60
pinch,trainingSamples,raw_data/EMG-EPN612/testingJSON/user243/user243.json,idx_61
pinch,trainingSamples,raw_data/EMG-EPN612/testingJSON/user243/user243.json,idx_62
pinch,trainingSamples,raw_data/EMG-EPN612/testingJSON/user243/user243.json,idx_63
pinch,trainingSamples,raw_data/EMG-EPN612/testingJSON/user243/user243.json,idx_64
pinch,trainingSamples,raw_data/EMG-EPN612/testingJSON/user243/user243.json,idx_65
pinch,trainingSamples,raw_data/EMG-EPN612/testingJSON/user243/user243.json,idx_66
pinch,trainingSamples,raw_data/EMG-EPN612/testingJSON/user243/user243.json,idx_67
pinch,trainingSamples,raw_data/EMG-EPN612/testingJSON/user243/user243.json,idx_68
pinch,trainingSamples,raw_data/EMG-EPN612/testingJSON/user243/user243.json,idx_69
pinch,trainingSamples,raw_data/EMG-EPN612/testingJSON/user243/user243.json,idx_70
pinch,trainingSamples,raw_data/EMG-EPN612/testingJSON/user243/user243.json,idx_71
pinch,trainingSamples,raw_data/EMG-EPN612/testingJSON/user243/user243.json,idx_72
pinch,trainingSamples,raw_data/EMG-EPN612/testingJSON/user243/user243.json,idx_73
pinch,trainingSamples,raw_data/EMG-EPN612/testingJSON/user243/user243.json,idx_74
pinch,trainingSamples,raw_data/EMG-EPN612/testingJSON/user243/user243.json,idx_75
fist,trainingSamples,raw_data/EMG-EPN612/testingJSON/user243/user243.json,idx_76
fist,trainingSamples,raw_data/EMG-EPN612/testingJSON/user243/user243.json,idx_77
fist,trainingSamples,raw_data/EMG-EPN612/testingJSON/user243/user243.json,idx_78
fist,trainingSamples,raw_data/EMG-EPN612/testingJSON/user243/user243.json,idx_79
fist,trainingSamples,raw_data/EMG-EPN612/testingJSON/user243/user243.json,idx_80
fist,trainingSamples,raw_data/EMG-EPN612/testingJSON/user243/user243.json,idx_81
fist,trainingSamples,raw_data/EMG-EPN612/testingJSON/user243/user243.json,idx_82
fist,trainingSamples,raw_data/EMG-EPN612/testingJSON/user243/user243.json,idx_83
fist,trainingSamples,raw_data/EMG-EPN612/testingJSON/user243/user243.json,idx_84
fist,trainingSamples,raw_data/EMG-EPN612/testingJSON/user243/user243.json,idx_85
fist,trainingSamples,raw_data/EMG-EPN612/testingJSON/user243/user243.json,idx_86
fist,trainingSamples,raw_data/EMG-EPN612/testingJSON/user243/user243.json,idx_87
fist,trainingSamples,raw_data/EMG-EPN612/testingJSON/user243/user243.json,idx_88
fist,trainingSamples,raw_data/EMG-EPN612/testingJSON/user243/user243.json,idx_89
fist,trainingSamples,raw_data/EMG-EPN612/testingJSON/user243/user243.json,idx_90
fist,trainingSamples,raw_data/EMG-EPN612/testingJSON/user243/user243.json,idx_91
fist,trainingSamples,raw_data/EMG-EPN612/testingJSON/user243/user243.json,idx_92
fist,trainingSamples,raw_data/EMG-EPN612/testingJSON/user243/user243.json,idx_93
fist,trainingSamples,raw_data/EMG-EPN612/testingJSON/user243/user243.json,idx_94
fist,trainingSamples,raw_data/EMG-EPN612/testingJSON/user243/user243.json,idx_95
fist,trainingSamples,raw_data/EMG-EPN612/testingJSON/user243/user243.json,idx_96
fist,trainingSamples,raw_data/EMG-EPN612/testingJSON/user243/user243.json,idx_97
fist,trainingSamples,raw_data/EMG-EPN612/testingJSON/user243/user243.json,idx_98
fist,trainingSamples,raw_data/EMG-EPN612/testingJSON/user243/user243.json,idx_99
fist,trainingSamples,raw_data/EMG-EPN612/testingJSON/user243/user243.json,idx_100
waveIn,trainingSamples,raw_data/EMG-EPN612/testingJSON/user243/user243.json,idx_101
waveIn,trainingSamples,raw_data/EMG-EPN612/testingJSON/user243/user243.json,idx_102
waveIn,trainingSamples,raw_data/EMG-EPN612/testingJSON/user243/user243.json,idx_103
waveIn,trainingSamples,raw_data/EMG-EPN612/testingJSON/user243/user243.json,idx_104
waveIn,trainingSamples,raw_data/EMG-EPN612/testingJSON/user243/user243.json,idx_105
waveIn,trainingSamples,raw_data/EMG-EPN612/testingJSON/user243/user243.json,idx_106
waveIn,trainingSamples,raw_data/EMG-EPN612/testingJSON/user243/user243.json,idx_107
waveIn,trainingSamples,raw_data/EMG-EPN612/testingJSON/user243/user243.json,idx_108
waveIn,trainingSamples,raw_data/EMG-EPN612/testingJSON/user243/user243.json,idx_109
waveIn,trainingSamples,raw_data/EMG-EPN612/testingJSON/user243/user243.json,idx_110
waveIn,trainingSamples,raw_data/EMG-EPN612/testingJSON/user243/user243.json,idx_111
waveIn,trainingSamples,raw_data/EMG-EPN612/testingJSON/user243/user243.json,idx_112
waveIn,trainingSamples,raw_data/EMG-EPN612/testingJSON/user243/user243.json,idx_113
waveIn,trainingSamples,raw_data/EMG-EPN612/testingJSON/user243/user243.json,idx_114
waveIn,trainingSamples,raw_data/EMG-EPN612/testingJSON/user243/user243.json,idx_115
waveIn,trainingSamples,raw_data/EMG-EPN612/testingJSON/user243/user243.json,idx_116
waveIn,trainingSamples,raw_data/EMG-EPN612/testingJSON/user243/user243.json,idx_117
waveIn,trainingSamples,raw_data/EMG-EPN612/testingJSON/user243/user243.json,idx_118
waveIn,trainingSamples,raw_data/EMG-EPN612/testingJSON/user243/user243.json,idx_119
waveIn,trainingSamples,raw_data/EMG-EPN612/testingJSON/user243/user243.json,idx_120
waveIn,trainingSamples,raw_data/EMG-EPN612/testingJSON/user243/user243.json,idx_121
waveIn,trainingSamples,raw_data/EMG-EPN612/testingJSON/user243/user243.json,idx_122
waveIn,trainingSamples,raw_data/EMG-EPN612/testingJSON/user243/user243.json,idx_123
waveIn,trainingSamples,raw_data/EMG-EPN612/testingJSON/user243/user243.json,idx_124
waveIn,trainingSamples,raw_data/EMG-EPN612/testingJSON/user243/user243.json,idx_125
open,trainingSamples,raw_data/EMG-EPN612/testingJSON/user243/user243.json,idx_126
open,trainingSamples,raw_data/EMG-EPN612/testingJSON/user243/user243.json,idx_127
open,trainingSamples,raw_data/EMG-EPN612/testingJSON/user243/user243.json,idx_128
open,trainingSamples,raw_data/EMG-EPN612/testingJSON/user243/user243.json,idx_129
open,trainingSamples,raw_data/EMG-EPN612/testingJSON/user243/user243.json,idx_130
open,trainingSamples,raw_data/EMG-EPN612/testingJSON/user243/user243.json,idx_131
open,trainingSamples,raw_data/EMG-EPN612/testingJSON/user243/user243.json,idx_132
open,trainingSamples,raw_data/EMG-EPN612/testingJSON/user243/user243.json,idx_133
open,trainingSamples,raw_data/EMG-EPN612/testingJSON/user243/user243.json,idx_134
open,trainingSamples,raw_data/EMG-EPN612/testingJSON/user243/user243.json,idx_135
open,trainingSamples,raw_data/EMG-EPN612/testingJSON/user243/user243.json,idx_136
open,trainingSamples,raw_data/EMG-EPN612/testingJSON/user243/user243.json,idx_137
open,trainingSamples,raw_data/EMG-EPN612/testingJSON/user243/user243.json,idx_138
open,trainingSamples,raw_data/EMG-EPN612/testingJSON/user243/user243.json,idx_139
open,trainingSamples,raw_data/EMG-EPN612/testingJSON/user243/user243.json,idx_140
open,trainingSamples,raw_data/EMG-EPN612/testingJSON/user243/user243.json,idx_141
open,trainingSamples,raw_data/EMG-EPN612/testingJSON/user243/user243.json,idx_142
open,trainingSamples,raw_data/EMG-EPN612/testingJSON/user243/user243.json,idx_143
open,trainingSamples,raw_data/EMG-EPN612/testingJSON/user243/user243.json,idx_144
open,trainingSamples,raw_data/EMG-EPN612/testingJSON/user243/user243.json,idx_145
open,trainingSamples,raw_data/EMG-EPN612/testingJSON/user243/user243.json,idx_146
open,trainingSamples,raw_data/EMG-EPN612/testingJSON/user243/user243.json,idx_147
open,trainingSamples,raw_data/EMG-EPN612/testingJSON/user243/user243.json,idx_148
open,trainingSamples,raw_data/EMG-EPN612/testingJSON/user243/user243.json,idx_149
open,trainingSamples,raw_data/EMG-EPN612/testingJSON/user243/user243.json,idx_150
noGesture,trainingSamples,raw_data/EMG-EPN612/testingJSON/user244/user244.json,idx_1
noGesture,trainingSamples,raw_data/EMG-EPN612/testingJSON/user244/user244.json,idx_2
noGesture,trainingSamples,raw_data/EMG-EPN612/testingJSON/user244/user244.json,idx_3
noGesture,trainingSamples,raw_data/EMG-EPN612/testingJSON/user244/user244.json,idx_4
noGesture,trainingSamples,raw_data/EMG-EPN612/testingJSON/user244/user244.json,idx_5
noGesture,trainingSamples,raw_data/EMG-EPN612/testingJSON/user244/user244.json,idx_6
noGesture,trainingSamples,raw_data/EMG-EPN612/testingJSON/user244/user244.json,idx_7
noGesture,trainingSamples,raw_data/EMG-EPN612/testingJSON/user244/user244.json,idx_8
noGesture,trainingSamples,raw_data/EMG-EPN612/testingJSON/user244/user244.json,idx_9
noGesture,trainingSamples,raw_data/EMG-EPN612/testingJSON/user244/user244.json,idx_10
noGesture,trainingSamples,raw_data/EMG-EPN612/testingJSON/user244/user244.json,idx_11
noGesture,trainingSamples,raw_data/EMG-EPN612/testingJSON/user244/user244.json,idx_12
noGesture,trainingSamples,raw_data/EMG-EPN612/testingJSON/user244/user244.json,idx_13
noGesture,trainingSamples,raw_data/EMG-EPN612/testingJSON/user244/user244.json,idx_14
noGesture,trainingSamples,raw_data/EMG-EPN612/testingJSON/user244/user244.json,idx_15
noGesture,trainingSamples,raw_data/EMG-EPN612/testingJSON/user244/user244.json,idx_16
noGesture,trainingSamples,raw_data/EMG-EPN612/testingJSON/user244/user244.json,idx_17
noGesture,trainingSamples,raw_data/EMG-EPN612/testingJSON/user244/user244.json,idx_18
noGesture,trainingSamples,raw_data/EMG-EPN612/testingJSON/user244/user244.json,idx_19
noGesture,trainingSamples,raw_data/EMG-EPN612/testingJSON/user244/user244.json,idx_20
noGesture,trainingSamples,raw_data/EMG-EPN612/testingJSON/user244/user244.json,idx_21
noGesture,trainingSamples,raw_data/EMG-EPN612/testingJSON/user244/user244.json,idx_22
noGesture,trainingSamples,raw_data/EMG-EPN612/testingJSON/user244/user244.json,idx_23
noGesture,trainingSamples,raw_data/EMG-EPN612/testingJSON/user244/user244.json,idx_24
noGesture,trainingSamples,raw_data/EMG-EPN612/testingJSON/user244/user244.json,idx_25
waveOut,trainingSamples,raw_data/EMG-EPN612/testingJSON/user244/user244.json,idx_26
waveOut,trainingSamples,raw_data/EMG-EPN612/testingJSON/user244/user244.json,idx_27
waveOut,trainingSamples,raw_data/EMG-EPN612/testingJSON/user244/user244.json,idx_28
waveOut,trainingSamples,raw_data/EMG-EPN612/testingJSON/user244/user244.json,idx_29
waveOut,trainingSamples,raw_data/EMG-EPN612/testingJSON/user244/user244.json,idx_30
waveOut,trainingSamples,raw_data/EMG-EPN612/testingJSON/user244/user244.json,idx_31
waveOut,trainingSamples,raw_data/EMG-EPN612/testingJSON/user244/user244.json,idx_32
waveOut,trainingSamples,raw_data/EMG-EPN612/testingJSON/user244/user244.json,idx_33
waveOut,trainingSamples,raw_data/EMG-EPN612/testingJSON/user244/user244.json,idx_34
waveOut,trainingSamples,raw_data/EMG-EPN612/testingJSON/user244/user244.json,idx_35
waveOut,trainingSamples,raw_data/EMG-EPN612/testingJSON/user244/user244.json,idx_36
waveOut,trainingSamples,raw_data/EMG-EPN612/testingJSON/user244/user244.json,idx_37
waveOut,trainingSamples,raw_data/EMG-EPN612/testingJSON/user244/user244.json,idx_38
waveOut,trainingSamples,raw_data/EMG-EPN612/testingJSON/user244/user244.json,idx_39
waveOut,trainingSamples,raw_data/EMG-EPN612/testingJSON/user244/user244.json,idx_40
waveOut,trainingSamples,raw_data/EMG-EPN612/testingJSON/user244/user244.json,idx_41
waveOut,trainingSamples,raw_data/EMG-EPN612/testingJSON/user244/user244.json,idx_42
waveOut,trainingSamples,raw_data/EMG-EPN612/testingJSON/user244/user244.json,idx_43
waveOut,trainingSamples,raw_data/EMG-EPN612/testingJSON/user244/user244.json,idx_44
waveOut,trainingSamples,raw_data/EMG-EPN612/testingJSON/user244/user244.json,idx_45
waveOut,trainingSamples,raw_data/EMG-EPN612/testingJSON/user244/user244.json,idx_46
waveOut,trainingSamples,raw_data/EMG-EPN612/testingJSON/user244/user244.json,idx_47
waveOut,trainingSamples,raw_data/EMG-EPN612/testingJSON/user244/user244.json,idx_48
waveOut,trainingSamples,raw_data/EMG-EPN612/testingJSON/user244/user244.json,idx_49
waveOut,trainingSamples,raw_data/EMG-EPN612/testingJSON/user244/user244.json,idx_50
pinch,trainingSamples,raw_data/EMG-EPN612/testingJSON/user244/user244.json,idx_51
pinch,trainingSamples,raw_data/EMG-EPN612/testingJSON/user244/user244.json,idx_52
pinch,trainingSamples,raw_data/EMG-EPN612/testingJSON/user244/user244.json,idx_53
pinch,trainingSamples,raw_data/EMG-EPN612/testingJSON/user244/user244.json,idx_54
pinch,trainingSamples,raw_data/EMG-EPN612/testingJSON/user244/user244.json,idx_55
pinch,trainingSamples,raw_data/EMG-EPN612/testingJSON/user244/user244.json,idx_56
pinch,trainingSamples,raw_data/EMG-EPN612/testingJSON/user244/user244.json,idx_57
pinch,trainingSamples,raw_data/EMG-EPN612/testingJSON/user244/user244.json,idx_58
pinch,trainingSamples,raw_data/EMG-EPN612/testingJSON/user244/user244.json,idx_59
pinch,trainingSamples,raw_data/EMG-EPN612/testingJSON/user244/user244.json,idx_60
pinch,trainingSamples,raw_data/EMG-EPN612/testingJSON/user244/user244.json,idx_61
pinch,trainingSamples,raw_data/EMG-EPN612/testingJSON/user244/user244.json,idx_62
pinch,trainingSamples,raw_data/EMG-EPN612/testingJSON/user244/user244.json,idx_63
pinch,trainingSamples,raw_data/EMG-EPN612/testingJSON/user244/user244.json,idx_64
pinch,trainingSamples,raw_data/EMG-EPN612/testingJSON/user244/user244.json,idx_65
pinch,trainingSamples,raw_data/EMG-EPN612/testingJSON/user244/user244.json,idx_66
pinch,trainingSamples,raw_data/EMG-EPN612/testingJSON/user244/user244.json,idx_67
pinch,trainingSamples,raw_data/EMG-EPN612/testingJSON/user244/user244.json,idx_68
pinch,trainingSamples,raw_data/EMG-EPN612/testingJSON/user244/user244.json,idx_69
pinch,trainingSamples,raw_data/EMG-EPN612/testingJSON/user244/user244.json,idx_70
pinch,trainingSamples,raw_data/EMG-EPN612/testingJSON/user244/user244.json,idx_71
pinch,trainingSamples,raw_data/EMG-EPN612/testingJSON/user244/user244.json,idx_72
pinch,trainingSamples,raw_data/EMG-EPN612/testingJSON/user244/user244.json,idx_73
pinch,trainingSamples,raw_data/EMG-EPN612/testingJSON/user244/user244.json,idx_74
pinch,trainingSamples,raw_data/EMG-EPN612/testingJSON/user244/user244.json,idx_75
fist,trainingSamples,raw_data/EMG-EPN612/testingJSON/user244/user244.json,idx_76
fist,trainingSamples,raw_data/EMG-EPN612/testingJSON/user244/user244.json,idx_77
fist,trainingSamples,raw_data/EMG-EPN612/testingJSON/user244/user244.json,idx_78
fist,trainingSamples,raw_data/EMG-EPN612/testingJSON/user244/user244.json,idx_79
fist,trainingSamples,raw_data/EMG-EPN612/testingJSON/user244/user244.json,idx_80
fist,trainingSamples,raw_data/EMG-EPN612/testingJSON/user244/user244.json,idx_81
fist,trainingSamples,raw_data/EMG-EPN612/testingJSON/user244/user244.json,idx_82
fist,trainingSamples,raw_data/EMG-EPN612/testingJSON/user244/user244.json,idx_83
fist,trainingSamples,raw_data/EMG-EPN612/testingJSON/user244/user244.json,idx_84
fist,trainingSamples,raw_data/EMG-EPN612/testingJSON/user244/user244.json,idx_85
fist,trainingSamples,raw_data/EMG-EPN612/testingJSON/user244/user244.json,idx_86
fist,trainingSamples,raw_data/EMG-EPN612/testingJSON/user244/user244.json,idx_87
fist,trainingSamples,raw_data/EMG-EPN612/testingJSON/user244/user244.json,idx_88
fist,trainingSamples,raw_data/EMG-EPN612/testingJSON/user244/user244.json,idx_89
fist,trainingSamples,raw_data/EMG-EPN612/testingJSON/user244/user244.json,idx_90
fist,trainingSamples,raw_data/EMG-EPN612/testingJSON/user244/user244.json,idx_91
fist,trainingSamples,raw_data/EMG-EPN612/testingJSON/user244/user244.json,idx_92
fist,trainingSamples,raw_data/EMG-EPN612/testingJSON/user244/user244.json,idx_93
fist,trainingSamples,raw_data/EMG-EPN612/testingJSON/user244/user244.json,idx_94
fist,trainingSamples,raw_data/EMG-EPN612/testingJSON/user244/user244.json,idx_95
fist,trainingSamples,raw_data/EMG-EPN612/testingJSON/user244/user244.json,idx_96
fist,trainingSamples,raw_data/EMG-EPN612/testingJSON/user244/user244.json,idx_97
fist,trainingSamples,raw_data/EMG-EPN612/testingJSON/user244/user244.json,idx_98
fist,trainingSamples,raw_data/EMG-EPN612/testingJSON/user244/user244.json,idx_99
fist,trainingSamples,raw_data/EMG-EPN612/testingJSON/user244/user244.json,idx_100
waveIn,trainingSamples,raw_data/EMG-EPN612/testingJSON/user244/user244.json,idx_101
waveIn,trainingSamples,raw_data/EMG-EPN612/testingJSON/user244/user244.json,idx_102
waveIn,trainingSamples,raw_data/EMG-EPN612/testingJSON/user244/user244.json,idx_103
waveIn,trainingSamples,raw_data/EMG-EPN612/testingJSON/user244/user244.json,idx_104
waveIn,trainingSamples,raw_data/EMG-EPN612/testingJSON/user244/user244.json,idx_105
waveIn,trainingSamples,raw_data/EMG-EPN612/testingJSON/user244/user244.json,idx_106
waveIn,trainingSamples,raw_data/EMG-EPN612/testingJSON/user244/user244.json,idx_107
waveIn,trainingSamples,raw_data/EMG-EPN612/testingJSON/user244/user244.json,idx_108
waveIn,trainingSamples,raw_data/EMG-EPN612/testingJSON/user244/user244.json,idx_109
waveIn,trainingSamples,raw_data/EMG-EPN612/testingJSON/user244/user244.json,idx_110
waveIn,trainingSamples,raw_data/EMG-EPN612/testingJSON/user244/user244.json,idx_111
waveIn,trainingSamples,raw_data/EMG-EPN612/testingJSON/user244/user244.json,idx_112
waveIn,trainingSamples,raw_data/EMG-EPN612/testingJSON/user244/user244.json,idx_113
waveIn,trainingSamples,raw_data/EMG-EPN612/testingJSON/user244/user244.json,idx_114
waveIn,trainingSamples,raw_data/EMG-EPN612/testingJSON/user244/user244.json,idx_115
waveIn,trainingSamples,raw_data/EMG-EPN612/testingJSON/user244/user244.json,idx_116
waveIn,trainingSamples,raw_data/EMG-EPN612/testingJSON/user244/user244.json,idx_117
waveIn,trainingSamples,raw_data/EMG-EPN612/testingJSON/user244/user244.json,idx_118
waveIn,trainingSamples,raw_data/EMG-EPN612/testingJSON/user244/user244.json,idx_119
waveIn,trainingSamples,raw_data/EMG-EPN612/testingJSON/user244/user244.json,idx_120
waveIn,trainingSamples,raw_data/EMG-EPN612/testingJSON/user244/user244.json,idx_121
waveIn,trainingSamples,raw_data/EMG-EPN612/testingJSON/user244/user244.json,idx_122
waveIn,trainingSamples,raw_data/EMG-EPN612/testingJSON/user244/user244.json,idx_123
waveIn,trainingSamples,raw_data/EMG-EPN612/testingJSON/user244/user244.json,idx_124
waveIn,trainingSamples,raw_data/EMG-EPN612/testingJSON/user244/user244.json,idx_125
open,trainingSamples,raw_data/EMG-EPN612/testingJSON/user244/user244.json,idx_126
open,trainingSamples,raw_data/EMG-EPN612/testingJSON/user244/user244.json,idx_127
open,trainingSamples,raw_data/EMG-EPN612/testingJSON/user244/user244.json,idx_128
open,trainingSamples,raw_data/EMG-EPN612/testingJSON/user244/user244.json,idx_129
open,trainingSamples,raw_data/EMG-EPN612/testingJSON/user244/user244.json,idx_130
open,trainingSamples,raw_data/EMG-EPN612/testingJSON/user244/user244.json,idx_131
open,trainingSamples,raw_data/EMG-EPN612/testingJSON/user244/user244.json,idx_132
open,trainingSamples,raw_data/EMG-EPN612/testingJSON/user244/user244.json,idx_133
open,trainingSamples,raw_data/EMG-EPN612/testingJSON/user244/user244.json,idx_134
open,trainingSamples,raw_data/EMG-EPN612/testingJSON/user244/user244.json,idx_135
open,trainingSamples,raw_data/EMG-EPN612/testingJSON/user244/user244.json,idx_136
open,trainingSamples,raw_data/EMG-EPN612/testingJSON/user244/user244.json,idx_137
open,trainingSamples,raw_data/EMG-EPN612/testingJSON/user244/user244.json,idx_138
open,trainingSamples,raw_data/EMG-EPN612/testingJSON/user244/user244.json,idx_139
open,trainingSamples,raw_data/EMG-EPN612/testingJSON/user244/user244.json,idx_140
open,trainingSamples,raw_data/EMG-EPN612/testingJSON/user244/user244.json,idx_141
open,trainingSamples,raw_data/EMG-EPN612/testingJSON/user244/user244.json,idx_142
open,trainingSamples,raw_data/EMG-EPN612/testingJSON/user244/user244.json,idx_143
open,trainingSamples,raw_data/EMG-EPN612/testingJSON/user244/user244.json,idx_144
open,trainingSamples,raw_data/EMG-EPN612/testingJSON/user244/user244.json,idx_145
open,trainingSamples,raw_data/EMG-EPN612/testingJSON/user244/user244.json,idx_146
open,trainingSamples,raw_data/EMG-EPN612/testingJSON/user244/user244.json,idx_147
open,trainingSamples,raw_data/EMG-EPN612/testingJSON/user244/user244.json,idx_148
open,trainingSamples,raw_data/EMG-EPN612/testingJSON/user244/user244.json,idx_149
open,trainingSamples,raw_data/EMG-EPN612/testingJSON/user244/user244.json,idx_150
noGesture,trainingSamples,raw_data/EMG-EPN612/testingJSON/user245/user245.json,idx_1
noGesture,trainingSamples,raw_data/EMG-EPN612/testingJSON/user245/user245.json,idx_2
noGesture,trainingSamples,raw_data/EMG-EPN612/testingJSON/user245/user245.json,idx_3
noGesture,trainingSamples,raw_data/EMG-EPN612/testingJSON/user245/user245.json,idx_4
noGesture,trainingSamples,raw_data/EMG-EPN612/testingJSON/user245/user245.json,idx_5
noGesture,trainingSamples,raw_data/EMG-EPN612/testingJSON/user245/user245.json,idx_6
noGesture,trainingSamples,raw_data/EMG-EPN612/testingJSON/user245/user245.json,idx_7
noGesture,trainingSamples,raw_data/EMG-EPN612/testingJSON/user245/user245.json,idx_8
noGesture,trainingSamples,raw_data/EMG-EPN612/testingJSON/user245/user245.json,idx_9
noGesture,trainingSamples,raw_data/EMG-EPN612/testingJSON/user245/user245.json,idx_10
noGesture,trainingSamples,raw_data/EMG-EPN612/testingJSON/user245/user245.json,idx_11
noGesture,trainingSamples,raw_data/EMG-EPN612/testingJSON/user245/user245.json,idx_12
noGesture,trainingSamples,raw_data/EMG-EPN612/testingJSON/user245/user245.json,idx_13
noGesture,trainingSamples,raw_data/EMG-EPN612/testingJSON/user245/user245.json,idx_14
noGesture,trainingSamples,raw_data/EMG-EPN612/testingJSON/user245/user245.json,idx_15
noGesture,trainingSamples,raw_data/EMG-EPN612/testingJSON/user245/user245.json,idx_16
noGesture,trainingSamples,raw_data/EMG-EPN612/testingJSON/user245/user245.json,idx_17
noGesture,trainingSamples,raw_data/EMG-EPN612/testingJSON/user245/user245.json,idx_18
noGesture,trainingSamples,raw_data/EMG-EPN612/testingJSON/user245/user245.json,idx_19
noGesture,trainingSamples,raw_data/EMG-EPN612/testingJSON/user245/user245.json,idx_20
noGesture,trainingSamples,raw_data/EMG-EPN612/testingJSON/user245/user245.json,idx_21
noGesture,trainingSamples,raw_data/EMG-EPN612/testingJSON/user245/user245.json,idx_22
noGesture,trainingSamples,raw_data/EMG-EPN612/testingJSON/user245/user245.json,idx_23
noGesture,trainingSamples,raw_data/EMG-EPN612/testingJSON/user245/user245.json,idx_24
noGesture,trainingSamples,raw_data/EMG-EPN612/testingJSON/user245/user245.json,idx_25
fist,trainingSamples,raw_data/EMG-EPN612/testingJSON/user245/user245.json,idx_26
fist,trainingSamples,raw_data/EMG-EPN612/testingJSON/user245/user245.json,idx_27
fist,trainingSamples,raw_data/EMG-EPN612/testingJSON/user245/user245.json,idx_28
fist,trainingSamples,raw_data/EMG-EPN612/testingJSON/user245/user245.json,idx_29
fist,trainingSamples,raw_data/EMG-EPN612/testingJSON/user245/user245.json,idx_30
fist,trainingSamples,raw_data/EMG-EPN612/testingJSON/user245/user245.json,idx_31
fist,trainingSamples,raw_data/EMG-EPN612/testingJSON/user245/user245.json,idx_32
fist,trainingSamples,raw_data/EMG-EPN612/testingJSON/user245/user245.json,idx_33
fist,trainingSamples,raw_data/EMG-EPN612/testingJSON/user245/user245.json,idx_34
fist,trainingSamples,raw_data/EMG-EPN612/testingJSON/user245/user245.json,idx_35
fist,trainingSamples,raw_data/EMG-EPN612/testingJSON/user245/user245.json,idx_36
fist,trainingSamples,raw_data/EMG-EPN612/testingJSON/user245/user245.json,idx_37
fist,trainingSamples,raw_data/EMG-EPN612/testingJSON/user245/user245.json,idx_38
fist,trainingSamples,raw_data/EMG-EPN612/testingJSON/user245/user245.json,idx_39
fist,trainingSamples,raw_data/EMG-EPN612/testingJSON/user245/user245.json,idx_40
fist,trainingSamples,raw_data/EMG-EPN612/testingJSON/user245/user245.json,idx_41
fist,trainingSamples,raw_data/EMG-EPN612/testingJSON/user245/user245.json,idx_42
fist,trainingSamples,raw_data/EMG-EPN612/testingJSON/user245/user245.json,idx_43
fist,trainingSamples,raw_data/EMG-EPN612/testingJSON/user245/user245.json,idx_44
fist,trainingSamples,raw_data/EMG-EPN612/testingJSON/user245/user245.json,idx_45
fist,trainingSamples,raw_data/EMG-EPN612/testingJSON/user245/user245.json,idx_46
fist,trainingSamples,raw_data/EMG-EPN612/testingJSON/user245/user245.json,idx_47
fist,trainingSamples,raw_data/EMG-EPN612/testingJSON/user245/user245.json,idx_48
fist,trainingSamples,raw_data/EMG-EPN612/testingJSON/user245/user245.json,idx_49
fist,trainingSamples,raw_data/EMG-EPN612/testingJSON/user245/user245.json,idx_50
waveIn,trainingSamples,raw_data/EMG-EPN612/testingJSON/user245/user245.json,idx_51
waveIn,trainingSamples,raw_data/EMG-EPN612/testingJSON/user245/user245.json,idx_52
waveIn,trainingSamples,raw_data/EMG-EPN612/testingJSON/user245/user245.json,idx_53
waveIn,trainingSamples,raw_data/EMG-EPN612/testingJSON/user245/user245.json,idx_54
waveIn,trainingSamples,raw_data/EMG-EPN612/testingJSON/user245/user245.json,idx_55
waveIn,trainingSamples,raw_data/EMG-EPN612/testingJSON/user245/user245.json,idx_56
waveIn,trainingSamples,raw_data/EMG-EPN612/testingJSON/user245/user245.json,idx_57
waveIn,trainingSamples,raw_data/EMG-EPN612/testingJSON/user245/user245.json,idx_58
waveIn,trainingSamples,raw_data/EMG-EPN612/testingJSON/user245/user245.json,idx_59
waveIn,trainingSamples,raw_data/EMG-EPN612/testingJSON/user245/user245.json,idx_60
waveIn,trainingSamples,raw_data/EMG-EPN612/testingJSON/user245/user245.json,idx_61
waveIn,trainingSamples,raw_data/EMG-EPN612/testingJSON/user245/user245.json,idx_62
waveIn,trainingSamples,raw_data/EMG-EPN612/testingJSON/user245/user245.json,idx_63
waveIn,trainingSamples,raw_data/EMG-EPN612/testingJSON/user245/user245.json,idx_64
waveIn,trainingSamples,raw_data/EMG-EPN612/testingJSON/user245/user245.json,idx_65
waveIn,trainingSamples,raw_data/EMG-EPN612/testingJSON/user245/user245.json,idx_66
waveIn,trainingSamples,raw_data/EMG-EPN612/testingJSON/user245/user245.json,idx_67
waveIn,trainingSamples,raw_data/EMG-EPN612/testingJSON/user245/user245.json,idx_68
waveIn,trainingSamples,raw_data/EMG-EPN612/testingJSON/user245/user245.json,idx_69
waveIn,trainingSamples,raw_data/EMG-EPN612/testingJSON/user245/user245.json,idx_70
waveIn,trainingSamples,raw_data/EMG-EPN612/testingJSON/user245/user245.json,idx_71
waveIn,trainingSamples,raw_data/EMG-EPN612/testingJSON/user245/user245.json,idx_72
waveIn,trainingSamples,raw_data/EMG-EPN612/testingJSON/user245/user245.json,idx_73
waveIn,trainingSamples,raw_data/EMG-EPN612/testingJSON/user245/user245.json,idx_74
waveIn,trainingSamples,raw_data/EMG-EPN612/testingJSON/user245/user245.json,idx_75
pinch,trainingSamples,raw_data/EMG-EPN612/testingJSON/user245/user245.json,idx_76
pinch,trainingSamples,raw_data/EMG-EPN612/testingJSON/user245/user245.json,idx_77
pinch,trainingSamples,raw_data/EMG-EPN612/testingJSON/user245/user245.json,idx_78
pinch,trainingSamples,raw_data/EMG-EPN612/testingJSON/user245/user245.json,idx_79
pinch,trainingSamples,raw_data/EMG-EPN612/testingJSON/user245/user245.json,idx_80
pinch,trainingSamples,raw_data/EMG-EPN612/testingJSON/user245/user245.json,idx_81
pinch,trainingSamples,raw_data/EMG-EPN612/testingJSON/user245/user245.json,idx_82
pinch,trainingSamples,raw_data/EMG-EPN612/testingJSON/user245/user245.json,idx_83
pinch,trainingSamples,raw_data/EMG-EPN612/testingJSON/user245/user245.json,idx_84
pinch,trainingSamples,raw_data/EMG-EPN612/testingJSON/user245/user245.json,idx_85
pinch,trainingSamples,raw_data/EMG-EPN612/testingJSON/user245/user245.json,idx_86
pinch,trainingSamples,raw_data/EMG-EPN612/testingJSON/user245/user245.json,idx_87
pinch,trainingSamples,raw_data/EMG-EPN612/testingJSON/user245/user245.json,idx_88
pinch,trainingSamples,raw_data/EMG-EPN612/testingJSON/user245/user245.json,idx_89
pinch,trainingSamples,raw_data/EMG-EPN612/testingJSON/user245/user245.json,idx_90
pinch,trainingSamples,raw_data/EMG-EPN612/testingJSON/user245/user245.json,idx_91
pinch,trainingSamples,raw_data/EMG-EPN612/testingJSON/user245/user245.json,idx_92
pinch,trainingSamples,raw_data/EMG-EPN612/testingJSON/user245/user245.json,idx_93
pinch,trainingSamples,raw_data/EMG-EPN612/testingJSON/user245/user245.json,idx_94
pinch,trainingSamples,raw_data/EMG-EPN612/testingJSON/user245/user245.json,idx_95
pinch,trainingSamples,raw_data/EMG-EPN612/testingJSON/user245/user245.json,idx_96
pinch,trainingSamples,raw_data/EMG-EPN612/testingJSON/user245/user245.json,idx_97
pinch,trainingSamples,raw_data/EMG-EPN612/testingJSON/user245/user245.json,idx_98
pinch,trainingSamples,raw_data/EMG-EPN612/testingJSON/user245/user245.json,idx_99
pinch,trainingSamples,raw_data/EMG-EPN612/testingJSON/user245/user245.json,idx_100
open,trainingSamples,raw_data/EMG-EPN612/testingJSON/user245/user245.json,idx_101
open,trainingSamples,raw_data/EMG-EPN612/testingJSON/user245/user245.json,idx_102
open,trainingSamples,raw_data/EMG-EPN612/testingJSON/user245/user245.json,idx_103
open,trainingSamples,raw_data/EMG-EPN612/testingJSON/user245/user245.json,idx_104
open,trainingSamples,raw_data/EMG-EPN612/testingJSON/user245/user245.json,idx_105
open,trainingSamples,raw_data/EMG-EPN612/testingJSON/user245/user245.json,idx_106
open,trainingSamples,raw_data/EMG-EPN612/testingJSON/user245/user245.json,idx_107
open,trainingSamples,raw_data/EMG-EPN612/testingJSON/user245/user245.json,idx_108
open,trainingSamples,raw_data/EMG-EPN612/testingJSON/user245/user245.json,idx_109
open,trainingSamples,raw_data/EMG-EPN612/testingJSON/user245/user245.json,idx_110
open,trainingSamples,raw_data/EMG-EPN612/testingJSON/user245/user245.json,idx_111
open,trainingSamples,raw_data/EMG-EPN612/testingJSON/user245/user245.json,idx_112
open,trainingSamples,raw_data/EMG-EPN612/testingJSON/user245/user245.json,idx_113
open,trainingSamples,raw_data/EMG-EPN612/testingJSON/user245/user245.json,idx_114
open,trainingSamples,raw_data/EMG-EPN612/testingJSON/user245/user245.json,idx_115
open,trainingSamples,raw_data/EMG-EPN612/testingJSON/user245/user245.json,idx_116
open,trainingSamples,raw_data/EMG-EPN612/testingJSON/user245/user245.json,idx_117
open,trainingSamples,raw_data/EMG-EPN612/testingJSON/user245/user245.json,idx_118
open,trainingSamples,raw_data/EMG-EPN612/testingJSON/user245/user245.json,idx_119
open,trainingSamples,raw_data/EMG-EPN612/testingJSON/user245/user245.json,idx_120
open,trainingSamples,raw_data/EMG-EPN612/testingJSON/user245/user245.json,idx_121
open,trainingSamples,raw_data/EMG-EPN612/testingJSON/user245/user245.json,idx_122
open,trainingSamples,raw_data/EMG-EPN612/testingJSON/user245/user245.json,idx_123
open,trainingSamples,raw_data/EMG-EPN612/testingJSON/user245/user245.json,idx_124
open,trainingSamples,raw_data/EMG-EPN612/testingJSON/user245/user245.json,idx_125
waveOut,trainingSamples,raw_data/EMG-EPN612/testingJSON/user245/user245.json,idx_126
waveOut,trainingSamples,raw_data/EMG-EPN612/testingJSON/user245/user245.json,idx_127
waveOut,trainingSamples,raw_data/EMG-EPN612/testingJSON/user245/user245.json,idx_128
waveOut,trainingSamples,raw_data/EMG-EPN612/testingJSON/user245/user245.json,idx_129
waveOut,trainingSamples,raw_data/EMG-EPN612/testingJSON/user245/user245.json,idx_130
waveOut,trainingSamples,raw_data/EMG-EPN612/testingJSON/user245/user245.json,idx_131
waveOut,trainingSamples,raw_data/EMG-EPN612/testingJSON/user245/user245.json,idx_132
waveOut,trainingSamples,raw_data/EMG-EPN612/testingJSON/user245/user245.json,idx_133
waveOut,trainingSamples,raw_data/EMG-EPN612/testingJSON/user245/user245.json,idx_134
waveOut,trainingSamples,raw_data/EMG-EPN612/testingJSON/user245/user245.json,idx_135
waveOut,trainingSamples,raw_data/EMG-EPN612/testingJSON/user245/user245.json,idx_136
waveOut,trainingSamples,raw_data/EMG-EPN612/testingJSON/user245/user245.json,idx_137
waveOut,trainingSamples,raw_data/EMG-EPN612/testingJSON/user245/user245.json,idx_138
waveOut,trainingSamples,raw_data/EMG-EPN612/testingJSON/user245/user245.json,idx_139
waveOut,trainingSamples,raw_data/EMG-EPN612/testingJSON/user245/user245.json,idx_140
waveOut,trainingSamples,raw_data/EMG-EPN612/testingJSON/user245/user245.json,idx_141
waveOut,trainingSamples,raw_data/EMG-EPN612/testingJSON/user245/user245.json,idx_142
waveOut,trainingSamples,raw_data/EMG-EPN612/testingJSON/user245/user245.json,idx_143
waveOut,trainingSamples,raw_data/EMG-EPN612/testingJSON/user245/user245.json,idx_144
waveOut,trainingSamples,raw_data/EMG-EPN612/testingJSON/user245/user245.json,idx_145
waveOut,trainingSamples,raw_data/EMG-EPN612/testingJSON/user245/user245.json,idx_146
waveOut,trainingSamples,raw_data/EMG-EPN612/testingJSON/user245/user245.json,idx_147
waveOut,trainingSamples,raw_data/EMG-EPN612/testingJSON/user245/user245.json,idx_148
waveOut,trainingSamples,raw_data/EMG-EPN612/testingJSON/user245/user245.json,idx_149
waveOut,trainingSamples,raw_data/EMG-EPN612/testingJSON/user245/user245.json,idx_150
noGesture,trainingSamples,raw_data/EMG-EPN612/testingJSON/user246/user246.json,idx_1
noGesture,trainingSamples,raw_data/EMG-EPN612/testingJSON/user246/user246.json,idx_2
noGesture,trainingSamples,raw_data/EMG-EPN612/testingJSON/user246/user246.json,idx_3
noGesture,trainingSamples,raw_data/EMG-EPN612/testingJSON/user246/user246.json,idx_4
noGesture,trainingSamples,raw_data/EMG-EPN612/testingJSON/user246/user246.json,idx_5
noGesture,trainingSamples,raw_data/EMG-EPN612/testingJSON/user246/user246.json,idx_6
noGesture,trainingSamples,raw_data/EMG-EPN612/testingJSON/user246/user246.json,idx_7
noGesture,trainingSamples,raw_data/EMG-EPN612/testingJSON/user246/user246.json,idx_8
noGesture,trainingSamples,raw_data/EMG-EPN612/testingJSON/user246/user246.json,idx_9
noGesture,trainingSamples,raw_data/EMG-EPN612/testingJSON/user246/user246.json,idx_10
noGesture,trainingSamples,raw_data/EMG-EPN612/testingJSON/user246/user246.json,idx_11
noGesture,trainingSamples,raw_data/EMG-EPN612/testingJSON/user246/user246.json,idx_12
noGesture,trainingSamples,raw_data/EMG-EPN612/testingJSON/user246/user246.json,idx_13
noGesture,trainingSamples,raw_data/EMG-EPN612/testingJSON/user246/user246.json,idx_14
noGesture,trainingSamples,raw_data/EMG-EPN612/testingJSON/user246/user246.json,idx_15
noGesture,trainingSamples,raw_data/EMG-EPN612/testingJSON/user246/user246.json,idx_16
noGesture,trainingSamples,raw_data/EMG-EPN612/testingJSON/user246/user246.json,idx_17
noGesture,trainingSamples,raw_data/EMG-EPN612/testingJSON/user246/user246.json,idx_18
noGesture,trainingSamples,raw_data/EMG-EPN612/testingJSON/user246/user246.json,idx_19
noGesture,trainingSamples,raw_data/EMG-EPN612/testingJSON/user246/user246.json,idx_20
noGesture,trainingSamples,raw_data/EMG-EPN612/testingJSON/user246/user246.json,idx_21
noGesture,trainingSamples,raw_data/EMG-EPN612/testingJSON/user246/user246.json,idx_22
noGesture,trainingSamples,raw_data/EMG-EPN612/testingJSON/user246/user246.json,idx_23
noGesture,trainingSamples,raw_data/EMG-EPN612/testingJSON/user246/user246.json,idx_24
noGesture,trainingSamples,raw_data/EMG-EPN612/testingJSON/user246/user246.json,idx_25
waveOut,trainingSamples,raw_data/EMG-EPN612/testingJSON/user246/user246.json,idx_26
waveOut,trainingSamples,raw_data/EMG-EPN612/testingJSON/user246/user246.json,idx_27
waveOut,trainingSamples,raw_data/EMG-EPN612/testingJSON/user246/user246.json,idx_28
waveOut,trainingSamples,raw_data/EMG-EPN612/testingJSON/user246/user246.json,idx_29
waveOut,trainingSamples,raw_data/EMG-EPN612/testingJSON/user246/user246.json,idx_30
waveOut,trainingSamples,raw_data/EMG-EPN612/testingJSON/user246/user246.json,idx_31
waveOut,trainingSamples,raw_data/EMG-EPN612/testingJSON/user246/user246.json,idx_32
waveOut,trainingSamples,raw_data/EMG-EPN612/testingJSON/user246/user246.json,idx_33
waveOut,trainingSamples,raw_data/EMG-EPN612/testingJSON/user246/user246.json,idx_34
waveOut,trainingSamples,raw_data/EMG-EPN612/testingJSON/user246/user246.json,idx_35
waveOut,trainingSamples,raw_data/EMG-EPN612/testingJSON/user246/user246.json,idx_36
waveOut,trainingSamples,raw_data/EMG-EPN612/testingJSON/user246/user246.json,idx_37
waveOut,trainingSamples,raw_data/EMG-EPN612/testingJSON/user246/user246.json,idx_38
waveOut,trainingSamples,raw_data/EMG-EPN612/testingJSON/user246/user246.json,idx_39
waveOut,trainingSamples,raw_data/EMG-EPN612/testingJSON/user246/user246.json,idx_40
waveOut,trainingSamples,raw_data/EMG-EPN612/testingJSON/user246/user246.json,idx_41
waveOut,trainingSamples,raw_data/EMG-EPN612/testingJSON/user246/user246.json,idx_42
waveOut,trainingSamples,raw_data/EMG-EPN612/testingJSON/user246/user246.json,idx_43
waveOut,trainingSamples,raw_data/EMG-EPN612/testingJSON/user246/user246.json,idx_44
waveOut,trainingSamples,raw_data/EMG-EPN612/testingJSON/user246/user246.json,idx_45
waveOut,trainingSamples,raw_data/EMG-EPN612/testingJSON/user246/user246.json,idx_46
waveOut,trainingSamples,raw_data/EMG-EPN612/testingJSON/user246/user246.json,idx_47
waveOut,trainingSamples,raw_data/EMG-EPN612/testingJSON/user246/user246.json,idx_48
waveOut,trainingSamples,raw_data/EMG-EPN612/testingJSON/user246/user246.json,idx_49
waveOut,trainingSamples,raw_data/EMG-EPN612/testingJSON/user246/user246.json,idx_50
pinch,trainingSamples,raw_data/EMG-EPN612/testingJSON/user246/user246.json,idx_51
pinch,trainingSamples,raw_data/EMG-EPN612/testingJSON/user246/user246.json,idx_52
pinch,trainingSamples,raw_data/EMG-EPN612/testingJSON/user246/user246.json,idx_53
pinch,trainingSamples,raw_data/EMG-EPN612/testingJSON/user246/user246.json,idx_54
pinch,trainingSamples,raw_data/EMG-EPN612/testingJSON/user246/user246.json,idx_55
pinch,trainingSamples,raw_data/EMG-EPN612/testingJSON/user246/user246.json,idx_56
pinch,trainingSamples,raw_data/EMG-EPN612/testingJSON/user246/user246.json,idx_57
pinch,trainingSamples,raw_data/EMG-EPN612/testingJSON/user246/user246.json,idx_58
pinch,trainingSamples,raw_data/EMG-EPN612/testingJSON/user246/user246.json,idx_59
pinch,trainingSamples,raw_data/EMG-EPN612/testingJSON/user246/user246.json,idx_60
pinch,trainingSamples,raw_data/EMG-EPN612/testingJSON/user246/user246.json,idx_61
pinch,trainingSamples,raw_data/EMG-EPN612/testingJSON/user246/user246.json,idx_62
pinch,trainingSamples,raw_data/EMG-EPN612/testingJSON/user246/user246.json,idx_63
pinch,trainingSamples,raw_data/EMG-EPN612/testingJSON/user246/user246.json,idx_64
pinch,trainingSamples,raw_data/EMG-EPN612/testingJSON/user246/user246.json,idx_65
pinch,trainingSamples,raw_data/EMG-EPN612/testingJSON/user246/user246.json,idx_66
pinch,trainingSamples,raw_data/EMG-EPN612/testingJSON/user246/user246.json,idx_67
pinch,trainingSamples,raw_data/EMG-EPN612/testingJSON/user246/user246.json,idx_68
pinch,trainingSamples,raw_data/EMG-EPN612/testingJSON/user246/user246.json,idx_69
pinch,trainingSamples,raw_data/EMG-EPN612/testingJSON/user246/user246.json,idx_70
pinch,trainingSamples,raw_data/EMG-EPN612/testingJSON/user246/user246.json,idx_71
pinch,trainingSamples,raw_data/EMG-EPN612/testingJSON/user246/user246.json,idx_72
pinch,trainingSamples,raw_data/EMG-EPN612/testingJSON/user246/user246.json,idx_73
pinch,trainingSamples,raw_data/EMG-EPN612/testingJSON/user246/user246.json,idx_74
pinch,trainingSamples,raw_data/EMG-EPN612/testingJSON/user246/user246.json,idx_75
fist,trainingSamples,raw_data/EMG-EPN612/testingJSON/user246/user246.json,idx_76
fist,trainingSamples,raw_data/EMG-EPN612/testingJSON/user246/user246.json,idx_77
fist,trainingSamples,raw_data/EMG-EPN612/testingJSON/user246/user246.json,idx_78
fist,trainingSamples,raw_data/EMG-EPN612/testingJSON/user246/user246.json,idx_79
fist,trainingSamples,raw_data/EMG-EPN612/testingJSON/user246/user246.json,idx_80
fist,trainingSamples,raw_data/EMG-EPN612/testingJSON/user246/user246.json,idx_81
fist,trainingSamples,raw_data/EMG-EPN612/testingJSON/user246/user246.json,idx_82
fist,trainingSamples,raw_data/EMG-EPN612/testingJSON/user246/user246.json,idx_83
fist,trainingSamples,raw_data/EMG-EPN612/testingJSON/user246/user246.json,idx_84
fist,trainingSamples,raw_data/EMG-EPN612/testingJSON/user246/user246.json,idx_85
fist,trainingSamples,raw_data/EMG-EPN612/testingJSON/user246/user246.json,idx_86
fist,trainingSamples,raw_data/EMG-EPN612/testingJSON/user246/user246.json,idx_87
fist,trainingSamples,raw_data/EMG-EPN612/testingJSON/user246/user246.json,idx_88
fist,trainingSamples,raw_data/EMG-EPN612/testingJSON/user246/user246.json,idx_89
fist,trainingSamples,raw_data/EMG-EPN612/testingJSON/user246/user246.json,idx_90
fist,trainingSamples,raw_data/EMG-EPN612/testingJSON/user246/user246.json,idx_91
fist,trainingSamples,raw_data/EMG-EPN612/testingJSON/user246/user246.json,idx_92
fist,trainingSamples,raw_data/EMG-EPN612/testingJSON/user246/user246.json,idx_93
fist,trainingSamples,raw_data/EMG-EPN612/testingJSON/user246/user246.json,idx_94
fist,trainingSamples,raw_data/EMG-EPN612/testingJSON/user246/user246.json,idx_95
fist,trainingSamples,raw_data/EMG-EPN612/testingJSON/user246/user246.json,idx_96
fist,trainingSamples,raw_data/EMG-EPN612/testingJSON/user246/user246.json,idx_97
fist,trainingSamples,raw_data/EMG-EPN612/testingJSON/user246/user246.json,idx_98
fist,trainingSamples,raw_data/EMG-EPN612/testingJSON/user246/user246.json,idx_99
fist,trainingSamples,raw_data/EMG-EPN612/testingJSON/user246/user246.json,idx_100
waveIn,trainingSamples,raw_data/EMG-EPN612/testingJSON/user246/user246.json,idx_101
waveIn,trainingSamples,raw_data/EMG-EPN612/testingJSON/user246/user246.json,idx_102
waveIn,trainingSamples,raw_data/EMG-EPN612/testingJSON/user246/user246.json,idx_103
waveIn,trainingSamples,raw_data/EMG-EPN612/testingJSON/user246/user246.json,idx_104
waveIn,trainingSamples,raw_data/EMG-EPN612/testingJSON/user246/user246.json,idx_105
waveIn,trainingSamples,raw_data/EMG-EPN612/testingJSON/user246/user246.json,idx_106
waveIn,trainingSamples,raw_data/EMG-EPN612/testingJSON/user246/user246.json,idx_107
waveIn,trainingSamples,raw_data/EMG-EPN612/testingJSON/user246/user246.json,idx_108
waveIn,trainingSamples,raw_data/EMG-EPN612/testingJSON/user246/user246.json,idx_109
waveIn,trainingSamples,raw_data/EMG-EPN612/testingJSON/user246/user246.json,idx_110
waveIn,trainingSamples,raw_data/EMG-EPN612/testingJSON/user246/user246.json,idx_111
waveIn,trainingSamples,raw_data/EMG-EPN612/testingJSON/user246/user246.json,idx_112
waveIn,trainingSamples,raw_data/EMG-EPN612/testingJSON/user246/user246.json,idx_113
waveIn,trainingSamples,raw_data/EMG-EPN612/testingJSON/user246/user246.json,idx_114
waveIn,trainingSamples,raw_data/EMG-EPN612/testingJSON/user246/user246.json,idx_115
waveIn,trainingSamples,raw_data/EMG-EPN612/testingJSON/user246/user246.json,idx_116
waveIn,trainingSamples,raw_data/EMG-EPN612/testingJSON/user246/user246.json,idx_117
waveIn,trainingSamples,raw_data/EMG-EPN612/testingJSON/user246/user246.json,idx_118
waveIn,trainingSamples,raw_data/EMG-EPN612/testingJSON/user246/user246.json,idx_119
waveIn,trainingSamples,raw_data/EMG-EPN612/testingJSON/user246/user246.json,idx_120
waveIn,trainingSamples,raw_data/EMG-EPN612/testingJSON/user246/user246.json,idx_121
waveIn,trainingSamples,raw_data/EMG-EPN612/testingJSON/user246/user246.json,idx_122
waveIn,trainingSamples,raw_data/EMG-EPN612/testingJSON/user246/user246.json,idx_123
waveIn,trainingSamples,raw_data/EMG-EPN612/testingJSON/user246/user246.json,idx_124
waveIn,trainingSamples,raw_data/EMG-EPN612/testingJSON/user246/user246.json,idx_125
open,trainingSamples,raw_data/EMG-EPN612/testingJSON/user246/user246.json,idx_126
open,trainingSamples,raw_data/EMG-EPN612/testingJSON/user246/user246.json,idx_127
open,trainingSamples,raw_data/EMG-EPN612/testingJSON/user246/user246.json,idx_128
open,trainingSamples,raw_data/EMG-EPN612/testingJSON/user246/user246.json,idx_129
open,trainingSamples,raw_data/EMG-EPN612/testingJSON/user246/user246.json,idx_130
open,trainingSamples,raw_data/EMG-EPN612/testingJSON/user246/user246.json,idx_131
open,trainingSamples,raw_data/EMG-EPN612/testingJSON/user246/user246.json,idx_132
open,trainingSamples,raw_data/EMG-EPN612/testingJSON/user246/user246.json,idx_133
open,trainingSamples,raw_data/EMG-EPN612/testingJSON/user246/user246.json,idx_134
open,trainingSamples,raw_data/EMG-EPN612/testingJSON/user246/user246.json,idx_135
open,trainingSamples,raw_data/EMG-EPN612/testingJSON/user246/user246.json,idx_136
open,trainingSamples,raw_data/EMG-EPN612/testingJSON/user246/user246.json,idx_137
open,trainingSamples,raw_data/EMG-EPN612/testingJSON/user246/user246.json,idx_138
open,trainingSamples,raw_data/EMG-EPN612/testingJSON/user246/user246.json,idx_139
open,trainingSamples,raw_data/EMG-EPN612/testingJSON/user246/user246.json,idx_140
open,trainingSamples,raw_data/EMG-EPN612/testingJSON/user246/user246.json,idx_141
open,trainingSamples,raw_data/EMG-EPN612/testingJSON/user246/user246.json,idx_142
open,trainingSamples,raw_data/EMG-EPN612/testingJSON/user246/user246.json,idx_143
open,trainingSamples,raw_data/EMG-EPN612/testingJSON/user246/user246.json,idx_144
open,trainingSamples,raw_data/EMG-EPN612/testingJSON/user246/user246.json,idx_145
open,trainingSamples,raw_data/EMG-EPN612/testingJSON/user246/user246.json,idx_146
open,trainingSamples,raw_data/EMG-EPN612/testingJSON/user246/user246.json,idx_147
open,trainingSamples,raw_data/EMG-EPN612/testingJSON/user246/user246.json,idx_148
open,trainingSamples,raw_data/EMG-EPN612/testingJSON/user246/user246.json,idx_149
open,trainingSamples,raw_data/EMG-EPN612/testingJSON/user246/user246.json,idx_150
noGesture,trainingSamples,raw_data/EMG-EPN612/testingJSON/user247/user247.json,idx_1
noGesture,trainingSamples,raw_data/EMG-EPN612/testingJSON/user247/user247.json,idx_2
noGesture,trainingSamples,raw_data/EMG-EPN612/testingJSON/user247/user247.json,idx_3
noGesture,trainingSamples,raw_data/EMG-EPN612/testingJSON/user247/user247.json,idx_4
noGesture,trainingSamples,raw_data/EMG-EPN612/testingJSON/user247/user247.json,idx_5
noGesture,trainingSamples,raw_data/EMG-EPN612/testingJSON/user247/user247.json,idx_6
noGesture,trainingSamples,raw_data/EMG-EPN612/testingJSON/user247/user247.json,idx_7
noGesture,trainingSamples,raw_data/EMG-EPN612/testingJSON/user247/user247.json,idx_8
noGesture,trainingSamples,raw_data/EMG-EPN612/testingJSON/user247/user247.json,idx_9
noGesture,trainingSamples,raw_data/EMG-EPN612/testingJSON/user247/user247.json,idx_10
noGesture,trainingSamples,raw_data/EMG-EPN612/testingJSON/user247/user247.json,idx_11
noGesture,trainingSamples,raw_data/EMG-EPN612/testingJSON/user247/user247.json,idx_12
noGesture,trainingSamples,raw_data/EMG-EPN612/testingJSON/user247/user247.json,idx_13
noGesture,trainingSamples,raw_data/EMG-EPN612/testingJSON/user247/user247.json,idx_14
noGesture,trainingSamples,raw_data/EMG-EPN612/testingJSON/user247/user247.json,idx_15
noGesture,trainingSamples,raw_data/EMG-EPN612/testingJSON/user247/user247.json,idx_16
noGesture,trainingSamples,raw_data/EMG-EPN612/testingJSON/user247/user247.json,idx_17
noGesture,trainingSamples,raw_data/EMG-EPN612/testingJSON/user247/user247.json,idx_18
noGesture,trainingSamples,raw_data/EMG-EPN612/testingJSON/user247/user247.json,idx_19
noGesture,trainingSamples,raw_data/EMG-EPN612/testingJSON/user247/user247.json,idx_20
noGesture,trainingSamples,raw_data/EMG-EPN612/testingJSON/user247/user247.json,idx_21
noGesture,trainingSamples,raw_data/EMG-EPN612/testingJSON/user247/user247.json,idx_22
noGesture,trainingSamples,raw_data/EMG-EPN612/testingJSON/user247/user247.json,idx_23
noGesture,trainingSamples,raw_data/EMG-EPN612/testingJSON/user247/user247.json,idx_24
noGesture,trainingSamples,raw_data/EMG-EPN612/testingJSON/user247/user247.json,idx_25
pinch,trainingSamples,raw_data/EMG-EPN612/testingJSON/user247/user247.json,idx_26
pinch,trainingSamples,raw_data/EMG-EPN612/testingJSON/user247/user247.json,idx_27
pinch,trainingSamples,raw_data/EMG-EPN612/testingJSON/user247/user247.json,idx_28
pinch,trainingSamples,raw_data/EMG-EPN612/testingJSON/user247/user247.json,idx_29
pinch,trainingSamples,raw_data/EMG-EPN612/testingJSON/user247/user247.json,idx_30
pinch,trainingSamples,raw_data/EMG-EPN612/testingJSON/user247/user247.json,idx_31
pinch,trainingSamples,raw_data/EMG-EPN612/testingJSON/user247/user247.json,idx_32
pinch,trainingSamples,raw_data/EMG-EPN612/testingJSON/user247/user247.json,idx_33
pinch,trainingSamples,raw_data/EMG-EPN612/testingJSON/user247/user247.json,idx_34
pinch,trainingSamples,raw_data/EMG-EPN612/testingJSON/user247/user247.json,idx_35
pinch,trainingSamples,raw_data/EMG-EPN612/testingJSON/user247/user247.json,idx_36
pinch,trainingSamples,raw_data/EMG-EPN612/testingJSON/user247/user247.json,idx_37
pinch,trainingSamples,raw_data/EMG-EPN612/testingJSON/user247/user247.json,idx_38
pinch,trainingSamples,raw_data/EMG-EPN612/testingJSON/user247/user247.json,idx_39
pinch,trainingSamples,raw_data/EMG-EPN612/testingJSON/user247/user247.json,idx_40
pinch,trainingSamples,raw_data/EMG-EPN612/testingJSON/user247/user247.json,idx_41
pinch,trainingSamples,raw_data/EMG-EPN612/testingJSON/user247/user247.json,idx_42
pinch,trainingSamples,raw_data/EMG-EPN612/testingJSON/user247/user247.json,idx_43
pinch,trainingSamples,raw_data/EMG-EPN612/testingJSON/user247/user247.json,idx_44
pinch,trainingSamples,raw_data/EMG-EPN612/testingJSON/user247/user247.json,idx_45
pinch,trainingSamples,raw_data/EMG-EPN612/testingJSON/user247/user247.json,idx_46
pinch,trainingSamples,raw_data/EMG-EPN612/testingJSON/user247/user247.json,idx_47
pinch,trainingSamples,raw_data/EMG-EPN612/testingJSON/user247/user247.json,idx_48
pinch,trainingSamples,raw_data/EMG-EPN612/testingJSON/user247/user247.json,idx_49
pinch,trainingSamples,raw_data/EMG-EPN612/testingJSON/user247/user247.json,idx_50
waveOut,trainingSamples,raw_data/EMG-EPN612/testingJSON/user247/user247.json,idx_51
waveOut,trainingSamples,raw_data/EMG-EPN612/testingJSON/user247/user247.json,idx_52
waveOut,trainingSamples,raw_data/EMG-EPN612/testingJSON/user247/user247.json,idx_53
waveOut,trainingSamples,raw_data/EMG-EPN612/testingJSON/user247/user247.json,idx_54
waveOut,trainingSamples,raw_data/EMG-EPN612/testingJSON/user247/user247.json,idx_55
waveOut,trainingSamples,raw_data/EMG-EPN612/testingJSON/user247/user247.json,idx_56
waveOut,trainingSamples,raw_data/EMG-EPN612/testingJSON/user247/user247.json,idx_57
waveOut,trainingSamples,raw_data/EMG-EPN612/testingJSON/user247/user247.json,idx_58
waveOut,trainingSamples,raw_data/EMG-EPN612/testingJSON/user247/user247.json,idx_59
waveOut,trainingSamples,raw_data/EMG-EPN612/testingJSON/user247/user247.json,idx_60
waveOut,trainingSamples,raw_data/EMG-EPN612/testingJSON/user247/user247.json,idx_61
waveOut,trainingSamples,raw_data/EMG-EPN612/testingJSON/user247/user247.json,idx_62
waveOut,trainingSamples,raw_data/EMG-EPN612/testingJSON/user247/user247.json,idx_63
waveOut,trainingSamples,raw_data/EMG-EPN612/testingJSON/user247/user247.json,idx_64
waveOut,trainingSamples,raw_data/EMG-EPN612/testingJSON/user247/user247.json,idx_65
waveOut,trainingSamples,raw_data/EMG-EPN612/testingJSON/user247/user247.json,idx_66
waveOut,trainingSamples,raw_data/EMG-EPN612/testingJSON/user247/user247.json,idx_67
waveOut,trainingSamples,raw_data/EMG-EPN612/testingJSON/user247/user247.json,idx_68
waveOut,trainingSamples,raw_data/EMG-EPN612/testingJSON/user247/user247.json,idx_69
waveOut,trainingSamples,raw_data/EMG-EPN612/testingJSON/user247/user247.json,idx_70
waveOut,trainingSamples,raw_data/EMG-EPN612/testingJSON/user247/user247.json,idx_71
waveOut,trainingSamples,raw_data/EMG-EPN612/testingJSON/user247/user247.json,idx_72
waveOut,trainingSamples,raw_data/EMG-EPN612/testingJSON/user247/user247.json,idx_73
waveOut,trainingSamples,raw_data/EMG-EPN612/testingJSON/user247/user247.json,idx_74
waveOut,trainingSamples,raw_data/EMG-EPN612/testingJSON/user247/user247.json,idx_75
waveIn,trainingSamples,raw_data/EMG-EPN612/testingJSON/user247/user247.json,idx_76
waveIn,trainingSamples,raw_data/EMG-EPN612/testingJSON/user247/user247.json,idx_77
waveIn,trainingSamples,raw_data/EMG-EPN612/testingJSON/user247/user247.json,idx_78
waveIn,trainingSamples,raw_data/EMG-EPN612/testingJSON/user247/user247.json,idx_79
waveIn,trainingSamples,raw_data/EMG-EPN612/testingJSON/user247/user247.json,idx_80
waveIn,trainingSamples,raw_data/EMG-EPN612/testingJSON/user247/user247.json,idx_81
waveIn,trainingSamples,raw_data/EMG-EPN612/testingJSON/user247/user247.json,idx_82
waveIn,trainingSamples,raw_data/EMG-EPN612/testingJSON/user247/user247.json,idx_83
waveIn,trainingSamples,raw_data/EMG-EPN612/testingJSON/user247/user247.json,idx_84
waveIn,trainingSamples,raw_data/EMG-EPN612/testingJSON/user247/user247.json,idx_85
waveIn,trainingSamples,raw_data/EMG-EPN612/testingJSON/user247/user247.json,idx_86
waveIn,trainingSamples,raw_data/EMG-EPN612/testingJSON/user247/user247.json,idx_87
waveIn,trainingSamples,raw_data/EMG-EPN612/testingJSON/user247/user247.json,idx_88
waveIn,trainingSamples,raw_data/EMG-EPN612/testingJSON/user247/user247.json,idx_89
waveIn,trainingSamples,raw_data/EMG-EPN612/testingJSON/user247/user247.json,idx_90
waveIn,trainingSamples,raw_data/EMG-EPN612/testingJSON/user247/user247.json,idx_91
waveIn,trainingSamples,raw_data/EMG-EPN612/testingJSON/user247/user247.json,idx_92
waveIn,trainingSamples,raw_data/EMG-EPN612/testingJSON/user247/user247.json,idx_93
waveIn,trainingSamples,raw_data/EMG-EPN612/testingJSON/user247/user247.json,idx_94
waveIn,trainingSamples,raw_data/EMG-EPN612/testingJSON/user247/user247.json,idx_95
waveIn,trainingSamples,raw_data/EMG-EPN612/testingJSON/user247/user247.json,idx_96
waveIn,trainingSamples,raw_data/EMG-EPN612/testingJSON/user247/user247.json,idx_97
waveIn,trainingSamples,raw_data/EMG-EPN612/testingJSON/user247/user247.json,idx_98
waveIn,trainingSamples,raw_data/EMG-EPN612/testingJSON/user247/user247.json,idx_99
waveIn,trainingSamples,raw_data/EMG-EPN612/testingJSON/user247/user247.json,idx_100
fist,trainingSamples,raw_data/EMG-EPN612/testingJSON/user247/user247.json,idx_101
fist,trainingSamples,raw_data/EMG-EPN612/testingJSON/user247/user247.json,idx_102
fist,trainingSamples,raw_data/EMG-EPN612/testingJSON/user247/user247.json,idx_103
fist,trainingSamples,raw_data/EMG-EPN612/testingJSON/user247/user247.json,idx_104
fist,trainingSamples,raw_data/EMG-EPN612/testingJSON/user247/user247.json,idx_105
fist,trainingSamples,raw_data/EMG-EPN612/testingJSON/user247/user247.json,idx_106
fist,trainingSamples,raw_data/EMG-EPN612/testingJSON/user247/user247.json,idx_107
fist,trainingSamples,raw_data/EMG-EPN612/testingJSON/user247/user247.json,idx_108
fist,trainingSamples,raw_data/EMG-EPN612/testingJSON/user247/user247.json,idx_109
fist,trainingSamples,raw_data/EMG-EPN612/testingJSON/user247/user247.json,idx_110
fist,trainingSamples,raw_data/EMG-EPN612/testingJSON/user247/user247.json,idx_111
fist,trainingSamples,raw_data/EMG-EPN612/testingJSON/user247/user247.json,idx_112
fist,trainingSamples,raw_data/EMG-EPN612/testingJSON/user247/user247.json,idx_113
fist,trainingSamples,raw_data/EMG-EPN612/testingJSON/user247/user247.json,idx_114
fist,trainingSamples,raw_data/EMG-EPN612/testingJSON/user247/user247.json,idx_115
fist,trainingSamples,raw_data/EMG-EPN612/testingJSON/user247/user247.json,idx_116
fist,trainingSamples,raw_data/EMG-EPN612/testingJSON/user247/user247.json,idx_117
fist,trainingSamples,raw_data/EMG-EPN612/testingJSON/user247/user247.json,idx_118
fist,trainingSamples,raw_data/EMG-EPN612/testingJSON/user247/user247.json,idx_119
fist,trainingSamples,raw_data/EMG-EPN612/testingJSON/user247/user247.json,idx_120
fist,trainingSamples,raw_data/EMG-EPN612/testingJSON/user247/user247.json,idx_121
fist,trainingSamples,raw_data/EMG-EPN612/testingJSON/user247/user247.json,idx_122
fist,trainingSamples,raw_data/EMG-EPN612/testingJSON/user247/user247.json,idx_123
fist,trainingSamples,raw_data/EMG-EPN612/testingJSON/user247/user247.json,idx_124
fist,trainingSamples,raw_data/EMG-EPN612/testingJSON/user247/user247.json,idx_125
open,trainingSamples,raw_data/EMG-EPN612/testingJSON/user247/user247.json,idx_126
open,trainingSamples,raw_data/EMG-EPN612/testingJSON/user247/user247.json,idx_127
open,trainingSamples,raw_data/EMG-EPN612/testingJSON/user247/user247.json,idx_128
open,trainingSamples,raw_data/EMG-EPN612/testingJSON/user247/user247.json,idx_129
open,trainingSamples,raw_data/EMG-EPN612/testingJSON/user247/user247.json,idx_130
open,trainingSamples,raw_data/EMG-EPN612/testingJSON/user247/user247.json,idx_131
open,trainingSamples,raw_data/EMG-EPN612/testingJSON/user247/user247.json,idx_132
open,trainingSamples,raw_data/EMG-EPN612/testingJSON/user247/user247.json,idx_133
open,trainingSamples,raw_data/EMG-EPN612/testingJSON/user247/user247.json,idx_134
open,trainingSamples,raw_data/EMG-EPN612/testingJSON/user247/user247.json,idx_135
open,trainingSamples,raw_data/EMG-EPN612/testingJSON/user247/user247.json,idx_136
open,trainingSamples,raw_data/EMG-EPN612/testingJSON/user247/user247.json,idx_137
open,trainingSamples,raw_data/EMG-EPN612/testingJSON/user247/user247.json,idx_138
open,trainingSamples,raw_data/EMG-EPN612/testingJSON/user247/user247.json,idx_139
open,trainingSamples,raw_data/EMG-EPN612/testingJSON/user247/user247.json,idx_140
open,trainingSamples,raw_data/EMG-EPN612/testingJSON/user247/user247.json,idx_141
open,trainingSamples,raw_data/EMG-EPN612/testingJSON/user247/user247.json,idx_142
open,trainingSamples,raw_data/EMG-EPN612/testingJSON/user247/user247.json,idx_143
open,trainingSamples,raw_data/EMG-EPN612/testingJSON/user247/user247.json,idx_144
open,trainingSamples,raw_data/EMG-EPN612/testingJSON/user247/user247.json,idx_145
open,trainingSamples,raw_data/EMG-EPN612/testingJSON/user247/user247.json,idx_146
open,trainingSamples,raw_data/EMG-EPN612/testingJSON/user247/user247.json,idx_147
open,trainingSamples,raw_data/EMG-EPN612/testingJSON/user247/user247.json,idx_148
open,trainingSamples,raw_data/EMG-EPN612/testingJSON/user247/user247.json,idx_149
open,trainingSamples,raw_data/EMG-EPN612/testingJSON/user247/user247.json,idx_150
noGesture,trainingSamples,raw_data/EMG-EPN612/testingJSON/user248/user248.json,idx_1
noGesture,trainingSamples,raw_data/EMG-EPN612/testingJSON/user248/user248.json,idx_2
noGesture,trainingSamples,raw_data/EMG-EPN612/testingJSON/user248/user248.json,idx_3
noGesture,trainingSamples,raw_data/EMG-EPN612/testingJSON/user248/user248.json,idx_4
noGesture,trainingSamples,raw_data/EMG-EPN612/testingJSON/user248/user248.json,idx_5
noGesture,trainingSamples,raw_data/EMG-EPN612/testingJSON/user248/user248.json,idx_6
noGesture,trainingSamples,raw_data/EMG-EPN612/testingJSON/user248/user248.json,idx_7
noGesture,trainingSamples,raw_data/EMG-EPN612/testingJSON/user248/user248.json,idx_8
noGesture,trainingSamples,raw_data/EMG-EPN612/testingJSON/user248/user248.json,idx_9
noGesture,trainingSamples,raw_data/EMG-EPN612/testingJSON/user248/user248.json,idx_10
noGesture,trainingSamples,raw_data/EMG-EPN612/testingJSON/user248/user248.json,idx_11
noGesture,trainingSamples,raw_data/EMG-EPN612/testingJSON/user248/user248.json,idx_12
noGesture,trainingSamples,raw_data/EMG-EPN612/testingJSON/user248/user248.json,idx_13
noGesture,trainingSamples,raw_data/EMG-EPN612/testingJSON/user248/user248.json,idx_14
noGesture,trainingSamples,raw_data/EMG-EPN612/testingJSON/user248/user248.json,idx_15
noGesture,trainingSamples,raw_data/EMG-EPN612/testingJSON/user248/user248.json,idx_16
noGesture,trainingSamples,raw_data/EMG-EPN612/testingJSON/user248/user248.json,idx_17
noGesture,trainingSamples,raw_data/EMG-EPN612/testingJSON/user248/user248.json,idx_18
noGesture,trainingSamples,raw_data/EMG-EPN612/testingJSON/user248/user248.json,idx_19
noGesture,trainingSamples,raw_data/EMG-EPN612/testingJSON/user248/user248.json,idx_20
noGesture,trainingSamples,raw_data/EMG-EPN612/testingJSON/user248/user248.json,idx_21
noGesture,trainingSamples,raw_data/EMG-EPN612/testingJSON/user248/user248.json,idx_22
noGesture,trainingSamples,raw_data/EMG-EPN612/testingJSON/user248/user248.json,idx_23
noGesture,trainingSamples,raw_data/EMG-EPN612/testingJSON/user248/user248.json,idx_24
noGesture,trainingSamples,raw_data/EMG-EPN612/testingJSON/user248/user248.json,idx_25
waveOut,trainingSamples,raw_data/EMG-EPN612/testingJSON/user248/user248.json,idx_26
waveOut,trainingSamples,raw_data/EMG-EPN612/testingJSON/user248/user248.json,idx_27
waveOut,trainingSamples,raw_data/EMG-EPN612/testingJSON/user248/user248.json,idx_28
waveOut,trainingSamples,raw_data/EMG-EPN612/testingJSON/user248/user248.json,idx_29
waveOut,trainingSamples,raw_data/EMG-EPN612/testingJSON/user248/user248.json,idx_30
waveOut,trainingSamples,raw_data/EMG-EPN612/testingJSON/user248/user248.json,idx_31
waveOut,trainingSamples,raw_data/EMG-EPN612/testingJSON/user248/user248.json,idx_32
waveOut,trainingSamples,raw_data/EMG-EPN612/testingJSON/user248/user248.json,idx_33
waveOut,trainingSamples,raw_data/EMG-EPN612/testingJSON/user248/user248.json,idx_34
waveOut,trainingSamples,raw_data/EMG-EPN612/testingJSON/user248/user248.json,idx_35
waveOut,trainingSamples,raw_data/EMG-EPN612/testingJSON/user248/user248.json,idx_36
waveOut,trainingSamples,raw_data/EMG-EPN612/testingJSON/user248/user248.json,idx_37
waveOut,trainingSamples,raw_data/EMG-EPN612/testingJSON/user248/user248.json,idx_38
waveOut,trainingSamples,raw_data/EMG-EPN612/testingJSON/user248/user248.json,idx_39
waveOut,trainingSamples,raw_data/EMG-EPN612/testingJSON/user248/user248.json,idx_40
waveOut,trainingSamples,raw_data/EMG-EPN612/testingJSON/user248/user248.json,idx_41
waveOut,trainingSamples,raw_data/EMG-EPN612/testingJSON/user248/user248.json,idx_42
waveOut,trainingSamples,raw_data/EMG-EPN612/testingJSON/user248/user248.json,idx_43
waveOut,trainingSamples,raw_data/EMG-EPN612/testingJSON/user248/user248.json,idx_44
waveOut,trainingSamples,raw_data/EMG-EPN612/testingJSON/user248/user248.json,idx_45
waveOut,trainingSamples,raw_data/EMG-EPN612/testingJSON/user248/user248.json,idx_46
waveOut,trainingSamples,raw_data/EMG-EPN612/testingJSON/user248/user248.json,idx_47
waveOut,trainingSamples,raw_data/EMG-EPN612/testingJSON/user248/user248.json,idx_48
waveOut,trainingSamples,raw_data/EMG-EPN612/testingJSON/user248/user248.json,idx_49
waveOut,trainingSamples,raw_data/EMG-EPN612/testingJSON/user248/user248.json,idx_50
pinch,trainingSamples,raw_data/EMG-EPN612/testingJSON/user248/user248.json,idx_51
pinch,trainingSamples,raw_data/EMG-EPN612/testingJSON/user248/user248.json,idx_52
pinch,trainingSamples,raw_data/EMG-EPN612/testingJSON/user248/user248.json,idx_53
pinch,trainingSamples,raw_data/EMG-EPN612/testingJSON/user248/user248.json,idx_54
pinch,trainingSamples,raw_data/EMG-EPN612/testingJSON/user248/user248.json,idx_55
pinch,trainingSamples,raw_data/EMG-EPN612/testingJSON/user248/user248.json,idx_56
pinch,trainingSamples,raw_data/EMG-EPN612/testingJSON/user248/user248.json,idx_57
pinch,trainingSamples,raw_data/EMG-EPN612/testingJSON/user248/user248.json,idx_58
pinch,trainingSamples,raw_data/EMG-EPN612/testingJSON/user248/user248.json,idx_59
pinch,trainingSamples,raw_data/EMG-EPN612/testingJSON/user248/user248.json,idx_60
pinch,trainingSamples,raw_data/EMG-EPN612/testingJSON/user248/user248.json,idx_61
pinch,trainingSamples,raw_data/EMG-EPN612/testingJSON/user248/user248.json,idx_62
pinch,trainingSamples,raw_data/EMG-EPN612/testingJSON/user248/user248.json,idx_63
pinch,trainingSamples,raw_data/EMG-EPN612/testingJSON/user248/user248.json,idx_64
pinch,trainingSamples,raw_data/EMG-EPN612/testingJSON/user248/user248.json,idx_65
pinch,trainingSamples,raw_data/EMG-EPN612/testingJSON/user248/user248.json,idx_66
pinch,trainingSamples,raw_data/EMG-EPN612/testingJSON/user248/user248.json,idx_67
pinch,trainingSamples,raw_data/EMG-EPN612/testingJSON/user248/user248.json,idx_68
pinch,trainingSamples,raw_data/EMG-EPN612/testingJSON/user248/user248.json,idx_69
pinch,trainingSamples,raw_data/EMG-EPN612/testingJSON/user248/user248.json,idx_70
pinch,trainingSamples,raw_data/EMG-EPN612/testingJSON/user248/user248.json,idx_71
pinch,trainingSamples,raw_data/EMG-EPN612/testingJSON/user248/user248.json,idx_72
pinch,trainingSamples,raw_data/EMG-EPN612/testingJSON/user248/user248.json,idx_73
pinch,trainingSamples,raw_data/EMG-EPN612/testingJSON/user248/user248.json,idx_74
pinch,trainingSamples,raw_data/EMG-EPN612/testingJSON/user248/user248.json,idx_75
fist,trainingSamples,raw_data/EMG-EPN612/testingJSON/user248/user248.json,idx_76
fist,trainingSamples,raw_data/EMG-EPN612/testingJSON/user248/user248.json,idx_77
fist,trainingSamples,raw_data/EMG-EPN612/testingJSON/user248/user248.json,idx_78
fist,trainingSamples,raw_data/EMG-EPN612/testingJSON/user248/user248.json,idx_79
fist,trainingSamples,raw_data/EMG-EPN612/testingJSON/user248/user248.json,idx_80
fist,trainingSamples,raw_data/EMG-EPN612/testingJSON/user248/user248.json,idx_81
fist,trainingSamples,raw_data/EMG-EPN612/testingJSON/user248/user248.json,idx_82
fist,trainingSamples,raw_data/EMG-EPN612/testingJSON/user248/user248.json,idx_83
fist,trainingSamples,raw_data/EMG-EPN612/testingJSON/user248/user248.json,idx_84
fist,trainingSamples,raw_data/EMG-EPN612/testingJSON/user248/user248.json,idx_85
fist,trainingSamples,raw_data/EMG-EPN612/testingJSON/user248/user248.json,idx_86
fist,trainingSamples,raw_data/EMG-EPN612/testingJSON/user248/user248.json,idx_87
fist,trainingSamples,raw_data/EMG-EPN612/testingJSON/user248/user248.json,idx_88
fist,trainingSamples,raw_data/EMG-EPN612/testingJSON/user248/user248.json,idx_89
fist,trainingSamples,raw_data/EMG-EPN612/testingJSON/user248/user248.json,idx_90
fist,trainingSamples,raw_data/EMG-EPN612/testingJSON/user248/user248.json,idx_91
fist,trainingSamples,raw_data/EMG-EPN612/testingJSON/user248/user248.json,idx_92
fist,trainingSamples,raw_data/EMG-EPN612/testingJSON/user248/user248.json,idx_93
fist,trainingSamples,raw_data/EMG-EPN612/testingJSON/user248/user248.json,idx_94
fist,trainingSamples,raw_data/EMG-EPN612/testingJSON/user248/user248.json,idx_95
fist,trainingSamples,raw_data/EMG-EPN612/testingJSON/user248/user248.json,idx_96
fist,trainingSamples,raw_data/EMG-EPN612/testingJSON/user248/user248.json,idx_97
fist,trainingSamples,raw_data/EMG-EPN612/testingJSON/user248/user248.json,idx_98
fist,trainingSamples,raw_data/EMG-EPN612/testingJSON/user248/user248.json,idx_99
fist,trainingSamples,raw_data/EMG-EPN612/testingJSON/user248/user248.json,idx_100
waveIn,trainingSamples,raw_data/EMG-EPN612/testingJSON/user248/user248.json,idx_101
waveIn,trainingSamples,raw_data/EMG-EPN612/testingJSON/user248/user248.json,idx_102
waveIn,trainingSamples,raw_data/EMG-EPN612/testingJSON/user248/user248.json,idx_103
waveIn,trainingSamples,raw_data/EMG-EPN612/testingJSON/user248/user248.json,idx_104
waveIn,trainingSamples,raw_data/EMG-EPN612/testingJSON/user248/user248.json,idx_105
waveIn,trainingSamples,raw_data/EMG-EPN612/testingJSON/user248/user248.json,idx_106
waveIn,trainingSamples,raw_data/EMG-EPN612/testingJSON/user248/user248.json,idx_107
waveIn,trainingSamples,raw_data/EMG-EPN612/testingJSON/user248/user248.json,idx_108
waveIn,trainingSamples,raw_data/EMG-EPN612/testingJSON/user248/user248.json,idx_109
waveIn,trainingSamples,raw_data/EMG-EPN612/testingJSON/user248/user248.json,idx_110
waveIn,trainingSamples,raw_data/EMG-EPN612/testingJSON/user248/user248.json,idx_111
waveIn,trainingSamples,raw_data/EMG-EPN612/testingJSON/user248/user248.json,idx_112
waveIn,trainingSamples,raw_data/EMG-EPN612/testingJSON/user248/user248.json,idx_113
waveIn,trainingSamples,raw_data/EMG-EPN612/testingJSON/user248/user248.json,idx_114
waveIn,trainingSamples,raw_data/EMG-EPN612/testingJSON/user248/user248.json,idx_115
waveIn,trainingSamples,raw_data/EMG-EPN612/testingJSON/user248/user248.json,idx_116
waveIn,trainingSamples,raw_data/EMG-EPN612/testingJSON/user248/user248.json,idx_117
waveIn,trainingSamples,raw_data/EMG-EPN612/testingJSON/user248/user248.json,idx_118
waveIn,trainingSamples,raw_data/EMG-EPN612/testingJSON/user248/user248.json,idx_119
waveIn,trainingSamples,raw_data/EMG-EPN612/testingJSON/user248/user248.json,idx_120
waveIn,trainingSamples,raw_data/EMG-EPN612/testingJSON/user248/user248.json,idx_121
waveIn,trainingSamples,raw_data/EMG-EPN612/testingJSON/user248/user248.json,idx_122
waveIn,trainingSamples,raw_data/EMG-EPN612/testingJSON/user248/user248.json,idx_123
waveIn,trainingSamples,raw_data/EMG-EPN612/testingJSON/user248/user248.json,idx_124
waveIn,trainingSamples,raw_data/EMG-EPN612/testingJSON/user248/user248.json,idx_125
open,trainingSamples,raw_data/EMG-EPN612/testingJSON/user248/user248.json,idx_126
open,trainingSamples,raw_data/EMG-EPN612/testingJSON/user248/user248.json,idx_127
open,trainingSamples,raw_data/EMG-EPN612/testingJSON/user248/user248.json,idx_128
open,trainingSamples,raw_data/EMG-EPN612/testingJSON/user248/user248.json,idx_129
open,trainingSamples,raw_data/EMG-EPN612/testingJSON/user248/user248.json,idx_130
open,trainingSamples,raw_data/EMG-EPN612/testingJSON/user248/user248.json,idx_131
open,trainingSamples,raw_data/EMG-EPN612/testingJSON/user248/user248.json,idx_132
open,trainingSamples,raw_data/EMG-EPN612/testingJSON/user248/user248.json,idx_133
open,trainingSamples,raw_data/EMG-EPN612/testingJSON/user248/user248.json,idx_134
open,trainingSamples,raw_data/EMG-EPN612/testingJSON/user248/user248.json,idx_135
open,trainingSamples,raw_data/EMG-EPN612/testingJSON/user248/user248.json,idx_136
open,trainingSamples,raw_data/EMG-EPN612/testingJSON/user248/user248.json,idx_137
open,trainingSamples,raw_data/EMG-EPN612/testingJSON/user248/user248.json,idx_138
open,trainingSamples,raw_data/EMG-EPN612/testingJSON/user248/user248.json,idx_139
open,trainingSamples,raw_data/EMG-EPN612/testingJSON/user248/user248.json,idx_140
open,trainingSamples,raw_data/EMG-EPN612/testingJSON/user248/user248.json,idx_141
open,trainingSamples,raw_data/EMG-EPN612/testingJSON/user248/user248.json,idx_142
open,trainingSamples,raw_data/EMG-EPN612/testingJSON/user248/user248.json,idx_143
open,trainingSamples,raw_data/EMG-EPN612/testingJSON/user248/user248.json,idx_144
open,trainingSamples,raw_data/EMG-EPN612/testingJSON/user248/user248.json,idx_145
open,trainingSamples,raw_data/EMG-EPN612/testingJSON/user248/user248.json,idx_146
open,trainingSamples,raw_data/EMG-EPN612/testingJSON/user248/user248.json,idx_147
open,trainingSamples,raw_data/EMG-EPN612/testingJSON/user248/user248.json,idx_148
open,trainingSamples,raw_data/EMG-EPN612/testingJSON/user248/user248.json,idx_149
open,trainingSamples,raw_data/EMG-EPN612/testingJSON/user248/user248.json,idx_150
noGesture,trainingSamples,raw_data/EMG-EPN612/testingJSON/user249/user249.json,idx_1
noGesture,trainingSamples,raw_data/EMG-EPN612/testingJSON/user249/user249.json,idx_2
noGesture,trainingSamples,raw_data/EMG-EPN612/testingJSON/user249/user249.json,idx_3
noGesture,trainingSamples,raw_data/EMG-EPN612/testingJSON/user249/user249.json,idx_4
noGesture,trainingSamples,raw_data/EMG-EPN612/testingJSON/user249/user249.json,idx_5
noGesture,trainingSamples,raw_data/EMG-EPN612/testingJSON/user249/user249.json,idx_6
noGesture,trainingSamples,raw_data/EMG-EPN612/testingJSON/user249/user249.json,idx_7
noGesture,trainingSamples,raw_data/EMG-EPN612/testingJSON/user249/user249.json,idx_8
noGesture,trainingSamples,raw_data/EMG-EPN612/testingJSON/user249/user249.json,idx_9
noGesture,trainingSamples,raw_data/EMG-EPN612/testingJSON/user249/user249.json,idx_10
noGesture,trainingSamples,raw_data/EMG-EPN612/testingJSON/user249/user249.json,idx_11
noGesture,trainingSamples,raw_data/EMG-EPN612/testingJSON/user249/user249.json,idx_12
noGesture,trainingSamples,raw_data/EMG-EPN612/testingJSON/user249/user249.json,idx_13
noGesture,trainingSamples,raw_data/EMG-EPN612/testingJSON/user249/user249.json,idx_14
noGesture,trainingSamples,raw_data/EMG-EPN612/testingJSON/user249/user249.json,idx_15
noGesture,trainingSamples,raw_data/EMG-EPN612/testingJSON/user249/user249.json,idx_16
noGesture,trainingSamples,raw_data/EMG-EPN612/testingJSON/user249/user249.json,idx_17
noGesture,trainingSamples,raw_data/EMG-EPN612/testingJSON/user249/user249.json,idx_18
noGesture,trainingSamples,raw_data/EMG-EPN612/testingJSON/user249/user249.json,idx_19
noGesture,trainingSamples,raw_data/EMG-EPN612/testingJSON/user249/user249.json,idx_20
noGesture,trainingSamples,raw_data/EMG-EPN612/testingJSON/user249/user249.json,idx_21
noGesture,trainingSamples,raw_data/EMG-EPN612/testingJSON/user249/user249.json,idx_22
noGesture,trainingSamples,raw_data/EMG-EPN612/testingJSON/user249/user249.json,idx_23
noGesture,trainingSamples,raw_data/EMG-EPN612/testingJSON/user249/user249.json,idx_24
noGesture,trainingSamples,raw_data/EMG-EPN612/testingJSON/user249/user249.json,idx_25
fist,trainingSamples,raw_data/EMG-EPN612/testingJSON/user249/user249.json,idx_26
fist,trainingSamples,raw_data/EMG-EPN612/testingJSON/user249/user249.json,idx_27
fist,trainingSamples,raw_data/EMG-EPN612/testingJSON/user249/user249.json,idx_28
fist,trainingSamples,raw_data/EMG-EPN612/testingJSON/user249/user249.json,idx_29
fist,trainingSamples,raw_data/EMG-EPN612/testingJSON/user249/user249.json,idx_30
fist,trainingSamples,raw_data/EMG-EPN612/testingJSON/user249/user249.json,idx_31
fist,trainingSamples,raw_data/EMG-EPN612/testingJSON/user249/user249.json,idx_32
fist,trainingSamples,raw_data/EMG-EPN612/testingJSON/user249/user249.json,idx_33
fist,trainingSamples,raw_data/EMG-EPN612/testingJSON/user249/user249.json,idx_34
fist,trainingSamples,raw_data/EMG-EPN612/testingJSON/user249/user249.json,idx_35
fist,trainingSamples,raw_data/EMG-EPN612/testingJSON/user249/user249.json,idx_36
fist,trainingSamples,raw_data/EMG-EPN612/testingJSON/user249/user249.json,idx_37
fist,trainingSamples,raw_data/EMG-EPN612/testingJSON/user249/user249.json,idx_38
fist,trainingSamples,raw_data/EMG-EPN612/testingJSON/user249/user249.json,idx_39
fist,trainingSamples,raw_data/EMG-EPN612/testingJSON/user249/user249.json,idx_40
fist,trainingSamples,raw_data/EMG-EPN612/testingJSON/user249/user249.json,idx_41
fist,trainingSamples,raw_data/EMG-EPN612/testingJSON/user249/user249.json,idx_42
fist,trainingSamples,raw_data/EMG-EPN612/testingJSON/user249/user249.json,idx_43
fist,trainingSamples,raw_data/EMG-EPN612/testingJSON/user249/user249.json,idx_44
fist,trainingSamples,raw_data/EMG-EPN612/testingJSON/user249/user249.json,idx_45
fist,trainingSamples,raw_data/EMG-EPN612/testingJSON/user249/user249.json,idx_46
fist,trainingSamples,raw_data/EMG-EPN612/testingJSON/user249/user249.json,idx_47
fist,trainingSamples,raw_data/EMG-EPN612/testingJSON/user249/user249.json,idx_48
fist,trainingSamples,raw_data/EMG-EPN612/testingJSON/user249/user249.json,idx_49
fist,trainingSamples,raw_data/EMG-EPN612/testingJSON/user249/user249.json,idx_50
open,trainingSamples,raw_data/EMG-EPN612/testingJSON/user249/user249.json,idx_51
open,trainingSamples,raw_data/EMG-EPN612/testingJSON/user249/user249.json,idx_52
open,trainingSamples,raw_data/EMG-EPN612/testingJSON/user249/user249.json,idx_53
open,trainingSamples,raw_data/EMG-EPN612/testingJSON/user249/user249.json,idx_54
open,trainingSamples,raw_data/EMG-EPN612/testingJSON/user249/user249.json,idx_55
open,trainingSamples,raw_data/EMG-EPN612/testingJSON/user249/user249.json,idx_56
open,trainingSamples,raw_data/EMG-EPN612/testingJSON/user249/user249.json,idx_57
open,trainingSamples,raw_data/EMG-EPN612/testingJSON/user249/user249.json,idx_58
open,trainingSamples,raw_data/EMG-EPN612/testingJSON/user249/user249.json,idx_59
open,trainingSamples,raw_data/EMG-EPN612/testingJSON/user249/user249.json,idx_60
open,trainingSamples,raw_data/EMG-EPN612/testingJSON/user249/user249.json,idx_61
open,trainingSamples,raw_data/EMG-EPN612/testingJSON/user249/user249.json,idx_62
open,trainingSamples,raw_data/EMG-EPN612/testingJSON/user249/user249.json,idx_63
open,trainingSamples,raw_data/EMG-EPN612/testingJSON/user249/user249.json,idx_64
open,trainingSamples,raw_data/EMG-EPN612/testingJSON/user249/user249.json,idx_65
open,trainingSamples,raw_data/EMG-EPN612/testingJSON/user249/user249.json,idx_66
open,trainingSamples,raw_data/EMG-EPN612/testingJSON/user249/user249.json,idx_67
open,trainingSamples,raw_data/EMG-EPN612/testingJSON/user249/user249.json,idx_68
open,trainingSamples,raw_data/EMG-EPN612/testingJSON/user249/user249.json,idx_69
open,trainingSamples,raw_data/EMG-EPN612/testingJSON/user249/user249.json,idx_70
open,trainingSamples,raw_data/EMG-EPN612/testingJSON/user249/user249.json,idx_71
open,trainingSamples,raw_data/EMG-EPN612/testingJSON/user249/user249.json,idx_72
open,trainingSamples,raw_data/EMG-EPN612/testingJSON/user249/user249.json,idx_73
open,trainingSamples,raw_data/EMG-EPN612/testingJSON/user249/user249.json,idx_74
open,trainingSamples,raw_data/EMG-EPN612/testingJSON/user249/user249.json,idx_75
pinch,trainingSamples,raw_data/EMG-EPN612/testingJSON/user249/user249.json,idx_76
pinch,trainingSamples,raw_data/EMG-EPN612/testingJSON/user249/user249.json,idx_77
pinch,trainingSamples,raw_data/EMG-EPN612/testingJSON/user249/user249.json,idx_78
pinch,trainingSamples,raw_data/EMG-EPN612/testingJSON/user249/user249.json,idx_79
pinch,trainingSamples,raw_data/EMG-EPN612/testingJSON/user249/user249.json,idx_80
pinch,trainingSamples,raw_data/EMG-EPN612/testingJSON/user249/user249.json,idx_81
pinch,trainingSamples,raw_data/EMG-EPN612/testingJSON/user249/user249.json,idx_82
pinch,trainingSamples,raw_data/EMG-EPN612/testingJSON/user249/user249.json,idx_83
pinch,trainingSamples,raw_data/EMG-EPN612/testingJSON/user249/user249.json,idx_84
pinch,trainingSamples,raw_data/EMG-EPN612/testingJSON/user249/user249.json,idx_85
pinch,trainingSamples,raw_data/EMG-EPN612/testingJSON/user249/user249.json,idx_86
pinch,trainingSamples,raw_data/EMG-EPN612/testingJSON/user249/user249.json,idx_87
pinch,trainingSamples,raw_data/EMG-EPN612/testingJSON/user249/user249.json,idx_88
pinch,trainingSamples,raw_data/EMG-EPN612/testingJSON/user249/user249.json,idx_89
pinch,trainingSamples,raw_data/EMG-EPN612/testingJSON/user249/user249.json,idx_90
pinch,trainingSamples,raw_data/EMG-EPN612/testingJSON/user249/user249.json,idx_91
pinch,trainingSamples,raw_data/EMG-EPN612/testingJSON/user249/user249.json,idx_92
pinch,trainingSamples,raw_data/EMG-EPN612/testingJSON/user249/user249.json,idx_93
pinch,trainingSamples,raw_data/EMG-EPN612/testingJSON/user249/user249.json,idx_94
pinch,trainingSamples,raw_data/EMG-EPN612/testingJSON/user249/user249.json,idx_95
pinch,trainingSamples,raw_data/EMG-EPN612/testingJSON/user249/user249.json,idx_96
pinch,trainingSamples,raw_data/EMG-EPN612/testingJSON/user249/user249.json,idx_97
pinch,trainingSamples,raw_data/EMG-EPN612/testingJSON/user249/user249.json,idx_98
pinch,trainingSamples,raw_data/EMG-EPN612/testingJSON/user249/user249.json,idx_99
pinch,trainingSamples,raw_data/EMG-EPN612/testingJSON/user249/user249.json,idx_100
waveOut,trainingSamples,raw_data/EMG-EPN612/testingJSON/user249/user249.json,idx_101
waveOut,trainingSamples,raw_data/EMG-EPN612/testingJSON/user249/user249.json,idx_102
waveOut,trainingSamples,raw_data/EMG-EPN612/testingJSON/user249/user249.json,idx_103
waveOut,trainingSamples,raw_data/EMG-EPN612/testingJSON/user249/user249.json,idx_104
waveOut,trainingSamples,raw_data/EMG-EPN612/testingJSON/user249/user249.json,idx_105
waveOut,trainingSamples,raw_data/EMG-EPN612/testingJSON/user249/user249.json,idx_106
waveOut,trainingSamples,raw_data/EMG-EPN612/testingJSON/user249/user249.json,idx_107
waveOut,trainingSamples,raw_data/EMG-EPN612/testingJSON/user249/user249.json,idx_108
waveOut,trainingSamples,raw_data/EMG-EPN612/testingJSON/user249/user249.json,idx_109
waveOut,trainingSamples,raw_data/EMG-EPN612/testingJSON/user249/user249.json,idx_110
waveOut,trainingSamples,raw_data/EMG-EPN612/testingJSON/user249/user249.json,idx_111
waveOut,trainingSamples,raw_data/EMG-EPN612/testingJSON/user249/user249.json,idx_112
waveOut,trainingSamples,raw_data/EMG-EPN612/testingJSON/user249/user249.json,idx_113
waveOut,trainingSamples,raw_data/EMG-EPN612/testingJSON/user249/user249.json,idx_114
waveOut,trainingSamples,raw_data/EMG-EPN612/testingJSON/user249/user249.json,idx_115
waveOut,trainingSamples,raw_data/EMG-EPN612/testingJSON/user249/user249.json,idx_116
waveOut,trainingSamples,raw_data/EMG-EPN612/testingJSON/user249/user249.json,idx_117
waveOut,trainingSamples,raw_data/EMG-EPN612/testingJSON/user249/user249.json,idx_118
waveOut,trainingSamples,raw_data/EMG-EPN612/testingJSON/user249/user249.json,idx_119
waveOut,trainingSamples,raw_data/EMG-EPN612/testingJSON/user249/user249.json,idx_120
waveOut,trainingSamples,raw_data/EMG-EPN612/testingJSON/user249/user249.json,idx_121
waveOut,trainingSamples,raw_data/EMG-EPN612/testingJSON/user249/user249.json,idx_122
waveOut,trainingSamples,raw_data/EMG-EPN612/testingJSON/user249/user249.json,idx_123
waveOut,trainingSamples,raw_data/EMG-EPN612/testingJSON/user249/user249.json,idx_124
waveOut,trainingSamples,raw_data/EMG-EPN612/testingJSON/user249/user249.json,idx_125
waveIn,trainingSamples,raw_data/EMG-EPN612/testingJSON/user249/user249.json,idx_126
waveIn,trainingSamples,raw_data/EMG-EPN612/testingJSON/user249/user249.json,idx_127
waveIn,trainingSamples,raw_data/EMG-EPN612/testingJSON/user249/user249.json,idx_128
waveIn,trainingSamples,raw_data/EMG-EPN612/testingJSON/user249/user249.json,idx_129
waveIn,trainingSamples,raw_data/EMG-EPN612/testingJSON/user249/user249.json,idx_130
waveIn,trainingSamples,raw_data/EMG-EPN612/testingJSON/user249/user249.json,idx_131
waveIn,trainingSamples,raw_data/EMG-EPN612/testingJSON/user249/user249.json,idx_132
waveIn,trainingSamples,raw_data/EMG-EPN612/testingJSON/user249/user249.json,idx_133
waveIn,trainingSamples,raw_data/EMG-EPN612/testingJSON/user249/user249.json,idx_134
waveIn,trainingSamples,raw_data/EMG-EPN612/testingJSON/user249/user249.json,idx_135
waveIn,trainingSamples,raw_data/EMG-EPN612/testingJSON/user249/user249.json,idx_136
waveIn,trainingSamples,raw_data/EMG-EPN612/testingJSON/user249/user249.json,idx_137
waveIn,trainingSamples,raw_data/EMG-EPN612/testingJSON/user249/user249.json,idx_138
waveIn,trainingSamples,raw_data/EMG-EPN612/testingJSON/user249/user249.json,idx_139
waveIn,trainingSamples,raw_data/EMG-EPN612/testingJSON/user249/user249.json,idx_140
waveIn,trainingSamples,raw_data/EMG-EPN612/testingJSON/user249/user249.json,idx_141
waveIn,trainingSamples,raw_data/EMG-EPN612/testingJSON/user249/user249.json,idx_142
waveIn,trainingSamples,raw_data/EMG-EPN612/testingJSON/user249/user249.json,idx_143
waveIn,trainingSamples,raw_data/EMG-EPN612/testingJSON/user249/user249.json,idx_144
waveIn,trainingSamples,raw_data/EMG-EPN612/testingJSON/user249/user249.json,idx_145
waveIn,trainingSamples,raw_data/EMG-EPN612/testingJSON/user249/user249.json,idx_146
waveIn,trainingSamples,raw_data/EMG-EPN612/testingJSON/user249/user249.json,idx_147
waveIn,trainingSamples,raw_data/EMG-EPN612/testingJSON/user249/user249.json,idx_148
waveIn,trainingSamples,raw_data/EMG-EPN612/testingJSON/user249/user249.json,idx_149
waveIn,trainingSamples,raw_data/EMG-EPN612/testingJSON/user249/user249.json,idx_150
noGesture,trainingSamples,raw_data/EMG-EPN612/testingJSON/user25/user25.json,idx_1
noGesture,trainingSamples,raw_data/EMG-EPN612/testingJSON/user25/user25.json,idx_2
noGesture,trainingSamples,raw_data/EMG-EPN612/testingJSON/user25/user25.json,idx_3
noGesture,trainingSamples,raw_data/EMG-EPN612/testingJSON/user25/user25.json,idx_4
noGesture,trainingSamples,raw_data/EMG-EPN612/testingJSON/user25/user25.json,idx_5
noGesture,trainingSamples,raw_data/EMG-EPN612/testingJSON/user25/user25.json,idx_6
noGesture,trainingSamples,raw_data/EMG-EPN612/testingJSON/user25/user25.json,idx_7
noGesture,trainingSamples,raw_data/EMG-EPN612/testingJSON/user25/user25.json,idx_8
noGesture,trainingSamples,raw_data/EMG-EPN612/testingJSON/user25/user25.json,idx_9
noGesture,trainingSamples,raw_data/EMG-EPN612/testingJSON/user25/user25.json,idx_10
noGesture,trainingSamples,raw_data/EMG-EPN612/testingJSON/user25/user25.json,idx_11
noGesture,trainingSamples,raw_data/EMG-EPN612/testingJSON/user25/user25.json,idx_12
noGesture,trainingSamples,raw_data/EMG-EPN612/testingJSON/user25/user25.json,idx_13
noGesture,trainingSamples,raw_data/EMG-EPN612/testingJSON/user25/user25.json,idx_14
noGesture,trainingSamples,raw_data/EMG-EPN612/testingJSON/user25/user25.json,idx_15
noGesture,trainingSamples,raw_data/EMG-EPN612/testingJSON/user25/user25.json,idx_16
noGesture,trainingSamples,raw_data/EMG-EPN612/testingJSON/user25/user25.json,idx_17
noGesture,trainingSamples,raw_data/EMG-EPN612/testingJSON/user25/user25.json,idx_18
noGesture,trainingSamples,raw_data/EMG-EPN612/testingJSON/user25/user25.json,idx_19
noGesture,trainingSamples,raw_data/EMG-EPN612/testingJSON/user25/user25.json,idx_20
noGesture,trainingSamples,raw_data/EMG-EPN612/testingJSON/user25/user25.json,idx_21
noGesture,trainingSamples,raw_data/EMG-EPN612/testingJSON/user25/user25.json,idx_22
noGesture,trainingSamples,raw_data/EMG-EPN612/testingJSON/user25/user25.json,idx_23
noGesture,trainingSamples,raw_data/EMG-EPN612/testingJSON/user25/user25.json,idx_24
noGesture,trainingSamples,raw_data/EMG-EPN612/testingJSON/user25/user25.json,idx_25
fist,trainingSamples,raw_data/EMG-EPN612/testingJSON/user25/user25.json,idx_26
fist,trainingSamples,raw_data/EMG-EPN612/testingJSON/user25/user25.json,idx_27
fist,trainingSamples,raw_data/EMG-EPN612/testingJSON/user25/user25.json,idx_28
fist,trainingSamples,raw_data/EMG-EPN612/testingJSON/user25/user25.json,idx_29
fist,trainingSamples,raw_data/EMG-EPN612/testingJSON/user25/user25.json,idx_30
fist,trainingSamples,raw_data/EMG-EPN612/testingJSON/user25/user25.json,idx_31
fist,trainingSamples,raw_data/EMG-EPN612/testingJSON/user25/user25.json,idx_32
fist,trainingSamples,raw_data/EMG-EPN612/testingJSON/user25/user25.json,idx_33
fist,trainingSamples,raw_data/EMG-EPN612/testingJSON/user25/user25.json,idx_34
fist,trainingSamples,raw_data/EMG-EPN612/testingJSON/user25/user25.json,idx_35
fist,trainingSamples,raw_data/EMG-EPN612/testingJSON/user25/user25.json,idx_36
fist,trainingSamples,raw_data/EMG-EPN612/testingJSON/user25/user25.json,idx_37
fist,trainingSamples,raw_data/EMG-EPN612/testingJSON/user25/user25.json,idx_38
fist,trainingSamples,raw_data/EMG-EPN612/testingJSON/user25/user25.json,idx_39
fist,trainingSamples,raw_data/EMG-EPN612/testingJSON/user25/user25.json,idx_40
fist,trainingSamples,raw_data/EMG-EPN612/testingJSON/user25/user25.json,idx_41
fist,trainingSamples,raw_data/EMG-EPN612/testingJSON/user25/user25.json,idx_42
fist,trainingSamples,raw_data/EMG-EPN612/testingJSON/user25/user25.json,idx_43
fist,trainingSamples,raw_data/EMG-EPN612/testingJSON/user25/user25.json,idx_44
fist,trainingSamples,raw_data/EMG-EPN612/testingJSON/user25/user25.json,idx_45
fist,trainingSamples,raw_data/EMG-EPN612/testingJSON/user25/user25.json,idx_46
fist,trainingSamples,raw_data/EMG-EPN612/testingJSON/user25/user25.json,idx_47
fist,trainingSamples,raw_data/EMG-EPN612/testingJSON/user25/user25.json,idx_48
fist,trainingSamples,raw_data/EMG-EPN612/testingJSON/user25/user25.json,idx_49
fist,trainingSamples,raw_data/EMG-EPN612/testingJSON/user25/user25.json,idx_50
open,trainingSamples,raw_data/EMG-EPN612/testingJSON/user25/user25.json,idx_51
open,trainingSamples,raw_data/EMG-EPN612/testingJSON/user25/user25.json,idx_52
open,trainingSamples,raw_data/EMG-EPN612/testingJSON/user25/user25.json,idx_53
open,trainingSamples,raw_data/EMG-EPN612/testingJSON/user25/user25.json,idx_54
open,trainingSamples,raw_data/EMG-EPN612/testingJSON/user25/user25.json,idx_55
open,trainingSamples,raw_data/EMG-EPN612/testingJSON/user25/user25.json,idx_56
open,trainingSamples,raw_data/EMG-EPN612/testingJSON/user25/user25.json,idx_57
open,trainingSamples,raw_data/EMG-EPN612/testingJSON/user25/user25.json,idx_58
open,trainingSamples,raw_data/EMG-EPN612/testingJSON/user25/user25.json,idx_59
open,trainingSamples,raw_data/EMG-EPN612/testingJSON/user25/user25.json,idx_60
open,trainingSamples,raw_data/EMG-EPN612/testingJSON/user25/user25.json,idx_61
open,trainingSamples,raw_data/EMG-EPN612/testingJSON/user25/user25.json,idx_62
open,trainingSamples,raw_data/EMG-EPN612/testingJSON/user25/user25.json,idx_63
open,trainingSamples,raw_data/EMG-EPN612/testingJSON/user25/user25.json,idx_64
open,trainingSamples,raw_data/EMG-EPN612/testingJSON/user25/user25.json,idx_65
open,trainingSamples,raw_data/EMG-EPN612/testingJSON/user25/user25.json,idx_66
open,trainingSamples,raw_data/EMG-EPN612/testingJSON/user25/user25.json,idx_67
open,trainingSamples,raw_data/EMG-EPN612/testingJSON/user25/user25.json,idx_68
open,trainingSamples,raw_data/EMG-EPN612/testingJSON/user25/user25.json,idx_69
open,trainingSamples,raw_data/EMG-EPN612/testingJSON/user25/user25.json,idx_70
open,trainingSamples,raw_data/EMG-EPN612/testingJSON/user25/user25.json,idx_71
open,trainingSamples,raw_data/EMG-EPN612/testingJSON/user25/user25.json,idx_72
open,trainingSamples,raw_data/EMG-EPN612/testingJSON/user25/user25.json,idx_73
open,trainingSamples,raw_data/EMG-EPN612/testingJSON/user25/user25.json,idx_74
open,trainingSamples,raw_data/EMG-EPN612/testingJSON/user25/user25.json,idx_75
pinch,trainingSamples,raw_data/EMG-EPN612/testingJSON/user25/user25.json,idx_76
pinch,trainingSamples,raw_data/EMG-EPN612/testingJSON/user25/user25.json,idx_77
pinch,trainingSamples,raw_data/EMG-EPN612/testingJSON/user25/user25.json,idx_78
pinch,trainingSamples,raw_data/EMG-EPN612/testingJSON/user25/user25.json,idx_79
pinch,trainingSamples,raw_data/EMG-EPN612/testingJSON/user25/user25.json,idx_80
pinch,trainingSamples,raw_data/EMG-EPN612/testingJSON/user25/user25.json,idx_81
pinch,trainingSamples,raw_data/EMG-EPN612/testingJSON/user25/user25.json,idx_82
pinch,trainingSamples,raw_data/EMG-EPN612/testingJSON/user25/user25.json,idx_83
pinch,trainingSamples,raw_data/EMG-EPN612/testingJSON/user25/user25.json,idx_84
pinch,trainingSamples,raw_data/EMG-EPN612/testingJSON/user25/user25.json,idx_85
pinch,trainingSamples,raw_data/EMG-EPN612/testingJSON/user25/user25.json,idx_86
pinch,trainingSamples,raw_data/EMG-EPN612/testingJSON/user25/user25.json,idx_87
pinch,trainingSamples,raw_data/EMG-EPN612/testingJSON/user25/user25.json,idx_88
pinch,trainingSamples,raw_data/EMG-EPN612/testingJSON/user25/user25.json,idx_89
pinch,trainingSamples,raw_data/EMG-EPN612/testingJSON/user25/user25.json,idx_90
pinch,trainingSamples,raw_data/EMG-EPN612/testingJSON/user25/user25.json,idx_91
pinch,trainingSamples,raw_data/EMG-EPN612/testingJSON/user25/user25.json,idx_92
pinch,trainingSamples,raw_data/EMG-EPN612/testingJSON/user25/user25.json,idx_93
pinch,trainingSamples,raw_data/EMG-EPN612/testingJSON/user25/user25.json,idx_94
pinch,trainingSamples,raw_data/EMG-EPN612/testingJSON/user25/user25.json,idx_95
pinch,trainingSamples,raw_data/EMG-EPN612/testingJSON/user25/user25.json,idx_96
pinch,trainingSamples,raw_data/EMG-EPN612/testingJSON/user25/user25.json,idx_97
pinch,trainingSamples,raw_data/EMG-EPN612/testingJSON/user25/user25.json,idx_98
pinch,trainingSamples,raw_data/EMG-EPN612/testingJSON/user25/user25.json,idx_99
pinch,trainingSamples,raw_data/EMG-EPN612/testingJSON/user25/user25.json,idx_100
waveOut,trainingSamples,raw_data/EMG-EPN612/testingJSON/user25/user25.json,idx_101
waveOut,trainingSamples,raw_data/EMG-EPN612/testingJSON/user25/user25.json,idx_102
waveOut,trainingSamples,raw_data/EMG-EPN612/testingJSON/user25/user25.json,idx_103
waveOut,trainingSamples,raw_data/EMG-EPN612/testingJSON/user25/user25.json,idx_104
waveOut,trainingSamples,raw_data/EMG-EPN612/testingJSON/user25/user25.json,idx_105
waveOut,trainingSamples,raw_data/EMG-EPN612/testingJSON/user25/user25.json,idx_106
waveOut,trainingSamples,raw_data/EMG-EPN612/testingJSON/user25/user25.json,idx_107
waveOut,trainingSamples,raw_data/EMG-EPN612/testingJSON/user25/user25.json,idx_108
waveOut,trainingSamples,raw_data/EMG-EPN612/testingJSON/user25/user25.json,idx_109
waveOut,trainingSamples,raw_data/EMG-EPN612/testingJSON/user25/user25.json,idx_110
waveOut,trainingSamples,raw_data/EMG-EPN612/testingJSON/user25/user25.json,idx_111
waveOut,trainingSamples,raw_data/EMG-EPN612/testingJSON/user25/user25.json,idx_112
waveOut,trainingSamples,raw_data/EMG-EPN612/testingJSON/user25/user25.json,idx_113
waveOut,trainingSamples,raw_data/EMG-EPN612/testingJSON/user25/user25.json,idx_114
waveOut,trainingSamples,raw_data/EMG-EPN612/testingJSON/user25/user25.json,idx_115
waveOut,trainingSamples,raw_data/EMG-EPN612/testingJSON/user25/user25.json,idx_116
waveOut,trainingSamples,raw_data/EMG-EPN612/testingJSON/user25/user25.json,idx_117
waveOut,trainingSamples,raw_data/EMG-EPN612/testingJSON/user25/user25.json,idx_118
waveOut,trainingSamples,raw_data/EMG-EPN612/testingJSON/user25/user25.json,idx_119
waveOut,trainingSamples,raw_data/EMG-EPN612/testingJSON/user25/user25.json,idx_120
waveOut,trainingSamples,raw_data/EMG-EPN612/testingJSON/user25/user25.json,idx_121
waveOut,trainingSamples,raw_data/EMG-EPN612/testingJSON/user25/user25.json,idx_122
waveOut,trainingSamples,raw_data/EMG-EPN612/testingJSON/user25/user25.json,idx_123
waveOut,trainingSamples,raw_data/EMG-EPN612/testingJSON/user25/user25.json,idx_124
waveOut,trainingSamples,raw_data/EMG-EPN612/testingJSON/user25/user25.json,idx_125
waveIn,trainingSamples,raw_data/EMG-EPN612/testingJSON/user25/user25.json,idx_126
waveIn,trainingSamples,raw_data/EMG-EPN612/testingJSON/user25/user25.json,idx_127
waveIn,trainingSamples,raw_data/EMG-EPN612/testingJSON/user25/user25.json,idx_128
waveIn,trainingSamples,raw_data/EMG-EPN612/testingJSON/user25/user25.json,idx_129
waveIn,trainingSamples,raw_data/EMG-EPN612/testingJSON/user25/user25.json,idx_130
waveIn,trainingSamples,raw_data/EMG-EPN612/testingJSON/user25/user25.json,idx_131
waveIn,trainingSamples,raw_data/EMG-EPN612/testingJSON/user25/user25.json,idx_132
waveIn,trainingSamples,raw_data/EMG-EPN612/testingJSON/user25/user25.json,idx_133
waveIn,trainingSamples,raw_data/EMG-EPN612/testingJSON/user25/user25.json,idx_134
waveIn,trainingSamples,raw_data/EMG-EPN612/testingJSON/user25/user25.json,idx_135
waveIn,trainingSamples,raw_data/EMG-EPN612/testingJSON/user25/user25.json,idx_136
waveIn,trainingSamples,raw_data/EMG-EPN612/testingJSON/user25/user25.json,idx_137
waveIn,trainingSamples,raw_data/EMG-EPN612/testingJSON/user25/user25.json,idx_138
waveIn,trainingSamples,raw_data/EMG-EPN612/testingJSON/user25/user25.json,idx_139
waveIn,trainingSamples,raw_data/EMG-EPN612/testingJSON/user25/user25.json,idx_140
waveIn,trainingSamples,raw_data/EMG-EPN612/testingJSON/user25/user25.json,idx_141
waveIn,trainingSamples,raw_data/EMG-EPN612/testingJSON/user25/user25.json,idx_142
waveIn,trainingSamples,raw_data/EMG-EPN612/testingJSON/user25/user25.json,idx_143
waveIn,trainingSamples,raw_data/EMG-EPN612/testingJSON/user25/user25.json,idx_144
waveIn,trainingSamples,raw_data/EMG-EPN612/testingJSON/user25/user25.json,idx_145
waveIn,trainingSamples,raw_data/EMG-EPN612/testingJSON/user25/user25.json,idx_146
waveIn,trainingSamples,raw_data/EMG-EPN612/testingJSON/user25/user25.json,idx_147
waveIn,trainingSamples,raw_data/EMG-EPN612/testingJSON/user25/user25.json,idx_148
waveIn,trainingSamples,raw_data/EMG-EPN612/testingJSON/user25/user25.json,idx_149
waveIn,trainingSamples,raw_data/EMG-EPN612/testingJSON/user25/user25.json,idx_150
noGesture,trainingSamples,raw_data/EMG-EPN612/testingJSON/user250/user250.json,idx_1
noGesture,trainingSamples,raw_data/EMG-EPN612/testingJSON/user250/user250.json,idx_2
noGesture,trainingSamples,raw_data/EMG-EPN612/testingJSON/user250/user250.json,idx_3
noGesture,trainingSamples,raw_data/EMG-EPN612/testingJSON/user250/user250.json,idx_4
noGesture,trainingSamples,raw_data/EMG-EPN612/testingJSON/user250/user250.json,idx_5
noGesture,trainingSamples,raw_data/EMG-EPN612/testingJSON/user250/user250.json,idx_6
noGesture,trainingSamples,raw_data/EMG-EPN612/testingJSON/user250/user250.json,idx_7
noGesture,trainingSamples,raw_data/EMG-EPN612/testingJSON/user250/user250.json,idx_8
noGesture,trainingSamples,raw_data/EMG-EPN612/testingJSON/user250/user250.json,idx_9
noGesture,trainingSamples,raw_data/EMG-EPN612/testingJSON/user250/user250.json,idx_10
noGesture,trainingSamples,raw_data/EMG-EPN612/testingJSON/user250/user250.json,idx_11
noGesture,trainingSamples,raw_data/EMG-EPN612/testingJSON/user250/user250.json,idx_12
noGesture,trainingSamples,raw_data/EMG-EPN612/testingJSON/user250/user250.json,idx_13
noGesture,trainingSamples,raw_data/EMG-EPN612/testingJSON/user250/user250.json,idx_14
noGesture,trainingSamples,raw_data/EMG-EPN612/testingJSON/user250/user250.json,idx_15
noGesture,trainingSamples,raw_data/EMG-EPN612/testingJSON/user250/user250.json,idx_16
noGesture,trainingSamples,raw_data/EMG-EPN612/testingJSON/user250/user250.json,idx_17
noGesture,trainingSamples,raw_data/EMG-EPN612/testingJSON/user250/user250.json,idx_18
noGesture,trainingSamples,raw_data/EMG-EPN612/testingJSON/user250/user250.json,idx_19
noGesture,trainingSamples,raw_data/EMG-EPN612/testingJSON/user250/user250.json,idx_20
noGesture,trainingSamples,raw_data/EMG-EPN612/testingJSON/user250/user250.json,idx_21
noGesture,trainingSamples,raw_data/EMG-EPN612/testingJSON/user250/user250.json,idx_22
noGesture,trainingSamples,raw_data/EMG-EPN612/testingJSON/user250/user250.json,idx_23
noGesture,trainingSamples,raw_data/EMG-EPN612/testingJSON/user250/user250.json,idx_24
noGesture,trainingSamples,raw_data/EMG-EPN612/testingJSON/user250/user250.json,idx_25
waveOut,trainingSamples,raw_data/EMG-EPN612/testingJSON/user250/user250.json,idx_26
waveOut,trainingSamples,raw_data/EMG-EPN612/testingJSON/user250/user250.json,idx_27
waveOut,trainingSamples,raw_data/EMG-EPN612/testingJSON/user250/user250.json,idx_28
waveOut,trainingSamples,raw_data/EMG-EPN612/testingJSON/user250/user250.json,idx_29
waveOut,trainingSamples,raw_data/EMG-EPN612/testingJSON/user250/user250.json,idx_30
waveOut,trainingSamples,raw_data/EMG-EPN612/testingJSON/user250/user250.json,idx_31
waveOut,trainingSamples,raw_data/EMG-EPN612/testingJSON/user250/user250.json,idx_32
waveOut,trainingSamples,raw_data/EMG-EPN612/testingJSON/user250/user250.json,idx_33
waveOut,trainingSamples,raw_data/EMG-EPN612/testingJSON/user250/user250.json,idx_34
waveOut,trainingSamples,raw_data/EMG-EPN612/testingJSON/user250/user250.json,idx_35
waveOut,trainingSamples,raw_data/EMG-EPN612/testingJSON/user250/user250.json,idx_36
waveOut,trainingSamples,raw_data/EMG-EPN612/testingJSON/user250/user250.json,idx_37
waveOut,trainingSamples,raw_data/EMG-EPN612/testingJSON/user250/user250.json,idx_38
waveOut,trainingSamples,raw_data/EMG-EPN612/testingJSON/user250/user250.json,idx_39
waveOut,trainingSamples,raw_data/EMG-EPN612/testingJSON/user250/user250.json,idx_40
waveOut,trainingSamples,raw_data/EMG-EPN612/testingJSON/user250/user250.json,idx_41
waveOut,trainingSamples,raw_data/EMG-EPN612/testingJSON/user250/user250.json,idx_42
waveOut,trainingSamples,raw_data/EMG-EPN612/testingJSON/user250/user250.json,idx_43
waveOut,trainingSamples,raw_data/EMG-EPN612/testingJSON/user250/user250.json,idx_44
waveOut,trainingSamples,raw_data/EMG-EPN612/testingJSON/user250/user250.json,idx_45
waveOut,trainingSamples,raw_data/EMG-EPN612/testingJSON/user250/user250.json,idx_46
waveOut,trainingSamples,raw_data/EMG-EPN612/testingJSON/user250/user250.json,idx_47
waveOut,trainingSamples,raw_data/EMG-EPN612/testingJSON/user250/user250.json,idx_48
waveOut,trainingSamples,raw_data/EMG-EPN612/testingJSON/user250/user250.json,idx_49
waveOut,trainingSamples,raw_data/EMG-EPN612/testingJSON/user250/user250.json,idx_50
pinch,trainingSamples,raw_data/EMG-EPN612/testingJSON/user250/user250.json,idx_51
pinch,trainingSamples,raw_data/EMG-EPN612/testingJSON/user250/user250.json,idx_52
pinch,trainingSamples,raw_data/EMG-EPN612/testingJSON/user250/user250.json,idx_53
pinch,trainingSamples,raw_data/EMG-EPN612/testingJSON/user250/user250.json,idx_54
pinch,trainingSamples,raw_data/EMG-EPN612/testingJSON/user250/user250.json,idx_55
pinch,trainingSamples,raw_data/EMG-EPN612/testingJSON/user250/user250.json,idx_56
pinch,trainingSamples,raw_data/EMG-EPN612/testingJSON/user250/user250.json,idx_57
pinch,trainingSamples,raw_data/EMG-EPN612/testingJSON/user250/user250.json,idx_58
pinch,trainingSamples,raw_data/EMG-EPN612/testingJSON/user250/user250.json,idx_59
pinch,trainingSamples,raw_data/EMG-EPN612/testingJSON/user250/user250.json,idx_60
pinch,trainingSamples,raw_data/EMG-EPN612/testingJSON/user250/user250.json,idx_61
pinch,trainingSamples,raw_data/EMG-EPN612/testingJSON/user250/user250.json,idx_62
pinch,trainingSamples,raw_data/EMG-EPN612/testingJSON/user250/user250.json,idx_63
pinch,trainingSamples,raw_data/EMG-EPN612/testingJSON/user250/user250.json,idx_64
pinch,trainingSamples,raw_data/EMG-EPN612/testingJSON/user250/user250.json,idx_65
pinch,trainingSamples,raw_data/EMG-EPN612/testingJSON/user250/user250.json,idx_66
pinch,trainingSamples,raw_data/EMG-EPN612/testingJSON/user250/user250.json,idx_67
pinch,trainingSamples,raw_data/EMG-EPN612/testingJSON/user250/user250.json,idx_68
pinch,trainingSamples,raw_data/EMG-EPN612/testingJSON/user250/user250.json,idx_69
pinch,trainingSamples,raw_data/EMG-EPN612/testingJSON/user250/user250.json,idx_70
pinch,trainingSamples,raw_data/EMG-EPN612/testingJSON/user250/user250.json,idx_71
pinch,trainingSamples,raw_data/EMG-EPN612/testingJSON/user250/user250.json,idx_72
pinch,trainingSamples,raw_data/EMG-EPN612/testingJSON/user250/user250.json,idx_73
pinch,trainingSamples,raw_data/EMG-EPN612/testingJSON/user250/user250.json,idx_74
pinch,trainingSamples,raw_data/EMG-EPN612/testingJSON/user250/user250.json,idx_75
fist,trainingSamples,raw_data/EMG-EPN612/testingJSON/user250/user250.json,idx_76
fist,trainingSamples,raw_data/EMG-EPN612/testingJSON/user250/user250.json,idx_77
fist,trainingSamples,raw_data/EMG-EPN612/testingJSON/user250/user250.json,idx_78
fist,trainingSamples,raw_data/EMG-EPN612/testingJSON/user250/user250.json,idx_79
fist,trainingSamples,raw_data/EMG-EPN612/testingJSON/user250/user250.json,idx_80
fist,trainingSamples,raw_data/EMG-EPN612/testingJSON/user250/user250.json,idx_81
fist,trainingSamples,raw_data/EMG-EPN612/testingJSON/user250/user250.json,idx_82
fist,trainingSamples,raw_data/EMG-EPN612/testingJSON/user250/user250.json,idx_83
fist,trainingSamples,raw_data/EMG-EPN612/testingJSON/user250/user250.json,idx_84
fist,trainingSamples,raw_data/EMG-EPN612/testingJSON/user250/user250.json,idx_85
fist,trainingSamples,raw_data/EMG-EPN612/testingJSON/user250/user250.json,idx_86
fist,trainingSamples,raw_data/EMG-EPN612/testingJSON/user250/user250.json,idx_87
fist,trainingSamples,raw_data/EMG-EPN612/testingJSON/user250/user250.json,idx_88
fist,trainingSamples,raw_data/EMG-EPN612/testingJSON/user250/user250.json,idx_89
fist,trainingSamples,raw_data/EMG-EPN612/testingJSON/user250/user250.json,idx_90
fist,trainingSamples,raw_data/EMG-EPN612/testingJSON/user250/user250.json,idx_91
fist,trainingSamples,raw_data/EMG-EPN612/testingJSON/user250/user250.json,idx_92
fist,trainingSamples,raw_data/EMG-EPN612/testingJSON/user250/user250.json,idx_93
fist,trainingSamples,raw_data/EMG-EPN612/testingJSON/user250/user250.json,idx_94
fist,trainingSamples,raw_data/EMG-EPN612/testingJSON/user250/user250.json,idx_95
fist,trainingSamples,raw_data/EMG-EPN612/testingJSON/user250/user250.json,idx_96
fist,trainingSamples,raw_data/EMG-EPN612/testingJSON/user250/user250.json,idx_97
fist,trainingSamples,raw_data/EMG-EPN612/testingJSON/user250/user250.json,idx_98
fist,trainingSamples,raw_data/EMG-EPN612/testingJSON/user250/user250.json,idx_99
fist,trainingSamples,raw_data/EMG-EPN612/testingJSON/user250/user250.json,idx_100
waveIn,trainingSamples,raw_data/EMG-EPN612/testingJSON/user250/user250.json,idx_101
waveIn,trainingSamples,raw_data/EMG-EPN612/testingJSON/user250/user250.json,idx_102
waveIn,trainingSamples,raw_data/EMG-EPN612/testingJSON/user250/user250.json,idx_103
waveIn,trainingSamples,raw_data/EMG-EPN612/testingJSON/user250/user250.json,idx_104
waveIn,trainingSamples,raw_data/EMG-EPN612/testingJSON/user250/user250.json,idx_105
waveIn,trainingSamples,raw_data/EMG-EPN612/testingJSON/user250/user250.json,idx_106
waveIn,trainingSamples,raw_data/EMG-EPN612/testingJSON/user250/user250.json,idx_107
waveIn,trainingSamples,raw_data/EMG-EPN612/testingJSON/user250/user250.json,idx_108
waveIn,trainingSamples,raw_data/EMG-EPN612/testingJSON/user250/user250.json,idx_109
waveIn,trainingSamples,raw_data/EMG-EPN612/testingJSON/user250/user250.json,idx_110
waveIn,trainingSamples,raw_data/EMG-EPN612/testingJSON/user250/user250.json,idx_111
waveIn,trainingSamples,raw_data/EMG-EPN612/testingJSON/user250/user250.json,idx_112
waveIn,trainingSamples,raw_data/EMG-EPN612/testingJSON/user250/user250.json,idx_113
waveIn,trainingSamples,raw_data/EMG-EPN612/testingJSON/user250/user250.json,idx_114
waveIn,trainingSamples,raw_data/EMG-EPN612/testingJSON/user250/user250.json,idx_115
waveIn,trainingSamples,raw_data/EMG-EPN612/testingJSON/user250/user250.json,idx_116
waveIn,trainingSamples,raw_data/EMG-EPN612/testingJSON/user250/user250.json,idx_117
waveIn,trainingSamples,raw_data/EMG-EPN612/testingJSON/user250/user250.json,idx_118
waveIn,trainingSamples,raw_data/EMG-EPN612/testingJSON/user250/user250.json,idx_119
waveIn,trainingSamples,raw_data/EMG-EPN612/testingJSON/user250/user250.json,idx_120
waveIn,trainingSamples,raw_data/EMG-EPN612/testingJSON/user250/user250.json,idx_121
waveIn,trainingSamples,raw_data/EMG-EPN612/testingJSON/user250/user250.json,idx_122
waveIn,trainingSamples,raw_data/EMG-EPN612/testingJSON/user250/user250.json,idx_123
waveIn,trainingSamples,raw_data/EMG-EPN612/testingJSON/user250/user250.json,idx_124
waveIn,trainingSamples,raw_data/EMG-EPN612/testingJSON/user250/user250.json,idx_125
open,trainingSamples,raw_data/EMG-EPN612/testingJSON/user250/user250.json,idx_126
open,trainingSamples,raw_data/EMG-EPN612/testingJSON/user250/user250.json,idx_127
open,trainingSamples,raw_data/EMG-EPN612/testingJSON/user250/user250.json,idx_128
open,trainingSamples,raw_data/EMG-EPN612/testingJSON/user250/user250.json,idx_129
open,trainingSamples,raw_data/EMG-EPN612/testingJSON/user250/user250.json,idx_130
open,trainingSamples,raw_data/EMG-EPN612/testingJSON/user250/user250.json,idx_131
open,trainingSamples,raw_data/EMG-EPN612/testingJSON/user250/user250.json,idx_132
open,trainingSamples,raw_data/EMG-EPN612/testingJSON/user250/user250.json,idx_133
open,trainingSamples,raw_data/EMG-EPN612/testingJSON/user250/user250.json,idx_134
open,trainingSamples,raw_data/EMG-EPN612/testingJSON/user250/user250.json,idx_135
open,trainingSamples,raw_data/EMG-EPN612/testingJSON/user250/user250.json,idx_136
open,trainingSamples,raw_data/EMG-EPN612/testingJSON/user250/user250.json,idx_137
open,trainingSamples,raw_data/EMG-EPN612/testingJSON/user250/user250.json,idx_138
open,trainingSamples,raw_data/EMG-EPN612/testingJSON/user250/user250.json,idx_139
open,trainingSamples,raw_data/EMG-EPN612/testingJSON/user250/user250.json,idx_140
open,trainingSamples,raw_data/EMG-EPN612/testingJSON/user250/user250.json,idx_141
open,trainingSamples,raw_data/EMG-EPN612/testingJSON/user250/user250.json,idx_142
open,trainingSamples,raw_data/EMG-EPN612/testingJSON/user250/user250.json,idx_143
open,trainingSamples,raw_data/EMG-EPN612/testingJSON/user250/user250.json,idx_144
open,trainingSamples,raw_data/EMG-EPN612/testingJSON/user250/user250.json,idx_145
open,trainingSamples,raw_data/EMG-EPN612/testingJSON/user250/user250.json,idx_146
open,trainingSamples,raw_data/EMG-EPN612/testingJSON/user250/user250.json,idx_147
open,trainingSamples,raw_data/EMG-EPN612/testingJSON/user250/user250.json,idx_148
open,trainingSamples,raw_data/EMG-EPN612/testingJSON/user250/user250.json,idx_149
open,trainingSamples,raw_data/EMG-EPN612/testingJSON/user250/user250.json,idx_150
noGesture,trainingSamples,raw_data/EMG-EPN612/testingJSON/user251/user251.json,idx_1
noGesture,trainingSamples,raw_data/EMG-EPN612/testingJSON/user251/user251.json,idx_2
noGesture,trainingSamples,raw_data/EMG-EPN612/testingJSON/user251/user251.json,idx_3
noGesture,trainingSamples,raw_data/EMG-EPN612/testingJSON/user251/user251.json,idx_4
noGesture,trainingSamples,raw_data/EMG-EPN612/testingJSON/user251/user251.json,idx_5
noGesture,trainingSamples,raw_data/EMG-EPN612/testingJSON/user251/user251.json,idx_6
noGesture,trainingSamples,raw_data/EMG-EPN612/testingJSON/user251/user251.json,idx_7
noGesture,trainingSamples,raw_data/EMG-EPN612/testingJSON/user251/user251.json,idx_8
noGesture,trainingSamples,raw_data/EMG-EPN612/testingJSON/user251/user251.json,idx_9
noGesture,trainingSamples,raw_data/EMG-EPN612/testingJSON/user251/user251.json,idx_10
noGesture,trainingSamples,raw_data/EMG-EPN612/testingJSON/user251/user251.json,idx_11
noGesture,trainingSamples,raw_data/EMG-EPN612/testingJSON/user251/user251.json,idx_12
noGesture,trainingSamples,raw_data/EMG-EPN612/testingJSON/user251/user251.json,idx_13
noGesture,trainingSamples,raw_data/EMG-EPN612/testingJSON/user251/user251.json,idx_14
noGesture,trainingSamples,raw_data/EMG-EPN612/testingJSON/user251/user251.json,idx_15
noGesture,trainingSamples,raw_data/EMG-EPN612/testingJSON/user251/user251.json,idx_16
noGesture,trainingSamples,raw_data/EMG-EPN612/testingJSON/user251/user251.json,idx_17
noGesture,trainingSamples,raw_data/EMG-EPN612/testingJSON/user251/user251.json,idx_18
noGesture,trainingSamples,raw_data/EMG-EPN612/testingJSON/user251/user251.json,idx_19
noGesture,trainingSamples,raw_data/EMG-EPN612/testingJSON/user251/user251.json,idx_20
noGesture,trainingSamples,raw_data/EMG-EPN612/testingJSON/user251/user251.json,idx_21
noGesture,trainingSamples,raw_data/EMG-EPN612/testingJSON/user251/user251.json,idx_22
noGesture,trainingSamples,raw_data/EMG-EPN612/testingJSON/user251/user251.json,idx_23
noGesture,trainingSamples,raw_data/EMG-EPN612/testingJSON/user251/user251.json,idx_24
noGesture,trainingSamples,raw_data/EMG-EPN612/testingJSON/user251/user251.json,idx_25
fist,trainingSamples,raw_data/EMG-EPN612/testingJSON/user251/user251.json,idx_26
fist,trainingSamples,raw_data/EMG-EPN612/testingJSON/user251/user251.json,idx_27
fist,trainingSamples,raw_data/EMG-EPN612/testingJSON/user251/user251.json,idx_28
fist,trainingSamples,raw_data/EMG-EPN612/testingJSON/user251/user251.json,idx_29
fist,trainingSamples,raw_data/EMG-EPN612/testingJSON/user251/user251.json,idx_30
fist,trainingSamples,raw_data/EMG-EPN612/testingJSON/user251/user251.json,idx_31
fist,trainingSamples,raw_data/EMG-EPN612/testingJSON/user251/user251.json,idx_32
fist,trainingSamples,raw_data/EMG-EPN612/testingJSON/user251/user251.json,idx_33
fist,trainingSamples,raw_data/EMG-EPN612/testingJSON/user251/user251.json,idx_34
fist,trainingSamples,raw_data/EMG-EPN612/testingJSON/user251/user251.json,idx_35
fist,trainingSamples,raw_data/EMG-EPN612/testingJSON/user251/user251.json,idx_36
fist,trainingSamples,raw_data/EMG-EPN612/testingJSON/user251/user251.json,idx_37
fist,trainingSamples,raw_data/EMG-EPN612/testingJSON/user251/user251.json,idx_38
fist,trainingSamples,raw_data/EMG-EPN612/testingJSON/user251/user251.json,idx_39
fist,trainingSamples,raw_data/EMG-EPN612/testingJSON/user251/user251.json,idx_40
fist,trainingSamples,raw_data/EMG-EPN612/testingJSON/user251/user251.json,idx_41
fist,trainingSamples,raw_data/EMG-EPN612/testingJSON/user251/user251.json,idx_42
fist,trainingSamples,raw_data/EMG-EPN612/testingJSON/user251/user251.json,idx_43
fist,trainingSamples,raw_data/EMG-EPN612/testingJSON/user251/user251.json,idx_44
fist,trainingSamples,raw_data/EMG-EPN612/testingJSON/user251/user251.json,idx_45
fist,trainingSamples,raw_data/EMG-EPN612/testingJSON/user251/user251.json,idx_46
fist,trainingSamples,raw_data/EMG-EPN612/testingJSON/user251/user251.json,idx_47
fist,trainingSamples,raw_data/EMG-EPN612/testingJSON/user251/user251.json,idx_48
fist,trainingSamples,raw_data/EMG-EPN612/testingJSON/user251/user251.json,idx_49
fist,trainingSamples,raw_data/EMG-EPN612/testingJSON/user251/user251.json,idx_50
open,trainingSamples,raw_data/EMG-EPN612/testingJSON/user251/user251.json,idx_51
open,trainingSamples,raw_data/EMG-EPN612/testingJSON/user251/user251.json,idx_52
open,trainingSamples,raw_data/EMG-EPN612/testingJSON/user251/user251.json,idx_53
open,trainingSamples,raw_data/EMG-EPN612/testingJSON/user251/user251.json,idx_54
open,trainingSamples,raw_data/EMG-EPN612/testingJSON/user251/user251.json,idx_55
open,trainingSamples,raw_data/EMG-EPN612/testingJSON/user251/user251.json,idx_56
open,trainingSamples,raw_data/EMG-EPN612/testingJSON/user251/user251.json,idx_57
open,trainingSamples,raw_data/EMG-EPN612/testingJSON/user251/user251.json,idx_58
open,trainingSamples,raw_data/EMG-EPN612/testingJSON/user251/user251.json,idx_59
open,trainingSamples,raw_data/EMG-EPN612/testingJSON/user251/user251.json,idx_60
open,trainingSamples,raw_data/EMG-EPN612/testingJSON/user251/user251.json,idx_61
open,trainingSamples,raw_data/EMG-EPN612/testingJSON/user251/user251.json,idx_62
open,trainingSamples,raw_data/EMG-EPN612/testingJSON/user251/user251.json,idx_63
open,trainingSamples,raw_data/EMG-EPN612/testingJSON/user251/user251.json,idx_64
open,trainingSamples,raw_data/EMG-EPN612/testingJSON/user251/user251.json,idx_65
open,trainingSamples,raw_data/EMG-EPN612/testingJSON/user251/user251.json,idx_66
open,trainingSamples,raw_data/EMG-EPN612/testingJSON/user251/user251.json,idx_67
open,trainingSamples,raw_data/EMG-EPN612/testingJSON/user251/user251.json,idx_68
open,trainingSamples,raw_data/EMG-EPN612/testingJSON/user251/user251.json,idx_69
open,trainingSamples,raw_data/EMG-EPN612/testingJSON/user251/user251.json,idx_70
open,trainingSamples,raw_data/EMG-EPN612/testingJSON/user251/user251.json,idx_71
open,trainingSamples,raw_data/EMG-EPN612/testingJSON/user251/user251.json,idx_72
open,trainingSamples,raw_data/EMG-EPN612/testingJSON/user251/user251.json,idx_73
open,trainingSamples,raw_data/EMG-EPN612/testingJSON/user251/user251.json,idx_74
open,trainingSamples,raw_data/EMG-EPN612/testingJSON/user251/user251.json,idx_75
pinch,trainingSamples,raw_data/EMG-EPN612/testingJSON/user251/user251.json,idx_76
pinch,trainingSamples,raw_data/EMG-EPN612/testingJSON/user251/user251.json,idx_77
pinch,trainingSamples,raw_data/EMG-EPN612/testingJSON/user251/user251.json,idx_78
pinch,trainingSamples,raw_data/EMG-EPN612/testingJSON/user251/user251.json,idx_79
pinch,trainingSamples,raw_data/EMG-EPN612/testingJSON/user251/user251.json,idx_80
pinch,trainingSamples,raw_data/EMG-EPN612/testingJSON/user251/user251.json,idx_81
pinch,trainingSamples,raw_data/EMG-EPN612/testingJSON/user251/user251.json,idx_82
pinch,trainingSamples,raw_data/EMG-EPN612/testingJSON/user251/user251.json,idx_83
pinch,trainingSamples,raw_data/EMG-EPN612/testingJSON/user251/user251.json,idx_84
pinch,trainingSamples,raw_data/EMG-EPN612/testingJSON/user251/user251.json,idx_85
pinch,trainingSamples,raw_data/EMG-EPN612/testingJSON/user251/user251.json,idx_86
pinch,trainingSamples,raw_data/EMG-EPN612/testingJSON/user251/user251.json,idx_87
pinch,trainingSamples,raw_data/EMG-EPN612/testingJSON/user251/user251.json,idx_88
pinch,trainingSamples,raw_data/EMG-EPN612/testingJSON/user251/user251.json,idx_89
pinch,trainingSamples,raw_data/EMG-EPN612/testingJSON/user251/user251.json,idx_90
pinch,trainingSamples,raw_data/EMG-EPN612/testingJSON/user251/user251.json,idx_91
pinch,trainingSamples,raw_data/EMG-EPN612/testingJSON/user251/user251.json,idx_92
pinch,trainingSamples,raw_data/EMG-EPN612/testingJSON/user251/user251.json,idx_93
pinch,trainingSamples,raw_data/EMG-EPN612/testingJSON/user251/user251.json,idx_94
pinch,trainingSamples,raw_data/EMG-EPN612/testingJSON/user251/user251.json,idx_95
pinch,trainingSamples,raw_data/EMG-EPN612/testingJSON/user251/user251.json,idx_96
pinch,trainingSamples,raw_data/EMG-EPN612/testingJSON/user251/user251.json,idx_97
pinch,trainingSamples,raw_data/EMG-EPN612/testingJSON/user251/user251.json,idx_98
pinch,trainingSamples,raw_data/EMG-EPN612/testingJSON/user251/user251.json,idx_99
pinch,trainingSamples,raw_data/EMG-EPN612/testingJSON/user251/user251.json,idx_100
waveOut,trainingSamples,raw_data/EMG-EPN612/testingJSON/user251/user251.json,idx_101
waveOut,trainingSamples,raw_data/EMG-EPN612/testingJSON/user251/user251.json,idx_102
waveOut,trainingSamples,raw_data/EMG-EPN612/testingJSON/user251/user251.json,idx_103
waveOut,trainingSamples,raw_data/EMG-EPN612/testingJSON/user251/user251.json,idx_104
waveOut,trainingSamples,raw_data/EMG-EPN612/testingJSON/user251/user251.json,idx_105
waveOut,trainingSamples,raw_data/EMG-EPN612/testingJSON/user251/user251.json,idx_106
waveOut,trainingSamples,raw_data/EMG-EPN612/testingJSON/user251/user251.json,idx_107
waveOut,trainingSamples,raw_data/EMG-EPN612/testingJSON/user251/user251.json,idx_108
waveOut,trainingSamples,raw_data/EMG-EPN612/testingJSON/user251/user251.json,idx_109
waveOut,trainingSamples,raw_data/EMG-EPN612/testingJSON/user251/user251.json,idx_110
waveOut,trainingSamples,raw_data/EMG-EPN612/testingJSON/user251/user251.json,idx_111
waveOut,trainingSamples,raw_data/EMG-EPN612/testingJSON/user251/user251.json,idx_112
waveOut,trainingSamples,raw_data/EMG-EPN612/testingJSON/user251/user251.json,idx_113
waveOut,trainingSamples,raw_data/EMG-EPN612/testingJSON/user251/user251.json,idx_114
waveOut,trainingSamples,raw_data/EMG-EPN612/testingJSON/user251/user251.json,idx_115
waveOut,trainingSamples,raw_data/EMG-EPN612/testingJSON/user251/user251.json,idx_116
waveOut,trainingSamples,raw_data/EMG-EPN612/testingJSON/user251/user251.json,idx_117
waveOut,trainingSamples,raw_data/EMG-EPN612/testingJSON/user251/user251.json,idx_118
waveOut,trainingSamples,raw_data/EMG-EPN612/testingJSON/user251/user251.json,idx_119
waveOut,trainingSamples,raw_data/EMG-EPN612/testingJSON/user251/user251.json,idx_120
waveOut,trainingSamples,raw_data/EMG-EPN612/testingJSON/user251/user251.json,idx_121
waveOut,trainingSamples,raw_data/EMG-EPN612/testingJSON/user251/user251.json,idx_122
waveOut,trainingSamples,raw_data/EMG-EPN612/testingJSON/user251/user251.json,idx_123
waveOut,trainingSamples,raw_data/EMG-EPN612/testingJSON/user251/user251.json,idx_124
waveOut,trainingSamples,raw_data/EMG-EPN612/testingJSON/user251/user251.json,idx_125
waveIn,trainingSamples,raw_data/EMG-EPN612/testingJSON/user251/user251.json,idx_126
waveIn,trainingSamples,raw_data/EMG-EPN612/testingJSON/user251/user251.json,idx_127
waveIn,trainingSamples,raw_data/EMG-EPN612/testingJSON/user251/user251.json,idx_128
waveIn,trainingSamples,raw_data/EMG-EPN612/testingJSON/user251/user251.json,idx_129
waveIn,trainingSamples,raw_data/EMG-EPN612/testingJSON/user251/user251.json,idx_130
waveIn,trainingSamples,raw_data/EMG-EPN612/testingJSON/user251/user251.json,idx_131
waveIn,trainingSamples,raw_data/EMG-EPN612/testingJSON/user251/user251.json,idx_132
waveIn,trainingSamples,raw_data/EMG-EPN612/testingJSON/user251/user251.json,idx_133
waveIn,trainingSamples,raw_data/EMG-EPN612/testingJSON/user251/user251.json,idx_134
waveIn,trainingSamples,raw_data/EMG-EPN612/testingJSON/user251/user251.json,idx_135
waveIn,trainingSamples,raw_data/EMG-EPN612/testingJSON/user251/user251.json,idx_136
waveIn,trainingSamples,raw_data/EMG-EPN612/testingJSON/user251/user251.json,idx_137
waveIn,trainingSamples,raw_data/EMG-EPN612/testingJSON/user251/user251.json,idx_138
waveIn,trainingSamples,raw_data/EMG-EPN612/testingJSON/user251/user251.json,idx_139
waveIn,trainingSamples,raw_data/EMG-EPN612/testingJSON/user251/user251.json,idx_140
waveIn,trainingSamples,raw_data/EMG-EPN612/testingJSON/user251/user251.json,idx_141
waveIn,trainingSamples,raw_data/EMG-EPN612/testingJSON/user251/user251.json,idx_142
waveIn,trainingSamples,raw_data/EMG-EPN612/testingJSON/user251/user251.json,idx_143
waveIn,trainingSamples,raw_data/EMG-EPN612/testingJSON/user251/user251.json,idx_144
waveIn,trainingSamples,raw_data/EMG-EPN612/testingJSON/user251/user251.json,idx_145
waveIn,trainingSamples,raw_data/EMG-EPN612/testingJSON/user251/user251.json,idx_146
waveIn,trainingSamples,raw_data/EMG-EPN612/testingJSON/user251/user251.json,idx_147
waveIn,trainingSamples,raw_data/EMG-EPN612/testingJSON/user251/user251.json,idx_148
waveIn,trainingSamples,raw_data/EMG-EPN612/testingJSON/user251/user251.json,idx_149
waveIn,trainingSamples,raw_data/EMG-EPN612/testingJSON/user251/user251.json,idx_150
noGesture,trainingSamples,raw_data/EMG-EPN612/testingJSON/user252/user252.json,idx_1
noGesture,trainingSamples,raw_data/EMG-EPN612/testingJSON/user252/user252.json,idx_2
noGesture,trainingSamples,raw_data/EMG-EPN612/testingJSON/user252/user252.json,idx_3
noGesture,trainingSamples,raw_data/EMG-EPN612/testingJSON/user252/user252.json,idx_4
noGesture,trainingSamples,raw_data/EMG-EPN612/testingJSON/user252/user252.json,idx_5
noGesture,trainingSamples,raw_data/EMG-EPN612/testingJSON/user252/user252.json,idx_6
noGesture,trainingSamples,raw_data/EMG-EPN612/testingJSON/user252/user252.json,idx_7
noGesture,trainingSamples,raw_data/EMG-EPN612/testingJSON/user252/user252.json,idx_8
noGesture,trainingSamples,raw_data/EMG-EPN612/testingJSON/user252/user252.json,idx_9
noGesture,trainingSamples,raw_data/EMG-EPN612/testingJSON/user252/user252.json,idx_10
noGesture,trainingSamples,raw_data/EMG-EPN612/testingJSON/user252/user252.json,idx_11
noGesture,trainingSamples,raw_data/EMG-EPN612/testingJSON/user252/user252.json,idx_12
noGesture,trainingSamples,raw_data/EMG-EPN612/testingJSON/user252/user252.json,idx_13
noGesture,trainingSamples,raw_data/EMG-EPN612/testingJSON/user252/user252.json,idx_14
noGesture,trainingSamples,raw_data/EMG-EPN612/testingJSON/user252/user252.json,idx_15
noGesture,trainingSamples,raw_data/EMG-EPN612/testingJSON/user252/user252.json,idx_16
noGesture,trainingSamples,raw_data/EMG-EPN612/testingJSON/user252/user252.json,idx_17
noGesture,trainingSamples,raw_data/EMG-EPN612/testingJSON/user252/user252.json,idx_18
noGesture,trainingSamples,raw_data/EMG-EPN612/testingJSON/user252/user252.json,idx_19
noGesture,trainingSamples,raw_data/EMG-EPN612/testingJSON/user252/user252.json,idx_20
noGesture,trainingSamples,raw_data/EMG-EPN612/testingJSON/user252/user252.json,idx_21
noGesture,trainingSamples,raw_data/EMG-EPN612/testingJSON/user252/user252.json,idx_22
noGesture,trainingSamples,raw_data/EMG-EPN612/testingJSON/user252/user252.json,idx_23
noGesture,trainingSamples,raw_data/EMG-EPN612/testingJSON/user252/user252.json,idx_24
noGesture,trainingSamples,raw_data/EMG-EPN612/testingJSON/user252/user252.json,idx_25
fist,trainingSamples,raw_data/EMG-EPN612/testingJSON/user252/user252.json,idx_26
fist,trainingSamples,raw_data/EMG-EPN612/testingJSON/user252/user252.json,idx_27
fist,trainingSamples,raw_data/EMG-EPN612/testingJSON/user252/user252.json,idx_28
fist,trainingSamples,raw_data/EMG-EPN612/testingJSON/user252/user252.json,idx_29
fist,trainingSamples,raw_data/EMG-EPN612/testingJSON/user252/user252.json,idx_30
fist,trainingSamples,raw_data/EMG-EPN612/testingJSON/user252/user252.json,idx_31
fist,trainingSamples,raw_data/EMG-EPN612/testingJSON/user252/user252.json,idx_32
fist,trainingSamples,raw_data/EMG-EPN612/testingJSON/user252/user252.json,idx_33
fist,trainingSamples,raw_data/EMG-EPN612/testingJSON/user252/user252.json,idx_34
fist,trainingSamples,raw_data/EMG-EPN612/testingJSON/user252/user252.json,idx_35
fist,trainingSamples,raw_data/EMG-EPN612/testingJSON/user252/user252.json,idx_36
fist,trainingSamples,raw_data/EMG-EPN612/testingJSON/user252/user252.json,idx_37
fist,trainingSamples,raw_data/EMG-EPN612/testingJSON/user252/user252.json,idx_38
fist,trainingSamples,raw_data/EMG-EPN612/testingJSON/user252/user252.json,idx_39
fist,trainingSamples,raw_data/EMG-EPN612/testingJSON/user252/user252.json,idx_40
fist,trainingSamples,raw_data/EMG-EPN612/testingJSON/user252/user252.json,idx_41
fist,trainingSamples,raw_data/EMG-EPN612/testingJSON/user252/user252.json,idx_42
fist,trainingSamples,raw_data/EMG-EPN612/testingJSON/user252/user252.json,idx_43
fist,trainingSamples,raw_data/EMG-EPN612/testingJSON/user252/user252.json,idx_44
fist,trainingSamples,raw_data/EMG-EPN612/testingJSON/user252/user252.json,idx_45
fist,trainingSamples,raw_data/EMG-EPN612/testingJSON/user252/user252.json,idx_46
fist,trainingSamples,raw_data/EMG-EPN612/testingJSON/user252/user252.json,idx_47
fist,trainingSamples,raw_data/EMG-EPN612/testingJSON/user252/user252.json,idx_48
fist,trainingSamples,raw_data/EMG-EPN612/testingJSON/user252/user252.json,idx_49
fist,trainingSamples,raw_data/EMG-EPN612/testingJSON/user252/user252.json,idx_50
open,trainingSamples,raw_data/EMG-EPN612/testingJSON/user252/user252.json,idx_51
open,trainingSamples,raw_data/EMG-EPN612/testingJSON/user252/user252.json,idx_52
open,trainingSamples,raw_data/EMG-EPN612/testingJSON/user252/user252.json,idx_53
open,trainingSamples,raw_data/EMG-EPN612/testingJSON/user252/user252.json,idx_54
open,trainingSamples,raw_data/EMG-EPN612/testingJSON/user252/user252.json,idx_55
open,trainingSamples,raw_data/EMG-EPN612/testingJSON/user252/user252.json,idx_56
open,trainingSamples,raw_data/EMG-EPN612/testingJSON/user252/user252.json,idx_57
open,trainingSamples,raw_data/EMG-EPN612/testingJSON/user252/user252.json,idx_58
open,trainingSamples,raw_data/EMG-EPN612/testingJSON/user252/user252.json,idx_59
open,trainingSamples,raw_data/EMG-EPN612/testingJSON/user252/user252.json,idx_60
open,trainingSamples,raw_data/EMG-EPN612/testingJSON/user252/user252.json,idx_61
open,trainingSamples,raw_data/EMG-EPN612/testingJSON/user252/user252.json,idx_62
open,trainingSamples,raw_data/EMG-EPN612/testingJSON/user252/user252.json,idx_63
open,trainingSamples,raw_data/EMG-EPN612/testingJSON/user252/user252.json,idx_64
open,trainingSamples,raw_data/EMG-EPN612/testingJSON/user252/user252.json,idx_65
open,trainingSamples,raw_data/EMG-EPN612/testingJSON/user252/user252.json,idx_66
open,trainingSamples,raw_data/EMG-EPN612/testingJSON/user252/user252.json,idx_67
open,trainingSamples,raw_data/EMG-EPN612/testingJSON/user252/user252.json,idx_68
open,trainingSamples,raw_data/EMG-EPN612/testingJSON/user252/user252.json,idx_69
open,trainingSamples,raw_data/EMG-EPN612/testingJSON/user252/user252.json,idx_70
open,trainingSamples,raw_data/EMG-EPN612/testingJSON/user252/user252.json,idx_71
open,trainingSamples,raw_data/EMG-EPN612/testingJSON/user252/user252.json,idx_72
open,trainingSamples,raw_data/EMG-EPN612/testingJSON/user252/user252.json,idx_73
open,trainingSamples,raw_data/EMG-EPN612/testingJSON/user252/user252.json,idx_74
open,trainingSamples,raw_data/EMG-EPN612/testingJSON/user252/user252.json,idx_75
pinch,trainingSamples,raw_data/EMG-EPN612/testingJSON/user252/user252.json,idx_76
pinch,trainingSamples,raw_data/EMG-EPN612/testingJSON/user252/user252.json,idx_77
pinch,trainingSamples,raw_data/EMG-EPN612/testingJSON/user252/user252.json,idx_78
pinch,trainingSamples,raw_data/EMG-EPN612/testingJSON/user252/user252.json,idx_79
pinch,trainingSamples,raw_data/EMG-EPN612/testingJSON/user252/user252.json,idx_80
pinch,trainingSamples,raw_data/EMG-EPN612/testingJSON/user252/user252.json,idx_81
pinch,trainingSamples,raw_data/EMG-EPN612/testingJSON/user252/user252.json,idx_82
pinch,trainingSamples,raw_data/EMG-EPN612/testingJSON/user252/user252.json,idx_83
pinch,trainingSamples,raw_data/EMG-EPN612/testingJSON/user252/user252.json,idx_84
pinch,trainingSamples,raw_data/EMG-EPN612/testingJSON/user252/user252.json,idx_85
pinch,trainingSamples,raw_data/EMG-EPN612/testingJSON/user252/user252.json,idx_86
pinch,trainingSamples,raw_data/EMG-EPN612/testingJSON/user252/user252.json,idx_87
pinch,trainingSamples,raw_data/EMG-EPN612/testingJSON/user252/user252.json,idx_88
pinch,trainingSamples,raw_data/EMG-EPN612/testingJSON/user252/user252.json,idx_89
pinch,trainingSamples,raw_data/EMG-EPN612/testingJSON/user252/user252.json,idx_90
pinch,trainingSamples,raw_data/EMG-EPN612/testingJSON/user252/user252.json,idx_91
pinch,trainingSamples,raw_data/EMG-EPN612/testingJSON/user252/user252.json,idx_92
pinch,trainingSamples,raw_data/EMG-EPN612/testingJSON/user252/user252.json,idx_93
pinch,trainingSamples,raw_data/EMG-EPN612/testingJSON/user252/user252.json,idx_94
pinch,trainingSamples,raw_data/EMG-EPN612/testingJSON/user252/user252.json,idx_95
pinch,trainingSamples,raw_data/EMG-EPN612/testingJSON/user252/user252.json,idx_96
pinch,trainingSamples,raw_data/EMG-EPN612/testingJSON/user252/user252.json,idx_97
pinch,trainingSamples,raw_data/EMG-EPN612/testingJSON/user252/user252.json,idx_98
pinch,trainingSamples,raw_data/EMG-EPN612/testingJSON/user252/user252.json,idx_99
pinch,trainingSamples,raw_data/EMG-EPN612/testingJSON/user252/user252.json,idx_100
waveOut,trainingSamples,raw_data/EMG-EPN612/testingJSON/user252/user252.json,idx_101
waveOut,trainingSamples,raw_data/EMG-EPN612/testingJSON/user252/user252.json,idx_102
waveOut,trainingSamples,raw_data/EMG-EPN612/testingJSON/user252/user252.json,idx_103
waveOut,trainingSamples,raw_data/EMG-EPN612/testingJSON/user252/user252.json,idx_104
waveOut,trainingSamples,raw_data/EMG-EPN612/testingJSON/user252/user252.json,idx_105
waveOut,trainingSamples,raw_data/EMG-EPN612/testingJSON/user252/user252.json,idx_106
waveOut,trainingSamples,raw_data/EMG-EPN612/testingJSON/user252/user252.json,idx_107
waveOut,trainingSamples,raw_data/EMG-EPN612/testingJSON/user252/user252.json,idx_108
waveOut,trainingSamples,raw_data/EMG-EPN612/testingJSON/user252/user252.json,idx_109
waveOut,trainingSamples,raw_data/EMG-EPN612/testingJSON/user252/user252.json,idx_110
waveOut,trainingSamples,raw_data/EMG-EPN612/testingJSON/user252/user252.json,idx_111
waveOut,trainingSamples,raw_data/EMG-EPN612/testingJSON/user252/user252.json,idx_112
waveOut,trainingSamples,raw_data/EMG-EPN612/testingJSON/user252/user252.json,idx_113
waveOut,trainingSamples,raw_data/EMG-EPN612/testingJSON/user252/user252.json,idx_114
waveOut,trainingSamples,raw_data/EMG-EPN612/testingJSON/user252/user252.json,idx_115
waveOut,trainingSamples,raw_data/EMG-EPN612/testingJSON/user252/user252.json,idx_116
waveOut,trainingSamples,raw_data/EMG-EPN612/testingJSON/user252/user252.json,idx_117
waveOut,trainingSamples,raw_data/EMG-EPN612/testingJSON/user252/user252.json,idx_118
waveOut,trainingSamples,raw_data/EMG-EPN612/testingJSON/user252/user252.json,idx_119
waveOut,trainingSamples,raw_data/EMG-EPN612/testingJSON/user252/user252.json,idx_120
waveOut,trainingSamples,raw_data/EMG-EPN612/testingJSON/user252/user252.json,idx_121
waveOut,trainingSamples,raw_data/EMG-EPN612/testingJSON/user252/user252.json,idx_122
waveOut,trainingSamples,raw_data/EMG-EPN612/testingJSON/user252/user252.json,idx_123
waveOut,trainingSamples,raw_data/EMG-EPN612/testingJSON/user252/user252.json,idx_124
waveOut,trainingSamples,raw_data/EMG-EPN612/testingJSON/user252/user252.json,idx_125
waveIn,trainingSamples,raw_data/EMG-EPN612/testingJSON/user252/user252.json,idx_126
waveIn,trainingSamples,raw_data/EMG-EPN612/testingJSON/user252/user252.json,idx_127
waveIn,trainingSamples,raw_data/EMG-EPN612/testingJSON/user252/user252.json,idx_128
waveIn,trainingSamples,raw_data/EMG-EPN612/testingJSON/user252/user252.json,idx_129
waveIn,trainingSamples,raw_data/EMG-EPN612/testingJSON/user252/user252.json,idx_130
waveIn,trainingSamples,raw_data/EMG-EPN612/testingJSON/user252/user252.json,idx_131
waveIn,trainingSamples,raw_data/EMG-EPN612/testingJSON/user252/user252.json,idx_132
waveIn,trainingSamples,raw_data/EMG-EPN612/testingJSON/user252/user252.json,idx_133
waveIn,trainingSamples,raw_data/EMG-EPN612/testingJSON/user252/user252.json,idx_134
waveIn,trainingSamples,raw_data/EMG-EPN612/testingJSON/user252/user252.json,idx_135
waveIn,trainingSamples,raw_data/EMG-EPN612/testingJSON/user252/user252.json,idx_136
waveIn,trainingSamples,raw_data/EMG-EPN612/testingJSON/user252/user252.json,idx_137
waveIn,trainingSamples,raw_data/EMG-EPN612/testingJSON/user252/user252.json,idx_138
waveIn,trainingSamples,raw_data/EMG-EPN612/testingJSON/user252/user252.json,idx_139
waveIn,trainingSamples,raw_data/EMG-EPN612/testingJSON/user252/user252.json,idx_140
waveIn,trainingSamples,raw_data/EMG-EPN612/testingJSON/user252/user252.json,idx_141
waveIn,trainingSamples,raw_data/EMG-EPN612/testingJSON/user252/user252.json,idx_142
waveIn,trainingSamples,raw_data/EMG-EPN612/testingJSON/user252/user252.json,idx_143
waveIn,trainingSamples,raw_data/EMG-EPN612/testingJSON/user252/user252.json,idx_144
waveIn,trainingSamples,raw_data/EMG-EPN612/testingJSON/user252/user252.json,idx_145
waveIn,trainingSamples,raw_data/EMG-EPN612/testingJSON/user252/user252.json,idx_146
waveIn,trainingSamples,raw_data/EMG-EPN612/testingJSON/user252/user252.json,idx_147
waveIn,trainingSamples,raw_data/EMG-EPN612/testingJSON/user252/user252.json,idx_148
waveIn,trainingSamples,raw_data/EMG-EPN612/testingJSON/user252/user252.json,idx_149
waveIn,trainingSamples,raw_data/EMG-EPN612/testingJSON/user252/user252.json,idx_150
noGesture,trainingSamples,raw_data/EMG-EPN612/testingJSON/user253/user253.json,idx_1
noGesture,trainingSamples,raw_data/EMG-EPN612/testingJSON/user253/user253.json,idx_2
noGesture,trainingSamples,raw_data/EMG-EPN612/testingJSON/user253/user253.json,idx_3
noGesture,trainingSamples,raw_data/EMG-EPN612/testingJSON/user253/user253.json,idx_4
noGesture,trainingSamples,raw_data/EMG-EPN612/testingJSON/user253/user253.json,idx_5
noGesture,trainingSamples,raw_data/EMG-EPN612/testingJSON/user253/user253.json,idx_6
noGesture,trainingSamples,raw_data/EMG-EPN612/testingJSON/user253/user253.json,idx_7
noGesture,trainingSamples,raw_data/EMG-EPN612/testingJSON/user253/user253.json,idx_8
noGesture,trainingSamples,raw_data/EMG-EPN612/testingJSON/user253/user253.json,idx_9
noGesture,trainingSamples,raw_data/EMG-EPN612/testingJSON/user253/user253.json,idx_10
noGesture,trainingSamples,raw_data/EMG-EPN612/testingJSON/user253/user253.json,idx_11
noGesture,trainingSamples,raw_data/EMG-EPN612/testingJSON/user253/user253.json,idx_12
noGesture,trainingSamples,raw_data/EMG-EPN612/testingJSON/user253/user253.json,idx_13
noGesture,trainingSamples,raw_data/EMG-EPN612/testingJSON/user253/user253.json,idx_14
noGesture,trainingSamples,raw_data/EMG-EPN612/testingJSON/user253/user253.json,idx_15
noGesture,trainingSamples,raw_data/EMG-EPN612/testingJSON/user253/user253.json,idx_16
noGesture,trainingSamples,raw_data/EMG-EPN612/testingJSON/user253/user253.json,idx_17
noGesture,trainingSamples,raw_data/EMG-EPN612/testingJSON/user253/user253.json,idx_18
noGesture,trainingSamples,raw_data/EMG-EPN612/testingJSON/user253/user253.json,idx_19
noGesture,trainingSamples,raw_data/EMG-EPN612/testingJSON/user253/user253.json,idx_20
noGesture,trainingSamples,raw_data/EMG-EPN612/testingJSON/user253/user253.json,idx_21
noGesture,trainingSamples,raw_data/EMG-EPN612/testingJSON/user253/user253.json,idx_22
noGesture,trainingSamples,raw_data/EMG-EPN612/testingJSON/user253/user253.json,idx_23
noGesture,trainingSamples,raw_data/EMG-EPN612/testingJSON/user253/user253.json,idx_24
noGesture,trainingSamples,raw_data/EMG-EPN612/testingJSON/user253/user253.json,idx_25
pinch,trainingSamples,raw_data/EMG-EPN612/testingJSON/user253/user253.json,idx_26
pinch,trainingSamples,raw_data/EMG-EPN612/testingJSON/user253/user253.json,idx_27
pinch,trainingSamples,raw_data/EMG-EPN612/testingJSON/user253/user253.json,idx_28
pinch,trainingSamples,raw_data/EMG-EPN612/testingJSON/user253/user253.json,idx_29
pinch,trainingSamples,raw_data/EMG-EPN612/testingJSON/user253/user253.json,idx_30
pinch,trainingSamples,raw_data/EMG-EPN612/testingJSON/user253/user253.json,idx_31
pinch,trainingSamples,raw_data/EMG-EPN612/testingJSON/user253/user253.json,idx_32
pinch,trainingSamples,raw_data/EMG-EPN612/testingJSON/user253/user253.json,idx_33
pinch,trainingSamples,raw_data/EMG-EPN612/testingJSON/user253/user253.json,idx_34
pinch,trainingSamples,raw_data/EMG-EPN612/testingJSON/user253/user253.json,idx_35
pinch,trainingSamples,raw_data/EMG-EPN612/testingJSON/user253/user253.json,idx_36
pinch,trainingSamples,raw_data/EMG-EPN612/testingJSON/user253/user253.json,idx_37
pinch,trainingSamples,raw_data/EMG-EPN612/testingJSON/user253/user253.json,idx_38
pinch,trainingSamples,raw_data/EMG-EPN612/testingJSON/user253/user253.json,idx_39
pinch,trainingSamples,raw_data/EMG-EPN612/testingJSON/user253/user253.json,idx_40
pinch,trainingSamples,raw_data/EMG-EPN612/testingJSON/user253/user253.json,idx_41
pinch,trainingSamples,raw_data/EMG-EPN612/testingJSON/user253/user253.json,idx_42
pinch,trainingSamples,raw_data/EMG-EPN612/testingJSON/user253/user253.json,idx_43
pinch,trainingSamples,raw_data/EMG-EPN612/testingJSON/user253/user253.json,idx_44
pinch,trainingSamples,raw_data/EMG-EPN612/testingJSON/user253/user253.json,idx_45
pinch,trainingSamples,raw_data/EMG-EPN612/testingJSON/user253/user253.json,idx_46
pinch,trainingSamples,raw_data/EMG-EPN612/testingJSON/user253/user253.json,idx_47
pinch,trainingSamples,raw_data/EMG-EPN612/testingJSON/user253/user253.json,idx_48
pinch,trainingSamples,raw_data/EMG-EPN612/testingJSON/user253/user253.json,idx_49
pinch,trainingSamples,raw_data/EMG-EPN612/testingJSON/user253/user253.json,idx_50
waveOut,trainingSamples,raw_data/EMG-EPN612/testingJSON/user253/user253.json,idx_51
waveOut,trainingSamples,raw_data/EMG-EPN612/testingJSON/user253/user253.json,idx_52
waveOut,trainingSamples,raw_data/EMG-EPN612/testingJSON/user253/user253.json,idx_53
waveOut,trainingSamples,raw_data/EMG-EPN612/testingJSON/user253/user253.json,idx_54
waveOut,trainingSamples,raw_data/EMG-EPN612/testingJSON/user253/user253.json,idx_55
waveOut,trainingSamples,raw_data/EMG-EPN612/testingJSON/user253/user253.json,idx_56
waveOut,trainingSamples,raw_data/EMG-EPN612/testingJSON/user253/user253.json,idx_57
waveOut,trainingSamples,raw_data/EMG-EPN612/testingJSON/user253/user253.json,idx_58
waveOut,trainingSamples,raw_data/EMG-EPN612/testingJSON/user253/user253.json,idx_59
waveOut,trainingSamples,raw_data/EMG-EPN612/testingJSON/user253/user253.json,idx_60
waveOut,trainingSamples,raw_data/EMG-EPN612/testingJSON/user253/user253.json,idx_61
waveOut,trainingSamples,raw_data/EMG-EPN612/testingJSON/user253/user253.json,idx_62
waveOut,trainingSamples,raw_data/EMG-EPN612/testingJSON/user253/user253.json,idx_63
waveOut,trainingSamples,raw_data/EMG-EPN612/testingJSON/user253/user253.json,idx_64
waveOut,trainingSamples,raw_data/EMG-EPN612/testingJSON/user253/user253.json,idx_65
waveOut,trainingSamples,raw_data/EMG-EPN612/testingJSON/user253/user253.json,idx_66
waveOut,trainingSamples,raw_data/EMG-EPN612/testingJSON/user253/user253.json,idx_67
waveOut,trainingSamples,raw_data/EMG-EPN612/testingJSON/user253/user253.json,idx_68
waveOut,trainingSamples,raw_data/EMG-EPN612/testingJSON/user253/user253.json,idx_69
waveOut,trainingSamples,raw_data/EMG-EPN612/testingJSON/user253/user253.json,idx_70
waveOut,trainingSamples,raw_data/EMG-EPN612/testingJSON/user253/user253.json,idx_71
waveOut,trainingSamples,raw_data/EMG-EPN612/testingJSON/user253/user253.json,idx_72
waveOut,trainingSamples,raw_data/EMG-EPN612/testingJSON/user253/user253.json,idx_73
waveOut,trainingSamples,raw_data/EMG-EPN612/testingJSON/user253/user253.json,idx_74
waveOut,trainingSamples,raw_data/EMG-EPN612/testingJSON/user253/user253.json,idx_75
open,trainingSamples,raw_data/EMG-EPN612/testingJSON/user253/user253.json,idx_76
open,trainingSamples,raw_data/EMG-EPN612/testingJSON/user253/user253.json,idx_77
open,trainingSamples,raw_data/EMG-EPN612/testingJSON/user253/user253.json,idx_78
open,trainingSamples,raw_data/EMG-EPN612/testingJSON/user253/user253.json,idx_79
open,trainingSamples,raw_data/EMG-EPN612/testingJSON/user253/user253.json,idx_80
open,trainingSamples,raw_data/EMG-EPN612/testingJSON/user253/user253.json,idx_81
open,trainingSamples,raw_data/EMG-EPN612/testingJSON/user253/user253.json,idx_82
open,trainingSamples,raw_data/EMG-EPN612/testingJSON/user253/user253.json,idx_83
open,trainingSamples,raw_data/EMG-EPN612/testingJSON/user253/user253.json,idx_84
open,trainingSamples,raw_data/EMG-EPN612/testingJSON/user253/user253.json,idx_85
open,trainingSamples,raw_data/EMG-EPN612/testingJSON/user253/user253.json,idx_86
open,trainingSamples,raw_data/EMG-EPN612/testingJSON/user253/user253.json,idx_87
open,trainingSamples,raw_data/EMG-EPN612/testingJSON/user253/user253.json,idx_88
open,trainingSamples,raw_data/EMG-EPN612/testingJSON/user253/user253.json,idx_89
open,trainingSamples,raw_data/EMG-EPN612/testingJSON/user253/user253.json,idx_90
open,trainingSamples,raw_data/EMG-EPN612/testingJSON/user253/user253.json,idx_91
open,trainingSamples,raw_data/EMG-EPN612/testingJSON/user253/user253.json,idx_92
open,trainingSamples,raw_data/EMG-EPN612/testingJSON/user253/user253.json,idx_93
open,trainingSamples,raw_data/EMG-EPN612/testingJSON/user253/user253.json,idx_94
open,trainingSamples,raw_data/EMG-EPN612/testingJSON/user253/user253.json,idx_95
open,trainingSamples,raw_data/EMG-EPN612/testingJSON/user253/user253.json,idx_96
open,trainingSamples,raw_data/EMG-EPN612/testingJSON/user253/user253.json,idx_97
open,trainingSamples,raw_data/EMG-EPN612/testingJSON/user253/user253.json,idx_98
open,trainingSamples,raw_data/EMG-EPN612/testingJSON/user253/user253.json,idx_99
open,trainingSamples,raw_data/EMG-EPN612/testingJSON/user253/user253.json,idx_100
waveIn,trainingSamples,raw_data/EMG-EPN612/testingJSON/user253/user253.json,idx_101
waveIn,trainingSamples,raw_data/EMG-EPN612/testingJSON/user253/user253.json,idx_102
waveIn,trainingSamples,raw_data/EMG-EPN612/testingJSON/user253/user253.json,idx_103
waveIn,trainingSamples,raw_data/EMG-EPN612/testingJSON/user253/user253.json,idx_104
waveIn,trainingSamples,raw_data/EMG-EPN612/testingJSON/user253/user253.json,idx_105
waveIn,trainingSamples,raw_data/EMG-EPN612/testingJSON/user253/user253.json,idx_106
waveIn,trainingSamples,raw_data/EMG-EPN612/testingJSON/user253/user253.json,idx_107
waveIn,trainingSamples,raw_data/EMG-EPN612/testingJSON/user253/user253.json,idx_108
waveIn,trainingSamples,raw_data/EMG-EPN612/testingJSON/user253/user253.json,idx_109
waveIn,trainingSamples,raw_data/EMG-EPN612/testingJSON/user253/user253.json,idx_110
waveIn,trainingSamples,raw_data/EMG-EPN612/testingJSON/user253/user253.json,idx_111
waveIn,trainingSamples,raw_data/EMG-EPN612/testingJSON/user253/user253.json,idx_112
waveIn,trainingSamples,raw_data/EMG-EPN612/testingJSON/user253/user253.json,idx_113
waveIn,trainingSamples,raw_data/EMG-EPN612/testingJSON/user253/user253.json,idx_114
waveIn,trainingSamples,raw_data/EMG-EPN612/testingJSON/user253/user253.json,idx_115
waveIn,trainingSamples,raw_data/EMG-EPN612/testingJSON/user253/user253.json,idx_116
waveIn,trainingSamples,raw_data/EMG-EPN612/testingJSON/user253/user253.json,idx_117
waveIn,trainingSamples,raw_data/EMG-EPN612/testingJSON/user253/user253.json,idx_118
waveIn,trainingSamples,raw_data/EMG-EPN612/testingJSON/user253/user253.json,idx_119
waveIn,trainingSamples,raw_data/EMG-EPN612/testingJSON/user253/user253.json,idx_120
waveIn,trainingSamples,raw_data/EMG-EPN612/testingJSON/user253/user253.json,idx_121
waveIn,trainingSamples,raw_data/EMG-EPN612/testingJSON/user253/user253.json,idx_122
waveIn,trainingSamples,raw_data/EMG-EPN612/testingJSON/user253/user253.json,idx_123
waveIn,trainingSamples,raw_data/EMG-EPN612/testingJSON/user253/user253.json,idx_124
waveIn,trainingSamples,raw_data/EMG-EPN612/testingJSON/user253/user253.json,idx_125
fist,trainingSamples,raw_data/EMG-EPN612/testingJSON/user253/user253.json,idx_126
fist,trainingSamples,raw_data/EMG-EPN612/testingJSON/user253/user253.json,idx_127
fist,trainingSamples,raw_data/EMG-EPN612/testingJSON/user253/user253.json,idx_128
fist,trainingSamples,raw_data/EMG-EPN612/testingJSON/user253/user253.json,idx_129
fist,trainingSamples,raw_data/EMG-EPN612/testingJSON/user253/user253.json,idx_130
fist,trainingSamples,raw_data/EMG-EPN612/testingJSON/user253/user253.json,idx_131
fist,trainingSamples,raw_data/EMG-EPN612/testingJSON/user253/user253.json,idx_132
fist,trainingSamples,raw_data/EMG-EPN612/testingJSON/user253/user253.json,idx_133
fist,trainingSamples,raw_data/EMG-EPN612/testingJSON/user253/user253.json,idx_134
fist,trainingSamples,raw_data/EMG-EPN612/testingJSON/user253/user253.json,idx_135
fist,trainingSamples,raw_data/EMG-EPN612/testingJSON/user253/user253.json,idx_136
fist,trainingSamples,raw_data/EMG-EPN612/testingJSON/user253/user253.json,idx_137
fist,trainingSamples,raw_data/EMG-EPN612/testingJSON/user253/user253.json,idx_138
fist,trainingSamples,raw_data/EMG-EPN612/testingJSON/user253/user253.json,idx_139
fist,trainingSamples,raw_data/EMG-EPN612/testingJSON/user253/user253.json,idx_140
fist,trainingSamples,raw_data/EMG-EPN612/testingJSON/user253/user253.json,idx_141
fist,trainingSamples,raw_data/EMG-EPN612/testingJSON/user253/user253.json,idx_142
fist,trainingSamples,raw_data/EMG-EPN612/testingJSON/user253/user253.json,idx_143
fist,trainingSamples,raw_data/EMG-EPN612/testingJSON/user253/user253.json,idx_144
fist,trainingSamples,raw_data/EMG-EPN612/testingJSON/user253/user253.json,idx_145
fist,trainingSamples,raw_data/EMG-EPN612/testingJSON/user253/user253.json,idx_146
fist,trainingSamples,raw_data/EMG-EPN612/testingJSON/user253/user253.json,idx_147
fist,trainingSamples,raw_data/EMG-EPN612/testingJSON/user253/user253.json,idx_148
fist,trainingSamples,raw_data/EMG-EPN612/testingJSON/user253/user253.json,idx_149
fist,trainingSamples,raw_data/EMG-EPN612/testingJSON/user253/user253.json,idx_150
noGesture,trainingSamples,raw_data/EMG-EPN612/testingJSON/user254/user254.json,idx_1
noGesture,trainingSamples,raw_data/EMG-EPN612/testingJSON/user254/user254.json,idx_2
noGesture,trainingSamples,raw_data/EMG-EPN612/testingJSON/user254/user254.json,idx_3
noGesture,trainingSamples,raw_data/EMG-EPN612/testingJSON/user254/user254.json,idx_4
noGesture,trainingSamples,raw_data/EMG-EPN612/testingJSON/user254/user254.json,idx_5
noGesture,trainingSamples,raw_data/EMG-EPN612/testingJSON/user254/user254.json,idx_6
noGesture,trainingSamples,raw_data/EMG-EPN612/testingJSON/user254/user254.json,idx_7
noGesture,trainingSamples,raw_data/EMG-EPN612/testingJSON/user254/user254.json,idx_8
noGesture,trainingSamples,raw_data/EMG-EPN612/testingJSON/user254/user254.json,idx_9
noGesture,trainingSamples,raw_data/EMG-EPN612/testingJSON/user254/user254.json,idx_10
noGesture,trainingSamples,raw_data/EMG-EPN612/testingJSON/user254/user254.json,idx_11
noGesture,trainingSamples,raw_data/EMG-EPN612/testingJSON/user254/user254.json,idx_12
noGesture,trainingSamples,raw_data/EMG-EPN612/testingJSON/user254/user254.json,idx_13
noGesture,trainingSamples,raw_data/EMG-EPN612/testingJSON/user254/user254.json,idx_14
noGesture,trainingSamples,raw_data/EMG-EPN612/testingJSON/user254/user254.json,idx_15
noGesture,trainingSamples,raw_data/EMG-EPN612/testingJSON/user254/user254.json,idx_16
noGesture,trainingSamples,raw_data/EMG-EPN612/testingJSON/user254/user254.json,idx_17
noGesture,trainingSamples,raw_data/EMG-EPN612/testingJSON/user254/user254.json,idx_18
noGesture,trainingSamples,raw_data/EMG-EPN612/testingJSON/user254/user254.json,idx_19
noGesture,trainingSamples,raw_data/EMG-EPN612/testingJSON/user254/user254.json,idx_20
noGesture,trainingSamples,raw_data/EMG-EPN612/testingJSON/user254/user254.json,idx_21
noGesture,trainingSamples,raw_data/EMG-EPN612/testingJSON/user254/user254.json,idx_22
noGesture,trainingSamples,raw_data/EMG-EPN612/testingJSON/user254/user254.json,idx_23
noGesture,trainingSamples,raw_data/EMG-EPN612/testingJSON/user254/user254.json,idx_24
noGesture,trainingSamples,raw_data/EMG-EPN612/testingJSON/user254/user254.json,idx_25
fist,trainingSamples,raw_data/EMG-EPN612/testingJSON/user254/user254.json,idx_26
fist,trainingSamples,raw_data/EMG-EPN612/testingJSON/user254/user254.json,idx_27
fist,trainingSamples,raw_data/EMG-EPN612/testingJSON/user254/user254.json,idx_28
fist,trainingSamples,raw_data/EMG-EPN612/testingJSON/user254/user254.json,idx_29
fist,trainingSamples,raw_data/EMG-EPN612/testingJSON/user254/user254.json,idx_30
fist,trainingSamples,raw_data/EMG-EPN612/testingJSON/user254/user254.json,idx_31
fist,trainingSamples,raw_data/EMG-EPN612/testingJSON/user254/user254.json,idx_32
fist,trainingSamples,raw_data/EMG-EPN612/testingJSON/user254/user254.json,idx_33
fist,trainingSamples,raw_data/EMG-EPN612/testingJSON/user254/user254.json,idx_34
fist,trainingSamples,raw_data/EMG-EPN612/testingJSON/user254/user254.json,idx_35
fist,trainingSamples,raw_data/EMG-EPN612/testingJSON/user254/user254.json,idx_36
fist,trainingSamples,raw_data/EMG-EPN612/testingJSON/user254/user254.json,idx_37
fist,trainingSamples,raw_data/EMG-EPN612/testingJSON/user254/user254.json,idx_38
fist,trainingSamples,raw_data/EMG-EPN612/testingJSON/user254/user254.json,idx_39
fist,trainingSamples,raw_data/EMG-EPN612/testingJSON/user254/user254.json,idx_40
fist,trainingSamples,raw_data/EMG-EPN612/testingJSON/user254/user254.json,idx_41
fist,trainingSamples,raw_data/EMG-EPN612/testingJSON/user254/user254.json,idx_42
fist,trainingSamples,raw_data/EMG-EPN612/testingJSON/user254/user254.json,idx_43
fist,trainingSamples,raw_data/EMG-EPN612/testingJSON/user254/user254.json,idx_44
fist,trainingSamples,raw_data/EMG-EPN612/testingJSON/user254/user254.json,idx_45
fist,trainingSamples,raw_data/EMG-EPN612/testingJSON/user254/user254.json,idx_46
fist,trainingSamples,raw_data/EMG-EPN612/testingJSON/user254/user254.json,idx_47
fist,trainingSamples,raw_data/EMG-EPN612/testingJSON/user254/user254.json,idx_48
fist,trainingSamples,raw_data/EMG-EPN612/testingJSON/user254/user254.json,idx_49
fist,trainingSamples,raw_data/EMG-EPN612/testingJSON/user254/user254.json,idx_50
open,trainingSamples,raw_data/EMG-EPN612/testingJSON/user254/user254.json,idx_51
open,trainingSamples,raw_data/EMG-EPN612/testingJSON/user254/user254.json,idx_52
open,trainingSamples,raw_data/EMG-EPN612/testingJSON/user254/user254.json,idx_53
open,trainingSamples,raw_data/EMG-EPN612/testingJSON/user254/user254.json,idx_54
open,trainingSamples,raw_data/EMG-EPN612/testingJSON/user254/user254.json,idx_55
open,trainingSamples,raw_data/EMG-EPN612/testingJSON/user254/user254.json,idx_56
open,trainingSamples,raw_data/EMG-EPN612/testingJSON/user254/user254.json,idx_57
open,trainingSamples,raw_data/EMG-EPN612/testingJSON/user254/user254.json,idx_58
open,trainingSamples,raw_data/EMG-EPN612/testingJSON/user254/user254.json,idx_59
open,trainingSamples,raw_data/EMG-EPN612/testingJSON/user254/user254.json,idx_60
open,trainingSamples,raw_data/EMG-EPN612/testingJSON/user254/user254.json,idx_61
open,trainingSamples,raw_data/EMG-EPN612/testingJSON/user254/user254.json,idx_62
open,trainingSamples,raw_data/EMG-EPN612/testingJSON/user254/user254.json,idx_63
open,trainingSamples,raw_data/EMG-EPN612/testingJSON/user254/user254.json,idx_64
open,trainingSamples,raw_data/EMG-EPN612/testingJSON/user254/user254.json,idx_65
open,trainingSamples,raw_data/EMG-EPN612/testingJSON/user254/user254.json,idx_66
open,trainingSamples,raw_data/EMG-EPN612/testingJSON/user254/user254.json,idx_67
open,trainingSamples,raw_data/EMG-EPN612/testingJSON/user254/user254.json,idx_68
open,trainingSamples,raw_data/EMG-EPN612/testingJSON/user254/user254.json,idx_69
open,trainingSamples,raw_data/EMG-EPN612/testingJSON/user254/user254.json,idx_70
open,trainingSamples,raw_data/EMG-EPN612/testingJSON/user254/user254.json,idx_71
open,trainingSamples,raw_data/EMG-EPN612/testingJSON/user254/user254.json,idx_72
open,trainingSamples,raw_data/EMG-EPN612/testingJSON/user254/user254.json,idx_73
open,trainingSamples,raw_data/EMG-EPN612/testingJSON/user254/user254.json,idx_74
open,trainingSamples,raw_data/EMG-EPN612/testingJSON/user254/user254.json,idx_75
pinch,trainingSamples,raw_data/EMG-EPN612/testingJSON/user254/user254.json,idx_76
pinch,trainingSamples,raw_data/EMG-EPN612/testingJSON/user254/user254.json,idx_77
pinch,trainingSamples,raw_data/EMG-EPN612/testingJSON/user254/user254.json,idx_78
pinch,trainingSamples,raw_data/EMG-EPN612/testingJSON/user254/user254.json,idx_79
pinch,trainingSamples,raw_data/EMG-EPN612/testingJSON/user254/user254.json,idx_80
pinch,trainingSamples,raw_data/EMG-EPN612/testingJSON/user254/user254.json,idx_81
pinch,trainingSamples,raw_data/EMG-EPN612/testingJSON/user254/user254.json,idx_82
pinch,trainingSamples,raw_data/EMG-EPN612/testingJSON/user254/user254.json,idx_83
pinch,trainingSamples,raw_data/EMG-EPN612/testingJSON/user254/user254.json,idx_84
pinch,trainingSamples,raw_data/EMG-EPN612/testingJSON/user254/user254.json,idx_85
pinch,trainingSamples,raw_data/EMG-EPN612/testingJSON/user254/user254.json,idx_86
pinch,trainingSamples,raw_data/EMG-EPN612/testingJSON/user254/user254.json,idx_87
pinch,trainingSamples,raw_data/EMG-EPN612/testingJSON/user254/user254.json,idx_88
pinch,trainingSamples,raw_data/EMG-EPN612/testingJSON/user254/user254.json,idx_89
pinch,trainingSamples,raw_data/EMG-EPN612/testingJSON/user254/user254.json,idx_90
pinch,trainingSamples,raw_data/EMG-EPN612/testingJSON/user254/user254.json,idx_91
pinch,trainingSamples,raw_data/EMG-EPN612/testingJSON/user254/user254.json,idx_92
pinch,trainingSamples,raw_data/EMG-EPN612/testingJSON/user254/user254.json,idx_93
pinch,trainingSamples,raw_data/EMG-EPN612/testingJSON/user254/user254.json,idx_94
pinch,trainingSamples,raw_data/EMG-EPN612/testingJSON/user254/user254.json,idx_95
pinch,trainingSamples,raw_data/EMG-EPN612/testingJSON/user254/user254.json,idx_96
pinch,trainingSamples,raw_data/EMG-EPN612/testingJSON/user254/user254.json,idx_97
pinch,trainingSamples,raw_data/EMG-EPN612/testingJSON/user254/user254.json,idx_98
pinch,trainingSamples,raw_data/EMG-EPN612/testingJSON/user254/user254.json,idx_99
pinch,trainingSamples,raw_data/EMG-EPN612/testingJSON/user254/user254.json,idx_100
waveOut,trainingSamples,raw_data/EMG-EPN612/testingJSON/user254/user254.json,idx_101
waveOut,trainingSamples,raw_data/EMG-EPN612/testingJSON/user254/user254.json,idx_102
waveOut,trainingSamples,raw_data/EMG-EPN612/testingJSON/user254/user254.json,idx_103
waveOut,trainingSamples,raw_data/EMG-EPN612/testingJSON/user254/user254.json,idx_104
waveOut,trainingSamples,raw_data/EMG-EPN612/testingJSON/user254/user254.json,idx_105
waveOut,trainingSamples,raw_data/EMG-EPN612/testingJSON/user254/user254.json,idx_106
waveOut,trainingSamples,raw_data/EMG-EPN612/testingJSON/user254/user254.json,idx_107
waveOut,trainingSamples,raw_data/EMG-EPN612/testingJSON/user254/user254.json,idx_108
waveOut,trainingSamples,raw_data/EMG-EPN612/testingJSON/user254/user254.json,idx_109
waveOut,trainingSamples,raw_data/EMG-EPN612/testingJSON/user254/user254.json,idx_110
waveOut,trainingSamples,raw_data/EMG-EPN612/testingJSON/user254/user254.json,idx_111
waveOut,trainingSamples,raw_data/EMG-EPN612/testingJSON/user254/user254.json,idx_112
waveOut,trainingSamples,raw_data/EMG-EPN612/testingJSON/user254/user254.json,idx_113
waveOut,trainingSamples,raw_data/EMG-EPN612/testingJSON/user254/user254.json,idx_114
waveOut,trainingSamples,raw_data/EMG-EPN612/testingJSON/user254/user254.json,idx_115
waveOut,trainingSamples,raw_data/EMG-EPN612/testingJSON/user254/user254.json,idx_116
waveOut,trainingSamples,raw_data/EMG-EPN612/testingJSON/user254/user254.json,idx_117
waveOut,trainingSamples,raw_data/EMG-EPN612/testingJSON/user254/user254.json,idx_118
waveOut,trainingSamples,raw_data/EMG-EPN612/testingJSON/user254/user254.json,idx_119
waveOut,trainingSamples,raw_data/EMG-EPN612/testingJSON/user254/user254.json,idx_120
waveOut,trainingSamples,raw_data/EMG-EPN612/testingJSON/user254/user254.json,idx_121
waveOut,trainingSamples,raw_data/EMG-EPN612/testingJSON/user254/user254.json,idx_122
waveOut,trainingSamples,raw_data/EMG-EPN612/testingJSON/user254/user254.json,idx_123
waveOut,trainingSamples,raw_data/EMG-EPN612/testingJSON/user254/user254.json,idx_124
waveOut,trainingSamples,raw_data/EMG-EPN612/testingJSON/user254/user254.json,idx_125
waveIn,trainingSamples,raw_data/EMG-EPN612/testingJSON/user254/user254.json,idx_126
waveIn,trainingSamples,raw_data/EMG-EPN612/testingJSON/user254/user254.json,idx_127
waveIn,trainingSamples,raw_data/EMG-EPN612/testingJSON/user254/user254.json,idx_128
waveIn,trainingSamples,raw_data/EMG-EPN612/testingJSON/user254/user254.json,idx_129
waveIn,trainingSamples,raw_data/EMG-EPN612/testingJSON/user254/user254.json,idx_130
waveIn,trainingSamples,raw_data/EMG-EPN612/testingJSON/user254/user254.json,idx_131
waveIn,trainingSamples,raw_data/EMG-EPN612/testingJSON/user254/user254.json,idx_132
waveIn,trainingSamples,raw_data/EMG-EPN612/testingJSON/user254/user254.json,idx_133
waveIn,trainingSamples,raw_data/EMG-EPN612/testingJSON/user254/user254.json,idx_134
waveIn,trainingSamples,raw_data/EMG-EPN612/testingJSON/user254/user254.json,idx_135
waveIn,trainingSamples,raw_data/EMG-EPN612/testingJSON/user254/user254.json,idx_136
waveIn,trainingSamples,raw_data/EMG-EPN612/testingJSON/user254/user254.json,idx_137
waveIn,trainingSamples,raw_data/EMG-EPN612/testingJSON/user254/user254.json,idx_138
waveIn,trainingSamples,raw_data/EMG-EPN612/testingJSON/user254/user254.json,idx_139
waveIn,trainingSamples,raw_data/EMG-EPN612/testingJSON/user254/user254.json,idx_140
waveIn,trainingSamples,raw_data/EMG-EPN612/testingJSON/user254/user254.json,idx_141
waveIn,trainingSamples,raw_data/EMG-EPN612/testingJSON/user254/user254.json,idx_142
waveIn,trainingSamples,raw_data/EMG-EPN612/testingJSON/user254/user254.json,idx_143
waveIn,trainingSamples,raw_data/EMG-EPN612/testingJSON/user254/user254.json,idx_144
waveIn,trainingSamples,raw_data/EMG-EPN612/testingJSON/user254/user254.json,idx_145
waveIn,trainingSamples,raw_data/EMG-EPN612/testingJSON/user254/user254.json,idx_146
waveIn,trainingSamples,raw_data/EMG-EPN612/testingJSON/user254/user254.json,idx_147
waveIn,trainingSamples,raw_data/EMG-EPN612/testingJSON/user254/user254.json,idx_148
waveIn,trainingSamples,raw_data/EMG-EPN612/testingJSON/user254/user254.json,idx_149
waveIn,trainingSamples,raw_data/EMG-EPN612/testingJSON/user254/user254.json,idx_150
noGesture,trainingSamples,raw_data/EMG-EPN612/testingJSON/user255/user255.json,idx_1
noGesture,trainingSamples,raw_data/EMG-EPN612/testingJSON/user255/user255.json,idx_2
noGesture,trainingSamples,raw_data/EMG-EPN612/testingJSON/user255/user255.json,idx_3
noGesture,trainingSamples,raw_data/EMG-EPN612/testingJSON/user255/user255.json,idx_4
noGesture,trainingSamples,raw_data/EMG-EPN612/testingJSON/user255/user255.json,idx_5
noGesture,trainingSamples,raw_data/EMG-EPN612/testingJSON/user255/user255.json,idx_6
noGesture,trainingSamples,raw_data/EMG-EPN612/testingJSON/user255/user255.json,idx_7
noGesture,trainingSamples,raw_data/EMG-EPN612/testingJSON/user255/user255.json,idx_8
noGesture,trainingSamples,raw_data/EMG-EPN612/testingJSON/user255/user255.json,idx_9
noGesture,trainingSamples,raw_data/EMG-EPN612/testingJSON/user255/user255.json,idx_10
noGesture,trainingSamples,raw_data/EMG-EPN612/testingJSON/user255/user255.json,idx_11
noGesture,trainingSamples,raw_data/EMG-EPN612/testingJSON/user255/user255.json,idx_12
noGesture,trainingSamples,raw_data/EMG-EPN612/testingJSON/user255/user255.json,idx_13
noGesture,trainingSamples,raw_data/EMG-EPN612/testingJSON/user255/user255.json,idx_14
noGesture,trainingSamples,raw_data/EMG-EPN612/testingJSON/user255/user255.json,idx_15
noGesture,trainingSamples,raw_data/EMG-EPN612/testingJSON/user255/user255.json,idx_16
noGesture,trainingSamples,raw_data/EMG-EPN612/testingJSON/user255/user255.json,idx_17
noGesture,trainingSamples,raw_data/EMG-EPN612/testingJSON/user255/user255.json,idx_18
noGesture,trainingSamples,raw_data/EMG-EPN612/testingJSON/user255/user255.json,idx_19
noGesture,trainingSamples,raw_data/EMG-EPN612/testingJSON/user255/user255.json,idx_20
noGesture,trainingSamples,raw_data/EMG-EPN612/testingJSON/user255/user255.json,idx_21
noGesture,trainingSamples,raw_data/EMG-EPN612/testingJSON/user255/user255.json,idx_22
noGesture,trainingSamples,raw_data/EMG-EPN612/testingJSON/user255/user255.json,idx_23
noGesture,trainingSamples,raw_data/EMG-EPN612/testingJSON/user255/user255.json,idx_24
noGesture,trainingSamples,raw_data/EMG-EPN612/testingJSON/user255/user255.json,idx_25
waveOut,trainingSamples,raw_data/EMG-EPN612/testingJSON/user255/user255.json,idx_26
waveOut,trainingSamples,raw_data/EMG-EPN612/testingJSON/user255/user255.json,idx_27
waveOut,trainingSamples,raw_data/EMG-EPN612/testingJSON/user255/user255.json,idx_28
waveOut,trainingSamples,raw_data/EMG-EPN612/testingJSON/user255/user255.json,idx_29
waveOut,trainingSamples,raw_data/EMG-EPN612/testingJSON/user255/user255.json,idx_30
waveOut,trainingSamples,raw_data/EMG-EPN612/testingJSON/user255/user255.json,idx_31
waveOut,trainingSamples,raw_data/EMG-EPN612/testingJSON/user255/user255.json,idx_32
waveOut,trainingSamples,raw_data/EMG-EPN612/testingJSON/user255/user255.json,idx_33
waveOut,trainingSamples,raw_data/EMG-EPN612/testingJSON/user255/user255.json,idx_34
waveOut,trainingSamples,raw_data/EMG-EPN612/testingJSON/user255/user255.json,idx_35
waveOut,trainingSamples,raw_data/EMG-EPN612/testingJSON/user255/user255.json,idx_36
waveOut,trainingSamples,raw_data/EMG-EPN612/testingJSON/user255/user255.json,idx_37
waveOut,trainingSamples,raw_data/EMG-EPN612/testingJSON/user255/user255.json,idx_38
waveOut,trainingSamples,raw_data/EMG-EPN612/testingJSON/user255/user255.json,idx_39
waveOut,trainingSamples,raw_data/EMG-EPN612/testingJSON/user255/user255.json,idx_40
waveOut,trainingSamples,raw_data/EMG-EPN612/testingJSON/user255/user255.json,idx_41
waveOut,trainingSamples,raw_data/EMG-EPN612/testingJSON/user255/user255.json,idx_42
waveOut,trainingSamples,raw_data/EMG-EPN612/testingJSON/user255/user255.json,idx_43
waveOut,trainingSamples,raw_data/EMG-EPN612/testingJSON/user255/user255.json,idx_44
waveOut,trainingSamples,raw_data/EMG-EPN612/testingJSON/user255/user255.json,idx_45
waveOut,trainingSamples,raw_data/EMG-EPN612/testingJSON/user255/user255.json,idx_46
waveOut,trainingSamples,raw_data/EMG-EPN612/testingJSON/user255/user255.json,idx_47
waveOut,trainingSamples,raw_data/EMG-EPN612/testingJSON/user255/user255.json,idx_48
waveOut,trainingSamples,raw_data/EMG-EPN612/testingJSON/user255/user255.json,idx_49
waveOut,trainingSamples,raw_data/EMG-EPN612/testingJSON/user255/user255.json,idx_50
pinch,trainingSamples,raw_data/EMG-EPN612/testingJSON/user255/user255.json,idx_51
pinch,trainingSamples,raw_data/EMG-EPN612/testingJSON/user255/user255.json,idx_52
pinch,trainingSamples,raw_data/EMG-EPN612/testingJSON/user255/user255.json,idx_53
pinch,trainingSamples,raw_data/EMG-EPN612/testingJSON/user255/user255.json,idx_54
pinch,trainingSamples,raw_data/EMG-EPN612/testingJSON/user255/user255.json,idx_55
pinch,trainingSamples,raw_data/EMG-EPN612/testingJSON/user255/user255.json,idx_56
pinch,trainingSamples,raw_data/EMG-EPN612/testingJSON/user255/user255.json,idx_57
pinch,trainingSamples,raw_data/EMG-EPN612/testingJSON/user255/user255.json,idx_58
pinch,trainingSamples,raw_data/EMG-EPN612/testingJSON/user255/user255.json,idx_59
pinch,trainingSamples,raw_data/EMG-EPN612/testingJSON/user255/user255.json,idx_60
pinch,trainingSamples,raw_data/EMG-EPN612/testingJSON/user255/user255.json,idx_61
pinch,trainingSamples,raw_data/EMG-EPN612/testingJSON/user255/user255.json,idx_62
pinch,trainingSamples,raw_data/EMG-EPN612/testingJSON/user255/user255.json,idx_63
pinch,trainingSamples,raw_data/EMG-EPN612/testingJSON/user255/user255.json,idx_64
pinch,trainingSamples,raw_data/EMG-EPN612/testingJSON/user255/user255.json,idx_65
pinch,trainingSamples,raw_data/EMG-EPN612/testingJSON/user255/user255.json,idx_66
pinch,trainingSamples,raw_data/EMG-EPN612/testingJSON/user255/user255.json,idx_67
pinch,trainingSamples,raw_data/EMG-EPN612/testingJSON/user255/user255.json,idx_68
pinch,trainingSamples,raw_data/EMG-EPN612/testingJSON/user255/user255.json,idx_69
pinch,trainingSamples,raw_data/EMG-EPN612/testingJSON/user255/user255.json,idx_70
pinch,trainingSamples,raw_data/EMG-EPN612/testingJSON/user255/user255.json,idx_71
pinch,trainingSamples,raw_data/EMG-EPN612/testingJSON/user255/user255.json,idx_72
pinch,trainingSamples,raw_data/EMG-EPN612/testingJSON/user255/user255.json,idx_73
pinch,trainingSamples,raw_data/EMG-EPN612/testingJSON/user255/user255.json,idx_74
pinch,trainingSamples,raw_data/EMG-EPN612/testingJSON/user255/user255.json,idx_75
fist,trainingSamples,raw_data/EMG-EPN612/testingJSON/user255/user255.json,idx_76
fist,trainingSamples,raw_data/EMG-EPN612/testingJSON/user255/user255.json,idx_77
fist,trainingSamples,raw_data/EMG-EPN612/testingJSON/user255/user255.json,idx_78
fist,trainingSamples,raw_data/EMG-EPN612/testingJSON/user255/user255.json,idx_79
fist,trainingSamples,raw_data/EMG-EPN612/testingJSON/user255/user255.json,idx_80
fist,trainingSamples,raw_data/EMG-EPN612/testingJSON/user255/user255.json,idx_81
fist,trainingSamples,raw_data/EMG-EPN612/testingJSON/user255/user255.json,idx_82
fist,trainingSamples,raw_data/EMG-EPN612/testingJSON/user255/user255.json,idx_83
fist,trainingSamples,raw_data/EMG-EPN612/testingJSON/user255/user255.json,idx_84
fist,trainingSamples,raw_data/EMG-EPN612/testingJSON/user255/user255.json,idx_85
fist,trainingSamples,raw_data/EMG-EPN612/testingJSON/user255/user255.json,idx_86
fist,trainingSamples,raw_data/EMG-EPN612/testingJSON/user255/user255.json,idx_87
fist,trainingSamples,raw_data/EMG-EPN612/testingJSON/user255/user255.json,idx_88
fist,trainingSamples,raw_data/EMG-EPN612/testingJSON/user255/user255.json,idx_89
fist,trainingSamples,raw_data/EMG-EPN612/testingJSON/user255/user255.json,idx_90
fist,trainingSamples,raw_data/EMG-EPN612/testingJSON/user255/user255.json,idx_91
fist,trainingSamples,raw_data/EMG-EPN612/testingJSON/user255/user255.json,idx_92
fist,trainingSamples,raw_data/EMG-EPN612/testingJSON/user255/user255.json,idx_93
fist,trainingSamples,raw_data/EMG-EPN612/testingJSON/user255/user255.json,idx_94
fist,trainingSamples,raw_data/EMG-EPN612/testingJSON/user255/user255.json,idx_95
fist,trainingSamples,raw_data/EMG-EPN612/testingJSON/user255/user255.json,idx_96
fist,trainingSamples,raw_data/EMG-EPN612/testingJSON/user255/user255.json,idx_97
fist,trainingSamples,raw_data/EMG-EPN612/testingJSON/user255/user255.json,idx_98
fist,trainingSamples,raw_data/EMG-EPN612/testingJSON/user255/user255.json,idx_99
fist,trainingSamples,raw_data/EMG-EPN612/testingJSON/user255/user255.json,idx_100
waveIn,trainingSamples,raw_data/EMG-EPN612/testingJSON/user255/user255.json,idx_101
waveIn,trainingSamples,raw_data/EMG-EPN612/testingJSON/user255/user255.json,idx_102
waveIn,trainingSamples,raw_data/EMG-EPN612/testingJSON/user255/user255.json,idx_103
waveIn,trainingSamples,raw_data/EMG-EPN612/testingJSON/user255/user255.json,idx_104
waveIn,trainingSamples,raw_data/EMG-EPN612/testingJSON/user255/user255.json,idx_105
waveIn,trainingSamples,raw_data/EMG-EPN612/testingJSON/user255/user255.json,idx_106
waveIn,trainingSamples,raw_data/EMG-EPN612/testingJSON/user255/user255.json,idx_107
waveIn,trainingSamples,raw_data/EMG-EPN612/testingJSON/user255/user255.json,idx_108
waveIn,trainingSamples,raw_data/EMG-EPN612/testingJSON/user255/user255.json,idx_109
waveIn,trainingSamples,raw_data/EMG-EPN612/testingJSON/user255/user255.json,idx_110
waveIn,trainingSamples,raw_data/EMG-EPN612/testingJSON/user255/user255.json,idx_111
waveIn,trainingSamples,raw_data/EMG-EPN612/testingJSON/user255/user255.json,idx_112
waveIn,trainingSamples,raw_data/EMG-EPN612/testingJSON/user255/user255.json,idx_113
waveIn,trainingSamples,raw_data/EMG-EPN612/testingJSON/user255/user255.json,idx_114
waveIn,trainingSamples,raw_data/EMG-EPN612/testingJSON/user255/user255.json,idx_115
waveIn,trainingSamples,raw_data/EMG-EPN612/testingJSON/user255/user255.json,idx_116
waveIn,trainingSamples,raw_data/EMG-EPN612/testingJSON/user255/user255.json,idx_117
waveIn,trainingSamples,raw_data/EMG-EPN612/testingJSON/user255/user255.json,idx_118
waveIn,trainingSamples,raw_data/EMG-EPN612/testingJSON/user255/user255.json,idx_119
waveIn,trainingSamples,raw_data/EMG-EPN612/testingJSON/user255/user255.json,idx_120
waveIn,trainingSamples,raw_data/EMG-EPN612/testingJSON/user255/user255.json,idx_121
waveIn,trainingSamples,raw_data/EMG-EPN612/testingJSON/user255/user255.json,idx_122
waveIn,trainingSamples,raw_data/EMG-EPN612/testingJSON/user255/user255.json,idx_123
waveIn,trainingSamples,raw_data/EMG-EPN612/testingJSON/user255/user255.json,idx_124
waveIn,trainingSamples,raw_data/EMG-EPN612/testingJSON/user255/user255.json,idx_125
open,trainingSamples,raw_data/EMG-EPN612/testingJSON/user255/user255.json,idx_126
open,trainingSamples,raw_data/EMG-EPN612/testingJSON/user255/user255.json,idx_127
open,trainingSamples,raw_data/EMG-EPN612/testingJSON/user255/user255.json,idx_128
open,trainingSamples,raw_data/EMG-EPN612/testingJSON/user255/user255.json,idx_129
open,trainingSamples,raw_data/EMG-EPN612/testingJSON/user255/user255.json,idx_130
open,trainingSamples,raw_data/EMG-EPN612/testingJSON/user255/user255.json,idx_131
open,trainingSamples,raw_data/EMG-EPN612/testingJSON/user255/user255.json,idx_132
open,trainingSamples,raw_data/EMG-EPN612/testingJSON/user255/user255.json,idx_133
open,trainingSamples,raw_data/EMG-EPN612/testingJSON/user255/user255.json,idx_134
open,trainingSamples,raw_data/EMG-EPN612/testingJSON/user255/user255.json,idx_135
open,trainingSamples,raw_data/EMG-EPN612/testingJSON/user255/user255.json,idx_136
open,trainingSamples,raw_data/EMG-EPN612/testingJSON/user255/user255.json,idx_137
open,trainingSamples,raw_data/EMG-EPN612/testingJSON/user255/user255.json,idx_138
open,trainingSamples,raw_data/EMG-EPN612/testingJSON/user255/user255.json,idx_139
open,trainingSamples,raw_data/EMG-EPN612/testingJSON/user255/user255.json,idx_140
open,trainingSamples,raw_data/EMG-EPN612/testingJSON/user255/user255.json,idx_141
open,trainingSamples,raw_data/EMG-EPN612/testingJSON/user255/user255.json,idx_142
open,trainingSamples,raw_data/EMG-EPN612/testingJSON/user255/user255.json,idx_143
open,trainingSamples,raw_data/EMG-EPN612/testingJSON/user255/user255.json,idx_144
open,trainingSamples,raw_data/EMG-EPN612/testingJSON/user255/user255.json,idx_145
open,trainingSamples,raw_data/EMG-EPN612/testingJSON/user255/user255.json,idx_146
open,trainingSamples,raw_data/EMG-EPN612/testingJSON/user255/user255.json,idx_147
open,trainingSamples,raw_data/EMG-EPN612/testingJSON/user255/user255.json,idx_148
open,trainingSamples,raw_data/EMG-EPN612/testingJSON/user255/user255.json,idx_149
open,trainingSamples,raw_data/EMG-EPN612/testingJSON/user255/user255.json,idx_150
noGesture,trainingSamples,raw_data/EMG-EPN612/testingJSON/user256/user256.json,idx_1
noGesture,trainingSamples,raw_data/EMG-EPN612/testingJSON/user256/user256.json,idx_2
noGesture,trainingSamples,raw_data/EMG-EPN612/testingJSON/user256/user256.json,idx_3
noGesture,trainingSamples,raw_data/EMG-EPN612/testingJSON/user256/user256.json,idx_4
noGesture,trainingSamples,raw_data/EMG-EPN612/testingJSON/user256/user256.json,idx_5
noGesture,trainingSamples,raw_data/EMG-EPN612/testingJSON/user256/user256.json,idx_6
noGesture,trainingSamples,raw_data/EMG-EPN612/testingJSON/user256/user256.json,idx_7
noGesture,trainingSamples,raw_data/EMG-EPN612/testingJSON/user256/user256.json,idx_8
noGesture,trainingSamples,raw_data/EMG-EPN612/testingJSON/user256/user256.json,idx_9
noGesture,trainingSamples,raw_data/EMG-EPN612/testingJSON/user256/user256.json,idx_10
noGesture,trainingSamples,raw_data/EMG-EPN612/testingJSON/user256/user256.json,idx_11
noGesture,trainingSamples,raw_data/EMG-EPN612/testingJSON/user256/user256.json,idx_12
noGesture,trainingSamples,raw_data/EMG-EPN612/testingJSON/user256/user256.json,idx_13
noGesture,trainingSamples,raw_data/EMG-EPN612/testingJSON/user256/user256.json,idx_14
noGesture,trainingSamples,raw_data/EMG-EPN612/testingJSON/user256/user256.json,idx_15
noGesture,trainingSamples,raw_data/EMG-EPN612/testingJSON/user256/user256.json,idx_16
noGesture,trainingSamples,raw_data/EMG-EPN612/testingJSON/user256/user256.json,idx_17
noGesture,trainingSamples,raw_data/EMG-EPN612/testingJSON/user256/user256.json,idx_18
noGesture,trainingSamples,raw_data/EMG-EPN612/testingJSON/user256/user256.json,idx_19
noGesture,trainingSamples,raw_data/EMG-EPN612/testingJSON/user256/user256.json,idx_20
noGesture,trainingSamples,raw_data/EMG-EPN612/testingJSON/user256/user256.json,idx_21
noGesture,trainingSamples,raw_data/EMG-EPN612/testingJSON/user256/user256.json,idx_22
noGesture,trainingSamples,raw_data/EMG-EPN612/testingJSON/user256/user256.json,idx_23
noGesture,trainingSamples,raw_data/EMG-EPN612/testingJSON/user256/user256.json,idx_24
noGesture,trainingSamples,raw_data/EMG-EPN612/testingJSON/user256/user256.json,idx_25
waveOut,trainingSamples,raw_data/EMG-EPN612/testingJSON/user256/user256.json,idx_26
waveOut,trainingSamples,raw_data/EMG-EPN612/testingJSON/user256/user256.json,idx_27
waveOut,trainingSamples,raw_data/EMG-EPN612/testingJSON/user256/user256.json,idx_28
waveOut,trainingSamples,raw_data/EMG-EPN612/testingJSON/user256/user256.json,idx_29
waveOut,trainingSamples,raw_data/EMG-EPN612/testingJSON/user256/user256.json,idx_30
waveOut,trainingSamples,raw_data/EMG-EPN612/testingJSON/user256/user256.json,idx_31
waveOut,trainingSamples,raw_data/EMG-EPN612/testingJSON/user256/user256.json,idx_32
waveOut,trainingSamples,raw_data/EMG-EPN612/testingJSON/user256/user256.json,idx_33
waveOut,trainingSamples,raw_data/EMG-EPN612/testingJSON/user256/user256.json,idx_34
waveOut,trainingSamples,raw_data/EMG-EPN612/testingJSON/user256/user256.json,idx_35
waveOut,trainingSamples,raw_data/EMG-EPN612/testingJSON/user256/user256.json,idx_36
waveOut,trainingSamples,raw_data/EMG-EPN612/testingJSON/user256/user256.json,idx_37
waveOut,trainingSamples,raw_data/EMG-EPN612/testingJSON/user256/user256.json,idx_38
waveOut,trainingSamples,raw_data/EMG-EPN612/testingJSON/user256/user256.json,idx_39
waveOut,trainingSamples,raw_data/EMG-EPN612/testingJSON/user256/user256.json,idx_40
waveOut,trainingSamples,raw_data/EMG-EPN612/testingJSON/user256/user256.json,idx_41
waveOut,trainingSamples,raw_data/EMG-EPN612/testingJSON/user256/user256.json,idx_42
waveOut,trainingSamples,raw_data/EMG-EPN612/testingJSON/user256/user256.json,idx_43
waveOut,trainingSamples,raw_data/EMG-EPN612/testingJSON/user256/user256.json,idx_44
waveOut,trainingSamples,raw_data/EMG-EPN612/testingJSON/user256/user256.json,idx_45
waveOut,trainingSamples,raw_data/EMG-EPN612/testingJSON/user256/user256.json,idx_46
waveOut,trainingSamples,raw_data/EMG-EPN612/testingJSON/user256/user256.json,idx_47
waveOut,trainingSamples,raw_data/EMG-EPN612/testingJSON/user256/user256.json,idx_48
waveOut,trainingSamples,raw_data/EMG-EPN612/testingJSON/user256/user256.json,idx_49
waveOut,trainingSamples,raw_data/EMG-EPN612/testingJSON/user256/user256.json,idx_50
pinch,trainingSamples,raw_data/EMG-EPN612/testingJSON/user256/user256.json,idx_51
pinch,trainingSamples,raw_data/EMG-EPN612/testingJSON/user256/user256.json,idx_52
pinch,trainingSamples,raw_data/EMG-EPN612/testingJSON/user256/user256.json,idx_53
pinch,trainingSamples,raw_data/EMG-EPN612/testingJSON/user256/user256.json,idx_54
pinch,trainingSamples,raw_data/EMG-EPN612/testingJSON/user256/user256.json,idx_55
pinch,trainingSamples,raw_data/EMG-EPN612/testingJSON/user256/user256.json,idx_56
pinch,trainingSamples,raw_data/EMG-EPN612/testingJSON/user256/user256.json,idx_57
pinch,trainingSamples,raw_data/EMG-EPN612/testingJSON/user256/user256.json,idx_58
pinch,trainingSamples,raw_data/EMG-EPN612/testingJSON/user256/user256.json,idx_59
pinch,trainingSamples,raw_data/EMG-EPN612/testingJSON/user256/user256.json,idx_60
pinch,trainingSamples,raw_data/EMG-EPN612/testingJSON/user256/user256.json,idx_61
pinch,trainingSamples,raw_data/EMG-EPN612/testingJSON/user256/user256.json,idx_62
pinch,trainingSamples,raw_data/EMG-EPN612/testingJSON/user256/user256.json,idx_63
pinch,trainingSamples,raw_data/EMG-EPN612/testingJSON/user256/user256.json,idx_64
pinch,trainingSamples,raw_data/EMG-EPN612/testingJSON/user256/user256.json,idx_65
pinch,trainingSamples,raw_data/EMG-EPN612/testingJSON/user256/user256.json,idx_66
pinch,trainingSamples,raw_data/EMG-EPN612/testingJSON/user256/user256.json,idx_67
pinch,trainingSamples,raw_data/EMG-EPN612/testingJSON/user256/user256.json,idx_68
pinch,trainingSamples,raw_data/EMG-EPN612/testingJSON/user256/user256.json,idx_69
pinch,trainingSamples,raw_data/EMG-EPN612/testingJSON/user256/user256.json,idx_70
pinch,trainingSamples,raw_data/EMG-EPN612/testingJSON/user256/user256.json,idx_71
pinch,trainingSamples,raw_data/EMG-EPN612/testingJSON/user256/user256.json,idx_72
pinch,trainingSamples,raw_data/EMG-EPN612/testingJSON/user256/user256.json,idx_73
pinch,trainingSamples,raw_data/EMG-EPN612/testingJSON/user256/user256.json,idx_74
pinch,trainingSamples,raw_data/EMG-EPN612/testingJSON/user256/user256.json,idx_75
fist,trainingSamples,raw_data/EMG-EPN612/testingJSON/user256/user256.json,idx_76
fist,trainingSamples,raw_data/EMG-EPN612/testingJSON/user256/user256.json,idx_77
fist,trainingSamples,raw_data/EMG-EPN612/testingJSON/user256/user256.json,idx_78
fist,trainingSamples,raw_data/EMG-EPN612/testingJSON/user256/user256.json,idx_79
fist,trainingSamples,raw_data/EMG-EPN612/testingJSON/user256/user256.json,idx_80
fist,trainingSamples,raw_data/EMG-EPN612/testingJSON/user256/user256.json,idx_81
fist,trainingSamples,raw_data/EMG-EPN612/testingJSON/user256/user256.json,idx_82
fist,trainingSamples,raw_data/EMG-EPN612/testingJSON/user256/user256.json,idx_83
fist,trainingSamples,raw_data/EMG-EPN612/testingJSON/user256/user256.json,idx_84
fist,trainingSamples,raw_data/EMG-EPN612/testingJSON/user256/user256.json,idx_85
fist,trainingSamples,raw_data/EMG-EPN612/testingJSON/user256/user256.json,idx_86
fist,trainingSamples,raw_data/EMG-EPN612/testingJSON/user256/user256.json,idx_87
fist,trainingSamples,raw_data/EMG-EPN612/testingJSON/user256/user256.json,idx_88
fist,trainingSamples,raw_data/EMG-EPN612/testingJSON/user256/user256.json,idx_89
fist,trainingSamples,raw_data/EMG-EPN612/testingJSON/user256/user256.json,idx_90
fist,trainingSamples,raw_data/EMG-EPN612/testingJSON/user256/user256.json,idx_91
fist,trainingSamples,raw_data/EMG-EPN612/testingJSON/user256/user256.json,idx_92
fist,trainingSamples,raw_data/EMG-EPN612/testingJSON/user256/user256.json,idx_93
fist,trainingSamples,raw_data/EMG-EPN612/testingJSON/user256/user256.json,idx_94
fist,trainingSamples,raw_data/EMG-EPN612/testingJSON/user256/user256.json,idx_95
fist,trainingSamples,raw_data/EMG-EPN612/testingJSON/user256/user256.json,idx_96
fist,trainingSamples,raw_data/EMG-EPN612/testingJSON/user256/user256.json,idx_97
fist,trainingSamples,raw_data/EMG-EPN612/testingJSON/user256/user256.json,idx_98
fist,trainingSamples,raw_data/EMG-EPN612/testingJSON/user256/user256.json,idx_99
fist,trainingSamples,raw_data/EMG-EPN612/testingJSON/user256/user256.json,idx_100
waveIn,trainingSamples,raw_data/EMG-EPN612/testingJSON/user256/user256.json,idx_101
waveIn,trainingSamples,raw_data/EMG-EPN612/testingJSON/user256/user256.json,idx_102
waveIn,trainingSamples,raw_data/EMG-EPN612/testingJSON/user256/user256.json,idx_103
waveIn,trainingSamples,raw_data/EMG-EPN612/testingJSON/user256/user256.json,idx_104
waveIn,trainingSamples,raw_data/EMG-EPN612/testingJSON/user256/user256.json,idx_105
waveIn,trainingSamples,raw_data/EMG-EPN612/testingJSON/user256/user256.json,idx_106
waveIn,trainingSamples,raw_data/EMG-EPN612/testingJSON/user256/user256.json,idx_107
waveIn,trainingSamples,raw_data/EMG-EPN612/testingJSON/user256/user256.json,idx_108
waveIn,trainingSamples,raw_data/EMG-EPN612/testingJSON/user256/user256.json,idx_109
waveIn,trainingSamples,raw_data/EMG-EPN612/testingJSON/user256/user256.json,idx_110
waveIn,trainingSamples,raw_data/EMG-EPN612/testingJSON/user256/user256.json,idx_111
waveIn,trainingSamples,raw_data/EMG-EPN612/testingJSON/user256/user256.json,idx_112
waveIn,trainingSamples,raw_data/EMG-EPN612/testingJSON/user256/user256.json,idx_113
waveIn,trainingSamples,raw_data/EMG-EPN612/testingJSON/user256/user256.json,idx_114
waveIn,trainingSamples,raw_data/EMG-EPN612/testingJSON/user256/user256.json,idx_115
waveIn,trainingSamples,raw_data/EMG-EPN612/testingJSON/user256/user256.json,idx_116
waveIn,trainingSamples,raw_data/EMG-EPN612/testingJSON/user256/user256.json,idx_117
waveIn,trainingSamples,raw_data/EMG-EPN612/testingJSON/user256/user256.json,idx_118
waveIn,trainingSamples,raw_data/EMG-EPN612/testingJSON/user256/user256.json,idx_119
waveIn,trainingSamples,raw_data/EMG-EPN612/testingJSON/user256/user256.json,idx_120
waveIn,trainingSamples,raw_data/EMG-EPN612/testingJSON/user256/user256.json,idx_121
waveIn,trainingSamples,raw_data/EMG-EPN612/testingJSON/user256/user256.json,idx_122
waveIn,trainingSamples,raw_data/EMG-EPN612/testingJSON/user256/user256.json,idx_123
waveIn,trainingSamples,raw_data/EMG-EPN612/testingJSON/user256/user256.json,idx_124
waveIn,trainingSamples,raw_data/EMG-EPN612/testingJSON/user256/user256.json,idx_125
open,trainingSamples,raw_data/EMG-EPN612/testingJSON/user256/user256.json,idx_126
open,trainingSamples,raw_data/EMG-EPN612/testingJSON/user256/user256.json,idx_127
open,trainingSamples,raw_data/EMG-EPN612/testingJSON/user256/user256.json,idx_128
open,trainingSamples,raw_data/EMG-EPN612/testingJSON/user256/user256.json,idx_129
open,trainingSamples,raw_data/EMG-EPN612/testingJSON/user256/user256.json,idx_130
open,trainingSamples,raw_data/EMG-EPN612/testingJSON/user256/user256.json,idx_131
open,trainingSamples,raw_data/EMG-EPN612/testingJSON/user256/user256.json,idx_132
open,trainingSamples,raw_data/EMG-EPN612/testingJSON/user256/user256.json,idx_133
open,trainingSamples,raw_data/EMG-EPN612/testingJSON/user256/user256.json,idx_134
open,trainingSamples,raw_data/EMG-EPN612/testingJSON/user256/user256.json,idx_135
open,trainingSamples,raw_data/EMG-EPN612/testingJSON/user256/user256.json,idx_136
open,trainingSamples,raw_data/EMG-EPN612/testingJSON/user256/user256.json,idx_137
open,trainingSamples,raw_data/EMG-EPN612/testingJSON/user256/user256.json,idx_138
open,trainingSamples,raw_data/EMG-EPN612/testingJSON/user256/user256.json,idx_139
open,trainingSamples,raw_data/EMG-EPN612/testingJSON/user256/user256.json,idx_140
open,trainingSamples,raw_data/EMG-EPN612/testingJSON/user256/user256.json,idx_141
open,trainingSamples,raw_data/EMG-EPN612/testingJSON/user256/user256.json,idx_142
open,trainingSamples,raw_data/EMG-EPN612/testingJSON/user256/user256.json,idx_143
open,trainingSamples,raw_data/EMG-EPN612/testingJSON/user256/user256.json,idx_144
open,trainingSamples,raw_data/EMG-EPN612/testingJSON/user256/user256.json,idx_145
open,trainingSamples,raw_data/EMG-EPN612/testingJSON/user256/user256.json,idx_146
open,trainingSamples,raw_data/EMG-EPN612/testingJSON/user256/user256.json,idx_147
open,trainingSamples,raw_data/EMG-EPN612/testingJSON/user256/user256.json,idx_148
open,trainingSamples,raw_data/EMG-EPN612/testingJSON/user256/user256.json,idx_149
open,trainingSamples,raw_data/EMG-EPN612/testingJSON/user256/user256.json,idx_150
noGesture,trainingSamples,raw_data/EMG-EPN612/testingJSON/user257/user257.json,idx_1
noGesture,trainingSamples,raw_data/EMG-EPN612/testingJSON/user257/user257.json,idx_2
noGesture,trainingSamples,raw_data/EMG-EPN612/testingJSON/user257/user257.json,idx_3
noGesture,trainingSamples,raw_data/EMG-EPN612/testingJSON/user257/user257.json,idx_4
noGesture,trainingSamples,raw_data/EMG-EPN612/testingJSON/user257/user257.json,idx_5
noGesture,trainingSamples,raw_data/EMG-EPN612/testingJSON/user257/user257.json,idx_6
noGesture,trainingSamples,raw_data/EMG-EPN612/testingJSON/user257/user257.json,idx_7
noGesture,trainingSamples,raw_data/EMG-EPN612/testingJSON/user257/user257.json,idx_8
noGesture,trainingSamples,raw_data/EMG-EPN612/testingJSON/user257/user257.json,idx_9
noGesture,trainingSamples,raw_data/EMG-EPN612/testingJSON/user257/user257.json,idx_10
noGesture,trainingSamples,raw_data/EMG-EPN612/testingJSON/user257/user257.json,idx_11
noGesture,trainingSamples,raw_data/EMG-EPN612/testingJSON/user257/user257.json,idx_12
noGesture,trainingSamples,raw_data/EMG-EPN612/testingJSON/user257/user257.json,idx_13
noGesture,trainingSamples,raw_data/EMG-EPN612/testingJSON/user257/user257.json,idx_14
noGesture,trainingSamples,raw_data/EMG-EPN612/testingJSON/user257/user257.json,idx_15
noGesture,trainingSamples,raw_data/EMG-EPN612/testingJSON/user257/user257.json,idx_16
noGesture,trainingSamples,raw_data/EMG-EPN612/testingJSON/user257/user257.json,idx_17
noGesture,trainingSamples,raw_data/EMG-EPN612/testingJSON/user257/user257.json,idx_18
noGesture,trainingSamples,raw_data/EMG-EPN612/testingJSON/user257/user257.json,idx_19
noGesture,trainingSamples,raw_data/EMG-EPN612/testingJSON/user257/user257.json,idx_20
noGesture,trainingSamples,raw_data/EMG-EPN612/testingJSON/user257/user257.json,idx_21
noGesture,trainingSamples,raw_data/EMG-EPN612/testingJSON/user257/user257.json,idx_22
noGesture,trainingSamples,raw_data/EMG-EPN612/testingJSON/user257/user257.json,idx_23
noGesture,trainingSamples,raw_data/EMG-EPN612/testingJSON/user257/user257.json,idx_24
noGesture,trainingSamples,raw_data/EMG-EPN612/testingJSON/user257/user257.json,idx_25
waveOut,trainingSamples,raw_data/EMG-EPN612/testingJSON/user257/user257.json,idx_26
waveOut,trainingSamples,raw_data/EMG-EPN612/testingJSON/user257/user257.json,idx_27
waveOut,trainingSamples,raw_data/EMG-EPN612/testingJSON/user257/user257.json,idx_28
waveOut,trainingSamples,raw_data/EMG-EPN612/testingJSON/user257/user257.json,idx_29
waveOut,trainingSamples,raw_data/EMG-EPN612/testingJSON/user257/user257.json,idx_30
waveOut,trainingSamples,raw_data/EMG-EPN612/testingJSON/user257/user257.json,idx_31
waveOut,trainingSamples,raw_data/EMG-EPN612/testingJSON/user257/user257.json,idx_32
waveOut,trainingSamples,raw_data/EMG-EPN612/testingJSON/user257/user257.json,idx_33
waveOut,trainingSamples,raw_data/EMG-EPN612/testingJSON/user257/user257.json,idx_34
waveOut,trainingSamples,raw_data/EMG-EPN612/testingJSON/user257/user257.json,idx_35
waveOut,trainingSamples,raw_data/EMG-EPN612/testingJSON/user257/user257.json,idx_36
waveOut,trainingSamples,raw_data/EMG-EPN612/testingJSON/user257/user257.json,idx_37
waveOut,trainingSamples,raw_data/EMG-EPN612/testingJSON/user257/user257.json,idx_38
waveOut,trainingSamples,raw_data/EMG-EPN612/testingJSON/user257/user257.json,idx_39
waveOut,trainingSamples,raw_data/EMG-EPN612/testingJSON/user257/user257.json,idx_40
waveOut,trainingSamples,raw_data/EMG-EPN612/testingJSON/user257/user257.json,idx_41
waveOut,trainingSamples,raw_data/EMG-EPN612/testingJSON/user257/user257.json,idx_42
waveOut,trainingSamples,raw_data/EMG-EPN612/testingJSON/user257/user257.json,idx_43
waveOut,trainingSamples,raw_data/EMG-EPN612/testingJSON/user257/user257.json,idx_44
waveOut,trainingSamples,raw_data/EMG-EPN612/testingJSON/user257/user257.json,idx_45
waveOut,trainingSamples,raw_data/EMG-EPN612/testingJSON/user257/user257.json,idx_46
waveOut,trainingSamples,raw_data/EMG-EPN612/testingJSON/user257/user257.json,idx_47
waveOut,trainingSamples,raw_data/EMG-EPN612/testingJSON/user257/user257.json,idx_48
waveOut,trainingSamples,raw_data/EMG-EPN612/testingJSON/user257/user257.json,idx_49
waveOut,trainingSamples,raw_data/EMG-EPN612/testingJSON/user257/user257.json,idx_50
pinch,trainingSamples,raw_data/EMG-EPN612/testingJSON/user257/user257.json,idx_51
pinch,trainingSamples,raw_data/EMG-EPN612/testingJSON/user257/user257.json,idx_52
pinch,trainingSamples,raw_data/EMG-EPN612/testingJSON/user257/user257.json,idx_53
pinch,trainingSamples,raw_data/EMG-EPN612/testingJSON/user257/user257.json,idx_54
pinch,trainingSamples,raw_data/EMG-EPN612/testingJSON/user257/user257.json,idx_55
pinch,trainingSamples,raw_data/EMG-EPN612/testingJSON/user257/user257.json,idx_56
pinch,trainingSamples,raw_data/EMG-EPN612/testingJSON/user257/user257.json,idx_57
pinch,trainingSamples,raw_data/EMG-EPN612/testingJSON/user257/user257.json,idx_58
pinch,trainingSamples,raw_data/EMG-EPN612/testingJSON/user257/user257.json,idx_59
pinch,trainingSamples,raw_data/EMG-EPN612/testingJSON/user257/user257.json,idx_60
pinch,trainingSamples,raw_data/EMG-EPN612/testingJSON/user257/user257.json,idx_61
pinch,trainingSamples,raw_data/EMG-EPN612/testingJSON/user257/user257.json,idx_62
pinch,trainingSamples,raw_data/EMG-EPN612/testingJSON/user257/user257.json,idx_63
pinch,trainingSamples,raw_data/EMG-EPN612/testingJSON/user257/user257.json,idx_64
pinch,trainingSamples,raw_data/EMG-EPN612/testingJSON/user257/user257.json,idx_65
pinch,trainingSamples,raw_data/EMG-EPN612/testingJSON/user257/user257.json,idx_66
pinch,trainingSamples,raw_data/EMG-EPN612/testingJSON/user257/user257.json,idx_67
pinch,trainingSamples,raw_data/EMG-EPN612/testingJSON/user257/user257.json,idx_68
pinch,trainingSamples,raw_data/EMG-EPN612/testingJSON/user257/user257.json,idx_69
pinch,trainingSamples,raw_data/EMG-EPN612/testingJSON/user257/user257.json,idx_70
pinch,trainingSamples,raw_data/EMG-EPN612/testingJSON/user257/user257.json,idx_71
pinch,trainingSamples,raw_data/EMG-EPN612/testingJSON/user257/user257.json,idx_72
pinch,trainingSamples,raw_data/EMG-EPN612/testingJSON/user257/user257.json,idx_73
pinch,trainingSamples,raw_data/EMG-EPN612/testingJSON/user257/user257.json,idx_74
pinch,trainingSamples,raw_data/EMG-EPN612/testingJSON/user257/user257.json,idx_75
fist,trainingSamples,raw_data/EMG-EPN612/testingJSON/user257/user257.json,idx_76
fist,trainingSamples,raw_data/EMG-EPN612/testingJSON/user257/user257.json,idx_77
fist,trainingSamples,raw_data/EMG-EPN612/testingJSON/user257/user257.json,idx_78
fist,trainingSamples,raw_data/EMG-EPN612/testingJSON/user257/user257.json,idx_79
fist,trainingSamples,raw_data/EMG-EPN612/testingJSON/user257/user257.json,idx_80
fist,trainingSamples,raw_data/EMG-EPN612/testingJSON/user257/user257.json,idx_81
fist,trainingSamples,raw_data/EMG-EPN612/testingJSON/user257/user257.json,idx_82
fist,trainingSamples,raw_data/EMG-EPN612/testingJSON/user257/user257.json,idx_83
fist,trainingSamples,raw_data/EMG-EPN612/testingJSON/user257/user257.json,idx_84
fist,trainingSamples,raw_data/EMG-EPN612/testingJSON/user257/user257.json,idx_85
fist,trainingSamples,raw_data/EMG-EPN612/testingJSON/user257/user257.json,idx_86
fist,trainingSamples,raw_data/EMG-EPN612/testingJSON/user257/user257.json,idx_87
fist,trainingSamples,raw_data/EMG-EPN612/testingJSON/user257/user257.json,idx_88
fist,trainingSamples,raw_data/EMG-EPN612/testingJSON/user257/user257.json,idx_89
fist,trainingSamples,raw_data/EMG-EPN612/testingJSON/user257/user257.json,idx_90
fist,trainingSamples,raw_data/EMG-EPN612/testingJSON/user257/user257.json,idx_91
fist,trainingSamples,raw_data/EMG-EPN612/testingJSON/user257/user257.json,idx_92
fist,trainingSamples,raw_data/EMG-EPN612/testingJSON/user257/user257.json,idx_93
fist,trainingSamples,raw_data/EMG-EPN612/testingJSON/user257/user257.json,idx_94
fist,trainingSamples,raw_data/EMG-EPN612/testingJSON/user257/user257.json,idx_95
fist,trainingSamples,raw_data/EMG-EPN612/testingJSON/user257/user257.json,idx_96
fist,trainingSamples,raw_data/EMG-EPN612/testingJSON/user257/user257.json,idx_97
fist,trainingSamples,raw_data/EMG-EPN612/testingJSON/user257/user257.json,idx_98
fist,trainingSamples,raw_data/EMG-EPN612/testingJSON/user257/user257.json,idx_99
fist,trainingSamples,raw_data/EMG-EPN612/testingJSON/user257/user257.json,idx_100
waveIn,trainingSamples,raw_data/EMG-EPN612/testingJSON/user257/user257.json,idx_101
waveIn,trainingSamples,raw_data/EMG-EPN612/testingJSON/user257/user257.json,idx_102
waveIn,trainingSamples,raw_data/EMG-EPN612/testingJSON/user257/user257.json,idx_103
waveIn,trainingSamples,raw_data/EMG-EPN612/testingJSON/user257/user257.json,idx_104
waveIn,trainingSamples,raw_data/EMG-EPN612/testingJSON/user257/user257.json,idx_105
waveIn,trainingSamples,raw_data/EMG-EPN612/testingJSON/user257/user257.json,idx_106
waveIn,trainingSamples,raw_data/EMG-EPN612/testingJSON/user257/user257.json,idx_107
waveIn,trainingSamples,raw_data/EMG-EPN612/testingJSON/user257/user257.json,idx_108
waveIn,trainingSamples,raw_data/EMG-EPN612/testingJSON/user257/user257.json,idx_109
waveIn,trainingSamples,raw_data/EMG-EPN612/testingJSON/user257/user257.json,idx_110
waveIn,trainingSamples,raw_data/EMG-EPN612/testingJSON/user257/user257.json,idx_111
waveIn,trainingSamples,raw_data/EMG-EPN612/testingJSON/user257/user257.json,idx_112
waveIn,trainingSamples,raw_data/EMG-EPN612/testingJSON/user257/user257.json,idx_113
waveIn,trainingSamples,raw_data/EMG-EPN612/testingJSON/user257/user257.json,idx_114
waveIn,trainingSamples,raw_data/EMG-EPN612/testingJSON/user257/user257.json,idx_115
waveIn,trainingSamples,raw_data/EMG-EPN612/testingJSON/user257/user257.json,idx_116
waveIn,trainingSamples,raw_data/EMG-EPN612/testingJSON/user257/user257.json,idx_117
waveIn,trainingSamples,raw_data/EMG-EPN612/testingJSON/user257/user257.json,idx_118
waveIn,trainingSamples,raw_data/EMG-EPN612/testingJSON/user257/user257.json,idx_119
waveIn,trainingSamples,raw_data/EMG-EPN612/testingJSON/user257/user257.json,idx_120
waveIn,trainingSamples,raw_data/EMG-EPN612/testingJSON/user257/user257.json,idx_121
waveIn,trainingSamples,raw_data/EMG-EPN612/testingJSON/user257/user257.json,idx_122
waveIn,trainingSamples,raw_data/EMG-EPN612/testingJSON/user257/user257.json,idx_123
waveIn,trainingSamples,raw_data/EMG-EPN612/testingJSON/user257/user257.json,idx_124
waveIn,trainingSamples,raw_data/EMG-EPN612/testingJSON/user257/user257.json,idx_125
open,trainingSamples,raw_data/EMG-EPN612/testingJSON/user257/user257.json,idx_126
open,trainingSamples,raw_data/EMG-EPN612/testingJSON/user257/user257.json,idx_127
open,trainingSamples,raw_data/EMG-EPN612/testingJSON/user257/user257.json,idx_128
open,trainingSamples,raw_data/EMG-EPN612/testingJSON/user257/user257.json,idx_129
open,trainingSamples,raw_data/EMG-EPN612/testingJSON/user257/user257.json,idx_130
open,trainingSamples,raw_data/EMG-EPN612/testingJSON/user257/user257.json,idx_131
open,trainingSamples,raw_data/EMG-EPN612/testingJSON/user257/user257.json,idx_132
open,trainingSamples,raw_data/EMG-EPN612/testingJSON/user257/user257.json,idx_133
open,trainingSamples,raw_data/EMG-EPN612/testingJSON/user257/user257.json,idx_134
open,trainingSamples,raw_data/EMG-EPN612/testingJSON/user257/user257.json,idx_135
open,trainingSamples,raw_data/EMG-EPN612/testingJSON/user257/user257.json,idx_136
open,trainingSamples,raw_data/EMG-EPN612/testingJSON/user257/user257.json,idx_137
open,trainingSamples,raw_data/EMG-EPN612/testingJSON/user257/user257.json,idx_138
open,trainingSamples,raw_data/EMG-EPN612/testingJSON/user257/user257.json,idx_139
open,trainingSamples,raw_data/EMG-EPN612/testingJSON/user257/user257.json,idx_140
open,trainingSamples,raw_data/EMG-EPN612/testingJSON/user257/user257.json,idx_141
open,trainingSamples,raw_data/EMG-EPN612/testingJSON/user257/user257.json,idx_142
open,trainingSamples,raw_data/EMG-EPN612/testingJSON/user257/user257.json,idx_143
open,trainingSamples,raw_data/EMG-EPN612/testingJSON/user257/user257.json,idx_144
open,trainingSamples,raw_data/EMG-EPN612/testingJSON/user257/user257.json,idx_145
open,trainingSamples,raw_data/EMG-EPN612/testingJSON/user257/user257.json,idx_146
open,trainingSamples,raw_data/EMG-EPN612/testingJSON/user257/user257.json,idx_147
open,trainingSamples,raw_data/EMG-EPN612/testingJSON/user257/user257.json,idx_148
open,trainingSamples,raw_data/EMG-EPN612/testingJSON/user257/user257.json,idx_149
open,trainingSamples,raw_data/EMG-EPN612/testingJSON/user257/user257.json,idx_150
noGesture,trainingSamples,raw_data/EMG-EPN612/testingJSON/user258/user258.json,idx_1
noGesture,trainingSamples,raw_data/EMG-EPN612/testingJSON/user258/user258.json,idx_2
noGesture,trainingSamples,raw_data/EMG-EPN612/testingJSON/user258/user258.json,idx_3
noGesture,trainingSamples,raw_data/EMG-EPN612/testingJSON/user258/user258.json,idx_4
noGesture,trainingSamples,raw_data/EMG-EPN612/testingJSON/user258/user258.json,idx_5
noGesture,trainingSamples,raw_data/EMG-EPN612/testingJSON/user258/user258.json,idx_6
noGesture,trainingSamples,raw_data/EMG-EPN612/testingJSON/user258/user258.json,idx_7
noGesture,trainingSamples,raw_data/EMG-EPN612/testingJSON/user258/user258.json,idx_8
noGesture,trainingSamples,raw_data/EMG-EPN612/testingJSON/user258/user258.json,idx_9
noGesture,trainingSamples,raw_data/EMG-EPN612/testingJSON/user258/user258.json,idx_10
noGesture,trainingSamples,raw_data/EMG-EPN612/testingJSON/user258/user258.json,idx_11
noGesture,trainingSamples,raw_data/EMG-EPN612/testingJSON/user258/user258.json,idx_12
noGesture,trainingSamples,raw_data/EMG-EPN612/testingJSON/user258/user258.json,idx_13
noGesture,trainingSamples,raw_data/EMG-EPN612/testingJSON/user258/user258.json,idx_14
noGesture,trainingSamples,raw_data/EMG-EPN612/testingJSON/user258/user258.json,idx_15
noGesture,trainingSamples,raw_data/EMG-EPN612/testingJSON/user258/user258.json,idx_16
noGesture,trainingSamples,raw_data/EMG-EPN612/testingJSON/user258/user258.json,idx_17
noGesture,trainingSamples,raw_data/EMG-EPN612/testingJSON/user258/user258.json,idx_18
noGesture,trainingSamples,raw_data/EMG-EPN612/testingJSON/user258/user258.json,idx_19
noGesture,trainingSamples,raw_data/EMG-EPN612/testingJSON/user258/user258.json,idx_20
noGesture,trainingSamples,raw_data/EMG-EPN612/testingJSON/user258/user258.json,idx_21
noGesture,trainingSamples,raw_data/EMG-EPN612/testingJSON/user258/user258.json,idx_22
noGesture,trainingSamples,raw_data/EMG-EPN612/testingJSON/user258/user258.json,idx_23
noGesture,trainingSamples,raw_data/EMG-EPN612/testingJSON/user258/user258.json,idx_24
noGesture,trainingSamples,raw_data/EMG-EPN612/testingJSON/user258/user258.json,idx_25
waveOut,trainingSamples,raw_data/EMG-EPN612/testingJSON/user258/user258.json,idx_26
waveOut,trainingSamples,raw_data/EMG-EPN612/testingJSON/user258/user258.json,idx_27
waveOut,trainingSamples,raw_data/EMG-EPN612/testingJSON/user258/user258.json,idx_28
waveOut,trainingSamples,raw_data/EMG-EPN612/testingJSON/user258/user258.json,idx_29
waveOut,trainingSamples,raw_data/EMG-EPN612/testingJSON/user258/user258.json,idx_30
waveOut,trainingSamples,raw_data/EMG-EPN612/testingJSON/user258/user258.json,idx_31
waveOut,trainingSamples,raw_data/EMG-EPN612/testingJSON/user258/user258.json,idx_32
waveOut,trainingSamples,raw_data/EMG-EPN612/testingJSON/user258/user258.json,idx_33
waveOut,trainingSamples,raw_data/EMG-EPN612/testingJSON/user258/user258.json,idx_34
waveOut,trainingSamples,raw_data/EMG-EPN612/testingJSON/user258/user258.json,idx_35
waveOut,trainingSamples,raw_data/EMG-EPN612/testingJSON/user258/user258.json,idx_36
waveOut,trainingSamples,raw_data/EMG-EPN612/testingJSON/user258/user258.json,idx_37
waveOut,trainingSamples,raw_data/EMG-EPN612/testingJSON/user258/user258.json,idx_38
waveOut,trainingSamples,raw_data/EMG-EPN612/testingJSON/user258/user258.json,idx_39
waveOut,trainingSamples,raw_data/EMG-EPN612/testingJSON/user258/user258.json,idx_40
waveOut,trainingSamples,raw_data/EMG-EPN612/testingJSON/user258/user258.json,idx_41
waveOut,trainingSamples,raw_data/EMG-EPN612/testingJSON/user258/user258.json,idx_42
waveOut,trainingSamples,raw_data/EMG-EPN612/testingJSON/user258/user258.json,idx_43
waveOut,trainingSamples,raw_data/EMG-EPN612/testingJSON/user258/user258.json,idx_44
waveOut,trainingSamples,raw_data/EMG-EPN612/testingJSON/user258/user258.json,idx_45
waveOut,trainingSamples,raw_data/EMG-EPN612/testingJSON/user258/user258.json,idx_46
waveOut,trainingSamples,raw_data/EMG-EPN612/testingJSON/user258/user258.json,idx_47
waveOut,trainingSamples,raw_data/EMG-EPN612/testingJSON/user258/user258.json,idx_48
waveOut,trainingSamples,raw_data/EMG-EPN612/testingJSON/user258/user258.json,idx_49
waveOut,trainingSamples,raw_data/EMG-EPN612/testingJSON/user258/user258.json,idx_50
pinch,trainingSamples,raw_data/EMG-EPN612/testingJSON/user258/user258.json,idx_51
pinch,trainingSamples,raw_data/EMG-EPN612/testingJSON/user258/user258.json,idx_52
pinch,trainingSamples,raw_data/EMG-EPN612/testingJSON/user258/user258.json,idx_53
pinch,trainingSamples,raw_data/EMG-EPN612/testingJSON/user258/user258.json,idx_54
pinch,trainingSamples,raw_data/EMG-EPN612/testingJSON/user258/user258.json,idx_55
pinch,trainingSamples,raw_data/EMG-EPN612/testingJSON/user258/user258.json,idx_56
pinch,trainingSamples,raw_data/EMG-EPN612/testingJSON/user258/user258.json,idx_57
pinch,trainingSamples,raw_data/EMG-EPN612/testingJSON/user258/user258.json,idx_58
pinch,trainingSamples,raw_data/EMG-EPN612/testingJSON/user258/user258.json,idx_59
pinch,trainingSamples,raw_data/EMG-EPN612/testingJSON/user258/user258.json,idx_60
pinch,trainingSamples,raw_data/EMG-EPN612/testingJSON/user258/user258.json,idx_61
pinch,trainingSamples,raw_data/EMG-EPN612/testingJSON/user258/user258.json,idx_62
pinch,trainingSamples,raw_data/EMG-EPN612/testingJSON/user258/user258.json,idx_63
pinch,trainingSamples,raw_data/EMG-EPN612/testingJSON/user258/user258.json,idx_64
pinch,trainingSamples,raw_data/EMG-EPN612/testingJSON/user258/user258.json,idx_65
pinch,trainingSamples,raw_data/EMG-EPN612/testingJSON/user258/user258.json,idx_66
pinch,trainingSamples,raw_data/EMG-EPN612/testingJSON/user258/user258.json,idx_67
pinch,trainingSamples,raw_data/EMG-EPN612/testingJSON/user258/user258.json,idx_68
pinch,trainingSamples,raw_data/EMG-EPN612/testingJSON/user258/user258.json,idx_69
pinch,trainingSamples,raw_data/EMG-EPN612/testingJSON/user258/user258.json,idx_70
pinch,trainingSamples,raw_data/EMG-EPN612/testingJSON/user258/user258.json,idx_71
pinch,trainingSamples,raw_data/EMG-EPN612/testingJSON/user258/user258.json,idx_72
pinch,trainingSamples,raw_data/EMG-EPN612/testingJSON/user258/user258.json,idx_73
pinch,trainingSamples,raw_data/EMG-EPN612/testingJSON/user258/user258.json,idx_74
pinch,trainingSamples,raw_data/EMG-EPN612/testingJSON/user258/user258.json,idx_75
fist,trainingSamples,raw_data/EMG-EPN612/testingJSON/user258/user258.json,idx_76
fist,trainingSamples,raw_data/EMG-EPN612/testingJSON/user258/user258.json,idx_77
fist,trainingSamples,raw_data/EMG-EPN612/testingJSON/user258/user258.json,idx_78
fist,trainingSamples,raw_data/EMG-EPN612/testingJSON/user258/user258.json,idx_79
fist,trainingSamples,raw_data/EMG-EPN612/testingJSON/user258/user258.json,idx_80
fist,trainingSamples,raw_data/EMG-EPN612/testingJSON/user258/user258.json,idx_81
fist,trainingSamples,raw_data/EMG-EPN612/testingJSON/user258/user258.json,idx_82
fist,trainingSamples,raw_data/EMG-EPN612/testingJSON/user258/user258.json,idx_83
fist,trainingSamples,raw_data/EMG-EPN612/testingJSON/user258/user258.json,idx_84
fist,trainingSamples,raw_data/EMG-EPN612/testingJSON/user258/user258.json,idx_85
fist,trainingSamples,raw_data/EMG-EPN612/testingJSON/user258/user258.json,idx_86
fist,trainingSamples,raw_data/EMG-EPN612/testingJSON/user258/user258.json,idx_87
fist,trainingSamples,raw_data/EMG-EPN612/testingJSON/user258/user258.json,idx_88
fist,trainingSamples,raw_data/EMG-EPN612/testingJSON/user258/user258.json,idx_89
fist,trainingSamples,raw_data/EMG-EPN612/testingJSON/user258/user258.json,idx_90
fist,trainingSamples,raw_data/EMG-EPN612/testingJSON/user258/user258.json,idx_91
fist,trainingSamples,raw_data/EMG-EPN612/testingJSON/user258/user258.json,idx_92
fist,trainingSamples,raw_data/EMG-EPN612/testingJSON/user258/user258.json,idx_93
fist,trainingSamples,raw_data/EMG-EPN612/testingJSON/user258/user258.json,idx_94
fist,trainingSamples,raw_data/EMG-EPN612/testingJSON/user258/user258.json,idx_95
fist,trainingSamples,raw_data/EMG-EPN612/testingJSON/user258/user258.json,idx_96
fist,trainingSamples,raw_data/EMG-EPN612/testingJSON/user258/user258.json,idx_97
fist,trainingSamples,raw_data/EMG-EPN612/testingJSON/user258/user258.json,idx_98
fist,trainingSamples,raw_data/EMG-EPN612/testingJSON/user258/user258.json,idx_99
fist,trainingSamples,raw_data/EMG-EPN612/testingJSON/user258/user258.json,idx_100
waveIn,trainingSamples,raw_data/EMG-EPN612/testingJSON/user258/user258.json,idx_101
waveIn,trainingSamples,raw_data/EMG-EPN612/testingJSON/user258/user258.json,idx_102
waveIn,trainingSamples,raw_data/EMG-EPN612/testingJSON/user258/user258.json,idx_103
waveIn,trainingSamples,raw_data/EMG-EPN612/testingJSON/user258/user258.json,idx_104
waveIn,trainingSamples,raw_data/EMG-EPN612/testingJSON/user258/user258.json,idx_105
waveIn,trainingSamples,raw_data/EMG-EPN612/testingJSON/user258/user258.json,idx_106
waveIn,trainingSamples,raw_data/EMG-EPN612/testingJSON/user258/user258.json,idx_107
waveIn,trainingSamples,raw_data/EMG-EPN612/testingJSON/user258/user258.json,idx_108
waveIn,trainingSamples,raw_data/EMG-EPN612/testingJSON/user258/user258.json,idx_109
waveIn,trainingSamples,raw_data/EMG-EPN612/testingJSON/user258/user258.json,idx_110
waveIn,trainingSamples,raw_data/EMG-EPN612/testingJSON/user258/user258.json,idx_111
waveIn,trainingSamples,raw_data/EMG-EPN612/testingJSON/user258/user258.json,idx_112
waveIn,trainingSamples,raw_data/EMG-EPN612/testingJSON/user258/user258.json,idx_113
waveIn,trainingSamples,raw_data/EMG-EPN612/testingJSON/user258/user258.json,idx_114
waveIn,trainingSamples,raw_data/EMG-EPN612/testingJSON/user258/user258.json,idx_115
waveIn,trainingSamples,raw_data/EMG-EPN612/testingJSON/user258/user258.json,idx_116
waveIn,trainingSamples,raw_data/EMG-EPN612/testingJSON/user258/user258.json,idx_117
waveIn,trainingSamples,raw_data/EMG-EPN612/testingJSON/user258/user258.json,idx_118
waveIn,trainingSamples,raw_data/EMG-EPN612/testingJSON/user258/user258.json,idx_119
waveIn,trainingSamples,raw_data/EMG-EPN612/testingJSON/user258/user258.json,idx_120
waveIn,trainingSamples,raw_data/EMG-EPN612/testingJSON/user258/user258.json,idx_121
waveIn,trainingSamples,raw_data/EMG-EPN612/testingJSON/user258/user258.json,idx_122
waveIn,trainingSamples,raw_data/EMG-EPN612/testingJSON/user258/user258.json,idx_123
waveIn,trainingSamples,raw_data/EMG-EPN612/testingJSON/user258/user258.json,idx_124
waveIn,trainingSamples,raw_data/EMG-EPN612/testingJSON/user258/user258.json,idx_125
open,trainingSamples,raw_data/EMG-EPN612/testingJSON/user258/user258.json,idx_126
open,trainingSamples,raw_data/EMG-EPN612/testingJSON/user258/user258.json,idx_127
open,trainingSamples,raw_data/EMG-EPN612/testingJSON/user258/user258.json,idx_128
open,trainingSamples,raw_data/EMG-EPN612/testingJSON/user258/user258.json,idx_129
open,trainingSamples,raw_data/EMG-EPN612/testingJSON/user258/user258.json,idx_130
open,trainingSamples,raw_data/EMG-EPN612/testingJSON/user258/user258.json,idx_131
open,trainingSamples,raw_data/EMG-EPN612/testingJSON/user258/user258.json,idx_132
open,trainingSamples,raw_data/EMG-EPN612/testingJSON/user258/user258.json,idx_133
open,trainingSamples,raw_data/EMG-EPN612/testingJSON/user258/user258.json,idx_134
open,trainingSamples,raw_data/EMG-EPN612/testingJSON/user258/user258.json,idx_135
open,trainingSamples,raw_data/EMG-EPN612/testingJSON/user258/user258.json,idx_136
open,trainingSamples,raw_data/EMG-EPN612/testingJSON/user258/user258.json,idx_137
open,trainingSamples,raw_data/EMG-EPN612/testingJSON/user258/user258.json,idx_138
open,trainingSamples,raw_data/EMG-EPN612/testingJSON/user258/user258.json,idx_139
open,trainingSamples,raw_data/EMG-EPN612/testingJSON/user258/user258.json,idx_140
open,trainingSamples,raw_data/EMG-EPN612/testingJSON/user258/user258.json,idx_141
open,trainingSamples,raw_data/EMG-EPN612/testingJSON/user258/user258.json,idx_142
open,trainingSamples,raw_data/EMG-EPN612/testingJSON/user258/user258.json,idx_143
open,trainingSamples,raw_data/EMG-EPN612/testingJSON/user258/user258.json,idx_144
open,trainingSamples,raw_data/EMG-EPN612/testingJSON/user258/user258.json,idx_145
open,trainingSamples,raw_data/EMG-EPN612/testingJSON/user258/user258.json,idx_146
open,trainingSamples,raw_data/EMG-EPN612/testingJSON/user258/user258.json,idx_147
open,trainingSamples,raw_data/EMG-EPN612/testingJSON/user258/user258.json,idx_148
open,trainingSamples,raw_data/EMG-EPN612/testingJSON/user258/user258.json,idx_149
open,trainingSamples,raw_data/EMG-EPN612/testingJSON/user258/user258.json,idx_150
noGesture,trainingSamples,raw_data/EMG-EPN612/testingJSON/user259/user259.json,idx_1
noGesture,trainingSamples,raw_data/EMG-EPN612/testingJSON/user259/user259.json,idx_2
noGesture,trainingSamples,raw_data/EMG-EPN612/testingJSON/user259/user259.json,idx_3
noGesture,trainingSamples,raw_data/EMG-EPN612/testingJSON/user259/user259.json,idx_4
noGesture,trainingSamples,raw_data/EMG-EPN612/testingJSON/user259/user259.json,idx_5
noGesture,trainingSamples,raw_data/EMG-EPN612/testingJSON/user259/user259.json,idx_6
noGesture,trainingSamples,raw_data/EMG-EPN612/testingJSON/user259/user259.json,idx_7
noGesture,trainingSamples,raw_data/EMG-EPN612/testingJSON/user259/user259.json,idx_8
noGesture,trainingSamples,raw_data/EMG-EPN612/testingJSON/user259/user259.json,idx_9
noGesture,trainingSamples,raw_data/EMG-EPN612/testingJSON/user259/user259.json,idx_10
noGesture,trainingSamples,raw_data/EMG-EPN612/testingJSON/user259/user259.json,idx_11
noGesture,trainingSamples,raw_data/EMG-EPN612/testingJSON/user259/user259.json,idx_12
noGesture,trainingSamples,raw_data/EMG-EPN612/testingJSON/user259/user259.json,idx_13
noGesture,trainingSamples,raw_data/EMG-EPN612/testingJSON/user259/user259.json,idx_14
noGesture,trainingSamples,raw_data/EMG-EPN612/testingJSON/user259/user259.json,idx_15
noGesture,trainingSamples,raw_data/EMG-EPN612/testingJSON/user259/user259.json,idx_16
noGesture,trainingSamples,raw_data/EMG-EPN612/testingJSON/user259/user259.json,idx_17
noGesture,trainingSamples,raw_data/EMG-EPN612/testingJSON/user259/user259.json,idx_18
noGesture,trainingSamples,raw_data/EMG-EPN612/testingJSON/user259/user259.json,idx_19
noGesture,trainingSamples,raw_data/EMG-EPN612/testingJSON/user259/user259.json,idx_20
noGesture,trainingSamples,raw_data/EMG-EPN612/testingJSON/user259/user259.json,idx_21
noGesture,trainingSamples,raw_data/EMG-EPN612/testingJSON/user259/user259.json,idx_22
noGesture,trainingSamples,raw_data/EMG-EPN612/testingJSON/user259/user259.json,idx_23
noGesture,trainingSamples,raw_data/EMG-EPN612/testingJSON/user259/user259.json,idx_24
noGesture,trainingSamples,raw_data/EMG-EPN612/testingJSON/user259/user259.json,idx_25
waveOut,trainingSamples,raw_data/EMG-EPN612/testingJSON/user259/user259.json,idx_26
waveOut,trainingSamples,raw_data/EMG-EPN612/testingJSON/user259/user259.json,idx_27
waveOut,trainingSamples,raw_data/EMG-EPN612/testingJSON/user259/user259.json,idx_28
waveOut,trainingSamples,raw_data/EMG-EPN612/testingJSON/user259/user259.json,idx_29
waveOut,trainingSamples,raw_data/EMG-EPN612/testingJSON/user259/user259.json,idx_30
waveOut,trainingSamples,raw_data/EMG-EPN612/testingJSON/user259/user259.json,idx_31
waveOut,trainingSamples,raw_data/EMG-EPN612/testingJSON/user259/user259.json,idx_32
waveOut,trainingSamples,raw_data/EMG-EPN612/testingJSON/user259/user259.json,idx_33
waveOut,trainingSamples,raw_data/EMG-EPN612/testingJSON/user259/user259.json,idx_34
waveOut,trainingSamples,raw_data/EMG-EPN612/testingJSON/user259/user259.json,idx_35
waveOut,trainingSamples,raw_data/EMG-EPN612/testingJSON/user259/user259.json,idx_36
waveOut,trainingSamples,raw_data/EMG-EPN612/testingJSON/user259/user259.json,idx_37
waveOut,trainingSamples,raw_data/EMG-EPN612/testingJSON/user259/user259.json,idx_38
waveOut,trainingSamples,raw_data/EMG-EPN612/testingJSON/user259/user259.json,idx_39
waveOut,trainingSamples,raw_data/EMG-EPN612/testingJSON/user259/user259.json,idx_40
waveOut,trainingSamples,raw_data/EMG-EPN612/testingJSON/user259/user259.json,idx_41
waveOut,trainingSamples,raw_data/EMG-EPN612/testingJSON/user259/user259.json,idx_42
waveOut,trainingSamples,raw_data/EMG-EPN612/testingJSON/user259/user259.json,idx_43
waveOut,trainingSamples,raw_data/EMG-EPN612/testingJSON/user259/user259.json,idx_44
waveOut,trainingSamples,raw_data/EMG-EPN612/testingJSON/user259/user259.json,idx_45
waveOut,trainingSamples,raw_data/EMG-EPN612/testingJSON/user259/user259.json,idx_46
waveOut,trainingSamples,raw_data/EMG-EPN612/testingJSON/user259/user259.json,idx_47
waveOut,trainingSamples,raw_data/EMG-EPN612/testingJSON/user259/user259.json,idx_48
waveOut,trainingSamples,raw_data/EMG-EPN612/testingJSON/user259/user259.json,idx_49
waveOut,trainingSamples,raw_data/EMG-EPN612/testingJSON/user259/user259.json,idx_50
pinch,trainingSamples,raw_data/EMG-EPN612/testingJSON/user259/user259.json,idx_51
pinch,trainingSamples,raw_data/EMG-EPN612/testingJSON/user259/user259.json,idx_52
pinch,trainingSamples,raw_data/EMG-EPN612/testingJSON/user259/user259.json,idx_53
pinch,trainingSamples,raw_data/EMG-EPN612/testingJSON/user259/user259.json,idx_54
pinch,trainingSamples,raw_data/EMG-EPN612/testingJSON/user259/user259.json,idx_55
pinch,trainingSamples,raw_data/EMG-EPN612/testingJSON/user259/user259.json,idx_56
pinch,trainingSamples,raw_data/EMG-EPN612/testingJSON/user259/user259.json,idx_57
pinch,trainingSamples,raw_data/EMG-EPN612/testingJSON/user259/user259.json,idx_58
pinch,trainingSamples,raw_data/EMG-EPN612/testingJSON/user259/user259.json,idx_59
pinch,trainingSamples,raw_data/EMG-EPN612/testingJSON/user259/user259.json,idx_60
pinch,trainingSamples,raw_data/EMG-EPN612/testingJSON/user259/user259.json,idx_61
pinch,trainingSamples,raw_data/EMG-EPN612/testingJSON/user259/user259.json,idx_62
pinch,trainingSamples,raw_data/EMG-EPN612/testingJSON/user259/user259.json,idx_63
pinch,trainingSamples,raw_data/EMG-EPN612/testingJSON/user259/user259.json,idx_64
pinch,trainingSamples,raw_data/EMG-EPN612/testingJSON/user259/user259.json,idx_65
pinch,trainingSamples,raw_data/EMG-EPN612/testingJSON/user259/user259.json,idx_66
pinch,trainingSamples,raw_data/EMG-EPN612/testingJSON/user259/user259.json,idx_67
pinch,trainingSamples,raw_data/EMG-EPN612/testingJSON/user259/user259.json,idx_68
pinch,trainingSamples,raw_data/EMG-EPN612/testingJSON/user259/user259.json,idx_69
pinch,trainingSamples,raw_data/EMG-EPN612/testingJSON/user259/user259.json,idx_70
pinch,trainingSamples,raw_data/EMG-EPN612/testingJSON/user259/user259.json,idx_71
pinch,trainingSamples,raw_data/EMG-EPN612/testingJSON/user259/user259.json,idx_72
pinch,trainingSamples,raw_data/EMG-EPN612/testingJSON/user259/user259.json,idx_73
pinch,trainingSamples,raw_data/EMG-EPN612/testingJSON/user259/user259.json,idx_74
pinch,trainingSamples,raw_data/EMG-EPN612/testingJSON/user259/user259.json,idx_75
fist,trainingSamples,raw_data/EMG-EPN612/testingJSON/user259/user259.json,idx_76
fist,trainingSamples,raw_data/EMG-EPN612/testingJSON/user259/user259.json,idx_77
fist,trainingSamples,raw_data/EMG-EPN612/testingJSON/user259/user259.json,idx_78
fist,trainingSamples,raw_data/EMG-EPN612/testingJSON/user259/user259.json,idx_79
fist,trainingSamples,raw_data/EMG-EPN612/testingJSON/user259/user259.json,idx_80
fist,trainingSamples,raw_data/EMG-EPN612/testingJSON/user259/user259.json,idx_81
fist,trainingSamples,raw_data/EMG-EPN612/testingJSON/user259/user259.json,idx_82
fist,trainingSamples,raw_data/EMG-EPN612/testingJSON/user259/user259.json,idx_83
fist,trainingSamples,raw_data/EMG-EPN612/testingJSON/user259/user259.json,idx_84
fist,trainingSamples,raw_data/EMG-EPN612/testingJSON/user259/user259.json,idx_85
fist,trainingSamples,raw_data/EMG-EPN612/testingJSON/user259/user259.json,idx_86
fist,trainingSamples,raw_data/EMG-EPN612/testingJSON/user259/user259.json,idx_87
fist,trainingSamples,raw_data/EMG-EPN612/testingJSON/user259/user259.json,idx_88
fist,trainingSamples,raw_data/EMG-EPN612/testingJSON/user259/user259.json,idx_89
fist,trainingSamples,raw_data/EMG-EPN612/testingJSON/user259/user259.json,idx_90
fist,trainingSamples,raw_data/EMG-EPN612/testingJSON/user259/user259.json,idx_91
fist,trainingSamples,raw_data/EMG-EPN612/testingJSON/user259/user259.json,idx_92
fist,trainingSamples,raw_data/EMG-EPN612/testingJSON/user259/user259.json,idx_93
fist,trainingSamples,raw_data/EMG-EPN612/testingJSON/user259/user259.json,idx_94
fist,trainingSamples,raw_data/EMG-EPN612/testingJSON/user259/user259.json,idx_95
fist,trainingSamples,raw_data/EMG-EPN612/testingJSON/user259/user259.json,idx_96
fist,trainingSamples,raw_data/EMG-EPN612/testingJSON/user259/user259.json,idx_97
fist,trainingSamples,raw_data/EMG-EPN612/testingJSON/user259/user259.json,idx_98
fist,trainingSamples,raw_data/EMG-EPN612/testingJSON/user259/user259.json,idx_99
fist,trainingSamples,raw_data/EMG-EPN612/testingJSON/user259/user259.json,idx_100
waveIn,trainingSamples,raw_data/EMG-EPN612/testingJSON/user259/user259.json,idx_101
waveIn,trainingSamples,raw_data/EMG-EPN612/testingJSON/user259/user259.json,idx_102
waveIn,trainingSamples,raw_data/EMG-EPN612/testingJSON/user259/user259.json,idx_103
waveIn,trainingSamples,raw_data/EMG-EPN612/testingJSON/user259/user259.json,idx_104
waveIn,trainingSamples,raw_data/EMG-EPN612/testingJSON/user259/user259.json,idx_105
waveIn,trainingSamples,raw_data/EMG-EPN612/testingJSON/user259/user259.json,idx_106
waveIn,trainingSamples,raw_data/EMG-EPN612/testingJSON/user259/user259.json,idx_107
waveIn,trainingSamples,raw_data/EMG-EPN612/testingJSON/user259/user259.json,idx_108
waveIn,trainingSamples,raw_data/EMG-EPN612/testingJSON/user259/user259.json,idx_109
waveIn,trainingSamples,raw_data/EMG-EPN612/testingJSON/user259/user259.json,idx_110
waveIn,trainingSamples,raw_data/EMG-EPN612/testingJSON/user259/user259.json,idx_111
waveIn,trainingSamples,raw_data/EMG-EPN612/testingJSON/user259/user259.json,idx_112
waveIn,trainingSamples,raw_data/EMG-EPN612/testingJSON/user259/user259.json,idx_113
waveIn,trainingSamples,raw_data/EMG-EPN612/testingJSON/user259/user259.json,idx_114
waveIn,trainingSamples,raw_data/EMG-EPN612/testingJSON/user259/user259.json,idx_115
waveIn,trainingSamples,raw_data/EMG-EPN612/testingJSON/user259/user259.json,idx_116
waveIn,trainingSamples,raw_data/EMG-EPN612/testingJSON/user259/user259.json,idx_117
waveIn,trainingSamples,raw_data/EMG-EPN612/testingJSON/user259/user259.json,idx_118
waveIn,trainingSamples,raw_data/EMG-EPN612/testingJSON/user259/user259.json,idx_119
waveIn,trainingSamples,raw_data/EMG-EPN612/testingJSON/user259/user259.json,idx_120
waveIn,trainingSamples,raw_data/EMG-EPN612/testingJSON/user259/user259.json,idx_121
waveIn,trainingSamples,raw_data/EMG-EPN612/testingJSON/user259/user259.json,idx_122
waveIn,trainingSamples,raw_data/EMG-EPN612/testingJSON/user259/user259.json,idx_123
waveIn,trainingSamples,raw_data/EMG-EPN612/testingJSON/user259/user259.json,idx_124
waveIn,trainingSamples,raw_data/EMG-EPN612/testingJSON/user259/user259.json,idx_125
open,trainingSamples,raw_data/EMG-EPN612/testingJSON/user259/user259.json,idx_126
open,trainingSamples,raw_data/EMG-EPN612/testingJSON/user259/user259.json,idx_127
open,trainingSamples,raw_data/EMG-EPN612/testingJSON/user259/user259.json,idx_128
open,trainingSamples,raw_data/EMG-EPN612/testingJSON/user259/user259.json,idx_129
open,trainingSamples,raw_data/EMG-EPN612/testingJSON/user259/user259.json,idx_130
open,trainingSamples,raw_data/EMG-EPN612/testingJSON/user259/user259.json,idx_131
open,trainingSamples,raw_data/EMG-EPN612/testingJSON/user259/user259.json,idx_132
open,trainingSamples,raw_data/EMG-EPN612/testingJSON/user259/user259.json,idx_133
open,trainingSamples,raw_data/EMG-EPN612/testingJSON/user259/user259.json,idx_134
open,trainingSamples,raw_data/EMG-EPN612/testingJSON/user259/user259.json,idx_135
open,trainingSamples,raw_data/EMG-EPN612/testingJSON/user259/user259.json,idx_136
open,trainingSamples,raw_data/EMG-EPN612/testingJSON/user259/user259.json,idx_137
open,trainingSamples,raw_data/EMG-EPN612/testingJSON/user259/user259.json,idx_138
open,trainingSamples,raw_data/EMG-EPN612/testingJSON/user259/user259.json,idx_139
open,trainingSamples,raw_data/EMG-EPN612/testingJSON/user259/user259.json,idx_140
open,trainingSamples,raw_data/EMG-EPN612/testingJSON/user259/user259.json,idx_141
open,trainingSamples,raw_data/EMG-EPN612/testingJSON/user259/user259.json,idx_142
open,trainingSamples,raw_data/EMG-EPN612/testingJSON/user259/user259.json,idx_143
open,trainingSamples,raw_data/EMG-EPN612/testingJSON/user259/user259.json,idx_144
open,trainingSamples,raw_data/EMG-EPN612/testingJSON/user259/user259.json,idx_145
open,trainingSamples,raw_data/EMG-EPN612/testingJSON/user259/user259.json,idx_146
open,trainingSamples,raw_data/EMG-EPN612/testingJSON/user259/user259.json,idx_147
open,trainingSamples,raw_data/EMG-EPN612/testingJSON/user259/user259.json,idx_148
open,trainingSamples,raw_data/EMG-EPN612/testingJSON/user259/user259.json,idx_149
open,trainingSamples,raw_data/EMG-EPN612/testingJSON/user259/user259.json,idx_150
noGesture,trainingSamples,raw_data/EMG-EPN612/testingJSON/user26/user26.json,idx_1
noGesture,trainingSamples,raw_data/EMG-EPN612/testingJSON/user26/user26.json,idx_2
noGesture,trainingSamples,raw_data/EMG-EPN612/testingJSON/user26/user26.json,idx_3
noGesture,trainingSamples,raw_data/EMG-EPN612/testingJSON/user26/user26.json,idx_4
noGesture,trainingSamples,raw_data/EMG-EPN612/testingJSON/user26/user26.json,idx_5
noGesture,trainingSamples,raw_data/EMG-EPN612/testingJSON/user26/user26.json,idx_6
noGesture,trainingSamples,raw_data/EMG-EPN612/testingJSON/user26/user26.json,idx_7
noGesture,trainingSamples,raw_data/EMG-EPN612/testingJSON/user26/user26.json,idx_8
noGesture,trainingSamples,raw_data/EMG-EPN612/testingJSON/user26/user26.json,idx_9
noGesture,trainingSamples,raw_data/EMG-EPN612/testingJSON/user26/user26.json,idx_10
noGesture,trainingSamples,raw_data/EMG-EPN612/testingJSON/user26/user26.json,idx_11
noGesture,trainingSamples,raw_data/EMG-EPN612/testingJSON/user26/user26.json,idx_12
noGesture,trainingSamples,raw_data/EMG-EPN612/testingJSON/user26/user26.json,idx_13
noGesture,trainingSamples,raw_data/EMG-EPN612/testingJSON/user26/user26.json,idx_14
noGesture,trainingSamples,raw_data/EMG-EPN612/testingJSON/user26/user26.json,idx_15
noGesture,trainingSamples,raw_data/EMG-EPN612/testingJSON/user26/user26.json,idx_16
noGesture,trainingSamples,raw_data/EMG-EPN612/testingJSON/user26/user26.json,idx_17
noGesture,trainingSamples,raw_data/EMG-EPN612/testingJSON/user26/user26.json,idx_18
noGesture,trainingSamples,raw_data/EMG-EPN612/testingJSON/user26/user26.json,idx_19
noGesture,trainingSamples,raw_data/EMG-EPN612/testingJSON/user26/user26.json,idx_20
noGesture,trainingSamples,raw_data/EMG-EPN612/testingJSON/user26/user26.json,idx_21
noGesture,trainingSamples,raw_data/EMG-EPN612/testingJSON/user26/user26.json,idx_22
noGesture,trainingSamples,raw_data/EMG-EPN612/testingJSON/user26/user26.json,idx_23
noGesture,trainingSamples,raw_data/EMG-EPN612/testingJSON/user26/user26.json,idx_24
noGesture,trainingSamples,raw_data/EMG-EPN612/testingJSON/user26/user26.json,idx_25
waveOut,trainingSamples,raw_data/EMG-EPN612/testingJSON/user26/user26.json,idx_26
waveOut,trainingSamples,raw_data/EMG-EPN612/testingJSON/user26/user26.json,idx_27
waveOut,trainingSamples,raw_data/EMG-EPN612/testingJSON/user26/user26.json,idx_28
waveOut,trainingSamples,raw_data/EMG-EPN612/testingJSON/user26/user26.json,idx_29
waveOut,trainingSamples,raw_data/EMG-EPN612/testingJSON/user26/user26.json,idx_30
waveOut,trainingSamples,raw_data/EMG-EPN612/testingJSON/user26/user26.json,idx_31
waveOut,trainingSamples,raw_data/EMG-EPN612/testingJSON/user26/user26.json,idx_32
waveOut,trainingSamples,raw_data/EMG-EPN612/testingJSON/user26/user26.json,idx_33
waveOut,trainingSamples,raw_data/EMG-EPN612/testingJSON/user26/user26.json,idx_34
waveOut,trainingSamples,raw_data/EMG-EPN612/testingJSON/user26/user26.json,idx_35
waveOut,trainingSamples,raw_data/EMG-EPN612/testingJSON/user26/user26.json,idx_36
waveOut,trainingSamples,raw_data/EMG-EPN612/testingJSON/user26/user26.json,idx_37
waveOut,trainingSamples,raw_data/EMG-EPN612/testingJSON/user26/user26.json,idx_38
waveOut,trainingSamples,raw_data/EMG-EPN612/testingJSON/user26/user26.json,idx_39
waveOut,trainingSamples,raw_data/EMG-EPN612/testingJSON/user26/user26.json,idx_40
waveOut,trainingSamples,raw_data/EMG-EPN612/testingJSON/user26/user26.json,idx_41
waveOut,trainingSamples,raw_data/EMG-EPN612/testingJSON/user26/user26.json,idx_42
waveOut,trainingSamples,raw_data/EMG-EPN612/testingJSON/user26/user26.json,idx_43
waveOut,trainingSamples,raw_data/EMG-EPN612/testingJSON/user26/user26.json,idx_44
waveOut,trainingSamples,raw_data/EMG-EPN612/testingJSON/user26/user26.json,idx_45
waveOut,trainingSamples,raw_data/EMG-EPN612/testingJSON/user26/user26.json,idx_46
waveOut,trainingSamples,raw_data/EMG-EPN612/testingJSON/user26/user26.json,idx_47
waveOut,trainingSamples,raw_data/EMG-EPN612/testingJSON/user26/user26.json,idx_48
waveOut,trainingSamples,raw_data/EMG-EPN612/testingJSON/user26/user26.json,idx_49
waveOut,trainingSamples,raw_data/EMG-EPN612/testingJSON/user26/user26.json,idx_50
pinch,trainingSamples,raw_data/EMG-EPN612/testingJSON/user26/user26.json,idx_51
pinch,trainingSamples,raw_data/EMG-EPN612/testingJSON/user26/user26.json,idx_52
pinch,trainingSamples,raw_data/EMG-EPN612/testingJSON/user26/user26.json,idx_53
pinch,trainingSamples,raw_data/EMG-EPN612/testingJSON/user26/user26.json,idx_54
pinch,trainingSamples,raw_data/EMG-EPN612/testingJSON/user26/user26.json,idx_55
pinch,trainingSamples,raw_data/EMG-EPN612/testingJSON/user26/user26.json,idx_56
pinch,trainingSamples,raw_data/EMG-EPN612/testingJSON/user26/user26.json,idx_57
pinch,trainingSamples,raw_data/EMG-EPN612/testingJSON/user26/user26.json,idx_58
pinch,trainingSamples,raw_data/EMG-EPN612/testingJSON/user26/user26.json,idx_59
pinch,trainingSamples,raw_data/EMG-EPN612/testingJSON/user26/user26.json,idx_60
pinch,trainingSamples,raw_data/EMG-EPN612/testingJSON/user26/user26.json,idx_61
pinch,trainingSamples,raw_data/EMG-EPN612/testingJSON/user26/user26.json,idx_62
pinch,trainingSamples,raw_data/EMG-EPN612/testingJSON/user26/user26.json,idx_63
pinch,trainingSamples,raw_data/EMG-EPN612/testingJSON/user26/user26.json,idx_64
pinch,trainingSamples,raw_data/EMG-EPN612/testingJSON/user26/user26.json,idx_65
pinch,trainingSamples,raw_data/EMG-EPN612/testingJSON/user26/user26.json,idx_66
pinch,trainingSamples,raw_data/EMG-EPN612/testingJSON/user26/user26.json,idx_67
pinch,trainingSamples,raw_data/EMG-EPN612/testingJSON/user26/user26.json,idx_68
pinch,trainingSamples,raw_data/EMG-EPN612/testingJSON/user26/user26.json,idx_69
pinch,trainingSamples,raw_data/EMG-EPN612/testingJSON/user26/user26.json,idx_70
pinch,trainingSamples,raw_data/EMG-EPN612/testingJSON/user26/user26.json,idx_71
pinch,trainingSamples,raw_data/EMG-EPN612/testingJSON/user26/user26.json,idx_72
pinch,trainingSamples,raw_data/EMG-EPN612/testingJSON/user26/user26.json,idx_73
pinch,trainingSamples,raw_data/EMG-EPN612/testingJSON/user26/user26.json,idx_74
pinch,trainingSamples,raw_data/EMG-EPN612/testingJSON/user26/user26.json,idx_75
fist,trainingSamples,raw_data/EMG-EPN612/testingJSON/user26/user26.json,idx_76
fist,trainingSamples,raw_data/EMG-EPN612/testingJSON/user26/user26.json,idx_77
fist,trainingSamples,raw_data/EMG-EPN612/testingJSON/user26/user26.json,idx_78
fist,trainingSamples,raw_data/EMG-EPN612/testingJSON/user26/user26.json,idx_79
fist,trainingSamples,raw_data/EMG-EPN612/testingJSON/user26/user26.json,idx_80
fist,trainingSamples,raw_data/EMG-EPN612/testingJSON/user26/user26.json,idx_81
fist,trainingSamples,raw_data/EMG-EPN612/testingJSON/user26/user26.json,idx_82
fist,trainingSamples,raw_data/EMG-EPN612/testingJSON/user26/user26.json,idx_83
fist,trainingSamples,raw_data/EMG-EPN612/testingJSON/user26/user26.json,idx_84
fist,trainingSamples,raw_data/EMG-EPN612/testingJSON/user26/user26.json,idx_85
fist,trainingSamples,raw_data/EMG-EPN612/testingJSON/user26/user26.json,idx_86
fist,trainingSamples,raw_data/EMG-EPN612/testingJSON/user26/user26.json,idx_87
fist,trainingSamples,raw_data/EMG-EPN612/testingJSON/user26/user26.json,idx_88
fist,trainingSamples,raw_data/EMG-EPN612/testingJSON/user26/user26.json,idx_89
fist,trainingSamples,raw_data/EMG-EPN612/testingJSON/user26/user26.json,idx_90
fist,trainingSamples,raw_data/EMG-EPN612/testingJSON/user26/user26.json,idx_91
fist,trainingSamples,raw_data/EMG-EPN612/testingJSON/user26/user26.json,idx_92
fist,trainingSamples,raw_data/EMG-EPN612/testingJSON/user26/user26.json,idx_93
fist,trainingSamples,raw_data/EMG-EPN612/testingJSON/user26/user26.json,idx_94
fist,trainingSamples,raw_data/EMG-EPN612/testingJSON/user26/user26.json,idx_95
fist,trainingSamples,raw_data/EMG-EPN612/testingJSON/user26/user26.json,idx_96
fist,trainingSamples,raw_data/EMG-EPN612/testingJSON/user26/user26.json,idx_97
fist,trainingSamples,raw_data/EMG-EPN612/testingJSON/user26/user26.json,idx_98
fist,trainingSamples,raw_data/EMG-EPN612/testingJSON/user26/user26.json,idx_99
fist,trainingSamples,raw_data/EMG-EPN612/testingJSON/user26/user26.json,idx_100
waveIn,trainingSamples,raw_data/EMG-EPN612/testingJSON/user26/user26.json,idx_101
waveIn,trainingSamples,raw_data/EMG-EPN612/testingJSON/user26/user26.json,idx_102
waveIn,trainingSamples,raw_data/EMG-EPN612/testingJSON/user26/user26.json,idx_103
waveIn,trainingSamples,raw_data/EMG-EPN612/testingJSON/user26/user26.json,idx_104
waveIn,trainingSamples,raw_data/EMG-EPN612/testingJSON/user26/user26.json,idx_105
waveIn,trainingSamples,raw_data/EMG-EPN612/testingJSON/user26/user26.json,idx_106
waveIn,trainingSamples,raw_data/EMG-EPN612/testingJSON/user26/user26.json,idx_107
waveIn,trainingSamples,raw_data/EMG-EPN612/testingJSON/user26/user26.json,idx_108
waveIn,trainingSamples,raw_data/EMG-EPN612/testingJSON/user26/user26.json,idx_109
waveIn,trainingSamples,raw_data/EMG-EPN612/testingJSON/user26/user26.json,idx_110
waveIn,trainingSamples,raw_data/EMG-EPN612/testingJSON/user26/user26.json,idx_111
waveIn,trainingSamples,raw_data/EMG-EPN612/testingJSON/user26/user26.json,idx_112
waveIn,trainingSamples,raw_data/EMG-EPN612/testingJSON/user26/user26.json,idx_113
waveIn,trainingSamples,raw_data/EMG-EPN612/testingJSON/user26/user26.json,idx_114
waveIn,trainingSamples,raw_data/EMG-EPN612/testingJSON/user26/user26.json,idx_115
waveIn,trainingSamples,raw_data/EMG-EPN612/testingJSON/user26/user26.json,idx_116
waveIn,trainingSamples,raw_data/EMG-EPN612/testingJSON/user26/user26.json,idx_117
waveIn,trainingSamples,raw_data/EMG-EPN612/testingJSON/user26/user26.json,idx_118
waveIn,trainingSamples,raw_data/EMG-EPN612/testingJSON/user26/user26.json,idx_119
waveIn,trainingSamples,raw_data/EMG-EPN612/testingJSON/user26/user26.json,idx_120
waveIn,trainingSamples,raw_data/EMG-EPN612/testingJSON/user26/user26.json,idx_121
waveIn,trainingSamples,raw_data/EMG-EPN612/testingJSON/user26/user26.json,idx_122
waveIn,trainingSamples,raw_data/EMG-EPN612/testingJSON/user26/user26.json,idx_123
waveIn,trainingSamples,raw_data/EMG-EPN612/testingJSON/user26/user26.json,idx_124
waveIn,trainingSamples,raw_data/EMG-EPN612/testingJSON/user26/user26.json,idx_125
open,trainingSamples,raw_data/EMG-EPN612/testingJSON/user26/user26.json,idx_126
open,trainingSamples,raw_data/EMG-EPN612/testingJSON/user26/user26.json,idx_127
open,trainingSamples,raw_data/EMG-EPN612/testingJSON/user26/user26.json,idx_128
open,trainingSamples,raw_data/EMG-EPN612/testingJSON/user26/user26.json,idx_129
open,trainingSamples,raw_data/EMG-EPN612/testingJSON/user26/user26.json,idx_130
open,trainingSamples,raw_data/EMG-EPN612/testingJSON/user26/user26.json,idx_131
open,trainingSamples,raw_data/EMG-EPN612/testingJSON/user26/user26.json,idx_132
open,trainingSamples,raw_data/EMG-EPN612/testingJSON/user26/user26.json,idx_133
open,trainingSamples,raw_data/EMG-EPN612/testingJSON/user26/user26.json,idx_134
open,trainingSamples,raw_data/EMG-EPN612/testingJSON/user26/user26.json,idx_135
open,trainingSamples,raw_data/EMG-EPN612/testingJSON/user26/user26.json,idx_136
open,trainingSamples,raw_data/EMG-EPN612/testingJSON/user26/user26.json,idx_137
open,trainingSamples,raw_data/EMG-EPN612/testingJSON/user26/user26.json,idx_138
open,trainingSamples,raw_data/EMG-EPN612/testingJSON/user26/user26.json,idx_139
open,trainingSamples,raw_data/EMG-EPN612/testingJSON/user26/user26.json,idx_140
open,trainingSamples,raw_data/EMG-EPN612/testingJSON/user26/user26.json,idx_141
open,trainingSamples,raw_data/EMG-EPN612/testingJSON/user26/user26.json,idx_142
open,trainingSamples,raw_data/EMG-EPN612/testingJSON/user26/user26.json,idx_143
open,trainingSamples,raw_data/EMG-EPN612/testingJSON/user26/user26.json,idx_144
open,trainingSamples,raw_data/EMG-EPN612/testingJSON/user26/user26.json,idx_145
open,trainingSamples,raw_data/EMG-EPN612/testingJSON/user26/user26.json,idx_146
open,trainingSamples,raw_data/EMG-EPN612/testingJSON/user26/user26.json,idx_147
open,trainingSamples,raw_data/EMG-EPN612/testingJSON/user26/user26.json,idx_148
open,trainingSamples,raw_data/EMG-EPN612/testingJSON/user26/user26.json,idx_149
open,trainingSamples,raw_data/EMG-EPN612/testingJSON/user26/user26.json,idx_150
noGesture,trainingSamples,raw_data/EMG-EPN612/testingJSON/user260/user260.json,idx_1
noGesture,trainingSamples,raw_data/EMG-EPN612/testingJSON/user260/user260.json,idx_2
noGesture,trainingSamples,raw_data/EMG-EPN612/testingJSON/user260/user260.json,idx_3
noGesture,trainingSamples,raw_data/EMG-EPN612/testingJSON/user260/user260.json,idx_4
noGesture,trainingSamples,raw_data/EMG-EPN612/testingJSON/user260/user260.json,idx_5
noGesture,trainingSamples,raw_data/EMG-EPN612/testingJSON/user260/user260.json,idx_6
noGesture,trainingSamples,raw_data/EMG-EPN612/testingJSON/user260/user260.json,idx_7
noGesture,trainingSamples,raw_data/EMG-EPN612/testingJSON/user260/user260.json,idx_8
noGesture,trainingSamples,raw_data/EMG-EPN612/testingJSON/user260/user260.json,idx_9
noGesture,trainingSamples,raw_data/EMG-EPN612/testingJSON/user260/user260.json,idx_10
noGesture,trainingSamples,raw_data/EMG-EPN612/testingJSON/user260/user260.json,idx_11
noGesture,trainingSamples,raw_data/EMG-EPN612/testingJSON/user260/user260.json,idx_12
noGesture,trainingSamples,raw_data/EMG-EPN612/testingJSON/user260/user260.json,idx_13
noGesture,trainingSamples,raw_data/EMG-EPN612/testingJSON/user260/user260.json,idx_14
noGesture,trainingSamples,raw_data/EMG-EPN612/testingJSON/user260/user260.json,idx_15
noGesture,trainingSamples,raw_data/EMG-EPN612/testingJSON/user260/user260.json,idx_16
noGesture,trainingSamples,raw_data/EMG-EPN612/testingJSON/user260/user260.json,idx_17
noGesture,trainingSamples,raw_data/EMG-EPN612/testingJSON/user260/user260.json,idx_18
noGesture,trainingSamples,raw_data/EMG-EPN612/testingJSON/user260/user260.json,idx_19
noGesture,trainingSamples,raw_data/EMG-EPN612/testingJSON/user260/user260.json,idx_20
noGesture,trainingSamples,raw_data/EMG-EPN612/testingJSON/user260/user260.json,idx_21
noGesture,trainingSamples,raw_data/EMG-EPN612/testingJSON/user260/user260.json,idx_22
noGesture,trainingSamples,raw_data/EMG-EPN612/testingJSON/user260/user260.json,idx_23
noGesture,trainingSamples,raw_data/EMG-EPN612/testingJSON/user260/user260.json,idx_24
noGesture,trainingSamples,raw_data/EMG-EPN612/testingJSON/user260/user260.json,idx_25
waveOut,trainingSamples,raw_data/EMG-EPN612/testingJSON/user260/user260.json,idx_26
waveOut,trainingSamples,raw_data/EMG-EPN612/testingJSON/user260/user260.json,idx_27
waveOut,trainingSamples,raw_data/EMG-EPN612/testingJSON/user260/user260.json,idx_28
waveOut,trainingSamples,raw_data/EMG-EPN612/testingJSON/user260/user260.json,idx_29
waveOut,trainingSamples,raw_data/EMG-EPN612/testingJSON/user260/user260.json,idx_30
waveOut,trainingSamples,raw_data/EMG-EPN612/testingJSON/user260/user260.json,idx_31
waveOut,trainingSamples,raw_data/EMG-EPN612/testingJSON/user260/user260.json,idx_32
waveOut,trainingSamples,raw_data/EMG-EPN612/testingJSON/user260/user260.json,idx_33
waveOut,trainingSamples,raw_data/EMG-EPN612/testingJSON/user260/user260.json,idx_34
waveOut,trainingSamples,raw_data/EMG-EPN612/testingJSON/user260/user260.json,idx_35
waveOut,trainingSamples,raw_data/EMG-EPN612/testingJSON/user260/user260.json,idx_36
waveOut,trainingSamples,raw_data/EMG-EPN612/testingJSON/user260/user260.json,idx_37
waveOut,trainingSamples,raw_data/EMG-EPN612/testingJSON/user260/user260.json,idx_38
waveOut,trainingSamples,raw_data/EMG-EPN612/testingJSON/user260/user260.json,idx_39
waveOut,trainingSamples,raw_data/EMG-EPN612/testingJSON/user260/user260.json,idx_40
waveOut,trainingSamples,raw_data/EMG-EPN612/testingJSON/user260/user260.json,idx_41
waveOut,trainingSamples,raw_data/EMG-EPN612/testingJSON/user260/user260.json,idx_42
waveOut,trainingSamples,raw_data/EMG-EPN612/testingJSON/user260/user260.json,idx_43
waveOut,trainingSamples,raw_data/EMG-EPN612/testingJSON/user260/user260.json,idx_44
waveOut,trainingSamples,raw_data/EMG-EPN612/testingJSON/user260/user260.json,idx_45
waveOut,trainingSamples,raw_data/EMG-EPN612/testingJSON/user260/user260.json,idx_46
waveOut,trainingSamples,raw_data/EMG-EPN612/testingJSON/user260/user260.json,idx_47
waveOut,trainingSamples,raw_data/EMG-EPN612/testingJSON/user260/user260.json,idx_48
waveOut,trainingSamples,raw_data/EMG-EPN612/testingJSON/user260/user260.json,idx_49
waveOut,trainingSamples,raw_data/EMG-EPN612/testingJSON/user260/user260.json,idx_50
pinch,trainingSamples,raw_data/EMG-EPN612/testingJSON/user260/user260.json,idx_51
pinch,trainingSamples,raw_data/EMG-EPN612/testingJSON/user260/user260.json,idx_52
pinch,trainingSamples,raw_data/EMG-EPN612/testingJSON/user260/user260.json,idx_53
pinch,trainingSamples,raw_data/EMG-EPN612/testingJSON/user260/user260.json,idx_54
pinch,trainingSamples,raw_data/EMG-EPN612/testingJSON/user260/user260.json,idx_55
pinch,trainingSamples,raw_data/EMG-EPN612/testingJSON/user260/user260.json,idx_56
pinch,trainingSamples,raw_data/EMG-EPN612/testingJSON/user260/user260.json,idx_57
pinch,trainingSamples,raw_data/EMG-EPN612/testingJSON/user260/user260.json,idx_58
pinch,trainingSamples,raw_data/EMG-EPN612/testingJSON/user260/user260.json,idx_59
pinch,trainingSamples,raw_data/EMG-EPN612/testingJSON/user260/user260.json,idx_60
pinch,trainingSamples,raw_data/EMG-EPN612/testingJSON/user260/user260.json,idx_61
pinch,trainingSamples,raw_data/EMG-EPN612/testingJSON/user260/user260.json,idx_62
pinch,trainingSamples,raw_data/EMG-EPN612/testingJSON/user260/user260.json,idx_63
pinch,trainingSamples,raw_data/EMG-EPN612/testingJSON/user260/user260.json,idx_64
pinch,trainingSamples,raw_data/EMG-EPN612/testingJSON/user260/user260.json,idx_65
pinch,trainingSamples,raw_data/EMG-EPN612/testingJSON/user260/user260.json,idx_66
pinch,trainingSamples,raw_data/EMG-EPN612/testingJSON/user260/user260.json,idx_67
pinch,trainingSamples,raw_data/EMG-EPN612/testingJSON/user260/user260.json,idx_68
pinch,trainingSamples,raw_data/EMG-EPN612/testingJSON/user260/user260.json,idx_69
pinch,trainingSamples,raw_data/EMG-EPN612/testingJSON/user260/user260.json,idx_70
pinch,trainingSamples,raw_data/EMG-EPN612/testingJSON/user260/user260.json,idx_71
pinch,trainingSamples,raw_data/EMG-EPN612/testingJSON/user260/user260.json,idx_72
pinch,trainingSamples,raw_data/EMG-EPN612/testingJSON/user260/user260.json,idx_73
pinch,trainingSamples,raw_data/EMG-EPN612/testingJSON/user260/user260.json,idx_74
pinch,trainingSamples,raw_data/EMG-EPN612/testingJSON/user260/user260.json,idx_75
fist,trainingSamples,raw_data/EMG-EPN612/testingJSON/user260/user260.json,idx_76
fist,trainingSamples,raw_data/EMG-EPN612/testingJSON/user260/user260.json,idx_77
fist,trainingSamples,raw_data/EMG-EPN612/testingJSON/user260/user260.json,idx_78
fist,trainingSamples,raw_data/EMG-EPN612/testingJSON/user260/user260.json,idx_79
fist,trainingSamples,raw_data/EMG-EPN612/testingJSON/user260/user260.json,idx_80
fist,trainingSamples,raw_data/EMG-EPN612/testingJSON/user260/user260.json,idx_81
fist,trainingSamples,raw_data/EMG-EPN612/testingJSON/user260/user260.json,idx_82
fist,trainingSamples,raw_data/EMG-EPN612/testingJSON/user260/user260.json,idx_83
fist,trainingSamples,raw_data/EMG-EPN612/testingJSON/user260/user260.json,idx_84
fist,trainingSamples,raw_data/EMG-EPN612/testingJSON/user260/user260.json,idx_85
fist,trainingSamples,raw_data/EMG-EPN612/testingJSON/user260/user260.json,idx_86
fist,trainingSamples,raw_data/EMG-EPN612/testingJSON/user260/user260.json,idx_87
fist,trainingSamples,raw_data/EMG-EPN612/testingJSON/user260/user260.json,idx_88
fist,trainingSamples,raw_data/EMG-EPN612/testingJSON/user260/user260.json,idx_89
fist,trainingSamples,raw_data/EMG-EPN612/testingJSON/user260/user260.json,idx_90
fist,trainingSamples,raw_data/EMG-EPN612/testingJSON/user260/user260.json,idx_91
fist,trainingSamples,raw_data/EMG-EPN612/testingJSON/user260/user260.json,idx_92
fist,trainingSamples,raw_data/EMG-EPN612/testingJSON/user260/user260.json,idx_93
fist,trainingSamples,raw_data/EMG-EPN612/testingJSON/user260/user260.json,idx_94
fist,trainingSamples,raw_data/EMG-EPN612/testingJSON/user260/user260.json,idx_95
fist,trainingSamples,raw_data/EMG-EPN612/testingJSON/user260/user260.json,idx_96
fist,trainingSamples,raw_data/EMG-EPN612/testingJSON/user260/user260.json,idx_97
fist,trainingSamples,raw_data/EMG-EPN612/testingJSON/user260/user260.json,idx_98
fist,trainingSamples,raw_data/EMG-EPN612/testingJSON/user260/user260.json,idx_99
fist,trainingSamples,raw_data/EMG-EPN612/testingJSON/user260/user260.json,idx_100
waveIn,trainingSamples,raw_data/EMG-EPN612/testingJSON/user260/user260.json,idx_101
waveIn,trainingSamples,raw_data/EMG-EPN612/testingJSON/user260/user260.json,idx_102
waveIn,trainingSamples,raw_data/EMG-EPN612/testingJSON/user260/user260.json,idx_103
waveIn,trainingSamples,raw_data/EMG-EPN612/testingJSON/user260/user260.json,idx_104
waveIn,trainingSamples,raw_data/EMG-EPN612/testingJSON/user260/user260.json,idx_105
waveIn,trainingSamples,raw_data/EMG-EPN612/testingJSON/user260/user260.json,idx_106
waveIn,trainingSamples,raw_data/EMG-EPN612/testingJSON/user260/user260.json,idx_107
waveIn,trainingSamples,raw_data/EMG-EPN612/testingJSON/user260/user260.json,idx_108
waveIn,trainingSamples,raw_data/EMG-EPN612/testingJSON/user260/user260.json,idx_109
waveIn,trainingSamples,raw_data/EMG-EPN612/testingJSON/user260/user260.json,idx_110
waveIn,trainingSamples,raw_data/EMG-EPN612/testingJSON/user260/user260.json,idx_111
waveIn,trainingSamples,raw_data/EMG-EPN612/testingJSON/user260/user260.json,idx_112
waveIn,trainingSamples,raw_data/EMG-EPN612/testingJSON/user260/user260.json,idx_113
waveIn,trainingSamples,raw_data/EMG-EPN612/testingJSON/user260/user260.json,idx_114
waveIn,trainingSamples,raw_data/EMG-EPN612/testingJSON/user260/user260.json,idx_115
waveIn,trainingSamples,raw_data/EMG-EPN612/testingJSON/user260/user260.json,idx_116
waveIn,trainingSamples,raw_data/EMG-EPN612/testingJSON/user260/user260.json,idx_117
waveIn,trainingSamples,raw_data/EMG-EPN612/testingJSON/user260/user260.json,idx_118
waveIn,trainingSamples,raw_data/EMG-EPN612/testingJSON/user260/user260.json,idx_119
waveIn,trainingSamples,raw_data/EMG-EPN612/testingJSON/user260/user260.json,idx_120
waveIn,trainingSamples,raw_data/EMG-EPN612/testingJSON/user260/user260.json,idx_121
waveIn,trainingSamples,raw_data/EMG-EPN612/testingJSON/user260/user260.json,idx_122
waveIn,trainingSamples,raw_data/EMG-EPN612/testingJSON/user260/user260.json,idx_123
waveIn,trainingSamples,raw_data/EMG-EPN612/testingJSON/user260/user260.json,idx_124
waveIn,trainingSamples,raw_data/EMG-EPN612/testingJSON/user260/user260.json,idx_125
open,trainingSamples,raw_data/EMG-EPN612/testingJSON/user260/user260.json,idx_126
open,trainingSamples,raw_data/EMG-EPN612/testingJSON/user260/user260.json,idx_127
open,trainingSamples,raw_data/EMG-EPN612/testingJSON/user260/user260.json,idx_128
open,trainingSamples,raw_data/EMG-EPN612/testingJSON/user260/user260.json,idx_129
open,trainingSamples,raw_data/EMG-EPN612/testingJSON/user260/user260.json,idx_130
open,trainingSamples,raw_data/EMG-EPN612/testingJSON/user260/user260.json,idx_131
open,trainingSamples,raw_data/EMG-EPN612/testingJSON/user260/user260.json,idx_132
open,trainingSamples,raw_data/EMG-EPN612/testingJSON/user260/user260.json,idx_133
open,trainingSamples,raw_data/EMG-EPN612/testingJSON/user260/user260.json,idx_134
open,trainingSamples,raw_data/EMG-EPN612/testingJSON/user260/user260.json,idx_135
open,trainingSamples,raw_data/EMG-EPN612/testingJSON/user260/user260.json,idx_136
open,trainingSamples,raw_data/EMG-EPN612/testingJSON/user260/user260.json,idx_137
open,trainingSamples,raw_data/EMG-EPN612/testingJSON/user260/user260.json,idx_138
open,trainingSamples,raw_data/EMG-EPN612/testingJSON/user260/user260.json,idx_139
open,trainingSamples,raw_data/EMG-EPN612/testingJSON/user260/user260.json,idx_140
open,trainingSamples,raw_data/EMG-EPN612/testingJSON/user260/user260.json,idx_141
open,trainingSamples,raw_data/EMG-EPN612/testingJSON/user260/user260.json,idx_142
open,trainingSamples,raw_data/EMG-EPN612/testingJSON/user260/user260.json,idx_143
open,trainingSamples,raw_data/EMG-EPN612/testingJSON/user260/user260.json,idx_144
open,trainingSamples,raw_data/EMG-EPN612/testingJSON/user260/user260.json,idx_145
open,trainingSamples,raw_data/EMG-EPN612/testingJSON/user260/user260.json,idx_146
open,trainingSamples,raw_data/EMG-EPN612/testingJSON/user260/user260.json,idx_147
open,trainingSamples,raw_data/EMG-EPN612/testingJSON/user260/user260.json,idx_148
open,trainingSamples,raw_data/EMG-EPN612/testingJSON/user260/user260.json,idx_149
open,trainingSamples,raw_data/EMG-EPN612/testingJSON/user260/user260.json,idx_150
noGesture,trainingSamples,raw_data/EMG-EPN612/testingJSON/user261/user261.json,idx_1
noGesture,trainingSamples,raw_data/EMG-EPN612/testingJSON/user261/user261.json,idx_2
noGesture,trainingSamples,raw_data/EMG-EPN612/testingJSON/user261/user261.json,idx_3
noGesture,trainingSamples,raw_data/EMG-EPN612/testingJSON/user261/user261.json,idx_4
noGesture,trainingSamples,raw_data/EMG-EPN612/testingJSON/user261/user261.json,idx_5
noGesture,trainingSamples,raw_data/EMG-EPN612/testingJSON/user261/user261.json,idx_6
noGesture,trainingSamples,raw_data/EMG-EPN612/testingJSON/user261/user261.json,idx_7
noGesture,trainingSamples,raw_data/EMG-EPN612/testingJSON/user261/user261.json,idx_8
noGesture,trainingSamples,raw_data/EMG-EPN612/testingJSON/user261/user261.json,idx_9
noGesture,trainingSamples,raw_data/EMG-EPN612/testingJSON/user261/user261.json,idx_10
noGesture,trainingSamples,raw_data/EMG-EPN612/testingJSON/user261/user261.json,idx_11
noGesture,trainingSamples,raw_data/EMG-EPN612/testingJSON/user261/user261.json,idx_12
noGesture,trainingSamples,raw_data/EMG-EPN612/testingJSON/user261/user261.json,idx_13
noGesture,trainingSamples,raw_data/EMG-EPN612/testingJSON/user261/user261.json,idx_14
noGesture,trainingSamples,raw_data/EMG-EPN612/testingJSON/user261/user261.json,idx_15
noGesture,trainingSamples,raw_data/EMG-EPN612/testingJSON/user261/user261.json,idx_16
noGesture,trainingSamples,raw_data/EMG-EPN612/testingJSON/user261/user261.json,idx_17
noGesture,trainingSamples,raw_data/EMG-EPN612/testingJSON/user261/user261.json,idx_18
noGesture,trainingSamples,raw_data/EMG-EPN612/testingJSON/user261/user261.json,idx_19
noGesture,trainingSamples,raw_data/EMG-EPN612/testingJSON/user261/user261.json,idx_20
noGesture,trainingSamples,raw_data/EMG-EPN612/testingJSON/user261/user261.json,idx_21
noGesture,trainingSamples,raw_data/EMG-EPN612/testingJSON/user261/user261.json,idx_22
noGesture,trainingSamples,raw_data/EMG-EPN612/testingJSON/user261/user261.json,idx_23
noGesture,trainingSamples,raw_data/EMG-EPN612/testingJSON/user261/user261.json,idx_24
noGesture,trainingSamples,raw_data/EMG-EPN612/testingJSON/user261/user261.json,idx_25
waveOut,trainingSamples,raw_data/EMG-EPN612/testingJSON/user261/user261.json,idx_26
waveOut,trainingSamples,raw_data/EMG-EPN612/testingJSON/user261/user261.json,idx_27
waveOut,trainingSamples,raw_data/EMG-EPN612/testingJSON/user261/user261.json,idx_28
waveOut,trainingSamples,raw_data/EMG-EPN612/testingJSON/user261/user261.json,idx_29
waveOut,trainingSamples,raw_data/EMG-EPN612/testingJSON/user261/user261.json,idx_30
waveOut,trainingSamples,raw_data/EMG-EPN612/testingJSON/user261/user261.json,idx_31
waveOut,trainingSamples,raw_data/EMG-EPN612/testingJSON/user261/user261.json,idx_32
waveOut,trainingSamples,raw_data/EMG-EPN612/testingJSON/user261/user261.json,idx_33
waveOut,trainingSamples,raw_data/EMG-EPN612/testingJSON/user261/user261.json,idx_34
waveOut,trainingSamples,raw_data/EMG-EPN612/testingJSON/user261/user261.json,idx_35
waveOut,trainingSamples,raw_data/EMG-EPN612/testingJSON/user261/user261.json,idx_36
waveOut,trainingSamples,raw_data/EMG-EPN612/testingJSON/user261/user261.json,idx_37
waveOut,trainingSamples,raw_data/EMG-EPN612/testingJSON/user261/user261.json,idx_38
waveOut,trainingSamples,raw_data/EMG-EPN612/testingJSON/user261/user261.json,idx_39
waveOut,trainingSamples,raw_data/EMG-EPN612/testingJSON/user261/user261.json,idx_40
waveOut,trainingSamples,raw_data/EMG-EPN612/testingJSON/user261/user261.json,idx_41
waveOut,trainingSamples,raw_data/EMG-EPN612/testingJSON/user261/user261.json,idx_42
waveOut,trainingSamples,raw_data/EMG-EPN612/testingJSON/user261/user261.json,idx_43
waveOut,trainingSamples,raw_data/EMG-EPN612/testingJSON/user261/user261.json,idx_44
waveOut,trainingSamples,raw_data/EMG-EPN612/testingJSON/user261/user261.json,idx_45
waveOut,trainingSamples,raw_data/EMG-EPN612/testingJSON/user261/user261.json,idx_46
waveOut,trainingSamples,raw_data/EMG-EPN612/testingJSON/user261/user261.json,idx_47
waveOut,trainingSamples,raw_data/EMG-EPN612/testingJSON/user261/user261.json,idx_48
waveOut,trainingSamples,raw_data/EMG-EPN612/testingJSON/user261/user261.json,idx_49
waveOut,trainingSamples,raw_data/EMG-EPN612/testingJSON/user261/user261.json,idx_50
pinch,trainingSamples,raw_data/EMG-EPN612/testingJSON/user261/user261.json,idx_51
pinch,trainingSamples,raw_data/EMG-EPN612/testingJSON/user261/user261.json,idx_52
pinch,trainingSamples,raw_data/EMG-EPN612/testingJSON/user261/user261.json,idx_53
pinch,trainingSamples,raw_data/EMG-EPN612/testingJSON/user261/user261.json,idx_54
pinch,trainingSamples,raw_data/EMG-EPN612/testingJSON/user261/user261.json,idx_55
pinch,trainingSamples,raw_data/EMG-EPN612/testingJSON/user261/user261.json,idx_56
pinch,trainingSamples,raw_data/EMG-EPN612/testingJSON/user261/user261.json,idx_57
pinch,trainingSamples,raw_data/EMG-EPN612/testingJSON/user261/user261.json,idx_58
pinch,trainingSamples,raw_data/EMG-EPN612/testingJSON/user261/user261.json,idx_59
pinch,trainingSamples,raw_data/EMG-EPN612/testingJSON/user261/user261.json,idx_60
pinch,trainingSamples,raw_data/EMG-EPN612/testingJSON/user261/user261.json,idx_61
pinch,trainingSamples,raw_data/EMG-EPN612/testingJSON/user261/user261.json,idx_62
pinch,trainingSamples,raw_data/EMG-EPN612/testingJSON/user261/user261.json,idx_63
pinch,trainingSamples,raw_data/EMG-EPN612/testingJSON/user261/user261.json,idx_64
pinch,trainingSamples,raw_data/EMG-EPN612/testingJSON/user261/user261.json,idx_65
pinch,trainingSamples,raw_data/EMG-EPN612/testingJSON/user261/user261.json,idx_66
pinch,trainingSamples,raw_data/EMG-EPN612/testingJSON/user261/user261.json,idx_67
pinch,trainingSamples,raw_data/EMG-EPN612/testingJSON/user261/user261.json,idx_68
pinch,trainingSamples,raw_data/EMG-EPN612/testingJSON/user261/user261.json,idx_69
pinch,trainingSamples,raw_data/EMG-EPN612/testingJSON/user261/user261.json,idx_70
pinch,trainingSamples,raw_data/EMG-EPN612/testingJSON/user261/user261.json,idx_71
pinch,trainingSamples,raw_data/EMG-EPN612/testingJSON/user261/user261.json,idx_72
pinch,trainingSamples,raw_data/EMG-EPN612/testingJSON/user261/user261.json,idx_73
pinch,trainingSamples,raw_data/EMG-EPN612/testingJSON/user261/user261.json,idx_74
pinch,trainingSamples,raw_data/EMG-EPN612/testingJSON/user261/user261.json,idx_75
fist,trainingSamples,raw_data/EMG-EPN612/testingJSON/user261/user261.json,idx_76
fist,trainingSamples,raw_data/EMG-EPN612/testingJSON/user261/user261.json,idx_77
fist,trainingSamples,raw_data/EMG-EPN612/testingJSON/user261/user261.json,idx_78
fist,trainingSamples,raw_data/EMG-EPN612/testingJSON/user261/user261.json,idx_79
fist,trainingSamples,raw_data/EMG-EPN612/testingJSON/user261/user261.json,idx_80
fist,trainingSamples,raw_data/EMG-EPN612/testingJSON/user261/user261.json,idx_81
fist,trainingSamples,raw_data/EMG-EPN612/testingJSON/user261/user261.json,idx_82
fist,trainingSamples,raw_data/EMG-EPN612/testingJSON/user261/user261.json,idx_83
fist,trainingSamples,raw_data/EMG-EPN612/testingJSON/user261/user261.json,idx_84
fist,trainingSamples,raw_data/EMG-EPN612/testingJSON/user261/user261.json,idx_85
fist,trainingSamples,raw_data/EMG-EPN612/testingJSON/user261/user261.json,idx_86
fist,trainingSamples,raw_data/EMG-EPN612/testingJSON/user261/user261.json,idx_87
fist,trainingSamples,raw_data/EMG-EPN612/testingJSON/user261/user261.json,idx_88
fist,trainingSamples,raw_data/EMG-EPN612/testingJSON/user261/user261.json,idx_89
fist,trainingSamples,raw_data/EMG-EPN612/testingJSON/user261/user261.json,idx_90
fist,trainingSamples,raw_data/EMG-EPN612/testingJSON/user261/user261.json,idx_91
fist,trainingSamples,raw_data/EMG-EPN612/testingJSON/user261/user261.json,idx_92
fist,trainingSamples,raw_data/EMG-EPN612/testingJSON/user261/user261.json,idx_93
fist,trainingSamples,raw_data/EMG-EPN612/testingJSON/user261/user261.json,idx_94
fist,trainingSamples,raw_data/EMG-EPN612/testingJSON/user261/user261.json,idx_95
fist,trainingSamples,raw_data/EMG-EPN612/testingJSON/user261/user261.json,idx_96
fist,trainingSamples,raw_data/EMG-EPN612/testingJSON/user261/user261.json,idx_97
fist,trainingSamples,raw_data/EMG-EPN612/testingJSON/user261/user261.json,idx_98
fist,trainingSamples,raw_data/EMG-EPN612/testingJSON/user261/user261.json,idx_99
fist,trainingSamples,raw_data/EMG-EPN612/testingJSON/user261/user261.json,idx_100
waveIn,trainingSamples,raw_data/EMG-EPN612/testingJSON/user261/user261.json,idx_101
waveIn,trainingSamples,raw_data/EMG-EPN612/testingJSON/user261/user261.json,idx_102
waveIn,trainingSamples,raw_data/EMG-EPN612/testingJSON/user261/user261.json,idx_103
waveIn,trainingSamples,raw_data/EMG-EPN612/testingJSON/user261/user261.json,idx_104
waveIn,trainingSamples,raw_data/EMG-EPN612/testingJSON/user261/user261.json,idx_105
waveIn,trainingSamples,raw_data/EMG-EPN612/testingJSON/user261/user261.json,idx_106
waveIn,trainingSamples,raw_data/EMG-EPN612/testingJSON/user261/user261.json,idx_107
waveIn,trainingSamples,raw_data/EMG-EPN612/testingJSON/user261/user261.json,idx_108
waveIn,trainingSamples,raw_data/EMG-EPN612/testingJSON/user261/user261.json,idx_109
waveIn,trainingSamples,raw_data/EMG-EPN612/testingJSON/user261/user261.json,idx_110
waveIn,trainingSamples,raw_data/EMG-EPN612/testingJSON/user261/user261.json,idx_111
waveIn,trainingSamples,raw_data/EMG-EPN612/testingJSON/user261/user261.json,idx_112
waveIn,trainingSamples,raw_data/EMG-EPN612/testingJSON/user261/user261.json,idx_113
waveIn,trainingSamples,raw_data/EMG-EPN612/testingJSON/user261/user261.json,idx_114
waveIn,trainingSamples,raw_data/EMG-EPN612/testingJSON/user261/user261.json,idx_115
waveIn,trainingSamples,raw_data/EMG-EPN612/testingJSON/user261/user261.json,idx_116
waveIn,trainingSamples,raw_data/EMG-EPN612/testingJSON/user261/user261.json,idx_117
waveIn,trainingSamples,raw_data/EMG-EPN612/testingJSON/user261/user261.json,idx_118
waveIn,trainingSamples,raw_data/EMG-EPN612/testingJSON/user261/user261.json,idx_119
waveIn,trainingSamples,raw_data/EMG-EPN612/testingJSON/user261/user261.json,idx_120
waveIn,trainingSamples,raw_data/EMG-EPN612/testingJSON/user261/user261.json,idx_121
waveIn,trainingSamples,raw_data/EMG-EPN612/testingJSON/user261/user261.json,idx_122
waveIn,trainingSamples,raw_data/EMG-EPN612/testingJSON/user261/user261.json,idx_123
waveIn,trainingSamples,raw_data/EMG-EPN612/testingJSON/user261/user261.json,idx_124
waveIn,trainingSamples,raw_data/EMG-EPN612/testingJSON/user261/user261.json,idx_125
open,trainingSamples,raw_data/EMG-EPN612/testingJSON/user261/user261.json,idx_126
open,trainingSamples,raw_data/EMG-EPN612/testingJSON/user261/user261.json,idx_127
open,trainingSamples,raw_data/EMG-EPN612/testingJSON/user261/user261.json,idx_128
open,trainingSamples,raw_data/EMG-EPN612/testingJSON/user261/user261.json,idx_129
open,trainingSamples,raw_data/EMG-EPN612/testingJSON/user261/user261.json,idx_130
open,trainingSamples,raw_data/EMG-EPN612/testingJSON/user261/user261.json,idx_131
open,trainingSamples,raw_data/EMG-EPN612/testingJSON/user261/user261.json,idx_132
open,trainingSamples,raw_data/EMG-EPN612/testingJSON/user261/user261.json,idx_133
open,trainingSamples,raw_data/EMG-EPN612/testingJSON/user261/user261.json,idx_134
open,trainingSamples,raw_data/EMG-EPN612/testingJSON/user261/user261.json,idx_135
open,trainingSamples,raw_data/EMG-EPN612/testingJSON/user261/user261.json,idx_136
open,trainingSamples,raw_data/EMG-EPN612/testingJSON/user261/user261.json,idx_137
open,trainingSamples,raw_data/EMG-EPN612/testingJSON/user261/user261.json,idx_138
open,trainingSamples,raw_data/EMG-EPN612/testingJSON/user261/user261.json,idx_139
open,trainingSamples,raw_data/EMG-EPN612/testingJSON/user261/user261.json,idx_140
open,trainingSamples,raw_data/EMG-EPN612/testingJSON/user261/user261.json,idx_141
open,trainingSamples,raw_data/EMG-EPN612/testingJSON/user261/user261.json,idx_142
open,trainingSamples,raw_data/EMG-EPN612/testingJSON/user261/user261.json,idx_143
open,trainingSamples,raw_data/EMG-EPN612/testingJSON/user261/user261.json,idx_144
open,trainingSamples,raw_data/EMG-EPN612/testingJSON/user261/user261.json,idx_145
open,trainingSamples,raw_data/EMG-EPN612/testingJSON/user261/user261.json,idx_146
open,trainingSamples,raw_data/EMG-EPN612/testingJSON/user261/user261.json,idx_147
open,trainingSamples,raw_data/EMG-EPN612/testingJSON/user261/user261.json,idx_148
open,trainingSamples,raw_data/EMG-EPN612/testingJSON/user261/user261.json,idx_149
open,trainingSamples,raw_data/EMG-EPN612/testingJSON/user261/user261.json,idx_150
noGesture,trainingSamples,raw_data/EMG-EPN612/testingJSON/user262/user262.json,idx_1
noGesture,trainingSamples,raw_data/EMG-EPN612/testingJSON/user262/user262.json,idx_2
noGesture,trainingSamples,raw_data/EMG-EPN612/testingJSON/user262/user262.json,idx_3
noGesture,trainingSamples,raw_data/EMG-EPN612/testingJSON/user262/user262.json,idx_4
noGesture,trainingSamples,raw_data/EMG-EPN612/testingJSON/user262/user262.json,idx_5
noGesture,trainingSamples,raw_data/EMG-EPN612/testingJSON/user262/user262.json,idx_6
noGesture,trainingSamples,raw_data/EMG-EPN612/testingJSON/user262/user262.json,idx_7
noGesture,trainingSamples,raw_data/EMG-EPN612/testingJSON/user262/user262.json,idx_8
noGesture,trainingSamples,raw_data/EMG-EPN612/testingJSON/user262/user262.json,idx_9
noGesture,trainingSamples,raw_data/EMG-EPN612/testingJSON/user262/user262.json,idx_10
noGesture,trainingSamples,raw_data/EMG-EPN612/testingJSON/user262/user262.json,idx_11
noGesture,trainingSamples,raw_data/EMG-EPN612/testingJSON/user262/user262.json,idx_12
noGesture,trainingSamples,raw_data/EMG-EPN612/testingJSON/user262/user262.json,idx_13
noGesture,trainingSamples,raw_data/EMG-EPN612/testingJSON/user262/user262.json,idx_14
noGesture,trainingSamples,raw_data/EMG-EPN612/testingJSON/user262/user262.json,idx_15
noGesture,trainingSamples,raw_data/EMG-EPN612/testingJSON/user262/user262.json,idx_16
noGesture,trainingSamples,raw_data/EMG-EPN612/testingJSON/user262/user262.json,idx_17
noGesture,trainingSamples,raw_data/EMG-EPN612/testingJSON/user262/user262.json,idx_18
noGesture,trainingSamples,raw_data/EMG-EPN612/testingJSON/user262/user262.json,idx_19
noGesture,trainingSamples,raw_data/EMG-EPN612/testingJSON/user262/user262.json,idx_20
noGesture,trainingSamples,raw_data/EMG-EPN612/testingJSON/user262/user262.json,idx_21
noGesture,trainingSamples,raw_data/EMG-EPN612/testingJSON/user262/user262.json,idx_22
noGesture,trainingSamples,raw_data/EMG-EPN612/testingJSON/user262/user262.json,idx_23
noGesture,trainingSamples,raw_data/EMG-EPN612/testingJSON/user262/user262.json,idx_24
noGesture,trainingSamples,raw_data/EMG-EPN612/testingJSON/user262/user262.json,idx_25
fist,trainingSamples,raw_data/EMG-EPN612/testingJSON/user262/user262.json,idx_26
fist,trainingSamples,raw_data/EMG-EPN612/testingJSON/user262/user262.json,idx_27
fist,trainingSamples,raw_data/EMG-EPN612/testingJSON/user262/user262.json,idx_28
fist,trainingSamples,raw_data/EMG-EPN612/testingJSON/user262/user262.json,idx_29
fist,trainingSamples,raw_data/EMG-EPN612/testingJSON/user262/user262.json,idx_30
fist,trainingSamples,raw_data/EMG-EPN612/testingJSON/user262/user262.json,idx_31
fist,trainingSamples,raw_data/EMG-EPN612/testingJSON/user262/user262.json,idx_32
fist,trainingSamples,raw_data/EMG-EPN612/testingJSON/user262/user262.json,idx_33
fist,trainingSamples,raw_data/EMG-EPN612/testingJSON/user262/user262.json,idx_34
fist,trainingSamples,raw_data/EMG-EPN612/testingJSON/user262/user262.json,idx_35
fist,trainingSamples,raw_data/EMG-EPN612/testingJSON/user262/user262.json,idx_36
fist,trainingSamples,raw_data/EMG-EPN612/testingJSON/user262/user262.json,idx_37
fist,trainingSamples,raw_data/EMG-EPN612/testingJSON/user262/user262.json,idx_38
fist,trainingSamples,raw_data/EMG-EPN612/testingJSON/user262/user262.json,idx_39
fist,trainingSamples,raw_data/EMG-EPN612/testingJSON/user262/user262.json,idx_40
fist,trainingSamples,raw_data/EMG-EPN612/testingJSON/user262/user262.json,idx_41
fist,trainingSamples,raw_data/EMG-EPN612/testingJSON/user262/user262.json,idx_42
fist,trainingSamples,raw_data/EMG-EPN612/testingJSON/user262/user262.json,idx_43
fist,trainingSamples,raw_data/EMG-EPN612/testingJSON/user262/user262.json,idx_44
fist,trainingSamples,raw_data/EMG-EPN612/testingJSON/user262/user262.json,idx_45
fist,trainingSamples,raw_data/EMG-EPN612/testingJSON/user262/user262.json,idx_46
fist,trainingSamples,raw_data/EMG-EPN612/testingJSON/user262/user262.json,idx_47
fist,trainingSamples,raw_data/EMG-EPN612/testingJSON/user262/user262.json,idx_48
fist,trainingSamples,raw_data/EMG-EPN612/testingJSON/user262/user262.json,idx_49
fist,trainingSamples,raw_data/EMG-EPN612/testingJSON/user262/user262.json,idx_50
open,trainingSamples,raw_data/EMG-EPN612/testingJSON/user262/user262.json,idx_51
open,trainingSamples,raw_data/EMG-EPN612/testingJSON/user262/user262.json,idx_52
open,trainingSamples,raw_data/EMG-EPN612/testingJSON/user262/user262.json,idx_53
open,trainingSamples,raw_data/EMG-EPN612/testingJSON/user262/user262.json,idx_54
open,trainingSamples,raw_data/EMG-EPN612/testingJSON/user262/user262.json,idx_55
open,trainingSamples,raw_data/EMG-EPN612/testingJSON/user262/user262.json,idx_56
open,trainingSamples,raw_data/EMG-EPN612/testingJSON/user262/user262.json,idx_57
open,trainingSamples,raw_data/EMG-EPN612/testingJSON/user262/user262.json,idx_58
open,trainingSamples,raw_data/EMG-EPN612/testingJSON/user262/user262.json,idx_59
open,trainingSamples,raw_data/EMG-EPN612/testingJSON/user262/user262.json,idx_60
open,trainingSamples,raw_data/EMG-EPN612/testingJSON/user262/user262.json,idx_61
open,trainingSamples,raw_data/EMG-EPN612/testingJSON/user262/user262.json,idx_62
open,trainingSamples,raw_data/EMG-EPN612/testingJSON/user262/user262.json,idx_63
open,trainingSamples,raw_data/EMG-EPN612/testingJSON/user262/user262.json,idx_64
open,trainingSamples,raw_data/EMG-EPN612/testingJSON/user262/user262.json,idx_65
open,trainingSamples,raw_data/EMG-EPN612/testingJSON/user262/user262.json,idx_66
open,trainingSamples,raw_data/EMG-EPN612/testingJSON/user262/user262.json,idx_67
open,trainingSamples,raw_data/EMG-EPN612/testingJSON/user262/user262.json,idx_68
open,trainingSamples,raw_data/EMG-EPN612/testingJSON/user262/user262.json,idx_69
open,trainingSamples,raw_data/EMG-EPN612/testingJSON/user262/user262.json,idx_70
open,trainingSamples,raw_data/EMG-EPN612/testingJSON/user262/user262.json,idx_71
open,trainingSamples,raw_data/EMG-EPN612/testingJSON/user262/user262.json,idx_72
open,trainingSamples,raw_data/EMG-EPN612/testingJSON/user262/user262.json,idx_73
open,trainingSamples,raw_data/EMG-EPN612/testingJSON/user262/user262.json,idx_74
open,trainingSamples,raw_data/EMG-EPN612/testingJSON/user262/user262.json,idx_75
pinch,trainingSamples,raw_data/EMG-EPN612/testingJSON/user262/user262.json,idx_76
pinch,trainingSamples,raw_data/EMG-EPN612/testingJSON/user262/user262.json,idx_77
pinch,trainingSamples,raw_data/EMG-EPN612/testingJSON/user262/user262.json,idx_78
pinch,trainingSamples,raw_data/EMG-EPN612/testingJSON/user262/user262.json,idx_79
pinch,trainingSamples,raw_data/EMG-EPN612/testingJSON/user262/user262.json,idx_80
pinch,trainingSamples,raw_data/EMG-EPN612/testingJSON/user262/user262.json,idx_81
pinch,trainingSamples,raw_data/EMG-EPN612/testingJSON/user262/user262.json,idx_82
pinch,trainingSamples,raw_data/EMG-EPN612/testingJSON/user262/user262.json,idx_83
pinch,trainingSamples,raw_data/EMG-EPN612/testingJSON/user262/user262.json,idx_84
pinch,trainingSamples,raw_data/EMG-EPN612/testingJSON/user262/user262.json,idx_85
pinch,trainingSamples,raw_data/EMG-EPN612/testingJSON/user262/user262.json,idx_86
pinch,trainingSamples,raw_data/EMG-EPN612/testingJSON/user262/user262.json,idx_87
pinch,trainingSamples,raw_data/EMG-EPN612/testingJSON/user262/user262.json,idx_88
pinch,trainingSamples,raw_data/EMG-EPN612/testingJSON/user262/user262.json,idx_89
pinch,trainingSamples,raw_data/EMG-EPN612/testingJSON/user262/user262.json,idx_90
pinch,trainingSamples,raw_data/EMG-EPN612/testingJSON/user262/user262.json,idx_91
pinch,trainingSamples,raw_data/EMG-EPN612/testingJSON/user262/user262.json,idx_92
pinch,trainingSamples,raw_data/EMG-EPN612/testingJSON/user262/user262.json,idx_93
pinch,trainingSamples,raw_data/EMG-EPN612/testingJSON/user262/user262.json,idx_94
pinch,trainingSamples,raw_data/EMG-EPN612/testingJSON/user262/user262.json,idx_95
pinch,trainingSamples,raw_data/EMG-EPN612/testingJSON/user262/user262.json,idx_96
pinch,trainingSamples,raw_data/EMG-EPN612/testingJSON/user262/user262.json,idx_97
pinch,trainingSamples,raw_data/EMG-EPN612/testingJSON/user262/user262.json,idx_98
pinch,trainingSamples,raw_data/EMG-EPN612/testingJSON/user262/user262.json,idx_99
pinch,trainingSamples,raw_data/EMG-EPN612/testingJSON/user262/user262.json,idx_100
waveOut,trainingSamples,raw_data/EMG-EPN612/testingJSON/user262/user262.json,idx_101
waveOut,trainingSamples,raw_data/EMG-EPN612/testingJSON/user262/user262.json,idx_102
waveOut,trainingSamples,raw_data/EMG-EPN612/testingJSON/user262/user262.json,idx_103
waveOut,trainingSamples,raw_data/EMG-EPN612/testingJSON/user262/user262.json,idx_104
waveOut,trainingSamples,raw_data/EMG-EPN612/testingJSON/user262/user262.json,idx_105
waveOut,trainingSamples,raw_data/EMG-EPN612/testingJSON/user262/user262.json,idx_106
waveOut,trainingSamples,raw_data/EMG-EPN612/testingJSON/user262/user262.json,idx_107
waveOut,trainingSamples,raw_data/EMG-EPN612/testingJSON/user262/user262.json,idx_108
waveOut,trainingSamples,raw_data/EMG-EPN612/testingJSON/user262/user262.json,idx_109
waveOut,trainingSamples,raw_data/EMG-EPN612/testingJSON/user262/user262.json,idx_110
waveOut,trainingSamples,raw_data/EMG-EPN612/testingJSON/user262/user262.json,idx_111
waveOut,trainingSamples,raw_data/EMG-EPN612/testingJSON/user262/user262.json,idx_112
waveOut,trainingSamples,raw_data/EMG-EPN612/testingJSON/user262/user262.json,idx_113
waveOut,trainingSamples,raw_data/EMG-EPN612/testingJSON/user262/user262.json,idx_114
waveOut,trainingSamples,raw_data/EMG-EPN612/testingJSON/user262/user262.json,idx_115
waveOut,trainingSamples,raw_data/EMG-EPN612/testingJSON/user262/user262.json,idx_116
waveOut,trainingSamples,raw_data/EMG-EPN612/testingJSON/user262/user262.json,idx_117
waveOut,trainingSamples,raw_data/EMG-EPN612/testingJSON/user262/user262.json,idx_118
waveOut,trainingSamples,raw_data/EMG-EPN612/testingJSON/user262/user262.json,idx_119
waveOut,trainingSamples,raw_data/EMG-EPN612/testingJSON/user262/user262.json,idx_120
waveOut,trainingSamples,raw_data/EMG-EPN612/testingJSON/user262/user262.json,idx_121
waveOut,trainingSamples,raw_data/EMG-EPN612/testingJSON/user262/user262.json,idx_122
waveOut,trainingSamples,raw_data/EMG-EPN612/testingJSON/user262/user262.json,idx_123
waveOut,trainingSamples,raw_data/EMG-EPN612/testingJSON/user262/user262.json,idx_124
waveOut,trainingSamples,raw_data/EMG-EPN612/testingJSON/user262/user262.json,idx_125
waveIn,trainingSamples,raw_data/EMG-EPN612/testingJSON/user262/user262.json,idx_126
waveIn,trainingSamples,raw_data/EMG-EPN612/testingJSON/user262/user262.json,idx_127
waveIn,trainingSamples,raw_data/EMG-EPN612/testingJSON/user262/user262.json,idx_128
waveIn,trainingSamples,raw_data/EMG-EPN612/testingJSON/user262/user262.json,idx_129
waveIn,trainingSamples,raw_data/EMG-EPN612/testingJSON/user262/user262.json,idx_130
waveIn,trainingSamples,raw_data/EMG-EPN612/testingJSON/user262/user262.json,idx_131
waveIn,trainingSamples,raw_data/EMG-EPN612/testingJSON/user262/user262.json,idx_132
waveIn,trainingSamples,raw_data/EMG-EPN612/testingJSON/user262/user262.json,idx_133
waveIn,trainingSamples,raw_data/EMG-EPN612/testingJSON/user262/user262.json,idx_134
waveIn,trainingSamples,raw_data/EMG-EPN612/testingJSON/user262/user262.json,idx_135
waveIn,trainingSamples,raw_data/EMG-EPN612/testingJSON/user262/user262.json,idx_136
waveIn,trainingSamples,raw_data/EMG-EPN612/testingJSON/user262/user262.json,idx_137
waveIn,trainingSamples,raw_data/EMG-EPN612/testingJSON/user262/user262.json,idx_138
waveIn,trainingSamples,raw_data/EMG-EPN612/testingJSON/user262/user262.json,idx_139
waveIn,trainingSamples,raw_data/EMG-EPN612/testingJSON/user262/user262.json,idx_140
waveIn,trainingSamples,raw_data/EMG-EPN612/testingJSON/user262/user262.json,idx_141
waveIn,trainingSamples,raw_data/EMG-EPN612/testingJSON/user262/user262.json,idx_142
waveIn,trainingSamples,raw_data/EMG-EPN612/testingJSON/user262/user262.json,idx_143
waveIn,trainingSamples,raw_data/EMG-EPN612/testingJSON/user262/user262.json,idx_144
waveIn,trainingSamples,raw_data/EMG-EPN612/testingJSON/user262/user262.json,idx_145
waveIn,trainingSamples,raw_data/EMG-EPN612/testingJSON/user262/user262.json,idx_146
waveIn,trainingSamples,raw_data/EMG-EPN612/testingJSON/user262/user262.json,idx_147
waveIn,trainingSamples,raw_data/EMG-EPN612/testingJSON/user262/user262.json,idx_148
waveIn,trainingSamples,raw_data/EMG-EPN612/testingJSON/user262/user262.json,idx_149
waveIn,trainingSamples,raw_data/EMG-EPN612/testingJSON/user262/user262.json,idx_150
noGesture,trainingSamples,raw_data/EMG-EPN612/testingJSON/user263/user263.json,idx_1
noGesture,trainingSamples,raw_data/EMG-EPN612/testingJSON/user263/user263.json,idx_2
noGesture,trainingSamples,raw_data/EMG-EPN612/testingJSON/user263/user263.json,idx_3
noGesture,trainingSamples,raw_data/EMG-EPN612/testingJSON/user263/user263.json,idx_4
noGesture,trainingSamples,raw_data/EMG-EPN612/testingJSON/user263/user263.json,idx_5
noGesture,trainingSamples,raw_data/EMG-EPN612/testingJSON/user263/user263.json,idx_6
noGesture,trainingSamples,raw_data/EMG-EPN612/testingJSON/user263/user263.json,idx_7
noGesture,trainingSamples,raw_data/EMG-EPN612/testingJSON/user263/user263.json,idx_8
noGesture,trainingSamples,raw_data/EMG-EPN612/testingJSON/user263/user263.json,idx_9
noGesture,trainingSamples,raw_data/EMG-EPN612/testingJSON/user263/user263.json,idx_10
noGesture,trainingSamples,raw_data/EMG-EPN612/testingJSON/user263/user263.json,idx_11
noGesture,trainingSamples,raw_data/EMG-EPN612/testingJSON/user263/user263.json,idx_12
noGesture,trainingSamples,raw_data/EMG-EPN612/testingJSON/user263/user263.json,idx_13
noGesture,trainingSamples,raw_data/EMG-EPN612/testingJSON/user263/user263.json,idx_14
noGesture,trainingSamples,raw_data/EMG-EPN612/testingJSON/user263/user263.json,idx_15
noGesture,trainingSamples,raw_data/EMG-EPN612/testingJSON/user263/user263.json,idx_16
noGesture,trainingSamples,raw_data/EMG-EPN612/testingJSON/user263/user263.json,idx_17
noGesture,trainingSamples,raw_data/EMG-EPN612/testingJSON/user263/user263.json,idx_18
noGesture,trainingSamples,raw_data/EMG-EPN612/testingJSON/user263/user263.json,idx_19
noGesture,trainingSamples,raw_data/EMG-EPN612/testingJSON/user263/user263.json,idx_20
noGesture,trainingSamples,raw_data/EMG-EPN612/testingJSON/user263/user263.json,idx_21
noGesture,trainingSamples,raw_data/EMG-EPN612/testingJSON/user263/user263.json,idx_22
noGesture,trainingSamples,raw_data/EMG-EPN612/testingJSON/user263/user263.json,idx_23
noGesture,trainingSamples,raw_data/EMG-EPN612/testingJSON/user263/user263.json,idx_24
noGesture,trainingSamples,raw_data/EMG-EPN612/testingJSON/user263/user263.json,idx_25
waveOut,trainingSamples,raw_data/EMG-EPN612/testingJSON/user263/user263.json,idx_26
waveOut,trainingSamples,raw_data/EMG-EPN612/testingJSON/user263/user263.json,idx_27
waveOut,trainingSamples,raw_data/EMG-EPN612/testingJSON/user263/user263.json,idx_28
waveOut,trainingSamples,raw_data/EMG-EPN612/testingJSON/user263/user263.json,idx_29
waveOut,trainingSamples,raw_data/EMG-EPN612/testingJSON/user263/user263.json,idx_30
waveOut,trainingSamples,raw_data/EMG-EPN612/testingJSON/user263/user263.json,idx_31
waveOut,trainingSamples,raw_data/EMG-EPN612/testingJSON/user263/user263.json,idx_32
waveOut,trainingSamples,raw_data/EMG-EPN612/testingJSON/user263/user263.json,idx_33
waveOut,trainingSamples,raw_data/EMG-EPN612/testingJSON/user263/user263.json,idx_34
waveOut,trainingSamples,raw_data/EMG-EPN612/testingJSON/user263/user263.json,idx_35
waveOut,trainingSamples,raw_data/EMG-EPN612/testingJSON/user263/user263.json,idx_36
waveOut,trainingSamples,raw_data/EMG-EPN612/testingJSON/user263/user263.json,idx_37
waveOut,trainingSamples,raw_data/EMG-EPN612/testingJSON/user263/user263.json,idx_38
waveOut,trainingSamples,raw_data/EMG-EPN612/testingJSON/user263/user263.json,idx_39
waveOut,trainingSamples,raw_data/EMG-EPN612/testingJSON/user263/user263.json,idx_40
waveOut,trainingSamples,raw_data/EMG-EPN612/testingJSON/user263/user263.json,idx_41
waveOut,trainingSamples,raw_data/EMG-EPN612/testingJSON/user263/user263.json,idx_42
waveOut,trainingSamples,raw_data/EMG-EPN612/testingJSON/user263/user263.json,idx_43
waveOut,trainingSamples,raw_data/EMG-EPN612/testingJSON/user263/user263.json,idx_44
waveOut,trainingSamples,raw_data/EMG-EPN612/testingJSON/user263/user263.json,idx_45
waveOut,trainingSamples,raw_data/EMG-EPN612/testingJSON/user263/user263.json,idx_46
waveOut,trainingSamples,raw_data/EMG-EPN612/testingJSON/user263/user263.json,idx_47
waveOut,trainingSamples,raw_data/EMG-EPN612/testingJSON/user263/user263.json,idx_48
waveOut,trainingSamples,raw_data/EMG-EPN612/testingJSON/user263/user263.json,idx_49
waveOut,trainingSamples,raw_data/EMG-EPN612/testingJSON/user263/user263.json,idx_50
pinch,trainingSamples,raw_data/EMG-EPN612/testingJSON/user263/user263.json,idx_51
pinch,trainingSamples,raw_data/EMG-EPN612/testingJSON/user263/user263.json,idx_52
pinch,trainingSamples,raw_data/EMG-EPN612/testingJSON/user263/user263.json,idx_53
pinch,trainingSamples,raw_data/EMG-EPN612/testingJSON/user263/user263.json,idx_54
pinch,trainingSamples,raw_data/EMG-EPN612/testingJSON/user263/user263.json,idx_55
pinch,trainingSamples,raw_data/EMG-EPN612/testingJSON/user263/user263.json,idx_56
pinch,trainingSamples,raw_data/EMG-EPN612/testingJSON/user263/user263.json,idx_57
pinch,trainingSamples,raw_data/EMG-EPN612/testingJSON/user263/user263.json,idx_58
pinch,trainingSamples,raw_data/EMG-EPN612/testingJSON/user263/user263.json,idx_59
pinch,trainingSamples,raw_data/EMG-EPN612/testingJSON/user263/user263.json,idx_60
pinch,trainingSamples,raw_data/EMG-EPN612/testingJSON/user263/user263.json,idx_61
pinch,trainingSamples,raw_data/EMG-EPN612/testingJSON/user263/user263.json,idx_62
pinch,trainingSamples,raw_data/EMG-EPN612/testingJSON/user263/user263.json,idx_63
pinch,trainingSamples,raw_data/EMG-EPN612/testingJSON/user263/user263.json,idx_64
pinch,trainingSamples,raw_data/EMG-EPN612/testingJSON/user263/user263.json,idx_65
pinch,trainingSamples,raw_data/EMG-EPN612/testingJSON/user263/user263.json,idx_66
pinch,trainingSamples,raw_data/EMG-EPN612/testingJSON/user263/user263.json,idx_67
pinch,trainingSamples,raw_data/EMG-EPN612/testingJSON/user263/user263.json,idx_68
pinch,trainingSamples,raw_data/EMG-EPN612/testingJSON/user263/user263.json,idx_69
pinch,trainingSamples,raw_data/EMG-EPN612/testingJSON/user263/user263.json,idx_70
pinch,trainingSamples,raw_data/EMG-EPN612/testingJSON/user263/user263.json,idx_71
pinch,trainingSamples,raw_data/EMG-EPN612/testingJSON/user263/user263.json,idx_72
pinch,trainingSamples,raw_data/EMG-EPN612/testingJSON/user263/user263.json,idx_73
pinch,trainingSamples,raw_data/EMG-EPN612/testingJSON/user263/user263.json,idx_74
pinch,trainingSamples,raw_data/EMG-EPN612/testingJSON/user263/user263.json,idx_75
fist,trainingSamples,raw_data/EMG-EPN612/testingJSON/user263/user263.json,idx_76
fist,trainingSamples,raw_data/EMG-EPN612/testingJSON/user263/user263.json,idx_77
fist,trainingSamples,raw_data/EMG-EPN612/testingJSON/user263/user263.json,idx_78
fist,trainingSamples,raw_data/EMG-EPN612/testingJSON/user263/user263.json,idx_79
fist,trainingSamples,raw_data/EMG-EPN612/testingJSON/user263/user263.json,idx_80
fist,trainingSamples,raw_data/EMG-EPN612/testingJSON/user263/user263.json,idx_81
fist,trainingSamples,raw_data/EMG-EPN612/testingJSON/user263/user263.json,idx_82
fist,trainingSamples,raw_data/EMG-EPN612/testingJSON/user263/user263.json,idx_83
fist,trainingSamples,raw_data/EMG-EPN612/testingJSON/user263/user263.json,idx_84
fist,trainingSamples,raw_data/EMG-EPN612/testingJSON/user263/user263.json,idx_85
fist,trainingSamples,raw_data/EMG-EPN612/testingJSON/user263/user263.json,idx_86
fist,trainingSamples,raw_data/EMG-EPN612/testingJSON/user263/user263.json,idx_87
fist,trainingSamples,raw_data/EMG-EPN612/testingJSON/user263/user263.json,idx_88
fist,trainingSamples,raw_data/EMG-EPN612/testingJSON/user263/user263.json,idx_89
fist,trainingSamples,raw_data/EMG-EPN612/testingJSON/user263/user263.json,idx_90
fist,trainingSamples,raw_data/EMG-EPN612/testingJSON/user263/user263.json,idx_91
fist,trainingSamples,raw_data/EMG-EPN612/testingJSON/user263/user263.json,idx_92
fist,trainingSamples,raw_data/EMG-EPN612/testingJSON/user263/user263.json,idx_93
fist,trainingSamples,raw_data/EMG-EPN612/testingJSON/user263/user263.json,idx_94
fist,trainingSamples,raw_data/EMG-EPN612/testingJSON/user263/user263.json,idx_95
fist,trainingSamples,raw_data/EMG-EPN612/testingJSON/user263/user263.json,idx_96
fist,trainingSamples,raw_data/EMG-EPN612/testingJSON/user263/user263.json,idx_97
fist,trainingSamples,raw_data/EMG-EPN612/testingJSON/user263/user263.json,idx_98
fist,trainingSamples,raw_data/EMG-EPN612/testingJSON/user263/user263.json,idx_99
fist,trainingSamples,raw_data/EMG-EPN612/testingJSON/user263/user263.json,idx_100
waveIn,trainingSamples,raw_data/EMG-EPN612/testingJSON/user263/user263.json,idx_101
waveIn,trainingSamples,raw_data/EMG-EPN612/testingJSON/user263/user263.json,idx_102
waveIn,trainingSamples,raw_data/EMG-EPN612/testingJSON/user263/user263.json,idx_103
waveIn,trainingSamples,raw_data/EMG-EPN612/testingJSON/user263/user263.json,idx_104
waveIn,trainingSamples,raw_data/EMG-EPN612/testingJSON/user263/user263.json,idx_105
waveIn,trainingSamples,raw_data/EMG-EPN612/testingJSON/user263/user263.json,idx_106
waveIn,trainingSamples,raw_data/EMG-EPN612/testingJSON/user263/user263.json,idx_107
waveIn,trainingSamples,raw_data/EMG-EPN612/testingJSON/user263/user263.json,idx_108
waveIn,trainingSamples,raw_data/EMG-EPN612/testingJSON/user263/user263.json,idx_109
waveIn,trainingSamples,raw_data/EMG-EPN612/testingJSON/user263/user263.json,idx_110
waveIn,trainingSamples,raw_data/EMG-EPN612/testingJSON/user263/user263.json,idx_111
waveIn,trainingSamples,raw_data/EMG-EPN612/testingJSON/user263/user263.json,idx_112
waveIn,trainingSamples,raw_data/EMG-EPN612/testingJSON/user263/user263.json,idx_113
waveIn,trainingSamples,raw_data/EMG-EPN612/testingJSON/user263/user263.json,idx_114
waveIn,trainingSamples,raw_data/EMG-EPN612/testingJSON/user263/user263.json,idx_115
waveIn,trainingSamples,raw_data/EMG-EPN612/testingJSON/user263/user263.json,idx_116
waveIn,trainingSamples,raw_data/EMG-EPN612/testingJSON/user263/user263.json,idx_117
waveIn,trainingSamples,raw_data/EMG-EPN612/testingJSON/user263/user263.json,idx_118
waveIn,trainingSamples,raw_data/EMG-EPN612/testingJSON/user263/user263.json,idx_119
waveIn,trainingSamples,raw_data/EMG-EPN612/testingJSON/user263/user263.json,idx_120
waveIn,trainingSamples,raw_data/EMG-EPN612/testingJSON/user263/user263.json,idx_121
waveIn,trainingSamples,raw_data/EMG-EPN612/testingJSON/user263/user263.json,idx_122
waveIn,trainingSamples,raw_data/EMG-EPN612/testingJSON/user263/user263.json,idx_123
waveIn,trainingSamples,raw_data/EMG-EPN612/testingJSON/user263/user263.json,idx_124
waveIn,trainingSamples,raw_data/EMG-EPN612/testingJSON/user263/user263.json,idx_125
open,trainingSamples,raw_data/EMG-EPN612/testingJSON/user263/user263.json,idx_126
open,trainingSamples,raw_data/EMG-EPN612/testingJSON/user263/user263.json,idx_127
open,trainingSamples,raw_data/EMG-EPN612/testingJSON/user263/user263.json,idx_128
open,trainingSamples,raw_data/EMG-EPN612/testingJSON/user263/user263.json,idx_129
open,trainingSamples,raw_data/EMG-EPN612/testingJSON/user263/user263.json,idx_130
open,trainingSamples,raw_data/EMG-EPN612/testingJSON/user263/user263.json,idx_131
open,trainingSamples,raw_data/EMG-EPN612/testingJSON/user263/user263.json,idx_132
open,trainingSamples,raw_data/EMG-EPN612/testingJSON/user263/user263.json,idx_133
open,trainingSamples,raw_data/EMG-EPN612/testingJSON/user263/user263.json,idx_134
open,trainingSamples,raw_data/EMG-EPN612/testingJSON/user263/user263.json,idx_135
open,trainingSamples,raw_data/EMG-EPN612/testingJSON/user263/user263.json,idx_136
open,trainingSamples,raw_data/EMG-EPN612/testingJSON/user263/user263.json,idx_137
open,trainingSamples,raw_data/EMG-EPN612/testingJSON/user263/user263.json,idx_138
open,trainingSamples,raw_data/EMG-EPN612/testingJSON/user263/user263.json,idx_139
open,trainingSamples,raw_data/EMG-EPN612/testingJSON/user263/user263.json,idx_140
open,trainingSamples,raw_data/EMG-EPN612/testingJSON/user263/user263.json,idx_141
open,trainingSamples,raw_data/EMG-EPN612/testingJSON/user263/user263.json,idx_142
open,trainingSamples,raw_data/EMG-EPN612/testingJSON/user263/user263.json,idx_143
open,trainingSamples,raw_data/EMG-EPN612/testingJSON/user263/user263.json,idx_144
open,trainingSamples,raw_data/EMG-EPN612/testingJSON/user263/user263.json,idx_145
open,trainingSamples,raw_data/EMG-EPN612/testingJSON/user263/user263.json,idx_146
open,trainingSamples,raw_data/EMG-EPN612/testingJSON/user263/user263.json,idx_147
open,trainingSamples,raw_data/EMG-EPN612/testingJSON/user263/user263.json,idx_148
open,trainingSamples,raw_data/EMG-EPN612/testingJSON/user263/user263.json,idx_149
open,trainingSamples,raw_data/EMG-EPN612/testingJSON/user263/user263.json,idx_150
noGesture,trainingSamples,raw_data/EMG-EPN612/testingJSON/user264/user264.json,idx_1
noGesture,trainingSamples,raw_data/EMG-EPN612/testingJSON/user264/user264.json,idx_2
noGesture,trainingSamples,raw_data/EMG-EPN612/testingJSON/user264/user264.json,idx_3
noGesture,trainingSamples,raw_data/EMG-EPN612/testingJSON/user264/user264.json,idx_4
noGesture,trainingSamples,raw_data/EMG-EPN612/testingJSON/user264/user264.json,idx_5
noGesture,trainingSamples,raw_data/EMG-EPN612/testingJSON/user264/user264.json,idx_6
noGesture,trainingSamples,raw_data/EMG-EPN612/testingJSON/user264/user264.json,idx_7
noGesture,trainingSamples,raw_data/EMG-EPN612/testingJSON/user264/user264.json,idx_8
noGesture,trainingSamples,raw_data/EMG-EPN612/testingJSON/user264/user264.json,idx_9
noGesture,trainingSamples,raw_data/EMG-EPN612/testingJSON/user264/user264.json,idx_10
noGesture,trainingSamples,raw_data/EMG-EPN612/testingJSON/user264/user264.json,idx_11
noGesture,trainingSamples,raw_data/EMG-EPN612/testingJSON/user264/user264.json,idx_12
noGesture,trainingSamples,raw_data/EMG-EPN612/testingJSON/user264/user264.json,idx_13
noGesture,trainingSamples,raw_data/EMG-EPN612/testingJSON/user264/user264.json,idx_14
noGesture,trainingSamples,raw_data/EMG-EPN612/testingJSON/user264/user264.json,idx_15
noGesture,trainingSamples,raw_data/EMG-EPN612/testingJSON/user264/user264.json,idx_16
noGesture,trainingSamples,raw_data/EMG-EPN612/testingJSON/user264/user264.json,idx_17
noGesture,trainingSamples,raw_data/EMG-EPN612/testingJSON/user264/user264.json,idx_18
noGesture,trainingSamples,raw_data/EMG-EPN612/testingJSON/user264/user264.json,idx_19
noGesture,trainingSamples,raw_data/EMG-EPN612/testingJSON/user264/user264.json,idx_20
noGesture,trainingSamples,raw_data/EMG-EPN612/testingJSON/user264/user264.json,idx_21
noGesture,trainingSamples,raw_data/EMG-EPN612/testingJSON/user264/user264.json,idx_22
noGesture,trainingSamples,raw_data/EMG-EPN612/testingJSON/user264/user264.json,idx_23
noGesture,trainingSamples,raw_data/EMG-EPN612/testingJSON/user264/user264.json,idx_24
noGesture,trainingSamples,raw_data/EMG-EPN612/testingJSON/user264/user264.json,idx_25
waveOut,trainingSamples,raw_data/EMG-EPN612/testingJSON/user264/user264.json,idx_26
waveOut,trainingSamples,raw_data/EMG-EPN612/testingJSON/user264/user264.json,idx_27
waveOut,trainingSamples,raw_data/EMG-EPN612/testingJSON/user264/user264.json,idx_28
waveOut,trainingSamples,raw_data/EMG-EPN612/testingJSON/user264/user264.json,idx_29
waveOut,trainingSamples,raw_data/EMG-EPN612/testingJSON/user264/user264.json,idx_30
waveOut,trainingSamples,raw_data/EMG-EPN612/testingJSON/user264/user264.json,idx_31
waveOut,trainingSamples,raw_data/EMG-EPN612/testingJSON/user264/user264.json,idx_32
waveOut,trainingSamples,raw_data/EMG-EPN612/testingJSON/user264/user264.json,idx_33
waveOut,trainingSamples,raw_data/EMG-EPN612/testingJSON/user264/user264.json,idx_34
waveOut,trainingSamples,raw_data/EMG-EPN612/testingJSON/user264/user264.json,idx_35
waveOut,trainingSamples,raw_data/EMG-EPN612/testingJSON/user264/user264.json,idx_36
waveOut,trainingSamples,raw_data/EMG-EPN612/testingJSON/user264/user264.json,idx_37
waveOut,trainingSamples,raw_data/EMG-EPN612/testingJSON/user264/user264.json,idx_38
waveOut,trainingSamples,raw_data/EMG-EPN612/testingJSON/user264/user264.json,idx_39
waveOut,trainingSamples,raw_data/EMG-EPN612/testingJSON/user264/user264.json,idx_40
waveOut,trainingSamples,raw_data/EMG-EPN612/testingJSON/user264/user264.json,idx_41
waveOut,trainingSamples,raw_data/EMG-EPN612/testingJSON/user264/user264.json,idx_42
waveOut,trainingSamples,raw_data/EMG-EPN612/testingJSON/user264/user264.json,idx_43
waveOut,trainingSamples,raw_data/EMG-EPN612/testingJSON/user264/user264.json,idx_44
waveOut,trainingSamples,raw_data/EMG-EPN612/testingJSON/user264/user264.json,idx_45
waveOut,trainingSamples,raw_data/EMG-EPN612/testingJSON/user264/user264.json,idx_46
waveOut,trainingSamples,raw_data/EMG-EPN612/testingJSON/user264/user264.json,idx_47
waveOut,trainingSamples,raw_data/EMG-EPN612/testingJSON/user264/user264.json,idx_48
waveOut,trainingSamples,raw_data/EMG-EPN612/testingJSON/user264/user264.json,idx_49
waveOut,trainingSamples,raw_data/EMG-EPN612/testingJSON/user264/user264.json,idx_50
pinch,trainingSamples,raw_data/EMG-EPN612/testingJSON/user264/user264.json,idx_51
pinch,trainingSamples,raw_data/EMG-EPN612/testingJSON/user264/user264.json,idx_52
pinch,trainingSamples,raw_data/EMG-EPN612/testingJSON/user264/user264.json,idx_53
pinch,trainingSamples,raw_data/EMG-EPN612/testingJSON/user264/user264.json,idx_54
pinch,trainingSamples,raw_data/EMG-EPN612/testingJSON/user264/user264.json,idx_55
pinch,trainingSamples,raw_data/EMG-EPN612/testingJSON/user264/user264.json,idx_56
pinch,trainingSamples,raw_data/EMG-EPN612/testingJSON/user264/user264.json,idx_57
pinch,trainingSamples,raw_data/EMG-EPN612/testingJSON/user264/user264.json,idx_58
pinch,trainingSamples,raw_data/EMG-EPN612/testingJSON/user264/user264.json,idx_59
pinch,trainingSamples,raw_data/EMG-EPN612/testingJSON/user264/user264.json,idx_60
pinch,trainingSamples,raw_data/EMG-EPN612/testingJSON/user264/user264.json,idx_61
pinch,trainingSamples,raw_data/EMG-EPN612/testingJSON/user264/user264.json,idx_62
pinch,trainingSamples,raw_data/EMG-EPN612/testingJSON/user264/user264.json,idx_63
pinch,trainingSamples,raw_data/EMG-EPN612/testingJSON/user264/user264.json,idx_64
pinch,trainingSamples,raw_data/EMG-EPN612/testingJSON/user264/user264.json,idx_65
pinch,trainingSamples,raw_data/EMG-EPN612/testingJSON/user264/user264.json,idx_66
pinch,trainingSamples,raw_data/EMG-EPN612/testingJSON/user264/user264.json,idx_67
pinch,trainingSamples,raw_data/EMG-EPN612/testingJSON/user264/user264.json,idx_68
pinch,trainingSamples,raw_data/EMG-EPN612/testingJSON/user264/user264.json,idx_69
pinch,trainingSamples,raw_data/EMG-EPN612/testingJSON/user264/user264.json,idx_70
pinch,trainingSamples,raw_data/EMG-EPN612/testingJSON/user264/user264.json,idx_71
pinch,trainingSamples,raw_data/EMG-EPN612/testingJSON/user264/user264.json,idx_72
pinch,trainingSamples,raw_data/EMG-EPN612/testingJSON/user264/user264.json,idx_73
pinch,trainingSamples,raw_data/EMG-EPN612/testingJSON/user264/user264.json,idx_74
pinch,trainingSamples,raw_data/EMG-EPN612/testingJSON/user264/user264.json,idx_75
fist,trainingSamples,raw_data/EMG-EPN612/testingJSON/user264/user264.json,idx_76
fist,trainingSamples,raw_data/EMG-EPN612/testingJSON/user264/user264.json,idx_77
fist,trainingSamples,raw_data/EMG-EPN612/testingJSON/user264/user264.json,idx_78
fist,trainingSamples,raw_data/EMG-EPN612/testingJSON/user264/user264.json,idx_79
fist,trainingSamples,raw_data/EMG-EPN612/testingJSON/user264/user264.json,idx_80
fist,trainingSamples,raw_data/EMG-EPN612/testingJSON/user264/user264.json,idx_81
fist,trainingSamples,raw_data/EMG-EPN612/testingJSON/user264/user264.json,idx_82
fist,trainingSamples,raw_data/EMG-EPN612/testingJSON/user264/user264.json,idx_83
fist,trainingSamples,raw_data/EMG-EPN612/testingJSON/user264/user264.json,idx_84
fist,trainingSamples,raw_data/EMG-EPN612/testingJSON/user264/user264.json,idx_85
fist,trainingSamples,raw_data/EMG-EPN612/testingJSON/user264/user264.json,idx_86
fist,trainingSamples,raw_data/EMG-EPN612/testingJSON/user264/user264.json,idx_87
fist,trainingSamples,raw_data/EMG-EPN612/testingJSON/user264/user264.json,idx_88
fist,trainingSamples,raw_data/EMG-EPN612/testingJSON/user264/user264.json,idx_89
fist,trainingSamples,raw_data/EMG-EPN612/testingJSON/user264/user264.json,idx_90
fist,trainingSamples,raw_data/EMG-EPN612/testingJSON/user264/user264.json,idx_91
fist,trainingSamples,raw_data/EMG-EPN612/testingJSON/user264/user264.json,idx_92
fist,trainingSamples,raw_data/EMG-EPN612/testingJSON/user264/user264.json,idx_93
fist,trainingSamples,raw_data/EMG-EPN612/testingJSON/user264/user264.json,idx_94
fist,trainingSamples,raw_data/EMG-EPN612/testingJSON/user264/user264.json,idx_95
fist,trainingSamples,raw_data/EMG-EPN612/testingJSON/user264/user264.json,idx_96
fist,trainingSamples,raw_data/EMG-EPN612/testingJSON/user264/user264.json,idx_97
fist,trainingSamples,raw_data/EMG-EPN612/testingJSON/user264/user264.json,idx_98
fist,trainingSamples,raw_data/EMG-EPN612/testingJSON/user264/user264.json,idx_99
fist,trainingSamples,raw_data/EMG-EPN612/testingJSON/user264/user264.json,idx_100
waveIn,trainingSamples,raw_data/EMG-EPN612/testingJSON/user264/user264.json,idx_101
waveIn,trainingSamples,raw_data/EMG-EPN612/testingJSON/user264/user264.json,idx_102
waveIn,trainingSamples,raw_data/EMG-EPN612/testingJSON/user264/user264.json,idx_103
waveIn,trainingSamples,raw_data/EMG-EPN612/testingJSON/user264/user264.json,idx_104
waveIn,trainingSamples,raw_data/EMG-EPN612/testingJSON/user264/user264.json,idx_105
waveIn,trainingSamples,raw_data/EMG-EPN612/testingJSON/user264/user264.json,idx_106
waveIn,trainingSamples,raw_data/EMG-EPN612/testingJSON/user264/user264.json,idx_107
waveIn,trainingSamples,raw_data/EMG-EPN612/testingJSON/user264/user264.json,idx_108
waveIn,trainingSamples,raw_data/EMG-EPN612/testingJSON/user264/user264.json,idx_109
waveIn,trainingSamples,raw_data/EMG-EPN612/testingJSON/user264/user264.json,idx_110
waveIn,trainingSamples,raw_data/EMG-EPN612/testingJSON/user264/user264.json,idx_111
waveIn,trainingSamples,raw_data/EMG-EPN612/testingJSON/user264/user264.json,idx_112
waveIn,trainingSamples,raw_data/EMG-EPN612/testingJSON/user264/user264.json,idx_113
waveIn,trainingSamples,raw_data/EMG-EPN612/testingJSON/user264/user264.json,idx_114
waveIn,trainingSamples,raw_data/EMG-EPN612/testingJSON/user264/user264.json,idx_115
waveIn,trainingSamples,raw_data/EMG-EPN612/testingJSON/user264/user264.json,idx_116
waveIn,trainingSamples,raw_data/EMG-EPN612/testingJSON/user264/user264.json,idx_117
waveIn,trainingSamples,raw_data/EMG-EPN612/testingJSON/user264/user264.json,idx_118
waveIn,trainingSamples,raw_data/EMG-EPN612/testingJSON/user264/user264.json,idx_119
waveIn,trainingSamples,raw_data/EMG-EPN612/testingJSON/user264/user264.json,idx_120
waveIn,trainingSamples,raw_data/EMG-EPN612/testingJSON/user264/user264.json,idx_121
waveIn,trainingSamples,raw_data/EMG-EPN612/testingJSON/user264/user264.json,idx_122
waveIn,trainingSamples,raw_data/EMG-EPN612/testingJSON/user264/user264.json,idx_123
waveIn,trainingSamples,raw_data/EMG-EPN612/testingJSON/user264/user264.json,idx_124
waveIn,trainingSamples,raw_data/EMG-EPN612/testingJSON/user264/user264.json,idx_125
open,trainingSamples,raw_data/EMG-EPN612/testingJSON/user264/user264.json,idx_126
open,trainingSamples,raw_data/EMG-EPN612/testingJSON/user264/user264.json,idx_127
open,trainingSamples,raw_data/EMG-EPN612/testingJSON/user264/user264.json,idx_128
open,trainingSamples,raw_data/EMG-EPN612/testingJSON/user264/user264.json,idx_129
open,trainingSamples,raw_data/EMG-EPN612/testingJSON/user264/user264.json,idx_130
open,trainingSamples,raw_data/EMG-EPN612/testingJSON/user264/user264.json,idx_131
open,trainingSamples,raw_data/EMG-EPN612/testingJSON/user264/user264.json,idx_132
open,trainingSamples,raw_data/EMG-EPN612/testingJSON/user264/user264.json,idx_133
open,trainingSamples,raw_data/EMG-EPN612/testingJSON/user264/user264.json,idx_134
open,trainingSamples,raw_data/EMG-EPN612/testingJSON/user264/user264.json,idx_135
open,trainingSamples,raw_data/EMG-EPN612/testingJSON/user264/user264.json,idx_136
open,trainingSamples,raw_data/EMG-EPN612/testingJSON/user264/user264.json,idx_137
open,trainingSamples,raw_data/EMG-EPN612/testingJSON/user264/user264.json,idx_138
open,trainingSamples,raw_data/EMG-EPN612/testingJSON/user264/user264.json,idx_139
open,trainingSamples,raw_data/EMG-EPN612/testingJSON/user264/user264.json,idx_140
open,trainingSamples,raw_data/EMG-EPN612/testingJSON/user264/user264.json,idx_141
open,trainingSamples,raw_data/EMG-EPN612/testingJSON/user264/user264.json,idx_142
open,trainingSamples,raw_data/EMG-EPN612/testingJSON/user264/user264.json,idx_143
open,trainingSamples,raw_data/EMG-EPN612/testingJSON/user264/user264.json,idx_144
open,trainingSamples,raw_data/EMG-EPN612/testingJSON/user264/user264.json,idx_145
open,trainingSamples,raw_data/EMG-EPN612/testingJSON/user264/user264.json,idx_146
open,trainingSamples,raw_data/EMG-EPN612/testingJSON/user264/user264.json,idx_147
open,trainingSamples,raw_data/EMG-EPN612/testingJSON/user264/user264.json,idx_148
open,trainingSamples,raw_data/EMG-EPN612/testingJSON/user264/user264.json,idx_149
open,trainingSamples,raw_data/EMG-EPN612/testingJSON/user264/user264.json,idx_150
noGesture,trainingSamples,raw_data/EMG-EPN612/testingJSON/user265/user265.json,idx_1
noGesture,trainingSamples,raw_data/EMG-EPN612/testingJSON/user265/user265.json,idx_2
noGesture,trainingSamples,raw_data/EMG-EPN612/testingJSON/user265/user265.json,idx_3
noGesture,trainingSamples,raw_data/EMG-EPN612/testingJSON/user265/user265.json,idx_4
noGesture,trainingSamples,raw_data/EMG-EPN612/testingJSON/user265/user265.json,idx_5
noGesture,trainingSamples,raw_data/EMG-EPN612/testingJSON/user265/user265.json,idx_6
noGesture,trainingSamples,raw_data/EMG-EPN612/testingJSON/user265/user265.json,idx_7
noGesture,trainingSamples,raw_data/EMG-EPN612/testingJSON/user265/user265.json,idx_8
noGesture,trainingSamples,raw_data/EMG-EPN612/testingJSON/user265/user265.json,idx_9
noGesture,trainingSamples,raw_data/EMG-EPN612/testingJSON/user265/user265.json,idx_10
noGesture,trainingSamples,raw_data/EMG-EPN612/testingJSON/user265/user265.json,idx_11
noGesture,trainingSamples,raw_data/EMG-EPN612/testingJSON/user265/user265.json,idx_12
noGesture,trainingSamples,raw_data/EMG-EPN612/testingJSON/user265/user265.json,idx_13
noGesture,trainingSamples,raw_data/EMG-EPN612/testingJSON/user265/user265.json,idx_14
noGesture,trainingSamples,raw_data/EMG-EPN612/testingJSON/user265/user265.json,idx_15
noGesture,trainingSamples,raw_data/EMG-EPN612/testingJSON/user265/user265.json,idx_16
noGesture,trainingSamples,raw_data/EMG-EPN612/testingJSON/user265/user265.json,idx_17
noGesture,trainingSamples,raw_data/EMG-EPN612/testingJSON/user265/user265.json,idx_18
noGesture,trainingSamples,raw_data/EMG-EPN612/testingJSON/user265/user265.json,idx_19
noGesture,trainingSamples,raw_data/EMG-EPN612/testingJSON/user265/user265.json,idx_20
noGesture,trainingSamples,raw_data/EMG-EPN612/testingJSON/user265/user265.json,idx_21
noGesture,trainingSamples,raw_data/EMG-EPN612/testingJSON/user265/user265.json,idx_22
noGesture,trainingSamples,raw_data/EMG-EPN612/testingJSON/user265/user265.json,idx_23
noGesture,trainingSamples,raw_data/EMG-EPN612/testingJSON/user265/user265.json,idx_24
noGesture,trainingSamples,raw_data/EMG-EPN612/testingJSON/user265/user265.json,idx_25
waveOut,trainingSamples,raw_data/EMG-EPN612/testingJSON/user265/user265.json,idx_26
waveOut,trainingSamples,raw_data/EMG-EPN612/testingJSON/user265/user265.json,idx_27
waveOut,trainingSamples,raw_data/EMG-EPN612/testingJSON/user265/user265.json,idx_28
waveOut,trainingSamples,raw_data/EMG-EPN612/testingJSON/user265/user265.json,idx_29
waveOut,trainingSamples,raw_data/EMG-EPN612/testingJSON/user265/user265.json,idx_30
waveOut,trainingSamples,raw_data/EMG-EPN612/testingJSON/user265/user265.json,idx_31
waveOut,trainingSamples,raw_data/EMG-EPN612/testingJSON/user265/user265.json,idx_32
waveOut,trainingSamples,raw_data/EMG-EPN612/testingJSON/user265/user265.json,idx_33
waveOut,trainingSamples,raw_data/EMG-EPN612/testingJSON/user265/user265.json,idx_34
waveOut,trainingSamples,raw_data/EMG-EPN612/testingJSON/user265/user265.json,idx_35
waveOut,trainingSamples,raw_data/EMG-EPN612/testingJSON/user265/user265.json,idx_36
waveOut,trainingSamples,raw_data/EMG-EPN612/testingJSON/user265/user265.json,idx_37
waveOut,trainingSamples,raw_data/EMG-EPN612/testingJSON/user265/user265.json,idx_38
waveOut,trainingSamples,raw_data/EMG-EPN612/testingJSON/user265/user265.json,idx_39
waveOut,trainingSamples,raw_data/EMG-EPN612/testingJSON/user265/user265.json,idx_40
waveOut,trainingSamples,raw_data/EMG-EPN612/testingJSON/user265/user265.json,idx_41
waveOut,trainingSamples,raw_data/EMG-EPN612/testingJSON/user265/user265.json,idx_42
waveOut,trainingSamples,raw_data/EMG-EPN612/testingJSON/user265/user265.json,idx_43
waveOut,trainingSamples,raw_data/EMG-EPN612/testingJSON/user265/user265.json,idx_44
waveOut,trainingSamples,raw_data/EMG-EPN612/testingJSON/user265/user265.json,idx_45
waveOut,trainingSamples,raw_data/EMG-EPN612/testingJSON/user265/user265.json,idx_46
waveOut,trainingSamples,raw_data/EMG-EPN612/testingJSON/user265/user265.json,idx_47
waveOut,trainingSamples,raw_data/EMG-EPN612/testingJSON/user265/user265.json,idx_48
waveOut,trainingSamples,raw_data/EMG-EPN612/testingJSON/user265/user265.json,idx_49
waveOut,trainingSamples,raw_data/EMG-EPN612/testingJSON/user265/user265.json,idx_50
pinch,trainingSamples,raw_data/EMG-EPN612/testingJSON/user265/user265.json,idx_51
pinch,trainingSamples,raw_data/EMG-EPN612/testingJSON/user265/user265.json,idx_52
pinch,trainingSamples,raw_data/EMG-EPN612/testingJSON/user265/user265.json,idx_53
pinch,trainingSamples,raw_data/EMG-EPN612/testingJSON/user265/user265.json,idx_54
pinch,trainingSamples,raw_data/EMG-EPN612/testingJSON/user265/user265.json,idx_55
pinch,trainingSamples,raw_data/EMG-EPN612/testingJSON/user265/user265.json,idx_56
pinch,trainingSamples,raw_data/EMG-EPN612/testingJSON/user265/user265.json,idx_57
pinch,trainingSamples,raw_data/EMG-EPN612/testingJSON/user265/user265.json,idx_58
pinch,trainingSamples,raw_data/EMG-EPN612/testingJSON/user265/user265.json,idx_59
pinch,trainingSamples,raw_data/EMG-EPN612/testingJSON/user265/user265.json,idx_60
pinch,trainingSamples,raw_data/EMG-EPN612/testingJSON/user265/user265.json,idx_61
pinch,trainingSamples,raw_data/EMG-EPN612/testingJSON/user265/user265.json,idx_62
pinch,trainingSamples,raw_data/EMG-EPN612/testingJSON/user265/user265.json,idx_63
pinch,trainingSamples,raw_data/EMG-EPN612/testingJSON/user265/user265.json,idx_64
pinch,trainingSamples,raw_data/EMG-EPN612/testingJSON/user265/user265.json,idx_65
pinch,trainingSamples,raw_data/EMG-EPN612/testingJSON/user265/user265.json,idx_66
pinch,trainingSamples,raw_data/EMG-EPN612/testingJSON/user265/user265.json,idx_67
pinch,trainingSamples,raw_data/EMG-EPN612/testingJSON/user265/user265.json,idx_68
pinch,trainingSamples,raw_data/EMG-EPN612/testingJSON/user265/user265.json,idx_69
pinch,trainingSamples,raw_data/EMG-EPN612/testingJSON/user265/user265.json,idx_70
pinch,trainingSamples,raw_data/EMG-EPN612/testingJSON/user265/user265.json,idx_71
pinch,trainingSamples,raw_data/EMG-EPN612/testingJSON/user265/user265.json,idx_72
pinch,trainingSamples,raw_data/EMG-EPN612/testingJSON/user265/user265.json,idx_73
pinch,trainingSamples,raw_data/EMG-EPN612/testingJSON/user265/user265.json,idx_74
pinch,trainingSamples,raw_data/EMG-EPN612/testingJSON/user265/user265.json,idx_75
fist,trainingSamples,raw_data/EMG-EPN612/testingJSON/user265/user265.json,idx_76
fist,trainingSamples,raw_data/EMG-EPN612/testingJSON/user265/user265.json,idx_77
fist,trainingSamples,raw_data/EMG-EPN612/testingJSON/user265/user265.json,idx_78
fist,trainingSamples,raw_data/EMG-EPN612/testingJSON/user265/user265.json,idx_79
fist,trainingSamples,raw_data/EMG-EPN612/testingJSON/user265/user265.json,idx_80
fist,trainingSamples,raw_data/EMG-EPN612/testingJSON/user265/user265.json,idx_81
fist,trainingSamples,raw_data/EMG-EPN612/testingJSON/user265/user265.json,idx_82
fist,trainingSamples,raw_data/EMG-EPN612/testingJSON/user265/user265.json,idx_83
fist,trainingSamples,raw_data/EMG-EPN612/testingJSON/user265/user265.json,idx_84
fist,trainingSamples,raw_data/EMG-EPN612/testingJSON/user265/user265.json,idx_85
fist,trainingSamples,raw_data/EMG-EPN612/testingJSON/user265/user265.json,idx_86
fist,trainingSamples,raw_data/EMG-EPN612/testingJSON/user265/user265.json,idx_87
fist,trainingSamples,raw_data/EMG-EPN612/testingJSON/user265/user265.json,idx_88
fist,trainingSamples,raw_data/EMG-EPN612/testingJSON/user265/user265.json,idx_89
fist,trainingSamples,raw_data/EMG-EPN612/testingJSON/user265/user265.json,idx_90
fist,trainingSamples,raw_data/EMG-EPN612/testingJSON/user265/user265.json,idx_91
fist,trainingSamples,raw_data/EMG-EPN612/testingJSON/user265/user265.json,idx_92
fist,trainingSamples,raw_data/EMG-EPN612/testingJSON/user265/user265.json,idx_93
fist,trainingSamples,raw_data/EMG-EPN612/testingJSON/user265/user265.json,idx_94
fist,trainingSamples,raw_data/EMG-EPN612/testingJSON/user265/user265.json,idx_95
fist,trainingSamples,raw_data/EMG-EPN612/testingJSON/user265/user265.json,idx_96
fist,trainingSamples,raw_data/EMG-EPN612/testingJSON/user265/user265.json,idx_97
fist,trainingSamples,raw_data/EMG-EPN612/testingJSON/user265/user265.json,idx_98
fist,trainingSamples,raw_data/EMG-EPN612/testingJSON/user265/user265.json,idx_99
fist,trainingSamples,raw_data/EMG-EPN612/testingJSON/user265/user265.json,idx_100
waveIn,trainingSamples,raw_data/EMG-EPN612/testingJSON/user265/user265.json,idx_101
waveIn,trainingSamples,raw_data/EMG-EPN612/testingJSON/user265/user265.json,idx_102
waveIn,trainingSamples,raw_data/EMG-EPN612/testingJSON/user265/user265.json,idx_103
waveIn,trainingSamples,raw_data/EMG-EPN612/testingJSON/user265/user265.json,idx_104
waveIn,trainingSamples,raw_data/EMG-EPN612/testingJSON/user265/user265.json,idx_105
waveIn,trainingSamples,raw_data/EMG-EPN612/testingJSON/user265/user265.json,idx_106
waveIn,trainingSamples,raw_data/EMG-EPN612/testingJSON/user265/user265.json,idx_107
waveIn,trainingSamples,raw_data/EMG-EPN612/testingJSON/user265/user265.json,idx_108
waveIn,trainingSamples,raw_data/EMG-EPN612/testingJSON/user265/user265.json,idx_109
waveIn,trainingSamples,raw_data/EMG-EPN612/testingJSON/user265/user265.json,idx_110
waveIn,trainingSamples,raw_data/EMG-EPN612/testingJSON/user265/user265.json,idx_111
waveIn,trainingSamples,raw_data/EMG-EPN612/testingJSON/user265/user265.json,idx_112
waveIn,trainingSamples,raw_data/EMG-EPN612/testingJSON/user265/user265.json,idx_113
waveIn,trainingSamples,raw_data/EMG-EPN612/testingJSON/user265/user265.json,idx_114
waveIn,trainingSamples,raw_data/EMG-EPN612/testingJSON/user265/user265.json,idx_115
waveIn,trainingSamples,raw_data/EMG-EPN612/testingJSON/user265/user265.json,idx_116
waveIn,trainingSamples,raw_data/EMG-EPN612/testingJSON/user265/user265.json,idx_117
waveIn,trainingSamples,raw_data/EMG-EPN612/testingJSON/user265/user265.json,idx_118
waveIn,trainingSamples,raw_data/EMG-EPN612/testingJSON/user265/user265.json,idx_119
waveIn,trainingSamples,raw_data/EMG-EPN612/testingJSON/user265/user265.json,idx_120
waveIn,trainingSamples,raw_data/EMG-EPN612/testingJSON/user265/user265.json,idx_121
waveIn,trainingSamples,raw_data/EMG-EPN612/testingJSON/user265/user265.json,idx_122
waveIn,trainingSamples,raw_data/EMG-EPN612/testingJSON/user265/user265.json,idx_123
waveIn,trainingSamples,raw_data/EMG-EPN612/testingJSON/user265/user265.json,idx_124
waveIn,trainingSamples,raw_data/EMG-EPN612/testingJSON/user265/user265.json,idx_125
open,trainingSamples,raw_data/EMG-EPN612/testingJSON/user265/user265.json,idx_126
open,trainingSamples,raw_data/EMG-EPN612/testingJSON/user265/user265.json,idx_127
open,trainingSamples,raw_data/EMG-EPN612/testingJSON/user265/user265.json,idx_128
open,trainingSamples,raw_data/EMG-EPN612/testingJSON/user265/user265.json,idx_129
open,trainingSamples,raw_data/EMG-EPN612/testingJSON/user265/user265.json,idx_130
open,trainingSamples,raw_data/EMG-EPN612/testingJSON/user265/user265.json,idx_131
open,trainingSamples,raw_data/EMG-EPN612/testingJSON/user265/user265.json,idx_132
open,trainingSamples,raw_data/EMG-EPN612/testingJSON/user265/user265.json,idx_133
open,trainingSamples,raw_data/EMG-EPN612/testingJSON/user265/user265.json,idx_134
open,trainingSamples,raw_data/EMG-EPN612/testingJSON/user265/user265.json,idx_135
open,trainingSamples,raw_data/EMG-EPN612/testingJSON/user265/user265.json,idx_136
open,trainingSamples,raw_data/EMG-EPN612/testingJSON/user265/user265.json,idx_137
open,trainingSamples,raw_data/EMG-EPN612/testingJSON/user265/user265.json,idx_138
open,trainingSamples,raw_data/EMG-EPN612/testingJSON/user265/user265.json,idx_139
open,trainingSamples,raw_data/EMG-EPN612/testingJSON/user265/user265.json,idx_140
open,trainingSamples,raw_data/EMG-EPN612/testingJSON/user265/user265.json,idx_141
open,trainingSamples,raw_data/EMG-EPN612/testingJSON/user265/user265.json,idx_142
open,trainingSamples,raw_data/EMG-EPN612/testingJSON/user265/user265.json,idx_143
open,trainingSamples,raw_data/EMG-EPN612/testingJSON/user265/user265.json,idx_144
open,trainingSamples,raw_data/EMG-EPN612/testingJSON/user265/user265.json,idx_145
open,trainingSamples,raw_data/EMG-EPN612/testingJSON/user265/user265.json,idx_146
open,trainingSamples,raw_data/EMG-EPN612/testingJSON/user265/user265.json,idx_147
open,trainingSamples,raw_data/EMG-EPN612/testingJSON/user265/user265.json,idx_148
open,trainingSamples,raw_data/EMG-EPN612/testingJSON/user265/user265.json,idx_149
open,trainingSamples,raw_data/EMG-EPN612/testingJSON/user265/user265.json,idx_150
noGesture,trainingSamples,raw_data/EMG-EPN612/testingJSON/user266/user266.json,idx_1
noGesture,trainingSamples,raw_data/EMG-EPN612/testingJSON/user266/user266.json,idx_2
noGesture,trainingSamples,raw_data/EMG-EPN612/testingJSON/user266/user266.json,idx_3
noGesture,trainingSamples,raw_data/EMG-EPN612/testingJSON/user266/user266.json,idx_4
noGesture,trainingSamples,raw_data/EMG-EPN612/testingJSON/user266/user266.json,idx_5
noGesture,trainingSamples,raw_data/EMG-EPN612/testingJSON/user266/user266.json,idx_6
noGesture,trainingSamples,raw_data/EMG-EPN612/testingJSON/user266/user266.json,idx_7
noGesture,trainingSamples,raw_data/EMG-EPN612/testingJSON/user266/user266.json,idx_8
noGesture,trainingSamples,raw_data/EMG-EPN612/testingJSON/user266/user266.json,idx_9
noGesture,trainingSamples,raw_data/EMG-EPN612/testingJSON/user266/user266.json,idx_10
noGesture,trainingSamples,raw_data/EMG-EPN612/testingJSON/user266/user266.json,idx_11
noGesture,trainingSamples,raw_data/EMG-EPN612/testingJSON/user266/user266.json,idx_12
noGesture,trainingSamples,raw_data/EMG-EPN612/testingJSON/user266/user266.json,idx_13
noGesture,trainingSamples,raw_data/EMG-EPN612/testingJSON/user266/user266.json,idx_14
noGesture,trainingSamples,raw_data/EMG-EPN612/testingJSON/user266/user266.json,idx_15
noGesture,trainingSamples,raw_data/EMG-EPN612/testingJSON/user266/user266.json,idx_16
noGesture,trainingSamples,raw_data/EMG-EPN612/testingJSON/user266/user266.json,idx_17
noGesture,trainingSamples,raw_data/EMG-EPN612/testingJSON/user266/user266.json,idx_18
noGesture,trainingSamples,raw_data/EMG-EPN612/testingJSON/user266/user266.json,idx_19
noGesture,trainingSamples,raw_data/EMG-EPN612/testingJSON/user266/user266.json,idx_20
noGesture,trainingSamples,raw_data/EMG-EPN612/testingJSON/user266/user266.json,idx_21
noGesture,trainingSamples,raw_data/EMG-EPN612/testingJSON/user266/user266.json,idx_22
noGesture,trainingSamples,raw_data/EMG-EPN612/testingJSON/user266/user266.json,idx_23
noGesture,trainingSamples,raw_data/EMG-EPN612/testingJSON/user266/user266.json,idx_24
noGesture,trainingSamples,raw_data/EMG-EPN612/testingJSON/user266/user266.json,idx_25
waveOut,trainingSamples,raw_data/EMG-EPN612/testingJSON/user266/user266.json,idx_26
waveOut,trainingSamples,raw_data/EMG-EPN612/testingJSON/user266/user266.json,idx_27
waveOut,trainingSamples,raw_data/EMG-EPN612/testingJSON/user266/user266.json,idx_28
waveOut,trainingSamples,raw_data/EMG-EPN612/testingJSON/user266/user266.json,idx_29
waveOut,trainingSamples,raw_data/EMG-EPN612/testingJSON/user266/user266.json,idx_30
waveOut,trainingSamples,raw_data/EMG-EPN612/testingJSON/user266/user266.json,idx_31
waveOut,trainingSamples,raw_data/EMG-EPN612/testingJSON/user266/user266.json,idx_32
waveOut,trainingSamples,raw_data/EMG-EPN612/testingJSON/user266/user266.json,idx_33
waveOut,trainingSamples,raw_data/EMG-EPN612/testingJSON/user266/user266.json,idx_34
waveOut,trainingSamples,raw_data/EMG-EPN612/testingJSON/user266/user266.json,idx_35
waveOut,trainingSamples,raw_data/EMG-EPN612/testingJSON/user266/user266.json,idx_36
waveOut,trainingSamples,raw_data/EMG-EPN612/testingJSON/user266/user266.json,idx_37
waveOut,trainingSamples,raw_data/EMG-EPN612/testingJSON/user266/user266.json,idx_38
waveOut,trainingSamples,raw_data/EMG-EPN612/testingJSON/user266/user266.json,idx_39
waveOut,trainingSamples,raw_data/EMG-EPN612/testingJSON/user266/user266.json,idx_40
waveOut,trainingSamples,raw_data/EMG-EPN612/testingJSON/user266/user266.json,idx_41
waveOut,trainingSamples,raw_data/EMG-EPN612/testingJSON/user266/user266.json,idx_42
waveOut,trainingSamples,raw_data/EMG-EPN612/testingJSON/user266/user266.json,idx_43
waveOut,trainingSamples,raw_data/EMG-EPN612/testingJSON/user266/user266.json,idx_44
waveOut,trainingSamples,raw_data/EMG-EPN612/testingJSON/user266/user266.json,idx_45
waveOut,trainingSamples,raw_data/EMG-EPN612/testingJSON/user266/user266.json,idx_46
waveOut,trainingSamples,raw_data/EMG-EPN612/testingJSON/user266/user266.json,idx_47
waveOut,trainingSamples,raw_data/EMG-EPN612/testingJSON/user266/user266.json,idx_48
waveOut,trainingSamples,raw_data/EMG-EPN612/testingJSON/user266/user266.json,idx_49
waveOut,trainingSamples,raw_data/EMG-EPN612/testingJSON/user266/user266.json,idx_50
pinch,trainingSamples,raw_data/EMG-EPN612/testingJSON/user266/user266.json,idx_51
pinch,trainingSamples,raw_data/EMG-EPN612/testingJSON/user266/user266.json,idx_52
pinch,trainingSamples,raw_data/EMG-EPN612/testingJSON/user266/user266.json,idx_53
pinch,trainingSamples,raw_data/EMG-EPN612/testingJSON/user266/user266.json,idx_54
pinch,trainingSamples,raw_data/EMG-EPN612/testingJSON/user266/user266.json,idx_55
pinch,trainingSamples,raw_data/EMG-EPN612/testingJSON/user266/user266.json,idx_56
pinch,trainingSamples,raw_data/EMG-EPN612/testingJSON/user266/user266.json,idx_57
pinch,trainingSamples,raw_data/EMG-EPN612/testingJSON/user266/user266.json,idx_58
pinch,trainingSamples,raw_data/EMG-EPN612/testingJSON/user266/user266.json,idx_59
pinch,trainingSamples,raw_data/EMG-EPN612/testingJSON/user266/user266.json,idx_60
pinch,trainingSamples,raw_data/EMG-EPN612/testingJSON/user266/user266.json,idx_61
pinch,trainingSamples,raw_data/EMG-EPN612/testingJSON/user266/user266.json,idx_62
pinch,trainingSamples,raw_data/EMG-EPN612/testingJSON/user266/user266.json,idx_63
pinch,trainingSamples,raw_data/EMG-EPN612/testingJSON/user266/user266.json,idx_64
pinch,trainingSamples,raw_data/EMG-EPN612/testingJSON/user266/user266.json,idx_65
pinch,trainingSamples,raw_data/EMG-EPN612/testingJSON/user266/user266.json,idx_66
pinch,trainingSamples,raw_data/EMG-EPN612/testingJSON/user266/user266.json,idx_67
pinch,trainingSamples,raw_data/EMG-EPN612/testingJSON/user266/user266.json,idx_68
pinch,trainingSamples,raw_data/EMG-EPN612/testingJSON/user266/user266.json,idx_69
pinch,trainingSamples,raw_data/EMG-EPN612/testingJSON/user266/user266.json,idx_70
pinch,trainingSamples,raw_data/EMG-EPN612/testingJSON/user266/user266.json,idx_71
pinch,trainingSamples,raw_data/EMG-EPN612/testingJSON/user266/user266.json,idx_72
pinch,trainingSamples,raw_data/EMG-EPN612/testingJSON/user266/user266.json,idx_73
pinch,trainingSamples,raw_data/EMG-EPN612/testingJSON/user266/user266.json,idx_74
pinch,trainingSamples,raw_data/EMG-EPN612/testingJSON/user266/user266.json,idx_75
fist,trainingSamples,raw_data/EMG-EPN612/testingJSON/user266/user266.json,idx_76
fist,trainingSamples,raw_data/EMG-EPN612/testingJSON/user266/user266.json,idx_77
fist,trainingSamples,raw_data/EMG-EPN612/testingJSON/user266/user266.json,idx_78
fist,trainingSamples,raw_data/EMG-EPN612/testingJSON/user266/user266.json,idx_79
fist,trainingSamples,raw_data/EMG-EPN612/testingJSON/user266/user266.json,idx_80
fist,trainingSamples,raw_data/EMG-EPN612/testingJSON/user266/user266.json,idx_81
fist,trainingSamples,raw_data/EMG-EPN612/testingJSON/user266/user266.json,idx_82
fist,trainingSamples,raw_data/EMG-EPN612/testingJSON/user266/user266.json,idx_83
fist,trainingSamples,raw_data/EMG-EPN612/testingJSON/user266/user266.json,idx_84
fist,trainingSamples,raw_data/EMG-EPN612/testingJSON/user266/user266.json,idx_85
fist,trainingSamples,raw_data/EMG-EPN612/testingJSON/user266/user266.json,idx_86
fist,trainingSamples,raw_data/EMG-EPN612/testingJSON/user266/user266.json,idx_87
fist,trainingSamples,raw_data/EMG-EPN612/testingJSON/user266/user266.json,idx_88
fist,trainingSamples,raw_data/EMG-EPN612/testingJSON/user266/user266.json,idx_89
fist,trainingSamples,raw_data/EMG-EPN612/testingJSON/user266/user266.json,idx_90
fist,trainingSamples,raw_data/EMG-EPN612/testingJSON/user266/user266.json,idx_91
fist,trainingSamples,raw_data/EMG-EPN612/testingJSON/user266/user266.json,idx_92
fist,trainingSamples,raw_data/EMG-EPN612/testingJSON/user266/user266.json,idx_93
fist,trainingSamples,raw_data/EMG-EPN612/testingJSON/user266/user266.json,idx_94
fist,trainingSamples,raw_data/EMG-EPN612/testingJSON/user266/user266.json,idx_95
fist,trainingSamples,raw_data/EMG-EPN612/testingJSON/user266/user266.json,idx_96
fist,trainingSamples,raw_data/EMG-EPN612/testingJSON/user266/user266.json,idx_97
fist,trainingSamples,raw_data/EMG-EPN612/testingJSON/user266/user266.json,idx_98
fist,trainingSamples,raw_data/EMG-EPN612/testingJSON/user266/user266.json,idx_99
fist,trainingSamples,raw_data/EMG-EPN612/testingJSON/user266/user266.json,idx_100
waveIn,trainingSamples,raw_data/EMG-EPN612/testingJSON/user266/user266.json,idx_101
waveIn,trainingSamples,raw_data/EMG-EPN612/testingJSON/user266/user266.json,idx_102
waveIn,trainingSamples,raw_data/EMG-EPN612/testingJSON/user266/user266.json,idx_103
waveIn,trainingSamples,raw_data/EMG-EPN612/testingJSON/user266/user266.json,idx_104
waveIn,trainingSamples,raw_data/EMG-EPN612/testingJSON/user266/user266.json,idx_105
waveIn,trainingSamples,raw_data/EMG-EPN612/testingJSON/user266/user266.json,idx_106
waveIn,trainingSamples,raw_data/EMG-EPN612/testingJSON/user266/user266.json,idx_107
waveIn,trainingSamples,raw_data/EMG-EPN612/testingJSON/user266/user266.json,idx_108
waveIn,trainingSamples,raw_data/EMG-EPN612/testingJSON/user266/user266.json,idx_109
waveIn,trainingSamples,raw_data/EMG-EPN612/testingJSON/user266/user266.json,idx_110
waveIn,trainingSamples,raw_data/EMG-EPN612/testingJSON/user266/user266.json,idx_111
waveIn,trainingSamples,raw_data/EMG-EPN612/testingJSON/user266/user266.json,idx_112
waveIn,trainingSamples,raw_data/EMG-EPN612/testingJSON/user266/user266.json,idx_113
waveIn,trainingSamples,raw_data/EMG-EPN612/testingJSON/user266/user266.json,idx_114
waveIn,trainingSamples,raw_data/EMG-EPN612/testingJSON/user266/user266.json,idx_115
waveIn,trainingSamples,raw_data/EMG-EPN612/testingJSON/user266/user266.json,idx_116
waveIn,trainingSamples,raw_data/EMG-EPN612/testingJSON/user266/user266.json,idx_117
waveIn,trainingSamples,raw_data/EMG-EPN612/testingJSON/user266/user266.json,idx_118
waveIn,trainingSamples,raw_data/EMG-EPN612/testingJSON/user266/user266.json,idx_119
waveIn,trainingSamples,raw_data/EMG-EPN612/testingJSON/user266/user266.json,idx_120
waveIn,trainingSamples,raw_data/EMG-EPN612/testingJSON/user266/user266.json,idx_121
waveIn,trainingSamples,raw_data/EMG-EPN612/testingJSON/user266/user266.json,idx_122
waveIn,trainingSamples,raw_data/EMG-EPN612/testingJSON/user266/user266.json,idx_123
waveIn,trainingSamples,raw_data/EMG-EPN612/testingJSON/user266/user266.json,idx_124
waveIn,trainingSamples,raw_data/EMG-EPN612/testingJSON/user266/user266.json,idx_125
open,trainingSamples,raw_data/EMG-EPN612/testingJSON/user266/user266.json,idx_126
open,trainingSamples,raw_data/EMG-EPN612/testingJSON/user266/user266.json,idx_127
open,trainingSamples,raw_data/EMG-EPN612/testingJSON/user266/user266.json,idx_128
open,trainingSamples,raw_data/EMG-EPN612/testingJSON/user266/user266.json,idx_129
open,trainingSamples,raw_data/EMG-EPN612/testingJSON/user266/user266.json,idx_130
open,trainingSamples,raw_data/EMG-EPN612/testingJSON/user266/user266.json,idx_131
open,trainingSamples,raw_data/EMG-EPN612/testingJSON/user266/user266.json,idx_132
open,trainingSamples,raw_data/EMG-EPN612/testingJSON/user266/user266.json,idx_133
open,trainingSamples,raw_data/EMG-EPN612/testingJSON/user266/user266.json,idx_134
open,trainingSamples,raw_data/EMG-EPN612/testingJSON/user266/user266.json,idx_135
open,trainingSamples,raw_data/EMG-EPN612/testingJSON/user266/user266.json,idx_136
open,trainingSamples,raw_data/EMG-EPN612/testingJSON/user266/user266.json,idx_137
open,trainingSamples,raw_data/EMG-EPN612/testingJSON/user266/user266.json,idx_138
open,trainingSamples,raw_data/EMG-EPN612/testingJSON/user266/user266.json,idx_139
open,trainingSamples,raw_data/EMG-EPN612/testingJSON/user266/user266.json,idx_140
open,trainingSamples,raw_data/EMG-EPN612/testingJSON/user266/user266.json,idx_141
open,trainingSamples,raw_data/EMG-EPN612/testingJSON/user266/user266.json,idx_142
open,trainingSamples,raw_data/EMG-EPN612/testingJSON/user266/user266.json,idx_143
open,trainingSamples,raw_data/EMG-EPN612/testingJSON/user266/user266.json,idx_144
open,trainingSamples,raw_data/EMG-EPN612/testingJSON/user266/user266.json,idx_145
open,trainingSamples,raw_data/EMG-EPN612/testingJSON/user266/user266.json,idx_146
open,trainingSamples,raw_data/EMG-EPN612/testingJSON/user266/user266.json,idx_147
open,trainingSamples,raw_data/EMG-EPN612/testingJSON/user266/user266.json,idx_148
open,trainingSamples,raw_data/EMG-EPN612/testingJSON/user266/user266.json,idx_149
open,trainingSamples,raw_data/EMG-EPN612/testingJSON/user266/user266.json,idx_150
noGesture,trainingSamples,raw_data/EMG-EPN612/testingJSON/user267/user267.json,idx_1
noGesture,trainingSamples,raw_data/EMG-EPN612/testingJSON/user267/user267.json,idx_2
noGesture,trainingSamples,raw_data/EMG-EPN612/testingJSON/user267/user267.json,idx_3
noGesture,trainingSamples,raw_data/EMG-EPN612/testingJSON/user267/user267.json,idx_4
noGesture,trainingSamples,raw_data/EMG-EPN612/testingJSON/user267/user267.json,idx_5
noGesture,trainingSamples,raw_data/EMG-EPN612/testingJSON/user267/user267.json,idx_6
noGesture,trainingSamples,raw_data/EMG-EPN612/testingJSON/user267/user267.json,idx_7
noGesture,trainingSamples,raw_data/EMG-EPN612/testingJSON/user267/user267.json,idx_8
noGesture,trainingSamples,raw_data/EMG-EPN612/testingJSON/user267/user267.json,idx_9
noGesture,trainingSamples,raw_data/EMG-EPN612/testingJSON/user267/user267.json,idx_10
noGesture,trainingSamples,raw_data/EMG-EPN612/testingJSON/user267/user267.json,idx_11
noGesture,trainingSamples,raw_data/EMG-EPN612/testingJSON/user267/user267.json,idx_12
noGesture,trainingSamples,raw_data/EMG-EPN612/testingJSON/user267/user267.json,idx_13
noGesture,trainingSamples,raw_data/EMG-EPN612/testingJSON/user267/user267.json,idx_14
noGesture,trainingSamples,raw_data/EMG-EPN612/testingJSON/user267/user267.json,idx_15
noGesture,trainingSamples,raw_data/EMG-EPN612/testingJSON/user267/user267.json,idx_16
noGesture,trainingSamples,raw_data/EMG-EPN612/testingJSON/user267/user267.json,idx_17
noGesture,trainingSamples,raw_data/EMG-EPN612/testingJSON/user267/user267.json,idx_18
noGesture,trainingSamples,raw_data/EMG-EPN612/testingJSON/user267/user267.json,idx_19
noGesture,trainingSamples,raw_data/EMG-EPN612/testingJSON/user267/user267.json,idx_20
noGesture,trainingSamples,raw_data/EMG-EPN612/testingJSON/user267/user267.json,idx_21
noGesture,trainingSamples,raw_data/EMG-EPN612/testingJSON/user267/user267.json,idx_22
noGesture,trainingSamples,raw_data/EMG-EPN612/testingJSON/user267/user267.json,idx_23
noGesture,trainingSamples,raw_data/EMG-EPN612/testingJSON/user267/user267.json,idx_24
noGesture,trainingSamples,raw_data/EMG-EPN612/testingJSON/user267/user267.json,idx_25
waveOut,trainingSamples,raw_data/EMG-EPN612/testingJSON/user267/user267.json,idx_26
waveOut,trainingSamples,raw_data/EMG-EPN612/testingJSON/user267/user267.json,idx_27
waveOut,trainingSamples,raw_data/EMG-EPN612/testingJSON/user267/user267.json,idx_28
waveOut,trainingSamples,raw_data/EMG-EPN612/testingJSON/user267/user267.json,idx_29
waveOut,trainingSamples,raw_data/EMG-EPN612/testingJSON/user267/user267.json,idx_30
waveOut,trainingSamples,raw_data/EMG-EPN612/testingJSON/user267/user267.json,idx_31
waveOut,trainingSamples,raw_data/EMG-EPN612/testingJSON/user267/user267.json,idx_32
waveOut,trainingSamples,raw_data/EMG-EPN612/testingJSON/user267/user267.json,idx_33
waveOut,trainingSamples,raw_data/EMG-EPN612/testingJSON/user267/user267.json,idx_34
waveOut,trainingSamples,raw_data/EMG-EPN612/testingJSON/user267/user267.json,idx_35
waveOut,trainingSamples,raw_data/EMG-EPN612/testingJSON/user267/user267.json,idx_36
waveOut,trainingSamples,raw_data/EMG-EPN612/testingJSON/user267/user267.json,idx_37
waveOut,trainingSamples,raw_data/EMG-EPN612/testingJSON/user267/user267.json,idx_38
waveOut,trainingSamples,raw_data/EMG-EPN612/testingJSON/user267/user267.json,idx_39
waveOut,trainingSamples,raw_data/EMG-EPN612/testingJSON/user267/user267.json,idx_40
waveOut,trainingSamples,raw_data/EMG-EPN612/testingJSON/user267/user267.json,idx_41
waveOut,trainingSamples,raw_data/EMG-EPN612/testingJSON/user267/user267.json,idx_42
waveOut,trainingSamples,raw_data/EMG-EPN612/testingJSON/user267/user267.json,idx_43
waveOut,trainingSamples,raw_data/EMG-EPN612/testingJSON/user267/user267.json,idx_44
waveOut,trainingSamples,raw_data/EMG-EPN612/testingJSON/user267/user267.json,idx_45
waveOut,trainingSamples,raw_data/EMG-EPN612/testingJSON/user267/user267.json,idx_46
waveOut,trainingSamples,raw_data/EMG-EPN612/testingJSON/user267/user267.json,idx_47
waveOut,trainingSamples,raw_data/EMG-EPN612/testingJSON/user267/user267.json,idx_48
waveOut,trainingSamples,raw_data/EMG-EPN612/testingJSON/user267/user267.json,idx_49
waveOut,trainingSamples,raw_data/EMG-EPN612/testingJSON/user267/user267.json,idx_50
pinch,trainingSamples,raw_data/EMG-EPN612/testingJSON/user267/user267.json,idx_51
pinch,trainingSamples,raw_data/EMG-EPN612/testingJSON/user267/user267.json,idx_52
pinch,trainingSamples,raw_data/EMG-EPN612/testingJSON/user267/user267.json,idx_53
pinch,trainingSamples,raw_data/EMG-EPN612/testingJSON/user267/user267.json,idx_54
pinch,trainingSamples,raw_data/EMG-EPN612/testingJSON/user267/user267.json,idx_55
pinch,trainingSamples,raw_data/EMG-EPN612/testingJSON/user267/user267.json,idx_56
pinch,trainingSamples,raw_data/EMG-EPN612/testingJSON/user267/user267.json,idx_57
pinch,trainingSamples,raw_data/EMG-EPN612/testingJSON/user267/user267.json,idx_58
pinch,trainingSamples,raw_data/EMG-EPN612/testingJSON/user267/user267.json,idx_59
pinch,trainingSamples,raw_data/EMG-EPN612/testingJSON/user267/user267.json,idx_60
pinch,trainingSamples,raw_data/EMG-EPN612/testingJSON/user267/user267.json,idx_61
pinch,trainingSamples,raw_data/EMG-EPN612/testingJSON/user267/user267.json,idx_62
pinch,trainingSamples,raw_data/EMG-EPN612/testingJSON/user267/user267.json,idx_63
pinch,trainingSamples,raw_data/EMG-EPN612/testingJSON/user267/user267.json,idx_64
pinch,trainingSamples,raw_data/EMG-EPN612/testingJSON/user267/user267.json,idx_65
pinch,trainingSamples,raw_data/EMG-EPN612/testingJSON/user267/user267.json,idx_66
pinch,trainingSamples,raw_data/EMG-EPN612/testingJSON/user267/user267.json,idx_67
pinch,trainingSamples,raw_data/EMG-EPN612/testingJSON/user267/user267.json,idx_68
pinch,trainingSamples,raw_data/EMG-EPN612/testingJSON/user267/user267.json,idx_69
pinch,trainingSamples,raw_data/EMG-EPN612/testingJSON/user267/user267.json,idx_70
pinch,trainingSamples,raw_data/EMG-EPN612/testingJSON/user267/user267.json,idx_71
pinch,trainingSamples,raw_data/EMG-EPN612/testingJSON/user267/user267.json,idx_72
pinch,trainingSamples,raw_data/EMG-EPN612/testingJSON/user267/user267.json,idx_73
pinch,trainingSamples,raw_data/EMG-EPN612/testingJSON/user267/user267.json,idx_74
pinch,trainingSamples,raw_data/EMG-EPN612/testingJSON/user267/user267.json,idx_75
fist,trainingSamples,raw_data/EMG-EPN612/testingJSON/user267/user267.json,idx_76
fist,trainingSamples,raw_data/EMG-EPN612/testingJSON/user267/user267.json,idx_77
fist,trainingSamples,raw_data/EMG-EPN612/testingJSON/user267/user267.json,idx_78
fist,trainingSamples,raw_data/EMG-EPN612/testingJSON/user267/user267.json,idx_79
fist,trainingSamples,raw_data/EMG-EPN612/testingJSON/user267/user267.json,idx_80
fist,trainingSamples,raw_data/EMG-EPN612/testingJSON/user267/user267.json,idx_81
fist,trainingSamples,raw_data/EMG-EPN612/testingJSON/user267/user267.json,idx_82
fist,trainingSamples,raw_data/EMG-EPN612/testingJSON/user267/user267.json,idx_83
fist,trainingSamples,raw_data/EMG-EPN612/testingJSON/user267/user267.json,idx_84
fist,trainingSamples,raw_data/EMG-EPN612/testingJSON/user267/user267.json,idx_85
fist,trainingSamples,raw_data/EMG-EPN612/testingJSON/user267/user267.json,idx_86
fist,trainingSamples,raw_data/EMG-EPN612/testingJSON/user267/user267.json,idx_87
fist,trainingSamples,raw_data/EMG-EPN612/testingJSON/user267/user267.json,idx_88
fist,trainingSamples,raw_data/EMG-EPN612/testingJSON/user267/user267.json,idx_89
fist,trainingSamples,raw_data/EMG-EPN612/testingJSON/user267/user267.json,idx_90
fist,trainingSamples,raw_data/EMG-EPN612/testingJSON/user267/user267.json,idx_91
fist,trainingSamples,raw_data/EMG-EPN612/testingJSON/user267/user267.json,idx_92
fist,trainingSamples,raw_data/EMG-EPN612/testingJSON/user267/user267.json,idx_93
fist,trainingSamples,raw_data/EMG-EPN612/testingJSON/user267/user267.json,idx_94
fist,trainingSamples,raw_data/EMG-EPN612/testingJSON/user267/user267.json,idx_95
fist,trainingSamples,raw_data/EMG-EPN612/testingJSON/user267/user267.json,idx_96
fist,trainingSamples,raw_data/EMG-EPN612/testingJSON/user267/user267.json,idx_97
fist,trainingSamples,raw_data/EMG-EPN612/testingJSON/user267/user267.json,idx_98
fist,trainingSamples,raw_data/EMG-EPN612/testingJSON/user267/user267.json,idx_99
fist,trainingSamples,raw_data/EMG-EPN612/testingJSON/user267/user267.json,idx_100
waveIn,trainingSamples,raw_data/EMG-EPN612/testingJSON/user267/user267.json,idx_101
waveIn,trainingSamples,raw_data/EMG-EPN612/testingJSON/user267/user267.json,idx_102
waveIn,trainingSamples,raw_data/EMG-EPN612/testingJSON/user267/user267.json,idx_103
waveIn,trainingSamples,raw_data/EMG-EPN612/testingJSON/user267/user267.json,idx_104
waveIn,trainingSamples,raw_data/EMG-EPN612/testingJSON/user267/user267.json,idx_105
waveIn,trainingSamples,raw_data/EMG-EPN612/testingJSON/user267/user267.json,idx_106
waveIn,trainingSamples,raw_data/EMG-EPN612/testingJSON/user267/user267.json,idx_107
waveIn,trainingSamples,raw_data/EMG-EPN612/testingJSON/user267/user267.json,idx_108
waveIn,trainingSamples,raw_data/EMG-EPN612/testingJSON/user267/user267.json,idx_109
waveIn,trainingSamples,raw_data/EMG-EPN612/testingJSON/user267/user267.json,idx_110
waveIn,trainingSamples,raw_data/EMG-EPN612/testingJSON/user267/user267.json,idx_111
waveIn,trainingSamples,raw_data/EMG-EPN612/testingJSON/user267/user267.json,idx_112
waveIn,trainingSamples,raw_data/EMG-EPN612/testingJSON/user267/user267.json,idx_113
waveIn,trainingSamples,raw_data/EMG-EPN612/testingJSON/user267/user267.json,idx_114
waveIn,trainingSamples,raw_data/EMG-EPN612/testingJSON/user267/user267.json,idx_115
waveIn,trainingSamples,raw_data/EMG-EPN612/testingJSON/user267/user267.json,idx_116
waveIn,trainingSamples,raw_data/EMG-EPN612/testingJSON/user267/user267.json,idx_117
waveIn,trainingSamples,raw_data/EMG-EPN612/testingJSON/user267/user267.json,idx_118
waveIn,trainingSamples,raw_data/EMG-EPN612/testingJSON/user267/user267.json,idx_119
waveIn,trainingSamples,raw_data/EMG-EPN612/testingJSON/user267/user267.json,idx_120
waveIn,trainingSamples,raw_data/EMG-EPN612/testingJSON/user267/user267.json,idx_121
waveIn,trainingSamples,raw_data/EMG-EPN612/testingJSON/user267/user267.json,idx_122
waveIn,trainingSamples,raw_data/EMG-EPN612/testingJSON/user267/user267.json,idx_123
waveIn,trainingSamples,raw_data/EMG-EPN612/testingJSON/user267/user267.json,idx_124
waveIn,trainingSamples,raw_data/EMG-EPN612/testingJSON/user267/user267.json,idx_125
open,trainingSamples,raw_data/EMG-EPN612/testingJSON/user267/user267.json,idx_126
open,trainingSamples,raw_data/EMG-EPN612/testingJSON/user267/user267.json,idx_127
open,trainingSamples,raw_data/EMG-EPN612/testingJSON/user267/user267.json,idx_128
open,trainingSamples,raw_data/EMG-EPN612/testingJSON/user267/user267.json,idx_129
open,trainingSamples,raw_data/EMG-EPN612/testingJSON/user267/user267.json,idx_130
open,trainingSamples,raw_data/EMG-EPN612/testingJSON/user267/user267.json,idx_131
open,trainingSamples,raw_data/EMG-EPN612/testingJSON/user267/user267.json,idx_132
open,trainingSamples,raw_data/EMG-EPN612/testingJSON/user267/user267.json,idx_133
open,trainingSamples,raw_data/EMG-EPN612/testingJSON/user267/user267.json,idx_134
open,trainingSamples,raw_data/EMG-EPN612/testingJSON/user267/user267.json,idx_135
open,trainingSamples,raw_data/EMG-EPN612/testingJSON/user267/user267.json,idx_136
open,trainingSamples,raw_data/EMG-EPN612/testingJSON/user267/user267.json,idx_137
open,trainingSamples,raw_data/EMG-EPN612/testingJSON/user267/user267.json,idx_138
open,trainingSamples,raw_data/EMG-EPN612/testingJSON/user267/user267.json,idx_139
open,trainingSamples,raw_data/EMG-EPN612/testingJSON/user267/user267.json,idx_140
open,trainingSamples,raw_data/EMG-EPN612/testingJSON/user267/user267.json,idx_141
open,trainingSamples,raw_data/EMG-EPN612/testingJSON/user267/user267.json,idx_142
open,trainingSamples,raw_data/EMG-EPN612/testingJSON/user267/user267.json,idx_143
open,trainingSamples,raw_data/EMG-EPN612/testingJSON/user267/user267.json,idx_144
open,trainingSamples,raw_data/EMG-EPN612/testingJSON/user267/user267.json,idx_145
open,trainingSamples,raw_data/EMG-EPN612/testingJSON/user267/user267.json,idx_146
open,trainingSamples,raw_data/EMG-EPN612/testingJSON/user267/user267.json,idx_147
open,trainingSamples,raw_data/EMG-EPN612/testingJSON/user267/user267.json,idx_148
open,trainingSamples,raw_data/EMG-EPN612/testingJSON/user267/user267.json,idx_149
open,trainingSamples,raw_data/EMG-EPN612/testingJSON/user267/user267.json,idx_150
noGesture,trainingSamples,raw_data/EMG-EPN612/testingJSON/user268/user268.json,idx_1
noGesture,trainingSamples,raw_data/EMG-EPN612/testingJSON/user268/user268.json,idx_2
noGesture,trainingSamples,raw_data/EMG-EPN612/testingJSON/user268/user268.json,idx_3
noGesture,trainingSamples,raw_data/EMG-EPN612/testingJSON/user268/user268.json,idx_4
noGesture,trainingSamples,raw_data/EMG-EPN612/testingJSON/user268/user268.json,idx_5
noGesture,trainingSamples,raw_data/EMG-EPN612/testingJSON/user268/user268.json,idx_6
noGesture,trainingSamples,raw_data/EMG-EPN612/testingJSON/user268/user268.json,idx_7
noGesture,trainingSamples,raw_data/EMG-EPN612/testingJSON/user268/user268.json,idx_8
noGesture,trainingSamples,raw_data/EMG-EPN612/testingJSON/user268/user268.json,idx_9
noGesture,trainingSamples,raw_data/EMG-EPN612/testingJSON/user268/user268.json,idx_10
noGesture,trainingSamples,raw_data/EMG-EPN612/testingJSON/user268/user268.json,idx_11
noGesture,trainingSamples,raw_data/EMG-EPN612/testingJSON/user268/user268.json,idx_12
noGesture,trainingSamples,raw_data/EMG-EPN612/testingJSON/user268/user268.json,idx_13
noGesture,trainingSamples,raw_data/EMG-EPN612/testingJSON/user268/user268.json,idx_14
noGesture,trainingSamples,raw_data/EMG-EPN612/testingJSON/user268/user268.json,idx_15
noGesture,trainingSamples,raw_data/EMG-EPN612/testingJSON/user268/user268.json,idx_16
noGesture,trainingSamples,raw_data/EMG-EPN612/testingJSON/user268/user268.json,idx_17
noGesture,trainingSamples,raw_data/EMG-EPN612/testingJSON/user268/user268.json,idx_18
noGesture,trainingSamples,raw_data/EMG-EPN612/testingJSON/user268/user268.json,idx_19
noGesture,trainingSamples,raw_data/EMG-EPN612/testingJSON/user268/user268.json,idx_20
noGesture,trainingSamples,raw_data/EMG-EPN612/testingJSON/user268/user268.json,idx_21
noGesture,trainingSamples,raw_data/EMG-EPN612/testingJSON/user268/user268.json,idx_22
noGesture,trainingSamples,raw_data/EMG-EPN612/testingJSON/user268/user268.json,idx_23
noGesture,trainingSamples,raw_data/EMG-EPN612/testingJSON/user268/user268.json,idx_24
noGesture,trainingSamples,raw_data/EMG-EPN612/testingJSON/user268/user268.json,idx_25
fist,trainingSamples,raw_data/EMG-EPN612/testingJSON/user268/user268.json,idx_26
fist,trainingSamples,raw_data/EMG-EPN612/testingJSON/user268/user268.json,idx_27
fist,trainingSamples,raw_data/EMG-EPN612/testingJSON/user268/user268.json,idx_28
fist,trainingSamples,raw_data/EMG-EPN612/testingJSON/user268/user268.json,idx_29
fist,trainingSamples,raw_data/EMG-EPN612/testingJSON/user268/user268.json,idx_30
fist,trainingSamples,raw_data/EMG-EPN612/testingJSON/user268/user268.json,idx_31
fist,trainingSamples,raw_data/EMG-EPN612/testingJSON/user268/user268.json,idx_32
fist,trainingSamples,raw_data/EMG-EPN612/testingJSON/user268/user268.json,idx_33
fist,trainingSamples,raw_data/EMG-EPN612/testingJSON/user268/user268.json,idx_34
fist,trainingSamples,raw_data/EMG-EPN612/testingJSON/user268/user268.json,idx_35
fist,trainingSamples,raw_data/EMG-EPN612/testingJSON/user268/user268.json,idx_36
fist,trainingSamples,raw_data/EMG-EPN612/testingJSON/user268/user268.json,idx_37
fist,trainingSamples,raw_data/EMG-EPN612/testingJSON/user268/user268.json,idx_38
fist,trainingSamples,raw_data/EMG-EPN612/testingJSON/user268/user268.json,idx_39
fist,trainingSamples,raw_data/EMG-EPN612/testingJSON/user268/user268.json,idx_40
fist,trainingSamples,raw_data/EMG-EPN612/testingJSON/user268/user268.json,idx_41
fist,trainingSamples,raw_data/EMG-EPN612/testingJSON/user268/user268.json,idx_42
fist,trainingSamples,raw_data/EMG-EPN612/testingJSON/user268/user268.json,idx_43
fist,trainingSamples,raw_data/EMG-EPN612/testingJSON/user268/user268.json,idx_44
fist,trainingSamples,raw_data/EMG-EPN612/testingJSON/user268/user268.json,idx_45
fist,trainingSamples,raw_data/EMG-EPN612/testingJSON/user268/user268.json,idx_46
fist,trainingSamples,raw_data/EMG-EPN612/testingJSON/user268/user268.json,idx_47
fist,trainingSamples,raw_data/EMG-EPN612/testingJSON/user268/user268.json,idx_48
fist,trainingSamples,raw_data/EMG-EPN612/testingJSON/user268/user268.json,idx_49
fist,trainingSamples,raw_data/EMG-EPN612/testingJSON/user268/user268.json,idx_50
open,trainingSamples,raw_data/EMG-EPN612/testingJSON/user268/user268.json,idx_51
open,trainingSamples,raw_data/EMG-EPN612/testingJSON/user268/user268.json,idx_52
open,trainingSamples,raw_data/EMG-EPN612/testingJSON/user268/user268.json,idx_53
open,trainingSamples,raw_data/EMG-EPN612/testingJSON/user268/user268.json,idx_54
open,trainingSamples,raw_data/EMG-EPN612/testingJSON/user268/user268.json,idx_55
open,trainingSamples,raw_data/EMG-EPN612/testingJSON/user268/user268.json,idx_56
open,trainingSamples,raw_data/EMG-EPN612/testingJSON/user268/user268.json,idx_57
open,trainingSamples,raw_data/EMG-EPN612/testingJSON/user268/user268.json,idx_58
open,trainingSamples,raw_data/EMG-EPN612/testingJSON/user268/user268.json,idx_59
open,trainingSamples,raw_data/EMG-EPN612/testingJSON/user268/user268.json,idx_60
open,trainingSamples,raw_data/EMG-EPN612/testingJSON/user268/user268.json,idx_61
open,trainingSamples,raw_data/EMG-EPN612/testingJSON/user268/user268.json,idx_62
open,trainingSamples,raw_data/EMG-EPN612/testingJSON/user268/user268.json,idx_63
open,trainingSamples,raw_data/EMG-EPN612/testingJSON/user268/user268.json,idx_64
open,trainingSamples,raw_data/EMG-EPN612/testingJSON/user268/user268.json,idx_65
open,trainingSamples,raw_data/EMG-EPN612/testingJSON/user268/user268.json,idx_66
open,trainingSamples,raw_data/EMG-EPN612/testingJSON/user268/user268.json,idx_67
open,trainingSamples,raw_data/EMG-EPN612/testingJSON/user268/user268.json,idx_68
open,trainingSamples,raw_data/EMG-EPN612/testingJSON/user268/user268.json,idx_69
open,trainingSamples,raw_data/EMG-EPN612/testingJSON/user268/user268.json,idx_70
open,trainingSamples,raw_data/EMG-EPN612/testingJSON/user268/user268.json,idx_71
open,trainingSamples,raw_data/EMG-EPN612/testingJSON/user268/user268.json,idx_72
open,trainingSamples,raw_data/EMG-EPN612/testingJSON/user268/user268.json,idx_73
open,trainingSamples,raw_data/EMG-EPN612/testingJSON/user268/user268.json,idx_74
open,trainingSamples,raw_data/EMG-EPN612/testingJSON/user268/user268.json,idx_75
pinch,trainingSamples,raw_data/EMG-EPN612/testingJSON/user268/user268.json,idx_76
pinch,trainingSamples,raw_data/EMG-EPN612/testingJSON/user268/user268.json,idx_77
pinch,trainingSamples,raw_data/EMG-EPN612/testingJSON/user268/user268.json,idx_78
pinch,trainingSamples,raw_data/EMG-EPN612/testingJSON/user268/user268.json,idx_79
pinch,trainingSamples,raw_data/EMG-EPN612/testingJSON/user268/user268.json,idx_80
pinch,trainingSamples,raw_data/EMG-EPN612/testingJSON/user268/user268.json,idx_81
pinch,trainingSamples,raw_data/EMG-EPN612/testingJSON/user268/user268.json,idx_82
pinch,trainingSamples,raw_data/EMG-EPN612/testingJSON/user268/user268.json,idx_83
pinch,trainingSamples,raw_data/EMG-EPN612/testingJSON/user268/user268.json,idx_84
pinch,trainingSamples,raw_data/EMG-EPN612/testingJSON/user268/user268.json,idx_85
pinch,trainingSamples,raw_data/EMG-EPN612/testingJSON/user268/user268.json,idx_86
pinch,trainingSamples,raw_data/EMG-EPN612/testingJSON/user268/user268.json,idx_87
pinch,trainingSamples,raw_data/EMG-EPN612/testingJSON/user268/user268.json,idx_88
pinch,trainingSamples,raw_data/EMG-EPN612/testingJSON/user268/user268.json,idx_89
pinch,trainingSamples,raw_data/EMG-EPN612/testingJSON/user268/user268.json,idx_90
pinch,trainingSamples,raw_data/EMG-EPN612/testingJSON/user268/user268.json,idx_91
pinch,trainingSamples,raw_data/EMG-EPN612/testingJSON/user268/user268.json,idx_92
pinch,trainingSamples,raw_data/EMG-EPN612/testingJSON/user268/user268.json,idx_93
pinch,trainingSamples,raw_data/EMG-EPN612/testingJSON/user268/user268.json,idx_94
pinch,trainingSamples,raw_data/EMG-EPN612/testingJSON/user268/user268.json,idx_95
pinch,trainingSamples,raw_data/EMG-EPN612/testingJSON/user268/user268.json,idx_96
pinch,trainingSamples,raw_data/EMG-EPN612/testingJSON/user268/user268.json,idx_97
pinch,trainingSamples,raw_data/EMG-EPN612/testingJSON/user268/user268.json,idx_98
pinch,trainingSamples,raw_data/EMG-EPN612/testingJSON/user268/user268.json,idx_99
pinch,trainingSamples,raw_data/EMG-EPN612/testingJSON/user268/user268.json,idx_100
waveOut,trainingSamples,raw_data/EMG-EPN612/testingJSON/user268/user268.json,idx_101
waveOut,trainingSamples,raw_data/EMG-EPN612/testingJSON/user268/user268.json,idx_102
waveOut,trainingSamples,raw_data/EMG-EPN612/testingJSON/user268/user268.json,idx_103
waveOut,trainingSamples,raw_data/EMG-EPN612/testingJSON/user268/user268.json,idx_104
waveOut,trainingSamples,raw_data/EMG-EPN612/testingJSON/user268/user268.json,idx_105
waveOut,trainingSamples,raw_data/EMG-EPN612/testingJSON/user268/user268.json,idx_106
waveOut,trainingSamples,raw_data/EMG-EPN612/testingJSON/user268/user268.json,idx_107
waveOut,trainingSamples,raw_data/EMG-EPN612/testingJSON/user268/user268.json,idx_108
waveOut,trainingSamples,raw_data/EMG-EPN612/testingJSON/user268/user268.json,idx_109
waveOut,trainingSamples,raw_data/EMG-EPN612/testingJSON/user268/user268.json,idx_110
waveOut,trainingSamples,raw_data/EMG-EPN612/testingJSON/user268/user268.json,idx_111
waveOut,trainingSamples,raw_data/EMG-EPN612/testingJSON/user268/user268.json,idx_112
waveOut,trainingSamples,raw_data/EMG-EPN612/testingJSON/user268/user268.json,idx_113
waveOut,trainingSamples,raw_data/EMG-EPN612/testingJSON/user268/user268.json,idx_114
waveOut,trainingSamples,raw_data/EMG-EPN612/testingJSON/user268/user268.json,idx_115
waveOut,trainingSamples,raw_data/EMG-EPN612/testingJSON/user268/user268.json,idx_116
waveOut,trainingSamples,raw_data/EMG-EPN612/testingJSON/user268/user268.json,idx_117
waveOut,trainingSamples,raw_data/EMG-EPN612/testingJSON/user268/user268.json,idx_118
waveOut,trainingSamples,raw_data/EMG-EPN612/testingJSON/user268/user268.json,idx_119
waveOut,trainingSamples,raw_data/EMG-EPN612/testingJSON/user268/user268.json,idx_120
waveOut,trainingSamples,raw_data/EMG-EPN612/testingJSON/user268/user268.json,idx_121
waveOut,trainingSamples,raw_data/EMG-EPN612/testingJSON/user268/user268.json,idx_122
waveOut,trainingSamples,raw_data/EMG-EPN612/testingJSON/user268/user268.json,idx_123
waveOut,trainingSamples,raw_data/EMG-EPN612/testingJSON/user268/user268.json,idx_124
waveOut,trainingSamples,raw_data/EMG-EPN612/testingJSON/user268/user268.json,idx_125
waveIn,trainingSamples,raw_data/EMG-EPN612/testingJSON/user268/user268.json,idx_126
waveIn,trainingSamples,raw_data/EMG-EPN612/testingJSON/user268/user268.json,idx_127
waveIn,trainingSamples,raw_data/EMG-EPN612/testingJSON/user268/user268.json,idx_128
waveIn,trainingSamples,raw_data/EMG-EPN612/testingJSON/user268/user268.json,idx_129
waveIn,trainingSamples,raw_data/EMG-EPN612/testingJSON/user268/user268.json,idx_130
waveIn,trainingSamples,raw_data/EMG-EPN612/testingJSON/user268/user268.json,idx_131
waveIn,trainingSamples,raw_data/EMG-EPN612/testingJSON/user268/user268.json,idx_132
waveIn,trainingSamples,raw_data/EMG-EPN612/testingJSON/user268/user268.json,idx_133
waveIn,trainingSamples,raw_data/EMG-EPN612/testingJSON/user268/user268.json,idx_134
waveIn,trainingSamples,raw_data/EMG-EPN612/testingJSON/user268/user268.json,idx_135
waveIn,trainingSamples,raw_data/EMG-EPN612/testingJSON/user268/user268.json,idx_136
waveIn,trainingSamples,raw_data/EMG-EPN612/testingJSON/user268/user268.json,idx_137
waveIn,trainingSamples,raw_data/EMG-EPN612/testingJSON/user268/user268.json,idx_138
waveIn,trainingSamples,raw_data/EMG-EPN612/testingJSON/user268/user268.json,idx_139
waveIn,trainingSamples,raw_data/EMG-EPN612/testingJSON/user268/user268.json,idx_140
waveIn,trainingSamples,raw_data/EMG-EPN612/testingJSON/user268/user268.json,idx_141
waveIn,trainingSamples,raw_data/EMG-EPN612/testingJSON/user268/user268.json,idx_142
waveIn,trainingSamples,raw_data/EMG-EPN612/testingJSON/user268/user268.json,idx_143
waveIn,trainingSamples,raw_data/EMG-EPN612/testingJSON/user268/user268.json,idx_144
waveIn,trainingSamples,raw_data/EMG-EPN612/testingJSON/user268/user268.json,idx_145
waveIn,trainingSamples,raw_data/EMG-EPN612/testingJSON/user268/user268.json,idx_146
waveIn,trainingSamples,raw_data/EMG-EPN612/testingJSON/user268/user268.json,idx_147
waveIn,trainingSamples,raw_data/EMG-EPN612/testingJSON/user268/user268.json,idx_148
waveIn,trainingSamples,raw_data/EMG-EPN612/testingJSON/user268/user268.json,idx_149
waveIn,trainingSamples,raw_data/EMG-EPN612/testingJSON/user268/user268.json,idx_150
noGesture,trainingSamples,raw_data/EMG-EPN612/testingJSON/user269/user269.json,idx_1
noGesture,trainingSamples,raw_data/EMG-EPN612/testingJSON/user269/user269.json,idx_2
noGesture,trainingSamples,raw_data/EMG-EPN612/testingJSON/user269/user269.json,idx_3
noGesture,trainingSamples,raw_data/EMG-EPN612/testingJSON/user269/user269.json,idx_4
noGesture,trainingSamples,raw_data/EMG-EPN612/testingJSON/user269/user269.json,idx_5
noGesture,trainingSamples,raw_data/EMG-EPN612/testingJSON/user269/user269.json,idx_6
noGesture,trainingSamples,raw_data/EMG-EPN612/testingJSON/user269/user269.json,idx_7
noGesture,trainingSamples,raw_data/EMG-EPN612/testingJSON/user269/user269.json,idx_8
noGesture,trainingSamples,raw_data/EMG-EPN612/testingJSON/user269/user269.json,idx_9
noGesture,trainingSamples,raw_data/EMG-EPN612/testingJSON/user269/user269.json,idx_10
noGesture,trainingSamples,raw_data/EMG-EPN612/testingJSON/user269/user269.json,idx_11
noGesture,trainingSamples,raw_data/EMG-EPN612/testingJSON/user269/user269.json,idx_12
noGesture,trainingSamples,raw_data/EMG-EPN612/testingJSON/user269/user269.json,idx_13
noGesture,trainingSamples,raw_data/EMG-EPN612/testingJSON/user269/user269.json,idx_14
noGesture,trainingSamples,raw_data/EMG-EPN612/testingJSON/user269/user269.json,idx_15
noGesture,trainingSamples,raw_data/EMG-EPN612/testingJSON/user269/user269.json,idx_16
noGesture,trainingSamples,raw_data/EMG-EPN612/testingJSON/user269/user269.json,idx_17
noGesture,trainingSamples,raw_data/EMG-EPN612/testingJSON/user269/user269.json,idx_18
noGesture,trainingSamples,raw_data/EMG-EPN612/testingJSON/user269/user269.json,idx_19
noGesture,trainingSamples,raw_data/EMG-EPN612/testingJSON/user269/user269.json,idx_20
noGesture,trainingSamples,raw_data/EMG-EPN612/testingJSON/user269/user269.json,idx_21
noGesture,trainingSamples,raw_data/EMG-EPN612/testingJSON/user269/user269.json,idx_22
noGesture,trainingSamples,raw_data/EMG-EPN612/testingJSON/user269/user269.json,idx_23
noGesture,trainingSamples,raw_data/EMG-EPN612/testingJSON/user269/user269.json,idx_24
noGesture,trainingSamples,raw_data/EMG-EPN612/testingJSON/user269/user269.json,idx_25
waveOut,trainingSamples,raw_data/EMG-EPN612/testingJSON/user269/user269.json,idx_26
waveOut,trainingSamples,raw_data/EMG-EPN612/testingJSON/user269/user269.json,idx_27
waveOut,trainingSamples,raw_data/EMG-EPN612/testingJSON/user269/user269.json,idx_28
waveOut,trainingSamples,raw_data/EMG-EPN612/testingJSON/user269/user269.json,idx_29
waveOut,trainingSamples,raw_data/EMG-EPN612/testingJSON/user269/user269.json,idx_30
waveOut,trainingSamples,raw_data/EMG-EPN612/testingJSON/user269/user269.json,idx_31
waveOut,trainingSamples,raw_data/EMG-EPN612/testingJSON/user269/user269.json,idx_32
waveOut,trainingSamples,raw_data/EMG-EPN612/testingJSON/user269/user269.json,idx_33
waveOut,trainingSamples,raw_data/EMG-EPN612/testingJSON/user269/user269.json,idx_34
waveOut,trainingSamples,raw_data/EMG-EPN612/testingJSON/user269/user269.json,idx_35
waveOut,trainingSamples,raw_data/EMG-EPN612/testingJSON/user269/user269.json,idx_36
waveOut,trainingSamples,raw_data/EMG-EPN612/testingJSON/user269/user269.json,idx_37
waveOut,trainingSamples,raw_data/EMG-EPN612/testingJSON/user269/user269.json,idx_38
waveOut,trainingSamples,raw_data/EMG-EPN612/testingJSON/user269/user269.json,idx_39
waveOut,trainingSamples,raw_data/EMG-EPN612/testingJSON/user269/user269.json,idx_40
waveOut,trainingSamples,raw_data/EMG-EPN612/testingJSON/user269/user269.json,idx_41
waveOut,trainingSamples,raw_data/EMG-EPN612/testingJSON/user269/user269.json,idx_42
waveOut,trainingSamples,raw_data/EMG-EPN612/testingJSON/user269/user269.json,idx_43
waveOut,trainingSamples,raw_data/EMG-EPN612/testingJSON/user269/user269.json,idx_44
waveOut,trainingSamples,raw_data/EMG-EPN612/testingJSON/user269/user269.json,idx_45
waveOut,trainingSamples,raw_data/EMG-EPN612/testingJSON/user269/user269.json,idx_46
waveOut,trainingSamples,raw_data/EMG-EPN612/testingJSON/user269/user269.json,idx_47
waveOut,trainingSamples,raw_data/EMG-EPN612/testingJSON/user269/user269.json,idx_48
waveOut,trainingSamples,raw_data/EMG-EPN612/testingJSON/user269/user269.json,idx_49
waveOut,trainingSamples,raw_data/EMG-EPN612/testingJSON/user269/user269.json,idx_50
pinch,trainingSamples,raw_data/EMG-EPN612/testingJSON/user269/user269.json,idx_51
pinch,trainingSamples,raw_data/EMG-EPN612/testingJSON/user269/user269.json,idx_52
pinch,trainingSamples,raw_data/EMG-EPN612/testingJSON/user269/user269.json,idx_53
pinch,trainingSamples,raw_data/EMG-EPN612/testingJSON/user269/user269.json,idx_54
pinch,trainingSamples,raw_data/EMG-EPN612/testingJSON/user269/user269.json,idx_55
pinch,trainingSamples,raw_data/EMG-EPN612/testingJSON/user269/user269.json,idx_56
pinch,trainingSamples,raw_data/EMG-EPN612/testingJSON/user269/user269.json,idx_57
pinch,trainingSamples,raw_data/EMG-EPN612/testingJSON/user269/user269.json,idx_58
pinch,trainingSamples,raw_data/EMG-EPN612/testingJSON/user269/user269.json,idx_59
pinch,trainingSamples,raw_data/EMG-EPN612/testingJSON/user269/user269.json,idx_60
pinch,trainingSamples,raw_data/EMG-EPN612/testingJSON/user269/user269.json,idx_61
pinch,trainingSamples,raw_data/EMG-EPN612/testingJSON/user269/user269.json,idx_62
pinch,trainingSamples,raw_data/EMG-EPN612/testingJSON/user269/user269.json,idx_63
pinch,trainingSamples,raw_data/EMG-EPN612/testingJSON/user269/user269.json,idx_64
pinch,trainingSamples,raw_data/EMG-EPN612/testingJSON/user269/user269.json,idx_65
pinch,trainingSamples,raw_data/EMG-EPN612/testingJSON/user269/user269.json,idx_66
pinch,trainingSamples,raw_data/EMG-EPN612/testingJSON/user269/user269.json,idx_67
pinch,trainingSamples,raw_data/EMG-EPN612/testingJSON/user269/user269.json,idx_68
pinch,trainingSamples,raw_data/EMG-EPN612/testingJSON/user269/user269.json,idx_69
pinch,trainingSamples,raw_data/EMG-EPN612/testingJSON/user269/user269.json,idx_70
pinch,trainingSamples,raw_data/EMG-EPN612/testingJSON/user269/user269.json,idx_71
pinch,trainingSamples,raw_data/EMG-EPN612/testingJSON/user269/user269.json,idx_72
pinch,trainingSamples,raw_data/EMG-EPN612/testingJSON/user269/user269.json,idx_73
pinch,trainingSamples,raw_data/EMG-EPN612/testingJSON/user269/user269.json,idx_74
pinch,trainingSamples,raw_data/EMG-EPN612/testingJSON/user269/user269.json,idx_75
open,trainingSamples,raw_data/EMG-EPN612/testingJSON/user269/user269.json,idx_76
open,trainingSamples,raw_data/EMG-EPN612/testingJSON/user269/user269.json,idx_77
open,trainingSamples,raw_data/EMG-EPN612/testingJSON/user269/user269.json,idx_78
open,trainingSamples,raw_data/EMG-EPN612/testingJSON/user269/user269.json,idx_79
open,trainingSamples,raw_data/EMG-EPN612/testingJSON/user269/user269.json,idx_80
open,trainingSamples,raw_data/EMG-EPN612/testingJSON/user269/user269.json,idx_81
open,trainingSamples,raw_data/EMG-EPN612/testingJSON/user269/user269.json,idx_82
open,trainingSamples,raw_data/EMG-EPN612/testingJSON/user269/user269.json,idx_83
open,trainingSamples,raw_data/EMG-EPN612/testingJSON/user269/user269.json,idx_84
open,trainingSamples,raw_data/EMG-EPN612/testingJSON/user269/user269.json,idx_85
open,trainingSamples,raw_data/EMG-EPN612/testingJSON/user269/user269.json,idx_86
open,trainingSamples,raw_data/EMG-EPN612/testingJSON/user269/user269.json,idx_87
open,trainingSamples,raw_data/EMG-EPN612/testingJSON/user269/user269.json,idx_88
open,trainingSamples,raw_data/EMG-EPN612/testingJSON/user269/user269.json,idx_89
open,trainingSamples,raw_data/EMG-EPN612/testingJSON/user269/user269.json,idx_90
open,trainingSamples,raw_data/EMG-EPN612/testingJSON/user269/user269.json,idx_91
open,trainingSamples,raw_data/EMG-EPN612/testingJSON/user269/user269.json,idx_92
open,trainingSamples,raw_data/EMG-EPN612/testingJSON/user269/user269.json,idx_93
open,trainingSamples,raw_data/EMG-EPN612/testingJSON/user269/user269.json,idx_94
open,trainingSamples,raw_data/EMG-EPN612/testingJSON/user269/user269.json,idx_95
open,trainingSamples,raw_data/EMG-EPN612/testingJSON/user269/user269.json,idx_96
open,trainingSamples,raw_data/EMG-EPN612/testingJSON/user269/user269.json,idx_97
open,trainingSamples,raw_data/EMG-EPN612/testingJSON/user269/user269.json,idx_98
open,trainingSamples,raw_data/EMG-EPN612/testingJSON/user269/user269.json,idx_99
open,trainingSamples,raw_data/EMG-EPN612/testingJSON/user269/user269.json,idx_100
fist,trainingSamples,raw_data/EMG-EPN612/testingJSON/user269/user269.json,idx_101
fist,trainingSamples,raw_data/EMG-EPN612/testingJSON/user269/user269.json,idx_102
fist,trainingSamples,raw_data/EMG-EPN612/testingJSON/user269/user269.json,idx_103
fist,trainingSamples,raw_data/EMG-EPN612/testingJSON/user269/user269.json,idx_104
fist,trainingSamples,raw_data/EMG-EPN612/testingJSON/user269/user269.json,idx_105
fist,trainingSamples,raw_data/EMG-EPN612/testingJSON/user269/user269.json,idx_106
fist,trainingSamples,raw_data/EMG-EPN612/testingJSON/user269/user269.json,idx_107
fist,trainingSamples,raw_data/EMG-EPN612/testingJSON/user269/user269.json,idx_108
fist,trainingSamples,raw_data/EMG-EPN612/testingJSON/user269/user269.json,idx_109
fist,trainingSamples,raw_data/EMG-EPN612/testingJSON/user269/user269.json,idx_110
fist,trainingSamples,raw_data/EMG-EPN612/testingJSON/user269/user269.json,idx_111
fist,trainingSamples,raw_data/EMG-EPN612/testingJSON/user269/user269.json,idx_112
fist,trainingSamples,raw_data/EMG-EPN612/testingJSON/user269/user269.json,idx_113
fist,trainingSamples,raw_data/EMG-EPN612/testingJSON/user269/user269.json,idx_114
fist,trainingSamples,raw_data/EMG-EPN612/testingJSON/user269/user269.json,idx_115
fist,trainingSamples,raw_data/EMG-EPN612/testingJSON/user269/user269.json,idx_116
fist,trainingSamples,raw_data/EMG-EPN612/testingJSON/user269/user269.json,idx_117
fist,trainingSamples,raw_data/EMG-EPN612/testingJSON/user269/user269.json,idx_118
fist,trainingSamples,raw_data/EMG-EPN612/testingJSON/user269/user269.json,idx_119
fist,trainingSamples,raw_data/EMG-EPN612/testingJSON/user269/user269.json,idx_120
fist,trainingSamples,raw_data/EMG-EPN612/testingJSON/user269/user269.json,idx_121
fist,trainingSamples,raw_data/EMG-EPN612/testingJSON/user269/user269.json,idx_122
fist,trainingSamples,raw_data/EMG-EPN612/testingJSON/user269/user269.json,idx_123
fist,trainingSamples,raw_data/EMG-EPN612/testingJSON/user269/user269.json,idx_124
fist,trainingSamples,raw_data/EMG-EPN612/testingJSON/user269/user269.json,idx_125
waveIn,trainingSamples,raw_data/EMG-EPN612/testingJSON/user269/user269.json,idx_126
waveIn,trainingSamples,raw_data/EMG-EPN612/testingJSON/user269/user269.json,idx_127
waveIn,trainingSamples,raw_data/EMG-EPN612/testingJSON/user269/user269.json,idx_128
waveIn,trainingSamples,raw_data/EMG-EPN612/testingJSON/user269/user269.json,idx_129
waveIn,trainingSamples,raw_data/EMG-EPN612/testingJSON/user269/user269.json,idx_130
waveIn,trainingSamples,raw_data/EMG-EPN612/testingJSON/user269/user269.json,idx_131
waveIn,trainingSamples,raw_data/EMG-EPN612/testingJSON/user269/user269.json,idx_132
waveIn,trainingSamples,raw_data/EMG-EPN612/testingJSON/user269/user269.json,idx_133
waveIn,trainingSamples,raw_data/EMG-EPN612/testingJSON/user269/user269.json,idx_134
waveIn,trainingSamples,raw_data/EMG-EPN612/testingJSON/user269/user269.json,idx_135
waveIn,trainingSamples,raw_data/EMG-EPN612/testingJSON/user269/user269.json,idx_136
waveIn,trainingSamples,raw_data/EMG-EPN612/testingJSON/user269/user269.json,idx_137
waveIn,trainingSamples,raw_data/EMG-EPN612/testingJSON/user269/user269.json,idx_138
waveIn,trainingSamples,raw_data/EMG-EPN612/testingJSON/user269/user269.json,idx_139
waveIn,trainingSamples,raw_data/EMG-EPN612/testingJSON/user269/user269.json,idx_140
waveIn,trainingSamples,raw_data/EMG-EPN612/testingJSON/user269/user269.json,idx_141
waveIn,trainingSamples,raw_data/EMG-EPN612/testingJSON/user269/user269.json,idx_142
waveIn,trainingSamples,raw_data/EMG-EPN612/testingJSON/user269/user269.json,idx_143
waveIn,trainingSamples,raw_data/EMG-EPN612/testingJSON/user269/user269.json,idx_144
waveIn,trainingSamples,raw_data/EMG-EPN612/testingJSON/user269/user269.json,idx_145
waveIn,trainingSamples,raw_data/EMG-EPN612/testingJSON/user269/user269.json,idx_146
waveIn,trainingSamples,raw_data/EMG-EPN612/testingJSON/user269/user269.json,idx_147
waveIn,trainingSamples,raw_data/EMG-EPN612/testingJSON/user269/user269.json,idx_148
waveIn,trainingSamples,raw_data/EMG-EPN612/testingJSON/user269/user269.json,idx_149
waveIn,trainingSamples,raw_data/EMG-EPN612/testingJSON/user269/user269.json,idx_150
noGesture,trainingSamples,raw_data/EMG-EPN612/testingJSON/user27/user27.json,idx_1
noGesture,trainingSamples,raw_data/EMG-EPN612/testingJSON/user27/user27.json,idx_2
noGesture,trainingSamples,raw_data/EMG-EPN612/testingJSON/user27/user27.json,idx_3
noGesture,trainingSamples,raw_data/EMG-EPN612/testingJSON/user27/user27.json,idx_4
noGesture,trainingSamples,raw_data/EMG-EPN612/testingJSON/user27/user27.json,idx_5
noGesture,trainingSamples,raw_data/EMG-EPN612/testingJSON/user27/user27.json,idx_6
noGesture,trainingSamples,raw_data/EMG-EPN612/testingJSON/user27/user27.json,idx_7
noGesture,trainingSamples,raw_data/EMG-EPN612/testingJSON/user27/user27.json,idx_8
noGesture,trainingSamples,raw_data/EMG-EPN612/testingJSON/user27/user27.json,idx_9
noGesture,trainingSamples,raw_data/EMG-EPN612/testingJSON/user27/user27.json,idx_10
noGesture,trainingSamples,raw_data/EMG-EPN612/testingJSON/user27/user27.json,idx_11
noGesture,trainingSamples,raw_data/EMG-EPN612/testingJSON/user27/user27.json,idx_12
noGesture,trainingSamples,raw_data/EMG-EPN612/testingJSON/user27/user27.json,idx_13
noGesture,trainingSamples,raw_data/EMG-EPN612/testingJSON/user27/user27.json,idx_14
noGesture,trainingSamples,raw_data/EMG-EPN612/testingJSON/user27/user27.json,idx_15
noGesture,trainingSamples,raw_data/EMG-EPN612/testingJSON/user27/user27.json,idx_16
noGesture,trainingSamples,raw_data/EMG-EPN612/testingJSON/user27/user27.json,idx_17
noGesture,trainingSamples,raw_data/EMG-EPN612/testingJSON/user27/user27.json,idx_18
noGesture,trainingSamples,raw_data/EMG-EPN612/testingJSON/user27/user27.json,idx_19
noGesture,trainingSamples,raw_data/EMG-EPN612/testingJSON/user27/user27.json,idx_20
noGesture,trainingSamples,raw_data/EMG-EPN612/testingJSON/user27/user27.json,idx_21
noGesture,trainingSamples,raw_data/EMG-EPN612/testingJSON/user27/user27.json,idx_22
noGesture,trainingSamples,raw_data/EMG-EPN612/testingJSON/user27/user27.json,idx_23
noGesture,trainingSamples,raw_data/EMG-EPN612/testingJSON/user27/user27.json,idx_24
noGesture,trainingSamples,raw_data/EMG-EPN612/testingJSON/user27/user27.json,idx_25
waveOut,trainingSamples,raw_data/EMG-EPN612/testingJSON/user27/user27.json,idx_26
waveOut,trainingSamples,raw_data/EMG-EPN612/testingJSON/user27/user27.json,idx_27
waveOut,trainingSamples,raw_data/EMG-EPN612/testingJSON/user27/user27.json,idx_28
waveOut,trainingSamples,raw_data/EMG-EPN612/testingJSON/user27/user27.json,idx_29
waveOut,trainingSamples,raw_data/EMG-EPN612/testingJSON/user27/user27.json,idx_30
waveOut,trainingSamples,raw_data/EMG-EPN612/testingJSON/user27/user27.json,idx_31
waveOut,trainingSamples,raw_data/EMG-EPN612/testingJSON/user27/user27.json,idx_32
waveOut,trainingSamples,raw_data/EMG-EPN612/testingJSON/user27/user27.json,idx_33
waveOut,trainingSamples,raw_data/EMG-EPN612/testingJSON/user27/user27.json,idx_34
waveOut,trainingSamples,raw_data/EMG-EPN612/testingJSON/user27/user27.json,idx_35
waveOut,trainingSamples,raw_data/EMG-EPN612/testingJSON/user27/user27.json,idx_36
waveOut,trainingSamples,raw_data/EMG-EPN612/testingJSON/user27/user27.json,idx_37
waveOut,trainingSamples,raw_data/EMG-EPN612/testingJSON/user27/user27.json,idx_38
waveOut,trainingSamples,raw_data/EMG-EPN612/testingJSON/user27/user27.json,idx_39
waveOut,trainingSamples,raw_data/EMG-EPN612/testingJSON/user27/user27.json,idx_40
waveOut,trainingSamples,raw_data/EMG-EPN612/testingJSON/user27/user27.json,idx_41
waveOut,trainingSamples,raw_data/EMG-EPN612/testingJSON/user27/user27.json,idx_42
waveOut,trainingSamples,raw_data/EMG-EPN612/testingJSON/user27/user27.json,idx_43
waveOut,trainingSamples,raw_data/EMG-EPN612/testingJSON/user27/user27.json,idx_44
waveOut,trainingSamples,raw_data/EMG-EPN612/testingJSON/user27/user27.json,idx_45
waveOut,trainingSamples,raw_data/EMG-EPN612/testingJSON/user27/user27.json,idx_46
waveOut,trainingSamples,raw_data/EMG-EPN612/testingJSON/user27/user27.json,idx_47
waveOut,trainingSamples,raw_data/EMG-EPN612/testingJSON/user27/user27.json,idx_48
waveOut,trainingSamples,raw_data/EMG-EPN612/testingJSON/user27/user27.json,idx_49
waveOut,trainingSamples,raw_data/EMG-EPN612/testingJSON/user27/user27.json,idx_50
pinch,trainingSamples,raw_data/EMG-EPN612/testingJSON/user27/user27.json,idx_51
pinch,trainingSamples,raw_data/EMG-EPN612/testingJSON/user27/user27.json,idx_52
pinch,trainingSamples,raw_data/EMG-EPN612/testingJSON/user27/user27.json,idx_53
pinch,trainingSamples,raw_data/EMG-EPN612/testingJSON/user27/user27.json,idx_54
pinch,trainingSamples,raw_data/EMG-EPN612/testingJSON/user27/user27.json,idx_55
pinch,trainingSamples,raw_data/EMG-EPN612/testingJSON/user27/user27.json,idx_56
pinch,trainingSamples,raw_data/EMG-EPN612/testingJSON/user27/user27.json,idx_57
pinch,trainingSamples,raw_data/EMG-EPN612/testingJSON/user27/user27.json,idx_58
pinch,trainingSamples,raw_data/EMG-EPN612/testingJSON/user27/user27.json,idx_59
pinch,trainingSamples,raw_data/EMG-EPN612/testingJSON/user27/user27.json,idx_60
pinch,trainingSamples,raw_data/EMG-EPN612/testingJSON/user27/user27.json,idx_61
pinch,trainingSamples,raw_data/EMG-EPN612/testingJSON/user27/user27.json,idx_62
pinch,trainingSamples,raw_data/EMG-EPN612/testingJSON/user27/user27.json,idx_63
pinch,trainingSamples,raw_data/EMG-EPN612/testingJSON/user27/user27.json,idx_64
pinch,trainingSamples,raw_data/EMG-EPN612/testingJSON/user27/user27.json,idx_65
pinch,trainingSamples,raw_data/EMG-EPN612/testingJSON/user27/user27.json,idx_66
pinch,trainingSamples,raw_data/EMG-EPN612/testingJSON/user27/user27.json,idx_67
pinch,trainingSamples,raw_data/EMG-EPN612/testingJSON/user27/user27.json,idx_68
pinch,trainingSamples,raw_data/EMG-EPN612/testingJSON/user27/user27.json,idx_69
pinch,trainingSamples,raw_data/EMG-EPN612/testingJSON/user27/user27.json,idx_70
pinch,trainingSamples,raw_data/EMG-EPN612/testingJSON/user27/user27.json,idx_71
pinch,trainingSamples,raw_data/EMG-EPN612/testingJSON/user27/user27.json,idx_72
pinch,trainingSamples,raw_data/EMG-EPN612/testingJSON/user27/user27.json,idx_73
pinch,trainingSamples,raw_data/EMG-EPN612/testingJSON/user27/user27.json,idx_74
pinch,trainingSamples,raw_data/EMG-EPN612/testingJSON/user27/user27.json,idx_75
fist,trainingSamples,raw_data/EMG-EPN612/testingJSON/user27/user27.json,idx_76
fist,trainingSamples,raw_data/EMG-EPN612/testingJSON/user27/user27.json,idx_77
fist,trainingSamples,raw_data/EMG-EPN612/testingJSON/user27/user27.json,idx_78
fist,trainingSamples,raw_data/EMG-EPN612/testingJSON/user27/user27.json,idx_79
fist,trainingSamples,raw_data/EMG-EPN612/testingJSON/user27/user27.json,idx_80
fist,trainingSamples,raw_data/EMG-EPN612/testingJSON/user27/user27.json,idx_81
fist,trainingSamples,raw_data/EMG-EPN612/testingJSON/user27/user27.json,idx_82
fist,trainingSamples,raw_data/EMG-EPN612/testingJSON/user27/user27.json,idx_83
fist,trainingSamples,raw_data/EMG-EPN612/testingJSON/user27/user27.json,idx_84
fist,trainingSamples,raw_data/EMG-EPN612/testingJSON/user27/user27.json,idx_85
fist,trainingSamples,raw_data/EMG-EPN612/testingJSON/user27/user27.json,idx_86
fist,trainingSamples,raw_data/EMG-EPN612/testingJSON/user27/user27.json,idx_87
fist,trainingSamples,raw_data/EMG-EPN612/testingJSON/user27/user27.json,idx_88
fist,trainingSamples,raw_data/EMG-EPN612/testingJSON/user27/user27.json,idx_89
fist,trainingSamples,raw_data/EMG-EPN612/testingJSON/user27/user27.json,idx_90
fist,trainingSamples,raw_data/EMG-EPN612/testingJSON/user27/user27.json,idx_91
fist,trainingSamples,raw_data/EMG-EPN612/testingJSON/user27/user27.json,idx_92
fist,trainingSamples,raw_data/EMG-EPN612/testingJSON/user27/user27.json,idx_93
fist,trainingSamples,raw_data/EMG-EPN612/testingJSON/user27/user27.json,idx_94
fist,trainingSamples,raw_data/EMG-EPN612/testingJSON/user27/user27.json,idx_95
fist,trainingSamples,raw_data/EMG-EPN612/testingJSON/user27/user27.json,idx_96
fist,trainingSamples,raw_data/EMG-EPN612/testingJSON/user27/user27.json,idx_97
fist,trainingSamples,raw_data/EMG-EPN612/testingJSON/user27/user27.json,idx_98
fist,trainingSamples,raw_data/EMG-EPN612/testingJSON/user27/user27.json,idx_99
fist,trainingSamples,raw_data/EMG-EPN612/testingJSON/user27/user27.json,idx_100
waveIn,trainingSamples,raw_data/EMG-EPN612/testingJSON/user27/user27.json,idx_101
waveIn,trainingSamples,raw_data/EMG-EPN612/testingJSON/user27/user27.json,idx_102
waveIn,trainingSamples,raw_data/EMG-EPN612/testingJSON/user27/user27.json,idx_103
waveIn,trainingSamples,raw_data/EMG-EPN612/testingJSON/user27/user27.json,idx_104
waveIn,trainingSamples,raw_data/EMG-EPN612/testingJSON/user27/user27.json,idx_105
waveIn,trainingSamples,raw_data/EMG-EPN612/testingJSON/user27/user27.json,idx_106
waveIn,trainingSamples,raw_data/EMG-EPN612/testingJSON/user27/user27.json,idx_107
waveIn,trainingSamples,raw_data/EMG-EPN612/testingJSON/user27/user27.json,idx_108
waveIn,trainingSamples,raw_data/EMG-EPN612/testingJSON/user27/user27.json,idx_109
waveIn,trainingSamples,raw_data/EMG-EPN612/testingJSON/user27/user27.json,idx_110
waveIn,trainingSamples,raw_data/EMG-EPN612/testingJSON/user27/user27.json,idx_111
waveIn,trainingSamples,raw_data/EMG-EPN612/testingJSON/user27/user27.json,idx_112
waveIn,trainingSamples,raw_data/EMG-EPN612/testingJSON/user27/user27.json,idx_113
waveIn,trainingSamples,raw_data/EMG-EPN612/testingJSON/user27/user27.json,idx_114
waveIn,trainingSamples,raw_data/EMG-EPN612/testingJSON/user27/user27.json,idx_115
waveIn,trainingSamples,raw_data/EMG-EPN612/testingJSON/user27/user27.json,idx_116
waveIn,trainingSamples,raw_data/EMG-EPN612/testingJSON/user27/user27.json,idx_117
waveIn,trainingSamples,raw_data/EMG-EPN612/testingJSON/user27/user27.json,idx_118
waveIn,trainingSamples,raw_data/EMG-EPN612/testingJSON/user27/user27.json,idx_119
waveIn,trainingSamples,raw_data/EMG-EPN612/testingJSON/user27/user27.json,idx_120
waveIn,trainingSamples,raw_data/EMG-EPN612/testingJSON/user27/user27.json,idx_121
waveIn,trainingSamples,raw_data/EMG-EPN612/testingJSON/user27/user27.json,idx_122
waveIn,trainingSamples,raw_data/EMG-EPN612/testingJSON/user27/user27.json,idx_123
waveIn,trainingSamples,raw_data/EMG-EPN612/testingJSON/user27/user27.json,idx_124
waveIn,trainingSamples,raw_data/EMG-EPN612/testingJSON/user27/user27.json,idx_125
open,trainingSamples,raw_data/EMG-EPN612/testingJSON/user27/user27.json,idx_126
open,trainingSamples,raw_data/EMG-EPN612/testingJSON/user27/user27.json,idx_127
open,trainingSamples,raw_data/EMG-EPN612/testingJSON/user27/user27.json,idx_128
open,trainingSamples,raw_data/EMG-EPN612/testingJSON/user27/user27.json,idx_129
open,trainingSamples,raw_data/EMG-EPN612/testingJSON/user27/user27.json,idx_130
open,trainingSamples,raw_data/EMG-EPN612/testingJSON/user27/user27.json,idx_131
open,trainingSamples,raw_data/EMG-EPN612/testingJSON/user27/user27.json,idx_132
open,trainingSamples,raw_data/EMG-EPN612/testingJSON/user27/user27.json,idx_133
open,trainingSamples,raw_data/EMG-EPN612/testingJSON/user27/user27.json,idx_134
open,trainingSamples,raw_data/EMG-EPN612/testingJSON/user27/user27.json,idx_135
open,trainingSamples,raw_data/EMG-EPN612/testingJSON/user27/user27.json,idx_136
open,trainingSamples,raw_data/EMG-EPN612/testingJSON/user27/user27.json,idx_137
open,trainingSamples,raw_data/EMG-EPN612/testingJSON/user27/user27.json,idx_138
open,trainingSamples,raw_data/EMG-EPN612/testingJSON/user27/user27.json,idx_139
open,trainingSamples,raw_data/EMG-EPN612/testingJSON/user27/user27.json,idx_140
open,trainingSamples,raw_data/EMG-EPN612/testingJSON/user27/user27.json,idx_141
open,trainingSamples,raw_data/EMG-EPN612/testingJSON/user27/user27.json,idx_142
open,trainingSamples,raw_data/EMG-EPN612/testingJSON/user27/user27.json,idx_143
open,trainingSamples,raw_data/EMG-EPN612/testingJSON/user27/user27.json,idx_144
open,trainingSamples,raw_data/EMG-EPN612/testingJSON/user27/user27.json,idx_145
open,trainingSamples,raw_data/EMG-EPN612/testingJSON/user27/user27.json,idx_146
open,trainingSamples,raw_data/EMG-EPN612/testingJSON/user27/user27.json,idx_147
open,trainingSamples,raw_data/EMG-EPN612/testingJSON/user27/user27.json,idx_148
open,trainingSamples,raw_data/EMG-EPN612/testingJSON/user27/user27.json,idx_149
open,trainingSamples,raw_data/EMG-EPN612/testingJSON/user27/user27.json,idx_150
noGesture,trainingSamples,raw_data/EMG-EPN612/testingJSON/user270/user270.json,idx_1
noGesture,trainingSamples,raw_data/EMG-EPN612/testingJSON/user270/user270.json,idx_2
noGesture,trainingSamples,raw_data/EMG-EPN612/testingJSON/user270/user270.json,idx_3
noGesture,trainingSamples,raw_data/EMG-EPN612/testingJSON/user270/user270.json,idx_4
noGesture,trainingSamples,raw_data/EMG-EPN612/testingJSON/user270/user270.json,idx_5
noGesture,trainingSamples,raw_data/EMG-EPN612/testingJSON/user270/user270.json,idx_6
noGesture,trainingSamples,raw_data/EMG-EPN612/testingJSON/user270/user270.json,idx_7
noGesture,trainingSamples,raw_data/EMG-EPN612/testingJSON/user270/user270.json,idx_8
noGesture,trainingSamples,raw_data/EMG-EPN612/testingJSON/user270/user270.json,idx_9
noGesture,trainingSamples,raw_data/EMG-EPN612/testingJSON/user270/user270.json,idx_10
noGesture,trainingSamples,raw_data/EMG-EPN612/testingJSON/user270/user270.json,idx_11
noGesture,trainingSamples,raw_data/EMG-EPN612/testingJSON/user270/user270.json,idx_12
noGesture,trainingSamples,raw_data/EMG-EPN612/testingJSON/user270/user270.json,idx_13
noGesture,trainingSamples,raw_data/EMG-EPN612/testingJSON/user270/user270.json,idx_14
noGesture,trainingSamples,raw_data/EMG-EPN612/testingJSON/user270/user270.json,idx_15
noGesture,trainingSamples,raw_data/EMG-EPN612/testingJSON/user270/user270.json,idx_16
noGesture,trainingSamples,raw_data/EMG-EPN612/testingJSON/user270/user270.json,idx_17
noGesture,trainingSamples,raw_data/EMG-EPN612/testingJSON/user270/user270.json,idx_18
noGesture,trainingSamples,raw_data/EMG-EPN612/testingJSON/user270/user270.json,idx_19
noGesture,trainingSamples,raw_data/EMG-EPN612/testingJSON/user270/user270.json,idx_20
noGesture,trainingSamples,raw_data/EMG-EPN612/testingJSON/user270/user270.json,idx_21
noGesture,trainingSamples,raw_data/EMG-EPN612/testingJSON/user270/user270.json,idx_22
noGesture,trainingSamples,raw_data/EMG-EPN612/testingJSON/user270/user270.json,idx_23
noGesture,trainingSamples,raw_data/EMG-EPN612/testingJSON/user270/user270.json,idx_24
noGesture,trainingSamples,raw_data/EMG-EPN612/testingJSON/user270/user270.json,idx_25
waveOut,trainingSamples,raw_data/EMG-EPN612/testingJSON/user270/user270.json,idx_26
waveOut,trainingSamples,raw_data/EMG-EPN612/testingJSON/user270/user270.json,idx_27
waveOut,trainingSamples,raw_data/EMG-EPN612/testingJSON/user270/user270.json,idx_28
waveOut,trainingSamples,raw_data/EMG-EPN612/testingJSON/user270/user270.json,idx_29
waveOut,trainingSamples,raw_data/EMG-EPN612/testingJSON/user270/user270.json,idx_30
waveOut,trainingSamples,raw_data/EMG-EPN612/testingJSON/user270/user270.json,idx_31
waveOut,trainingSamples,raw_data/EMG-EPN612/testingJSON/user270/user270.json,idx_32
waveOut,trainingSamples,raw_data/EMG-EPN612/testingJSON/user270/user270.json,idx_33
waveOut,trainingSamples,raw_data/EMG-EPN612/testingJSON/user270/user270.json,idx_34
waveOut,trainingSamples,raw_data/EMG-EPN612/testingJSON/user270/user270.json,idx_35
waveOut,trainingSamples,raw_data/EMG-EPN612/testingJSON/user270/user270.json,idx_36
waveOut,trainingSamples,raw_data/EMG-EPN612/testingJSON/user270/user270.json,idx_37
waveOut,trainingSamples,raw_data/EMG-EPN612/testingJSON/user270/user270.json,idx_38
waveOut,trainingSamples,raw_data/EMG-EPN612/testingJSON/user270/user270.json,idx_39
waveOut,trainingSamples,raw_data/EMG-EPN612/testingJSON/user270/user270.json,idx_40
waveOut,trainingSamples,raw_data/EMG-EPN612/testingJSON/user270/user270.json,idx_41
waveOut,trainingSamples,raw_data/EMG-EPN612/testingJSON/user270/user270.json,idx_42
waveOut,trainingSamples,raw_data/EMG-EPN612/testingJSON/user270/user270.json,idx_43
waveOut,trainingSamples,raw_data/EMG-EPN612/testingJSON/user270/user270.json,idx_44
waveOut,trainingSamples,raw_data/EMG-EPN612/testingJSON/user270/user270.json,idx_45
waveOut,trainingSamples,raw_data/EMG-EPN612/testingJSON/user270/user270.json,idx_46
waveOut,trainingSamples,raw_data/EMG-EPN612/testingJSON/user270/user270.json,idx_47
waveOut,trainingSamples,raw_data/EMG-EPN612/testingJSON/user270/user270.json,idx_48
waveOut,trainingSamples,raw_data/EMG-EPN612/testingJSON/user270/user270.json,idx_49
waveOut,trainingSamples,raw_data/EMG-EPN612/testingJSON/user270/user270.json,idx_50
pinch,trainingSamples,raw_data/EMG-EPN612/testingJSON/user270/user270.json,idx_51
pinch,trainingSamples,raw_data/EMG-EPN612/testingJSON/user270/user270.json,idx_52
pinch,trainingSamples,raw_data/EMG-EPN612/testingJSON/user270/user270.json,idx_53
pinch,trainingSamples,raw_data/EMG-EPN612/testingJSON/user270/user270.json,idx_54
pinch,trainingSamples,raw_data/EMG-EPN612/testingJSON/user270/user270.json,idx_55
pinch,trainingSamples,raw_data/EMG-EPN612/testingJSON/user270/user270.json,idx_56
pinch,trainingSamples,raw_data/EMG-EPN612/testingJSON/user270/user270.json,idx_57
pinch,trainingSamples,raw_data/EMG-EPN612/testingJSON/user270/user270.json,idx_58
pinch,trainingSamples,raw_data/EMG-EPN612/testingJSON/user270/user270.json,idx_59
pinch,trainingSamples,raw_data/EMG-EPN612/testingJSON/user270/user270.json,idx_60
pinch,trainingSamples,raw_data/EMG-EPN612/testingJSON/user270/user270.json,idx_61
pinch,trainingSamples,raw_data/EMG-EPN612/testingJSON/user270/user270.json,idx_62
pinch,trainingSamples,raw_data/EMG-EPN612/testingJSON/user270/user270.json,idx_63
pinch,trainingSamples,raw_data/EMG-EPN612/testingJSON/user270/user270.json,idx_64
pinch,trainingSamples,raw_data/EMG-EPN612/testingJSON/user270/user270.json,idx_65
pinch,trainingSamples,raw_data/EMG-EPN612/testingJSON/user270/user270.json,idx_66
pinch,trainingSamples,raw_data/EMG-EPN612/testingJSON/user270/user270.json,idx_67
pinch,trainingSamples,raw_data/EMG-EPN612/testingJSON/user270/user270.json,idx_68
pinch,trainingSamples,raw_data/EMG-EPN612/testingJSON/user270/user270.json,idx_69
pinch,trainingSamples,raw_data/EMG-EPN612/testingJSON/user270/user270.json,idx_70
pinch,trainingSamples,raw_data/EMG-EPN612/testingJSON/user270/user270.json,idx_71
pinch,trainingSamples,raw_data/EMG-EPN612/testingJSON/user270/user270.json,idx_72
pinch,trainingSamples,raw_data/EMG-EPN612/testingJSON/user270/user270.json,idx_73
pinch,trainingSamples,raw_data/EMG-EPN612/testingJSON/user270/user270.json,idx_74
pinch,trainingSamples,raw_data/EMG-EPN612/testingJSON/user270/user270.json,idx_75
fist,trainingSamples,raw_data/EMG-EPN612/testingJSON/user270/user270.json,idx_76
fist,trainingSamples,raw_data/EMG-EPN612/testingJSON/user270/user270.json,idx_77
fist,trainingSamples,raw_data/EMG-EPN612/testingJSON/user270/user270.json,idx_78
fist,trainingSamples,raw_data/EMG-EPN612/testingJSON/user270/user270.json,idx_79
fist,trainingSamples,raw_data/EMG-EPN612/testingJSON/user270/user270.json,idx_80
fist,trainingSamples,raw_data/EMG-EPN612/testingJSON/user270/user270.json,idx_81
fist,trainingSamples,raw_data/EMG-EPN612/testingJSON/user270/user270.json,idx_82
fist,trainingSamples,raw_data/EMG-EPN612/testingJSON/user270/user270.json,idx_83
fist,trainingSamples,raw_data/EMG-EPN612/testingJSON/user270/user270.json,idx_84
fist,trainingSamples,raw_data/EMG-EPN612/testingJSON/user270/user270.json,idx_85
fist,trainingSamples,raw_data/EMG-EPN612/testingJSON/user270/user270.json,idx_86
fist,trainingSamples,raw_data/EMG-EPN612/testingJSON/user270/user270.json,idx_87
fist,trainingSamples,raw_data/EMG-EPN612/testingJSON/user270/user270.json,idx_88
fist,trainingSamples,raw_data/EMG-EPN612/testingJSON/user270/user270.json,idx_89
fist,trainingSamples,raw_data/EMG-EPN612/testingJSON/user270/user270.json,idx_90
fist,trainingSamples,raw_data/EMG-EPN612/testingJSON/user270/user270.json,idx_91
fist,trainingSamples,raw_data/EMG-EPN612/testingJSON/user270/user270.json,idx_92
fist,trainingSamples,raw_data/EMG-EPN612/testingJSON/user270/user270.json,idx_93
fist,trainingSamples,raw_data/EMG-EPN612/testingJSON/user270/user270.json,idx_94
fist,trainingSamples,raw_data/EMG-EPN612/testingJSON/user270/user270.json,idx_95
fist,trainingSamples,raw_data/EMG-EPN612/testingJSON/user270/user270.json,idx_96
fist,trainingSamples,raw_data/EMG-EPN612/testingJSON/user270/user270.json,idx_97
fist,trainingSamples,raw_data/EMG-EPN612/testingJSON/user270/user270.json,idx_98
fist,trainingSamples,raw_data/EMG-EPN612/testingJSON/user270/user270.json,idx_99
fist,trainingSamples,raw_data/EMG-EPN612/testingJSON/user270/user270.json,idx_100
waveIn,trainingSamples,raw_data/EMG-EPN612/testingJSON/user270/user270.json,idx_101
waveIn,trainingSamples,raw_data/EMG-EPN612/testingJSON/user270/user270.json,idx_102
waveIn,trainingSamples,raw_data/EMG-EPN612/testingJSON/user270/user270.json,idx_103
waveIn,trainingSamples,raw_data/EMG-EPN612/testingJSON/user270/user270.json,idx_104
waveIn,trainingSamples,raw_data/EMG-EPN612/testingJSON/user270/user270.json,idx_105
waveIn,trainingSamples,raw_data/EMG-EPN612/testingJSON/user270/user270.json,idx_106
waveIn,trainingSamples,raw_data/EMG-EPN612/testingJSON/user270/user270.json,idx_107
waveIn,trainingSamples,raw_data/EMG-EPN612/testingJSON/user270/user270.json,idx_108
waveIn,trainingSamples,raw_data/EMG-EPN612/testingJSON/user270/user270.json,idx_109
waveIn,trainingSamples,raw_data/EMG-EPN612/testingJSON/user270/user270.json,idx_110
waveIn,trainingSamples,raw_data/EMG-EPN612/testingJSON/user270/user270.json,idx_111
waveIn,trainingSamples,raw_data/EMG-EPN612/testingJSON/user270/user270.json,idx_112
waveIn,trainingSamples,raw_data/EMG-EPN612/testingJSON/user270/user270.json,idx_113
waveIn,trainingSamples,raw_data/EMG-EPN612/testingJSON/user270/user270.json,idx_114
waveIn,trainingSamples,raw_data/EMG-EPN612/testingJSON/user270/user270.json,idx_115
waveIn,trainingSamples,raw_data/EMG-EPN612/testingJSON/user270/user270.json,idx_116
waveIn,trainingSamples,raw_data/EMG-EPN612/testingJSON/user270/user270.json,idx_117
waveIn,trainingSamples,raw_data/EMG-EPN612/testingJSON/user270/user270.json,idx_118
waveIn,trainingSamples,raw_data/EMG-EPN612/testingJSON/user270/user270.json,idx_119
waveIn,trainingSamples,raw_data/EMG-EPN612/testingJSON/user270/user270.json,idx_120
waveIn,trainingSamples,raw_data/EMG-EPN612/testingJSON/user270/user270.json,idx_121
waveIn,trainingSamples,raw_data/EMG-EPN612/testingJSON/user270/user270.json,idx_122
waveIn,trainingSamples,raw_data/EMG-EPN612/testingJSON/user270/user270.json,idx_123
waveIn,trainingSamples,raw_data/EMG-EPN612/testingJSON/user270/user270.json,idx_124
waveIn,trainingSamples,raw_data/EMG-EPN612/testingJSON/user270/user270.json,idx_125
open,trainingSamples,raw_data/EMG-EPN612/testingJSON/user270/user270.json,idx_126
open,trainingSamples,raw_data/EMG-EPN612/testingJSON/user270/user270.json,idx_127
open,trainingSamples,raw_data/EMG-EPN612/testingJSON/user270/user270.json,idx_128
open,trainingSamples,raw_data/EMG-EPN612/testingJSON/user270/user270.json,idx_129
open,trainingSamples,raw_data/EMG-EPN612/testingJSON/user270/user270.json,idx_130
open,trainingSamples,raw_data/EMG-EPN612/testingJSON/user270/user270.json,idx_131
open,trainingSamples,raw_data/EMG-EPN612/testingJSON/user270/user270.json,idx_132
open,trainingSamples,raw_data/EMG-EPN612/testingJSON/user270/user270.json,idx_133
open,trainingSamples,raw_data/EMG-EPN612/testingJSON/user270/user270.json,idx_134
open,trainingSamples,raw_data/EMG-EPN612/testingJSON/user270/user270.json,idx_135
open,trainingSamples,raw_data/EMG-EPN612/testingJSON/user270/user270.json,idx_136
open,trainingSamples,raw_data/EMG-EPN612/testingJSON/user270/user270.json,idx_137
open,trainingSamples,raw_data/EMG-EPN612/testingJSON/user270/user270.json,idx_138
open,trainingSamples,raw_data/EMG-EPN612/testingJSON/user270/user270.json,idx_139
open,trainingSamples,raw_data/EMG-EPN612/testingJSON/user270/user270.json,idx_140
open,trainingSamples,raw_data/EMG-EPN612/testingJSON/user270/user270.json,idx_141
open,trainingSamples,raw_data/EMG-EPN612/testingJSON/user270/user270.json,idx_142
open,trainingSamples,raw_data/EMG-EPN612/testingJSON/user270/user270.json,idx_143
open,trainingSamples,raw_data/EMG-EPN612/testingJSON/user270/user270.json,idx_144
open,trainingSamples,raw_data/EMG-EPN612/testingJSON/user270/user270.json,idx_145
open,trainingSamples,raw_data/EMG-EPN612/testingJSON/user270/user270.json,idx_146
open,trainingSamples,raw_data/EMG-EPN612/testingJSON/user270/user270.json,idx_147
open,trainingSamples,raw_data/EMG-EPN612/testingJSON/user270/user270.json,idx_148
open,trainingSamples,raw_data/EMG-EPN612/testingJSON/user270/user270.json,idx_149
open,trainingSamples,raw_data/EMG-EPN612/testingJSON/user270/user270.json,idx_150
noGesture,trainingSamples,raw_data/EMG-EPN612/testingJSON/user271/user271.json,idx_1
noGesture,trainingSamples,raw_data/EMG-EPN612/testingJSON/user271/user271.json,idx_2
noGesture,trainingSamples,raw_data/EMG-EPN612/testingJSON/user271/user271.json,idx_3
noGesture,trainingSamples,raw_data/EMG-EPN612/testingJSON/user271/user271.json,idx_4
noGesture,trainingSamples,raw_data/EMG-EPN612/testingJSON/user271/user271.json,idx_5
noGesture,trainingSamples,raw_data/EMG-EPN612/testingJSON/user271/user271.json,idx_6
noGesture,trainingSamples,raw_data/EMG-EPN612/testingJSON/user271/user271.json,idx_7
noGesture,trainingSamples,raw_data/EMG-EPN612/testingJSON/user271/user271.json,idx_8
noGesture,trainingSamples,raw_data/EMG-EPN612/testingJSON/user271/user271.json,idx_9
noGesture,trainingSamples,raw_data/EMG-EPN612/testingJSON/user271/user271.json,idx_10
noGesture,trainingSamples,raw_data/EMG-EPN612/testingJSON/user271/user271.json,idx_11
noGesture,trainingSamples,raw_data/EMG-EPN612/testingJSON/user271/user271.json,idx_12
noGesture,trainingSamples,raw_data/EMG-EPN612/testingJSON/user271/user271.json,idx_13
noGesture,trainingSamples,raw_data/EMG-EPN612/testingJSON/user271/user271.json,idx_14
noGesture,trainingSamples,raw_data/EMG-EPN612/testingJSON/user271/user271.json,idx_15
noGesture,trainingSamples,raw_data/EMG-EPN612/testingJSON/user271/user271.json,idx_16
noGesture,trainingSamples,raw_data/EMG-EPN612/testingJSON/user271/user271.json,idx_17
noGesture,trainingSamples,raw_data/EMG-EPN612/testingJSON/user271/user271.json,idx_18
noGesture,trainingSamples,raw_data/EMG-EPN612/testingJSON/user271/user271.json,idx_19
noGesture,trainingSamples,raw_data/EMG-EPN612/testingJSON/user271/user271.json,idx_20
noGesture,trainingSamples,raw_data/EMG-EPN612/testingJSON/user271/user271.json,idx_21
noGesture,trainingSamples,raw_data/EMG-EPN612/testingJSON/user271/user271.json,idx_22
noGesture,trainingSamples,raw_data/EMG-EPN612/testingJSON/user271/user271.json,idx_23
noGesture,trainingSamples,raw_data/EMG-EPN612/testingJSON/user271/user271.json,idx_24
noGesture,trainingSamples,raw_data/EMG-EPN612/testingJSON/user271/user271.json,idx_25
open,trainingSamples,raw_data/EMG-EPN612/testingJSON/user271/user271.json,idx_26
open,trainingSamples,raw_data/EMG-EPN612/testingJSON/user271/user271.json,idx_27
open,trainingSamples,raw_data/EMG-EPN612/testingJSON/user271/user271.json,idx_28
open,trainingSamples,raw_data/EMG-EPN612/testingJSON/user271/user271.json,idx_29
open,trainingSamples,raw_data/EMG-EPN612/testingJSON/user271/user271.json,idx_30
open,trainingSamples,raw_data/EMG-EPN612/testingJSON/user271/user271.json,idx_31
open,trainingSamples,raw_data/EMG-EPN612/testingJSON/user271/user271.json,idx_32
open,trainingSamples,raw_data/EMG-EPN612/testingJSON/user271/user271.json,idx_33
open,trainingSamples,raw_data/EMG-EPN612/testingJSON/user271/user271.json,idx_34
open,trainingSamples,raw_data/EMG-EPN612/testingJSON/user271/user271.json,idx_35
open,trainingSamples,raw_data/EMG-EPN612/testingJSON/user271/user271.json,idx_36
open,trainingSamples,raw_data/EMG-EPN612/testingJSON/user271/user271.json,idx_37
open,trainingSamples,raw_data/EMG-EPN612/testingJSON/user271/user271.json,idx_38
open,trainingSamples,raw_data/EMG-EPN612/testingJSON/user271/user271.json,idx_39
open,trainingSamples,raw_data/EMG-EPN612/testingJSON/user271/user271.json,idx_40
open,trainingSamples,raw_data/EMG-EPN612/testingJSON/user271/user271.json,idx_41
open,trainingSamples,raw_data/EMG-EPN612/testingJSON/user271/user271.json,idx_42
open,trainingSamples,raw_data/EMG-EPN612/testingJSON/user271/user271.json,idx_43
open,trainingSamples,raw_data/EMG-EPN612/testingJSON/user271/user271.json,idx_44
open,trainingSamples,raw_data/EMG-EPN612/testingJSON/user271/user271.json,idx_45
open,trainingSamples,raw_data/EMG-EPN612/testingJSON/user271/user271.json,idx_46
open,trainingSamples,raw_data/EMG-EPN612/testingJSON/user271/user271.json,idx_47
open,trainingSamples,raw_data/EMG-EPN612/testingJSON/user271/user271.json,idx_48
open,trainingSamples,raw_data/EMG-EPN612/testingJSON/user271/user271.json,idx_49
open,trainingSamples,raw_data/EMG-EPN612/testingJSON/user271/user271.json,idx_50
fist,trainingSamples,raw_data/EMG-EPN612/testingJSON/user271/user271.json,idx_51
fist,trainingSamples,raw_data/EMG-EPN612/testingJSON/user271/user271.json,idx_52
fist,trainingSamples,raw_data/EMG-EPN612/testingJSON/user271/user271.json,idx_53
fist,trainingSamples,raw_data/EMG-EPN612/testingJSON/user271/user271.json,idx_54
fist,trainingSamples,raw_data/EMG-EPN612/testingJSON/user271/user271.json,idx_55
fist,trainingSamples,raw_data/EMG-EPN612/testingJSON/user271/user271.json,idx_56
fist,trainingSamples,raw_data/EMG-EPN612/testingJSON/user271/user271.json,idx_57
fist,trainingSamples,raw_data/EMG-EPN612/testingJSON/user271/user271.json,idx_58
fist,trainingSamples,raw_data/EMG-EPN612/testingJSON/user271/user271.json,idx_59
fist,trainingSamples,raw_data/EMG-EPN612/testingJSON/user271/user271.json,idx_60
fist,trainingSamples,raw_data/EMG-EPN612/testingJSON/user271/user271.json,idx_61
fist,trainingSamples,raw_data/EMG-EPN612/testingJSON/user271/user271.json,idx_62
fist,trainingSamples,raw_data/EMG-EPN612/testingJSON/user271/user271.json,idx_63
fist,trainingSamples,raw_data/EMG-EPN612/testingJSON/user271/user271.json,idx_64
fist,trainingSamples,raw_data/EMG-EPN612/testingJSON/user271/user271.json,idx_65
fist,trainingSamples,raw_data/EMG-EPN612/testingJSON/user271/user271.json,idx_66
fist,trainingSamples,raw_data/EMG-EPN612/testingJSON/user271/user271.json,idx_67
fist,trainingSamples,raw_data/EMG-EPN612/testingJSON/user271/user271.json,idx_68
fist,trainingSamples,raw_data/EMG-EPN612/testingJSON/user271/user271.json,idx_69
fist,trainingSamples,raw_data/EMG-EPN612/testingJSON/user271/user271.json,idx_70
fist,trainingSamples,raw_data/EMG-EPN612/testingJSON/user271/user271.json,idx_71
fist,trainingSamples,raw_data/EMG-EPN612/testingJSON/user271/user271.json,idx_72
fist,trainingSamples,raw_data/EMG-EPN612/testingJSON/user271/user271.json,idx_73
fist,trainingSamples,raw_data/EMG-EPN612/testingJSON/user271/user271.json,idx_74
fist,trainingSamples,raw_data/EMG-EPN612/testingJSON/user271/user271.json,idx_75
pinch,trainingSamples,raw_data/EMG-EPN612/testingJSON/user271/user271.json,idx_76
pinch,trainingSamples,raw_data/EMG-EPN612/testingJSON/user271/user271.json,idx_77
pinch,trainingSamples,raw_data/EMG-EPN612/testingJSON/user271/user271.json,idx_78
pinch,trainingSamples,raw_data/EMG-EPN612/testingJSON/user271/user271.json,idx_79
pinch,trainingSamples,raw_data/EMG-EPN612/testingJSON/user271/user271.json,idx_80
pinch,trainingSamples,raw_data/EMG-EPN612/testingJSON/user271/user271.json,idx_81
pinch,trainingSamples,raw_data/EMG-EPN612/testingJSON/user271/user271.json,idx_82
pinch,trainingSamples,raw_data/EMG-EPN612/testingJSON/user271/user271.json,idx_83
pinch,trainingSamples,raw_data/EMG-EPN612/testingJSON/user271/user271.json,idx_84
pinch,trainingSamples,raw_data/EMG-EPN612/testingJSON/user271/user271.json,idx_85
pinch,trainingSamples,raw_data/EMG-EPN612/testingJSON/user271/user271.json,idx_86
pinch,trainingSamples,raw_data/EMG-EPN612/testingJSON/user271/user271.json,idx_87
pinch,trainingSamples,raw_data/EMG-EPN612/testingJSON/user271/user271.json,idx_88
pinch,trainingSamples,raw_data/EMG-EPN612/testingJSON/user271/user271.json,idx_89
pinch,trainingSamples,raw_data/EMG-EPN612/testingJSON/user271/user271.json,idx_90
pinch,trainingSamples,raw_data/EMG-EPN612/testingJSON/user271/user271.json,idx_91
pinch,trainingSamples,raw_data/EMG-EPN612/testingJSON/user271/user271.json,idx_92
pinch,trainingSamples,raw_data/EMG-EPN612/testingJSON/user271/user271.json,idx_93
pinch,trainingSamples,raw_data/EMG-EPN612/testingJSON/user271/user271.json,idx_94
pinch,trainingSamples,raw_data/EMG-EPN612/testingJSON/user271/user271.json,idx_95
pinch,trainingSamples,raw_data/EMG-EPN612/testingJSON/user271/user271.json,idx_96
pinch,trainingSamples,raw_data/EMG-EPN612/testingJSON/user271/user271.json,idx_97
pinch,trainingSamples,raw_data/EMG-EPN612/testingJSON/user271/user271.json,idx_98
pinch,trainingSamples,raw_data/EMG-EPN612/testingJSON/user271/user271.json,idx_99
pinch,trainingSamples,raw_data/EMG-EPN612/testingJSON/user271/user271.json,idx_100
waveIn,trainingSamples,raw_data/EMG-EPN612/testingJSON/user271/user271.json,idx_101
waveIn,trainingSamples,raw_data/EMG-EPN612/testingJSON/user271/user271.json,idx_102
waveIn,trainingSamples,raw_data/EMG-EPN612/testingJSON/user271/user271.json,idx_103
waveIn,trainingSamples,raw_data/EMG-EPN612/testingJSON/user271/user271.json,idx_104
waveIn,trainingSamples,raw_data/EMG-EPN612/testingJSON/user271/user271.json,idx_105
waveIn,trainingSamples,raw_data/EMG-EPN612/testingJSON/user271/user271.json,idx_106
waveIn,trainingSamples,raw_data/EMG-EPN612/testingJSON/user271/user271.json,idx_107
waveIn,trainingSamples,raw_data/EMG-EPN612/testingJSON/user271/user271.json,idx_108
waveIn,trainingSamples,raw_data/EMG-EPN612/testingJSON/user271/user271.json,idx_109
waveIn,trainingSamples,raw_data/EMG-EPN612/testingJSON/user271/user271.json,idx_110
waveIn,trainingSamples,raw_data/EMG-EPN612/testingJSON/user271/user271.json,idx_111
waveIn,trainingSamples,raw_data/EMG-EPN612/testingJSON/user271/user271.json,idx_112
waveIn,trainingSamples,raw_data/EMG-EPN612/testingJSON/user271/user271.json,idx_113
waveIn,trainingSamples,raw_data/EMG-EPN612/testingJSON/user271/user271.json,idx_114
waveIn,trainingSamples,raw_data/EMG-EPN612/testingJSON/user271/user271.json,idx_115
waveIn,trainingSamples,raw_data/EMG-EPN612/testingJSON/user271/user271.json,idx_116
waveIn,trainingSamples,raw_data/EMG-EPN612/testingJSON/user271/user271.json,idx_117
waveIn,trainingSamples,raw_data/EMG-EPN612/testingJSON/user271/user271.json,idx_118
waveIn,trainingSamples,raw_data/EMG-EPN612/testingJSON/user271/user271.json,idx_119
waveIn,trainingSamples,raw_data/EMG-EPN612/testingJSON/user271/user271.json,idx_120
waveIn,trainingSamples,raw_data/EMG-EPN612/testingJSON/user271/user271.json,idx_121
waveIn,trainingSamples,raw_data/EMG-EPN612/testingJSON/user271/user271.json,idx_122
waveIn,trainingSamples,raw_data/EMG-EPN612/testingJSON/user271/user271.json,idx_123
waveIn,trainingSamples,raw_data/EMG-EPN612/testingJSON/user271/user271.json,idx_124
waveIn,trainingSamples,raw_data/EMG-EPN612/testingJSON/user271/user271.json,idx_125
waveOut,trainingSamples,raw_data/EMG-EPN612/testingJSON/user271/user271.json,idx_126
waveOut,trainingSamples,raw_data/EMG-EPN612/testingJSON/user271/user271.json,idx_127
waveOut,trainingSamples,raw_data/EMG-EPN612/testingJSON/user271/user271.json,idx_128
waveOut,trainingSamples,raw_data/EMG-EPN612/testingJSON/user271/user271.json,idx_129
waveOut,trainingSamples,raw_data/EMG-EPN612/testingJSON/user271/user271.json,idx_130
waveOut,trainingSamples,raw_data/EMG-EPN612/testingJSON/user271/user271.json,idx_131
waveOut,trainingSamples,raw_data/EMG-EPN612/testingJSON/user271/user271.json,idx_132
waveOut,trainingSamples,raw_data/EMG-EPN612/testingJSON/user271/user271.json,idx_133
waveOut,trainingSamples,raw_data/EMG-EPN612/testingJSON/user271/user271.json,idx_134
waveOut,trainingSamples,raw_data/EMG-EPN612/testingJSON/user271/user271.json,idx_135
waveOut,trainingSamples,raw_data/EMG-EPN612/testingJSON/user271/user271.json,idx_136
waveOut,trainingSamples,raw_data/EMG-EPN612/testingJSON/user271/user271.json,idx_137
waveOut,trainingSamples,raw_data/EMG-EPN612/testingJSON/user271/user271.json,idx_138
waveOut,trainingSamples,raw_data/EMG-EPN612/testingJSON/user271/user271.json,idx_139
waveOut,trainingSamples,raw_data/EMG-EPN612/testingJSON/user271/user271.json,idx_140
waveOut,trainingSamples,raw_data/EMG-EPN612/testingJSON/user271/user271.json,idx_141
waveOut,trainingSamples,raw_data/EMG-EPN612/testingJSON/user271/user271.json,idx_142
waveOut,trainingSamples,raw_data/EMG-EPN612/testingJSON/user271/user271.json,idx_143
waveOut,trainingSamples,raw_data/EMG-EPN612/testingJSON/user271/user271.json,idx_144
waveOut,trainingSamples,raw_data/EMG-EPN612/testingJSON/user271/user271.json,idx_145
waveOut,trainingSamples,raw_data/EMG-EPN612/testingJSON/user271/user271.json,idx_146
waveOut,trainingSamples,raw_data/EMG-EPN612/testingJSON/user271/user271.json,idx_147
waveOut,trainingSamples,raw_data/EMG-EPN612/testingJSON/user271/user271.json,idx_148
waveOut,trainingSamples,raw_data/EMG-EPN612/testingJSON/user271/user271.json,idx_149
waveOut,trainingSamples,raw_data/EMG-EPN612/testingJSON/user271/user271.json,idx_150
noGesture,trainingSamples,raw_data/EMG-EPN612/testingJSON/user272/user272.json,idx_1
noGesture,trainingSamples,raw_data/EMG-EPN612/testingJSON/user272/user272.json,idx_2
noGesture,trainingSamples,raw_data/EMG-EPN612/testingJSON/user272/user272.json,idx_3
noGesture,trainingSamples,raw_data/EMG-EPN612/testingJSON/user272/user272.json,idx_4
noGesture,trainingSamples,raw_data/EMG-EPN612/testingJSON/user272/user272.json,idx_5
noGesture,trainingSamples,raw_data/EMG-EPN612/testingJSON/user272/user272.json,idx_6
noGesture,trainingSamples,raw_data/EMG-EPN612/testingJSON/user272/user272.json,idx_7
noGesture,trainingSamples,raw_data/EMG-EPN612/testingJSON/user272/user272.json,idx_8
noGesture,trainingSamples,raw_data/EMG-EPN612/testingJSON/user272/user272.json,idx_9
noGesture,trainingSamples,raw_data/EMG-EPN612/testingJSON/user272/user272.json,idx_10
noGesture,trainingSamples,raw_data/EMG-EPN612/testingJSON/user272/user272.json,idx_11
noGesture,trainingSamples,raw_data/EMG-EPN612/testingJSON/user272/user272.json,idx_12
noGesture,trainingSamples,raw_data/EMG-EPN612/testingJSON/user272/user272.json,idx_13
noGesture,trainingSamples,raw_data/EMG-EPN612/testingJSON/user272/user272.json,idx_14
noGesture,trainingSamples,raw_data/EMG-EPN612/testingJSON/user272/user272.json,idx_15
noGesture,trainingSamples,raw_data/EMG-EPN612/testingJSON/user272/user272.json,idx_16
noGesture,trainingSamples,raw_data/EMG-EPN612/testingJSON/user272/user272.json,idx_17
noGesture,trainingSamples,raw_data/EMG-EPN612/testingJSON/user272/user272.json,idx_18
noGesture,trainingSamples,raw_data/EMG-EPN612/testingJSON/user272/user272.json,idx_19
noGesture,trainingSamples,raw_data/EMG-EPN612/testingJSON/user272/user272.json,idx_20
noGesture,trainingSamples,raw_data/EMG-EPN612/testingJSON/user272/user272.json,idx_21
noGesture,trainingSamples,raw_data/EMG-EPN612/testingJSON/user272/user272.json,idx_22
noGesture,trainingSamples,raw_data/EMG-EPN612/testingJSON/user272/user272.json,idx_23
noGesture,trainingSamples,raw_data/EMG-EPN612/testingJSON/user272/user272.json,idx_24
noGesture,trainingSamples,raw_data/EMG-EPN612/testingJSON/user272/user272.json,idx_25
waveOut,trainingSamples,raw_data/EMG-EPN612/testingJSON/user272/user272.json,idx_26
waveOut,trainingSamples,raw_data/EMG-EPN612/testingJSON/user272/user272.json,idx_27
waveOut,trainingSamples,raw_data/EMG-EPN612/testingJSON/user272/user272.json,idx_28
waveOut,trainingSamples,raw_data/EMG-EPN612/testingJSON/user272/user272.json,idx_29
waveOut,trainingSamples,raw_data/EMG-EPN612/testingJSON/user272/user272.json,idx_30
waveOut,trainingSamples,raw_data/EMG-EPN612/testingJSON/user272/user272.json,idx_31
waveOut,trainingSamples,raw_data/EMG-EPN612/testingJSON/user272/user272.json,idx_32
waveOut,trainingSamples,raw_data/EMG-EPN612/testingJSON/user272/user272.json,idx_33
waveOut,trainingSamples,raw_data/EMG-EPN612/testingJSON/user272/user272.json,idx_34
waveOut,trainingSamples,raw_data/EMG-EPN612/testingJSON/user272/user272.json,idx_35
waveOut,trainingSamples,raw_data/EMG-EPN612/testingJSON/user272/user272.json,idx_36
waveOut,trainingSamples,raw_data/EMG-EPN612/testingJSON/user272/user272.json,idx_37
waveOut,trainingSamples,raw_data/EMG-EPN612/testingJSON/user272/user272.json,idx_38
waveOut,trainingSamples,raw_data/EMG-EPN612/testingJSON/user272/user272.json,idx_39
waveOut,trainingSamples,raw_data/EMG-EPN612/testingJSON/user272/user272.json,idx_40
waveOut,trainingSamples,raw_data/EMG-EPN612/testingJSON/user272/user272.json,idx_41
waveOut,trainingSamples,raw_data/EMG-EPN612/testingJSON/user272/user272.json,idx_42
waveOut,trainingSamples,raw_data/EMG-EPN612/testingJSON/user272/user272.json,idx_43
waveOut,trainingSamples,raw_data/EMG-EPN612/testingJSON/user272/user272.json,idx_44
waveOut,trainingSamples,raw_data/EMG-EPN612/testingJSON/user272/user272.json,idx_45
waveOut,trainingSamples,raw_data/EMG-EPN612/testingJSON/user272/user272.json,idx_46
waveOut,trainingSamples,raw_data/EMG-EPN612/testingJSON/user272/user272.json,idx_47
waveOut,trainingSamples,raw_data/EMG-EPN612/testingJSON/user272/user272.json,idx_48
waveOut,trainingSamples,raw_data/EMG-EPN612/testingJSON/user272/user272.json,idx_49
waveOut,trainingSamples,raw_data/EMG-EPN612/testingJSON/user272/user272.json,idx_50
pinch,trainingSamples,raw_data/EMG-EPN612/testingJSON/user272/user272.json,idx_51
pinch,trainingSamples,raw_data/EMG-EPN612/testingJSON/user272/user272.json,idx_52
pinch,trainingSamples,raw_data/EMG-EPN612/testingJSON/user272/user272.json,idx_53
pinch,trainingSamples,raw_data/EMG-EPN612/testingJSON/user272/user272.json,idx_54
pinch,trainingSamples,raw_data/EMG-EPN612/testingJSON/user272/user272.json,idx_55
pinch,trainingSamples,raw_data/EMG-EPN612/testingJSON/user272/user272.json,idx_56
pinch,trainingSamples,raw_data/EMG-EPN612/testingJSON/user272/user272.json,idx_57
pinch,trainingSamples,raw_data/EMG-EPN612/testingJSON/user272/user272.json,idx_58
pinch,trainingSamples,raw_data/EMG-EPN612/testingJSON/user272/user272.json,idx_59
pinch,trainingSamples,raw_data/EMG-EPN612/testingJSON/user272/user272.json,idx_60
pinch,trainingSamples,raw_data/EMG-EPN612/testingJSON/user272/user272.json,idx_61
pinch,trainingSamples,raw_data/EMG-EPN612/testingJSON/user272/user272.json,idx_62
pinch,trainingSamples,raw_data/EMG-EPN612/testingJSON/user272/user272.json,idx_63
pinch,trainingSamples,raw_data/EMG-EPN612/testingJSON/user272/user272.json,idx_64
pinch,trainingSamples,raw_data/EMG-EPN612/testingJSON/user272/user272.json,idx_65
pinch,trainingSamples,raw_data/EMG-EPN612/testingJSON/user272/user272.json,idx_66
pinch,trainingSamples,raw_data/EMG-EPN612/testingJSON/user272/user272.json,idx_67
pinch,trainingSamples,raw_data/EMG-EPN612/testingJSON/user272/user272.json,idx_68
pinch,trainingSamples,raw_data/EMG-EPN612/testingJSON/user272/user272.json,idx_69
pinch,trainingSamples,raw_data/EMG-EPN612/testingJSON/user272/user272.json,idx_70
pinch,trainingSamples,raw_data/EMG-EPN612/testingJSON/user272/user272.json,idx_71
pinch,trainingSamples,raw_data/EMG-EPN612/testingJSON/user272/user272.json,idx_72
pinch,trainingSamples,raw_data/EMG-EPN612/testingJSON/user272/user272.json,idx_73
pinch,trainingSamples,raw_data/EMG-EPN612/testingJSON/user272/user272.json,idx_74
pinch,trainingSamples,raw_data/EMG-EPN612/testingJSON/user272/user272.json,idx_75
fist,trainingSamples,raw_data/EMG-EPN612/testingJSON/user272/user272.json,idx_76
fist,trainingSamples,raw_data/EMG-EPN612/testingJSON/user272/user272.json,idx_77
fist,trainingSamples,raw_data/EMG-EPN612/testingJSON/user272/user272.json,idx_78
fist,trainingSamples,raw_data/EMG-EPN612/testingJSON/user272/user272.json,idx_79
fist,trainingSamples,raw_data/EMG-EPN612/testingJSON/user272/user272.json,idx_80
fist,trainingSamples,raw_data/EMG-EPN612/testingJSON/user272/user272.json,idx_81
fist,trainingSamples,raw_data/EMG-EPN612/testingJSON/user272/user272.json,idx_82
fist,trainingSamples,raw_data/EMG-EPN612/testingJSON/user272/user272.json,idx_83
fist,trainingSamples,raw_data/EMG-EPN612/testingJSON/user272/user272.json,idx_84
fist,trainingSamples,raw_data/EMG-EPN612/testingJSON/user272/user272.json,idx_85
fist,trainingSamples,raw_data/EMG-EPN612/testingJSON/user272/user272.json,idx_86
fist,trainingSamples,raw_data/EMG-EPN612/testingJSON/user272/user272.json,idx_87
fist,trainingSamples,raw_data/EMG-EPN612/testingJSON/user272/user272.json,idx_88
fist,trainingSamples,raw_data/EMG-EPN612/testingJSON/user272/user272.json,idx_89
fist,trainingSamples,raw_data/EMG-EPN612/testingJSON/user272/user272.json,idx_90
fist,trainingSamples,raw_data/EMG-EPN612/testingJSON/user272/user272.json,idx_91
fist,trainingSamples,raw_data/EMG-EPN612/testingJSON/user272/user272.json,idx_92
fist,trainingSamples,raw_data/EMG-EPN612/testingJSON/user272/user272.json,idx_93
fist,trainingSamples,raw_data/EMG-EPN612/testingJSON/user272/user272.json,idx_94
fist,trainingSamples,raw_data/EMG-EPN612/testingJSON/user272/user272.json,idx_95
fist,trainingSamples,raw_data/EMG-EPN612/testingJSON/user272/user272.json,idx_96
fist,trainingSamples,raw_data/EMG-EPN612/testingJSON/user272/user272.json,idx_97
fist,trainingSamples,raw_data/EMG-EPN612/testingJSON/user272/user272.json,idx_98
fist,trainingSamples,raw_data/EMG-EPN612/testingJSON/user272/user272.json,idx_99
fist,trainingSamples,raw_data/EMG-EPN612/testingJSON/user272/user272.json,idx_100
waveIn,trainingSamples,raw_data/EMG-EPN612/testingJSON/user272/user272.json,idx_101
waveIn,trainingSamples,raw_data/EMG-EPN612/testingJSON/user272/user272.json,idx_102
waveIn,trainingSamples,raw_data/EMG-EPN612/testingJSON/user272/user272.json,idx_103
waveIn,trainingSamples,raw_data/EMG-EPN612/testingJSON/user272/user272.json,idx_104
waveIn,trainingSamples,raw_data/EMG-EPN612/testingJSON/user272/user272.json,idx_105
waveIn,trainingSamples,raw_data/EMG-EPN612/testingJSON/user272/user272.json,idx_106
waveIn,trainingSamples,raw_data/EMG-EPN612/testingJSON/user272/user272.json,idx_107
waveIn,trainingSamples,raw_data/EMG-EPN612/testingJSON/user272/user272.json,idx_108
waveIn,trainingSamples,raw_data/EMG-EPN612/testingJSON/user272/user272.json,idx_109
waveIn,trainingSamples,raw_data/EMG-EPN612/testingJSON/user272/user272.json,idx_110
waveIn,trainingSamples,raw_data/EMG-EPN612/testingJSON/user272/user272.json,idx_111
waveIn,trainingSamples,raw_data/EMG-EPN612/testingJSON/user272/user272.json,idx_112
waveIn,trainingSamples,raw_data/EMG-EPN612/testingJSON/user272/user272.json,idx_113
waveIn,trainingSamples,raw_data/EMG-EPN612/testingJSON/user272/user272.json,idx_114
waveIn,trainingSamples,raw_data/EMG-EPN612/testingJSON/user272/user272.json,idx_115
waveIn,trainingSamples,raw_data/EMG-EPN612/testingJSON/user272/user272.json,idx_116
waveIn,trainingSamples,raw_data/EMG-EPN612/testingJSON/user272/user272.json,idx_117
waveIn,trainingSamples,raw_data/EMG-EPN612/testingJSON/user272/user272.json,idx_118
waveIn,trainingSamples,raw_data/EMG-EPN612/testingJSON/user272/user272.json,idx_119
waveIn,trainingSamples,raw_data/EMG-EPN612/testingJSON/user272/user272.json,idx_120
waveIn,trainingSamples,raw_data/EMG-EPN612/testingJSON/user272/user272.json,idx_121
waveIn,trainingSamples,raw_data/EMG-EPN612/testingJSON/user272/user272.json,idx_122
waveIn,trainingSamples,raw_data/EMG-EPN612/testingJSON/user272/user272.json,idx_123
waveIn,trainingSamples,raw_data/EMG-EPN612/testingJSON/user272/user272.json,idx_124
waveIn,trainingSamples,raw_data/EMG-EPN612/testingJSON/user272/user272.json,idx_125
open,trainingSamples,raw_data/EMG-EPN612/testingJSON/user272/user272.json,idx_126
open,trainingSamples,raw_data/EMG-EPN612/testingJSON/user272/user272.json,idx_127
open,trainingSamples,raw_data/EMG-EPN612/testingJSON/user272/user272.json,idx_128
open,trainingSamples,raw_data/EMG-EPN612/testingJSON/user272/user272.json,idx_129
open,trainingSamples,raw_data/EMG-EPN612/testingJSON/user272/user272.json,idx_130
open,trainingSamples,raw_data/EMG-EPN612/testingJSON/user272/user272.json,idx_131
open,trainingSamples,raw_data/EMG-EPN612/testingJSON/user272/user272.json,idx_132
open,trainingSamples,raw_data/EMG-EPN612/testingJSON/user272/user272.json,idx_133
open,trainingSamples,raw_data/EMG-EPN612/testingJSON/user272/user272.json,idx_134
open,trainingSamples,raw_data/EMG-EPN612/testingJSON/user272/user272.json,idx_135
open,trainingSamples,raw_data/EMG-EPN612/testingJSON/user272/user272.json,idx_136
open,trainingSamples,raw_data/EMG-EPN612/testingJSON/user272/user272.json,idx_137
open,trainingSamples,raw_data/EMG-EPN612/testingJSON/user272/user272.json,idx_138
open,trainingSamples,raw_data/EMG-EPN612/testingJSON/user272/user272.json,idx_139
open,trainingSamples,raw_data/EMG-EPN612/testingJSON/user272/user272.json,idx_140
open,trainingSamples,raw_data/EMG-EPN612/testingJSON/user272/user272.json,idx_141
open,trainingSamples,raw_data/EMG-EPN612/testingJSON/user272/user272.json,idx_142
open,trainingSamples,raw_data/EMG-EPN612/testingJSON/user272/user272.json,idx_143
open,trainingSamples,raw_data/EMG-EPN612/testingJSON/user272/user272.json,idx_144
open,trainingSamples,raw_data/EMG-EPN612/testingJSON/user272/user272.json,idx_145
open,trainingSamples,raw_data/EMG-EPN612/testingJSON/user272/user272.json,idx_146
open,trainingSamples,raw_data/EMG-EPN612/testingJSON/user272/user272.json,idx_147
open,trainingSamples,raw_data/EMG-EPN612/testingJSON/user272/user272.json,idx_148
open,trainingSamples,raw_data/EMG-EPN612/testingJSON/user272/user272.json,idx_149
open,trainingSamples,raw_data/EMG-EPN612/testingJSON/user272/user272.json,idx_150
noGesture,trainingSamples,raw_data/EMG-EPN612/testingJSON/user273/user273.json,idx_1
noGesture,trainingSamples,raw_data/EMG-EPN612/testingJSON/user273/user273.json,idx_2
noGesture,trainingSamples,raw_data/EMG-EPN612/testingJSON/user273/user273.json,idx_3
noGesture,trainingSamples,raw_data/EMG-EPN612/testingJSON/user273/user273.json,idx_4
noGesture,trainingSamples,raw_data/EMG-EPN612/testingJSON/user273/user273.json,idx_5
noGesture,trainingSamples,raw_data/EMG-EPN612/testingJSON/user273/user273.json,idx_6
noGesture,trainingSamples,raw_data/EMG-EPN612/testingJSON/user273/user273.json,idx_7
noGesture,trainingSamples,raw_data/EMG-EPN612/testingJSON/user273/user273.json,idx_8
noGesture,trainingSamples,raw_data/EMG-EPN612/testingJSON/user273/user273.json,idx_9
noGesture,trainingSamples,raw_data/EMG-EPN612/testingJSON/user273/user273.json,idx_10
noGesture,trainingSamples,raw_data/EMG-EPN612/testingJSON/user273/user273.json,idx_11
noGesture,trainingSamples,raw_data/EMG-EPN612/testingJSON/user273/user273.json,idx_12
noGesture,trainingSamples,raw_data/EMG-EPN612/testingJSON/user273/user273.json,idx_13
noGesture,trainingSamples,raw_data/EMG-EPN612/testingJSON/user273/user273.json,idx_14
noGesture,trainingSamples,raw_data/EMG-EPN612/testingJSON/user273/user273.json,idx_15
noGesture,trainingSamples,raw_data/EMG-EPN612/testingJSON/user273/user273.json,idx_16
noGesture,trainingSamples,raw_data/EMG-EPN612/testingJSON/user273/user273.json,idx_17
noGesture,trainingSamples,raw_data/EMG-EPN612/testingJSON/user273/user273.json,idx_18
noGesture,trainingSamples,raw_data/EMG-EPN612/testingJSON/user273/user273.json,idx_19
noGesture,trainingSamples,raw_data/EMG-EPN612/testingJSON/user273/user273.json,idx_20
noGesture,trainingSamples,raw_data/EMG-EPN612/testingJSON/user273/user273.json,idx_21
noGesture,trainingSamples,raw_data/EMG-EPN612/testingJSON/user273/user273.json,idx_22
noGesture,trainingSamples,raw_data/EMG-EPN612/testingJSON/user273/user273.json,idx_23
noGesture,trainingSamples,raw_data/EMG-EPN612/testingJSON/user273/user273.json,idx_24
noGesture,trainingSamples,raw_data/EMG-EPN612/testingJSON/user273/user273.json,idx_25
open,trainingSamples,raw_data/EMG-EPN612/testingJSON/user273/user273.json,idx_26
open,trainingSamples,raw_data/EMG-EPN612/testingJSON/user273/user273.json,idx_27
open,trainingSamples,raw_data/EMG-EPN612/testingJSON/user273/user273.json,idx_28
open,trainingSamples,raw_data/EMG-EPN612/testingJSON/user273/user273.json,idx_29
open,trainingSamples,raw_data/EMG-EPN612/testingJSON/user273/user273.json,idx_30
open,trainingSamples,raw_data/EMG-EPN612/testingJSON/user273/user273.json,idx_31
open,trainingSamples,raw_data/EMG-EPN612/testingJSON/user273/user273.json,idx_32
open,trainingSamples,raw_data/EMG-EPN612/testingJSON/user273/user273.json,idx_33
open,trainingSamples,raw_data/EMG-EPN612/testingJSON/user273/user273.json,idx_34
open,trainingSamples,raw_data/EMG-EPN612/testingJSON/user273/user273.json,idx_35
open,trainingSamples,raw_data/EMG-EPN612/testingJSON/user273/user273.json,idx_36
open,trainingSamples,raw_data/EMG-EPN612/testingJSON/user273/user273.json,idx_37
open,trainingSamples,raw_data/EMG-EPN612/testingJSON/user273/user273.json,idx_38
open,trainingSamples,raw_data/EMG-EPN612/testingJSON/user273/user273.json,idx_39
open,trainingSamples,raw_data/EMG-EPN612/testingJSON/user273/user273.json,idx_40
open,trainingSamples,raw_data/EMG-EPN612/testingJSON/user273/user273.json,idx_41
open,trainingSamples,raw_data/EMG-EPN612/testingJSON/user273/user273.json,idx_42
open,trainingSamples,raw_data/EMG-EPN612/testingJSON/user273/user273.json,idx_43
open,trainingSamples,raw_data/EMG-EPN612/testingJSON/user273/user273.json,idx_44
open,trainingSamples,raw_data/EMG-EPN612/testingJSON/user273/user273.json,idx_45
open,trainingSamples,raw_data/EMG-EPN612/testingJSON/user273/user273.json,idx_46
open,trainingSamples,raw_data/EMG-EPN612/testingJSON/user273/user273.json,idx_47
open,trainingSamples,raw_data/EMG-EPN612/testingJSON/user273/user273.json,idx_48
open,trainingSamples,raw_data/EMG-EPN612/testingJSON/user273/user273.json,idx_49
open,trainingSamples,raw_data/EMG-EPN612/testingJSON/user273/user273.json,idx_50
waveOut,trainingSamples,raw_data/EMG-EPN612/testingJSON/user273/user273.json,idx_51
waveOut,trainingSamples,raw_data/EMG-EPN612/testingJSON/user273/user273.json,idx_52
waveOut,trainingSamples,raw_data/EMG-EPN612/testingJSON/user273/user273.json,idx_53
waveOut,trainingSamples,raw_data/EMG-EPN612/testingJSON/user273/user273.json,idx_54
waveOut,trainingSamples,raw_data/EMG-EPN612/testingJSON/user273/user273.json,idx_55
waveOut,trainingSamples,raw_data/EMG-EPN612/testingJSON/user273/user273.json,idx_56
waveOut,trainingSamples,raw_data/EMG-EPN612/testingJSON/user273/user273.json,idx_57
waveOut,trainingSamples,raw_data/EMG-EPN612/testingJSON/user273/user273.json,idx_58
waveOut,trainingSamples,raw_data/EMG-EPN612/testingJSON/user273/user273.json,idx_59
waveOut,trainingSamples,raw_data/EMG-EPN612/testingJSON/user273/user273.json,idx_60
waveOut,trainingSamples,raw_data/EMG-EPN612/testingJSON/user273/user273.json,idx_61
waveOut,trainingSamples,raw_data/EMG-EPN612/testingJSON/user273/user273.json,idx_62
waveOut,trainingSamples,raw_data/EMG-EPN612/testingJSON/user273/user273.json,idx_63
waveOut,trainingSamples,raw_data/EMG-EPN612/testingJSON/user273/user273.json,idx_64
waveOut,trainingSamples,raw_data/EMG-EPN612/testingJSON/user273/user273.json,idx_65
waveOut,trainingSamples,raw_data/EMG-EPN612/testingJSON/user273/user273.json,idx_66
waveOut,trainingSamples,raw_data/EMG-EPN612/testingJSON/user273/user273.json,idx_67
waveOut,trainingSamples,raw_data/EMG-EPN612/testingJSON/user273/user273.json,idx_68
waveOut,trainingSamples,raw_data/EMG-EPN612/testingJSON/user273/user273.json,idx_69
waveOut,trainingSamples,raw_data/EMG-EPN612/testingJSON/user273/user273.json,idx_70
waveOut,trainingSamples,raw_data/EMG-EPN612/testingJSON/user273/user273.json,idx_71
waveOut,trainingSamples,raw_data/EMG-EPN612/testingJSON/user273/user273.json,idx_72
waveOut,trainingSamples,raw_data/EMG-EPN612/testingJSON/user273/user273.json,idx_73
waveOut,trainingSamples,raw_data/EMG-EPN612/testingJSON/user273/user273.json,idx_74
waveOut,trainingSamples,raw_data/EMG-EPN612/testingJSON/user273/user273.json,idx_75
pinch,trainingSamples,raw_data/EMG-EPN612/testingJSON/user273/user273.json,idx_76
pinch,trainingSamples,raw_data/EMG-EPN612/testingJSON/user273/user273.json,idx_77
pinch,trainingSamples,raw_data/EMG-EPN612/testingJSON/user273/user273.json,idx_78
pinch,trainingSamples,raw_data/EMG-EPN612/testingJSON/user273/user273.json,idx_79
pinch,trainingSamples,raw_data/EMG-EPN612/testingJSON/user273/user273.json,idx_80
pinch,trainingSamples,raw_data/EMG-EPN612/testingJSON/user273/user273.json,idx_81
pinch,trainingSamples,raw_data/EMG-EPN612/testingJSON/user273/user273.json,idx_82
pinch,trainingSamples,raw_data/EMG-EPN612/testingJSON/user273/user273.json,idx_83
pinch,trainingSamples,raw_data/EMG-EPN612/testingJSON/user273/user273.json,idx_84
pinch,trainingSamples,raw_data/EMG-EPN612/testingJSON/user273/user273.json,idx_85
pinch,trainingSamples,raw_data/EMG-EPN612/testingJSON/user273/user273.json,idx_86
pinch,trainingSamples,raw_data/EMG-EPN612/testingJSON/user273/user273.json,idx_87
pinch,trainingSamples,raw_data/EMG-EPN612/testingJSON/user273/user273.json,idx_88
pinch,trainingSamples,raw_data/EMG-EPN612/testingJSON/user273/user273.json,idx_89
pinch,trainingSamples,raw_data/EMG-EPN612/testingJSON/user273/user273.json,idx_90
pinch,trainingSamples,raw_data/EMG-EPN612/testingJSON/user273/user273.json,idx_91
pinch,trainingSamples,raw_data/EMG-EPN612/testingJSON/user273/user273.json,idx_92
pinch,trainingSamples,raw_data/EMG-EPN612/testingJSON/user273/user273.json,idx_93
pinch,trainingSamples,raw_data/EMG-EPN612/testingJSON/user273/user273.json,idx_94
pinch,trainingSamples,raw_data/EMG-EPN612/testingJSON/user273/user273.json,idx_95
pinch,trainingSamples,raw_data/EMG-EPN612/testingJSON/user273/user273.json,idx_96
pinch,trainingSamples,raw_data/EMG-EPN612/testingJSON/user273/user273.json,idx_97
pinch,trainingSamples,raw_data/EMG-EPN612/testingJSON/user273/user273.json,idx_98
pinch,trainingSamples,raw_data/EMG-EPN612/testingJSON/user273/user273.json,idx_99
pinch,trainingSamples,raw_data/EMG-EPN612/testingJSON/user273/user273.json,idx_100
waveIn,trainingSamples,raw_data/EMG-EPN612/testingJSON/user273/user273.json,idx_101
waveIn,trainingSamples,raw_data/EMG-EPN612/testingJSON/user273/user273.json,idx_102
waveIn,trainingSamples,raw_data/EMG-EPN612/testingJSON/user273/user273.json,idx_103
waveIn,trainingSamples,raw_data/EMG-EPN612/testingJSON/user273/user273.json,idx_104
waveIn,trainingSamples,raw_data/EMG-EPN612/testingJSON/user273/user273.json,idx_105
waveIn,trainingSamples,raw_data/EMG-EPN612/testingJSON/user273/user273.json,idx_106
waveIn,trainingSamples,raw_data/EMG-EPN612/testingJSON/user273/user273.json,idx_107
waveIn,trainingSamples,raw_data/EMG-EPN612/testingJSON/user273/user273.json,idx_108
waveIn,trainingSamples,raw_data/EMG-EPN612/testingJSON/user273/user273.json,idx_109
waveIn,trainingSamples,raw_data/EMG-EPN612/testingJSON/user273/user273.json,idx_110
waveIn,trainingSamples,raw_data/EMG-EPN612/testingJSON/user273/user273.json,idx_111
waveIn,trainingSamples,raw_data/EMG-EPN612/testingJSON/user273/user273.json,idx_112
waveIn,trainingSamples,raw_data/EMG-EPN612/testingJSON/user273/user273.json,idx_113
waveIn,trainingSamples,raw_data/EMG-EPN612/testingJSON/user273/user273.json,idx_114
waveIn,trainingSamples,raw_data/EMG-EPN612/testingJSON/user273/user273.json,idx_115
waveIn,trainingSamples,raw_data/EMG-EPN612/testingJSON/user273/user273.json,idx_116
waveIn,trainingSamples,raw_data/EMG-EPN612/testingJSON/user273/user273.json,idx_117
waveIn,trainingSamples,raw_data/EMG-EPN612/testingJSON/user273/user273.json,idx_118
waveIn,trainingSamples,raw_data/EMG-EPN612/testingJSON/user273/user273.json,idx_119
waveIn,trainingSamples,raw_data/EMG-EPN612/testingJSON/user273/user273.json,idx_120
waveIn,trainingSamples,raw_data/EMG-EPN612/testingJSON/user273/user273.json,idx_121
waveIn,trainingSamples,raw_data/EMG-EPN612/testingJSON/user273/user273.json,idx_122
waveIn,trainingSamples,raw_data/EMG-EPN612/testingJSON/user273/user273.json,idx_123
waveIn,trainingSamples,raw_data/EMG-EPN612/testingJSON/user273/user273.json,idx_124
waveIn,trainingSamples,raw_data/EMG-EPN612/testingJSON/user273/user273.json,idx_125
fist,trainingSamples,raw_data/EMG-EPN612/testingJSON/user273/user273.json,idx_126
fist,trainingSamples,raw_data/EMG-EPN612/testingJSON/user273/user273.json,idx_127
fist,trainingSamples,raw_data/EMG-EPN612/testingJSON/user273/user273.json,idx_128
fist,trainingSamples,raw_data/EMG-EPN612/testingJSON/user273/user273.json,idx_129
fist,trainingSamples,raw_data/EMG-EPN612/testingJSON/user273/user273.json,idx_130
fist,trainingSamples,raw_data/EMG-EPN612/testingJSON/user273/user273.json,idx_131
fist,trainingSamples,raw_data/EMG-EPN612/testingJSON/user273/user273.json,idx_132
fist,trainingSamples,raw_data/EMG-EPN612/testingJSON/user273/user273.json,idx_133
fist,trainingSamples,raw_data/EMG-EPN612/testingJSON/user273/user273.json,idx_134
fist,trainingSamples,raw_data/EMG-EPN612/testingJSON/user273/user273.json,idx_135
fist,trainingSamples,raw_data/EMG-EPN612/testingJSON/user273/user273.json,idx_136
fist,trainingSamples,raw_data/EMG-EPN612/testingJSON/user273/user273.json,idx_137
fist,trainingSamples,raw_data/EMG-EPN612/testingJSON/user273/user273.json,idx_138
fist,trainingSamples,raw_data/EMG-EPN612/testingJSON/user273/user273.json,idx_139
fist,trainingSamples,raw_data/EMG-EPN612/testingJSON/user273/user273.json,idx_140
fist,trainingSamples,raw_data/EMG-EPN612/testingJSON/user273/user273.json,idx_141
fist,trainingSamples,raw_data/EMG-EPN612/testingJSON/user273/user273.json,idx_142
fist,trainingSamples,raw_data/EMG-EPN612/testingJSON/user273/user273.json,idx_143
fist,trainingSamples,raw_data/EMG-EPN612/testingJSON/user273/user273.json,idx_144
fist,trainingSamples,raw_data/EMG-EPN612/testingJSON/user273/user273.json,idx_145
fist,trainingSamples,raw_data/EMG-EPN612/testingJSON/user273/user273.json,idx_146
fist,trainingSamples,raw_data/EMG-EPN612/testingJSON/user273/user273.json,idx_147
fist,trainingSamples,raw_data/EMG-EPN612/testingJSON/user273/user273.json,idx_148
fist,trainingSamples,raw_data/EMG-EPN612/testingJSON/user273/user273.json,idx_149
fist,trainingSamples,raw_data/EMG-EPN612/testingJSON/user273/user273.json,idx_150
noGesture,trainingSamples,raw_data/EMG-EPN612/testingJSON/user274/user274.json,idx_1
noGesture,trainingSamples,raw_data/EMG-EPN612/testingJSON/user274/user274.json,idx_2
noGesture,trainingSamples,raw_data/EMG-EPN612/testingJSON/user274/user274.json,idx_3
noGesture,trainingSamples,raw_data/EMG-EPN612/testingJSON/user274/user274.json,idx_4
noGesture,trainingSamples,raw_data/EMG-EPN612/testingJSON/user274/user274.json,idx_5
noGesture,trainingSamples,raw_data/EMG-EPN612/testingJSON/user274/user274.json,idx_6
noGesture,trainingSamples,raw_data/EMG-EPN612/testingJSON/user274/user274.json,idx_7
noGesture,trainingSamples,raw_data/EMG-EPN612/testingJSON/user274/user274.json,idx_8
noGesture,trainingSamples,raw_data/EMG-EPN612/testingJSON/user274/user274.json,idx_9
noGesture,trainingSamples,raw_data/EMG-EPN612/testingJSON/user274/user274.json,idx_10
noGesture,trainingSamples,raw_data/EMG-EPN612/testingJSON/user274/user274.json,idx_11
noGesture,trainingSamples,raw_data/EMG-EPN612/testingJSON/user274/user274.json,idx_12
noGesture,trainingSamples,raw_data/EMG-EPN612/testingJSON/user274/user274.json,idx_13
noGesture,trainingSamples,raw_data/EMG-EPN612/testingJSON/user274/user274.json,idx_14
noGesture,trainingSamples,raw_data/EMG-EPN612/testingJSON/user274/user274.json,idx_15
noGesture,trainingSamples,raw_data/EMG-EPN612/testingJSON/user274/user274.json,idx_16
noGesture,trainingSamples,raw_data/EMG-EPN612/testingJSON/user274/user274.json,idx_17
noGesture,trainingSamples,raw_data/EMG-EPN612/testingJSON/user274/user274.json,idx_18
noGesture,trainingSamples,raw_data/EMG-EPN612/testingJSON/user274/user274.json,idx_19
noGesture,trainingSamples,raw_data/EMG-EPN612/testingJSON/user274/user274.json,idx_20
noGesture,trainingSamples,raw_data/EMG-EPN612/testingJSON/user274/user274.json,idx_21
noGesture,trainingSamples,raw_data/EMG-EPN612/testingJSON/user274/user274.json,idx_22
noGesture,trainingSamples,raw_data/EMG-EPN612/testingJSON/user274/user274.json,idx_23
noGesture,trainingSamples,raw_data/EMG-EPN612/testingJSON/user274/user274.json,idx_24
noGesture,trainingSamples,raw_data/EMG-EPN612/testingJSON/user274/user274.json,idx_25
waveIn,trainingSamples,raw_data/EMG-EPN612/testingJSON/user274/user274.json,idx_26
waveIn,trainingSamples,raw_data/EMG-EPN612/testingJSON/user274/user274.json,idx_27
waveIn,trainingSamples,raw_data/EMG-EPN612/testingJSON/user274/user274.json,idx_28
waveIn,trainingSamples,raw_data/EMG-EPN612/testingJSON/user274/user274.json,idx_29
waveIn,trainingSamples,raw_data/EMG-EPN612/testingJSON/user274/user274.json,idx_30
waveIn,trainingSamples,raw_data/EMG-EPN612/testingJSON/user274/user274.json,idx_31
waveIn,trainingSamples,raw_data/EMG-EPN612/testingJSON/user274/user274.json,idx_32
waveIn,trainingSamples,raw_data/EMG-EPN612/testingJSON/user274/user274.json,idx_33
waveIn,trainingSamples,raw_data/EMG-EPN612/testingJSON/user274/user274.json,idx_34
waveIn,trainingSamples,raw_data/EMG-EPN612/testingJSON/user274/user274.json,idx_35
waveIn,trainingSamples,raw_data/EMG-EPN612/testingJSON/user274/user274.json,idx_36
waveIn,trainingSamples,raw_data/EMG-EPN612/testingJSON/user274/user274.json,idx_37
waveIn,trainingSamples,raw_data/EMG-EPN612/testingJSON/user274/user274.json,idx_38
waveIn,trainingSamples,raw_data/EMG-EPN612/testingJSON/user274/user274.json,idx_39
waveIn,trainingSamples,raw_data/EMG-EPN612/testingJSON/user274/user274.json,idx_40
waveIn,trainingSamples,raw_data/EMG-EPN612/testingJSON/user274/user274.json,idx_41
waveIn,trainingSamples,raw_data/EMG-EPN612/testingJSON/user274/user274.json,idx_42
waveIn,trainingSamples,raw_data/EMG-EPN612/testingJSON/user274/user274.json,idx_43
waveIn,trainingSamples,raw_data/EMG-EPN612/testingJSON/user274/user274.json,idx_44
waveIn,trainingSamples,raw_data/EMG-EPN612/testingJSON/user274/user274.json,idx_45
waveIn,trainingSamples,raw_data/EMG-EPN612/testingJSON/user274/user274.json,idx_46
waveIn,trainingSamples,raw_data/EMG-EPN612/testingJSON/user274/user274.json,idx_47
waveIn,trainingSamples,raw_data/EMG-EPN612/testingJSON/user274/user274.json,idx_48
waveIn,trainingSamples,raw_data/EMG-EPN612/testingJSON/user274/user274.json,idx_49
waveIn,trainingSamples,raw_data/EMG-EPN612/testingJSON/user274/user274.json,idx_50
fist,trainingSamples,raw_data/EMG-EPN612/testingJSON/user274/user274.json,idx_51
fist,trainingSamples,raw_data/EMG-EPN612/testingJSON/user274/user274.json,idx_52
fist,trainingSamples,raw_data/EMG-EPN612/testingJSON/user274/user274.json,idx_53
fist,trainingSamples,raw_data/EMG-EPN612/testingJSON/user274/user274.json,idx_54
fist,trainingSamples,raw_data/EMG-EPN612/testingJSON/user274/user274.json,idx_55
fist,trainingSamples,raw_data/EMG-EPN612/testingJSON/user274/user274.json,idx_56
fist,trainingSamples,raw_data/EMG-EPN612/testingJSON/user274/user274.json,idx_57
fist,trainingSamples,raw_data/EMG-EPN612/testingJSON/user274/user274.json,idx_58
fist,trainingSamples,raw_data/EMG-EPN612/testingJSON/user274/user274.json,idx_59
fist,trainingSamples,raw_data/EMG-EPN612/testingJSON/user274/user274.json,idx_60
fist,trainingSamples,raw_data/EMG-EPN612/testingJSON/user274/user274.json,idx_61
fist,trainingSamples,raw_data/EMG-EPN612/testingJSON/user274/user274.json,idx_62
fist,trainingSamples,raw_data/EMG-EPN612/testingJSON/user274/user274.json,idx_63
fist,trainingSamples,raw_data/EMG-EPN612/testingJSON/user274/user274.json,idx_64
fist,trainingSamples,raw_data/EMG-EPN612/testingJSON/user274/user274.json,idx_65
fist,trainingSamples,raw_data/EMG-EPN612/testingJSON/user274/user274.json,idx_66
fist,trainingSamples,raw_data/EMG-EPN612/testingJSON/user274/user274.json,idx_67
fist,trainingSamples,raw_data/EMG-EPN612/testingJSON/user274/user274.json,idx_68
fist,trainingSamples,raw_data/EMG-EPN612/testingJSON/user274/user274.json,idx_69
fist,trainingSamples,raw_data/EMG-EPN612/testingJSON/user274/user274.json,idx_70
fist,trainingSamples,raw_data/EMG-EPN612/testingJSON/user274/user274.json,idx_71
fist,trainingSamples,raw_data/EMG-EPN612/testingJSON/user274/user274.json,idx_72
fist,trainingSamples,raw_data/EMG-EPN612/testingJSON/user274/user274.json,idx_73
fist,trainingSamples,raw_data/EMG-EPN612/testingJSON/user274/user274.json,idx_74
fist,trainingSamples,raw_data/EMG-EPN612/testingJSON/user274/user274.json,idx_75
pinch,trainingSamples,raw_data/EMG-EPN612/testingJSON/user274/user274.json,idx_76
pinch,trainingSamples,raw_data/EMG-EPN612/testingJSON/user274/user274.json,idx_77
pinch,trainingSamples,raw_data/EMG-EPN612/testingJSON/user274/user274.json,idx_78
pinch,trainingSamples,raw_data/EMG-EPN612/testingJSON/user274/user274.json,idx_79
pinch,trainingSamples,raw_data/EMG-EPN612/testingJSON/user274/user274.json,idx_80
pinch,trainingSamples,raw_data/EMG-EPN612/testingJSON/user274/user274.json,idx_81
pinch,trainingSamples,raw_data/EMG-EPN612/testingJSON/user274/user274.json,idx_82
pinch,trainingSamples,raw_data/EMG-EPN612/testingJSON/user274/user274.json,idx_83
pinch,trainingSamples,raw_data/EMG-EPN612/testingJSON/user274/user274.json,idx_84
pinch,trainingSamples,raw_data/EMG-EPN612/testingJSON/user274/user274.json,idx_85
pinch,trainingSamples,raw_data/EMG-EPN612/testingJSON/user274/user274.json,idx_86
pinch,trainingSamples,raw_data/EMG-EPN612/testingJSON/user274/user274.json,idx_87
pinch,trainingSamples,raw_data/EMG-EPN612/testingJSON/user274/user274.json,idx_88
pinch,trainingSamples,raw_data/EMG-EPN612/testingJSON/user274/user274.json,idx_89
pinch,trainingSamples,raw_data/EMG-EPN612/testingJSON/user274/user274.json,idx_90
pinch,trainingSamples,raw_data/EMG-EPN612/testingJSON/user274/user274.json,idx_91
pinch,trainingSamples,raw_data/EMG-EPN612/testingJSON/user274/user274.json,idx_92
pinch,trainingSamples,raw_data/EMG-EPN612/testingJSON/user274/user274.json,idx_93
pinch,trainingSamples,raw_data/EMG-EPN612/testingJSON/user274/user274.json,idx_94
pinch,trainingSamples,raw_data/EMG-EPN612/testingJSON/user274/user274.json,idx_95
pinch,trainingSamples,raw_data/EMG-EPN612/testingJSON/user274/user274.json,idx_96
pinch,trainingSamples,raw_data/EMG-EPN612/testingJSON/user274/user274.json,idx_97
pinch,trainingSamples,raw_data/EMG-EPN612/testingJSON/user274/user274.json,idx_98
pinch,trainingSamples,raw_data/EMG-EPN612/testingJSON/user274/user274.json,idx_99
pinch,trainingSamples,raw_data/EMG-EPN612/testingJSON/user274/user274.json,idx_100
waveOut,trainingSamples,raw_data/EMG-EPN612/testingJSON/user274/user274.json,idx_101
waveOut,trainingSamples,raw_data/EMG-EPN612/testingJSON/user274/user274.json,idx_102
waveOut,trainingSamples,raw_data/EMG-EPN612/testingJSON/user274/user274.json,idx_103
waveOut,trainingSamples,raw_data/EMG-EPN612/testingJSON/user274/user274.json,idx_104
waveOut,trainingSamples,raw_data/EMG-EPN612/testingJSON/user274/user274.json,idx_105
waveOut,trainingSamples,raw_data/EMG-EPN612/testingJSON/user274/user274.json,idx_106
waveOut,trainingSamples,raw_data/EMG-EPN612/testingJSON/user274/user274.json,idx_107
waveOut,trainingSamples,raw_data/EMG-EPN612/testingJSON/user274/user274.json,idx_108
waveOut,trainingSamples,raw_data/EMG-EPN612/testingJSON/user274/user274.json,idx_109
waveOut,trainingSamples,raw_data/EMG-EPN612/testingJSON/user274/user274.json,idx_110
waveOut,trainingSamples,raw_data/EMG-EPN612/testingJSON/user274/user274.json,idx_111
waveOut,trainingSamples,raw_data/EMG-EPN612/testingJSON/user274/user274.json,idx_112
waveOut,trainingSamples,raw_data/EMG-EPN612/testingJSON/user274/user274.json,idx_113
waveOut,trainingSamples,raw_data/EMG-EPN612/testingJSON/user274/user274.json,idx_114
waveOut,trainingSamples,raw_data/EMG-EPN612/testingJSON/user274/user274.json,idx_115
waveOut,trainingSamples,raw_data/EMG-EPN612/testingJSON/user274/user274.json,idx_116
waveOut,trainingSamples,raw_data/EMG-EPN612/testingJSON/user274/user274.json,idx_117
waveOut,trainingSamples,raw_data/EMG-EPN612/testingJSON/user274/user274.json,idx_118
waveOut,trainingSamples,raw_data/EMG-EPN612/testingJSON/user274/user274.json,idx_119
waveOut,trainingSamples,raw_data/EMG-EPN612/testingJSON/user274/user274.json,idx_120
waveOut,trainingSamples,raw_data/EMG-EPN612/testingJSON/user274/user274.json,idx_121
waveOut,trainingSamples,raw_data/EMG-EPN612/testingJSON/user274/user274.json,idx_122
waveOut,trainingSamples,raw_data/EMG-EPN612/testingJSON/user274/user274.json,idx_123
waveOut,trainingSamples,raw_data/EMG-EPN612/testingJSON/user274/user274.json,idx_124
waveOut,trainingSamples,raw_data/EMG-EPN612/testingJSON/user274/user274.json,idx_125
open,trainingSamples,raw_data/EMG-EPN612/testingJSON/user274/user274.json,idx_126
open,trainingSamples,raw_data/EMG-EPN612/testingJSON/user274/user274.json,idx_127
open,trainingSamples,raw_data/EMG-EPN612/testingJSON/user274/user274.json,idx_128
open,trainingSamples,raw_data/EMG-EPN612/testingJSON/user274/user274.json,idx_129
open,trainingSamples,raw_data/EMG-EPN612/testingJSON/user274/user274.json,idx_130
open,trainingSamples,raw_data/EMG-EPN612/testingJSON/user274/user274.json,idx_131
open,trainingSamples,raw_data/EMG-EPN612/testingJSON/user274/user274.json,idx_132
open,trainingSamples,raw_data/EMG-EPN612/testingJSON/user274/user274.json,idx_133
open,trainingSamples,raw_data/EMG-EPN612/testingJSON/user274/user274.json,idx_134
open,trainingSamples,raw_data/EMG-EPN612/testingJSON/user274/user274.json,idx_135
open,trainingSamples,raw_data/EMG-EPN612/testingJSON/user274/user274.json,idx_136
open,trainingSamples,raw_data/EMG-EPN612/testingJSON/user274/user274.json,idx_137
open,trainingSamples,raw_data/EMG-EPN612/testingJSON/user274/user274.json,idx_138
open,trainingSamples,raw_data/EMG-EPN612/testingJSON/user274/user274.json,idx_139
open,trainingSamples,raw_data/EMG-EPN612/testingJSON/user274/user274.json,idx_140
open,trainingSamples,raw_data/EMG-EPN612/testingJSON/user274/user274.json,idx_141
open,trainingSamples,raw_data/EMG-EPN612/testingJSON/user274/user274.json,idx_142
open,trainingSamples,raw_data/EMG-EPN612/testingJSON/user274/user274.json,idx_143
open,trainingSamples,raw_data/EMG-EPN612/testingJSON/user274/user274.json,idx_144
open,trainingSamples,raw_data/EMG-EPN612/testingJSON/user274/user274.json,idx_145
open,trainingSamples,raw_data/EMG-EPN612/testingJSON/user274/user274.json,idx_146
open,trainingSamples,raw_data/EMG-EPN612/testingJSON/user274/user274.json,idx_147
open,trainingSamples,raw_data/EMG-EPN612/testingJSON/user274/user274.json,idx_148
open,trainingSamples,raw_data/EMG-EPN612/testingJSON/user274/user274.json,idx_149
open,trainingSamples,raw_data/EMG-EPN612/testingJSON/user274/user274.json,idx_150
noGesture,trainingSamples,raw_data/EMG-EPN612/testingJSON/user275/user275.json,idx_1
noGesture,trainingSamples,raw_data/EMG-EPN612/testingJSON/user275/user275.json,idx_2
noGesture,trainingSamples,raw_data/EMG-EPN612/testingJSON/user275/user275.json,idx_3
noGesture,trainingSamples,raw_data/EMG-EPN612/testingJSON/user275/user275.json,idx_4
noGesture,trainingSamples,raw_data/EMG-EPN612/testingJSON/user275/user275.json,idx_5
noGesture,trainingSamples,raw_data/EMG-EPN612/testingJSON/user275/user275.json,idx_6
noGesture,trainingSamples,raw_data/EMG-EPN612/testingJSON/user275/user275.json,idx_7
noGesture,trainingSamples,raw_data/EMG-EPN612/testingJSON/user275/user275.json,idx_8
noGesture,trainingSamples,raw_data/EMG-EPN612/testingJSON/user275/user275.json,idx_9
noGesture,trainingSamples,raw_data/EMG-EPN612/testingJSON/user275/user275.json,idx_10
noGesture,trainingSamples,raw_data/EMG-EPN612/testingJSON/user275/user275.json,idx_11
noGesture,trainingSamples,raw_data/EMG-EPN612/testingJSON/user275/user275.json,idx_12
noGesture,trainingSamples,raw_data/EMG-EPN612/testingJSON/user275/user275.json,idx_13
noGesture,trainingSamples,raw_data/EMG-EPN612/testingJSON/user275/user275.json,idx_14
noGesture,trainingSamples,raw_data/EMG-EPN612/testingJSON/user275/user275.json,idx_15
noGesture,trainingSamples,raw_data/EMG-EPN612/testingJSON/user275/user275.json,idx_16
noGesture,trainingSamples,raw_data/EMG-EPN612/testingJSON/user275/user275.json,idx_17
noGesture,trainingSamples,raw_data/EMG-EPN612/testingJSON/user275/user275.json,idx_18
noGesture,trainingSamples,raw_data/EMG-EPN612/testingJSON/user275/user275.json,idx_19
noGesture,trainingSamples,raw_data/EMG-EPN612/testingJSON/user275/user275.json,idx_20
noGesture,trainingSamples,raw_data/EMG-EPN612/testingJSON/user275/user275.json,idx_21
noGesture,trainingSamples,raw_data/EMG-EPN612/testingJSON/user275/user275.json,idx_22
noGesture,trainingSamples,raw_data/EMG-EPN612/testingJSON/user275/user275.json,idx_23
noGesture,trainingSamples,raw_data/EMG-EPN612/testingJSON/user275/user275.json,idx_24
noGesture,trainingSamples,raw_data/EMG-EPN612/testingJSON/user275/user275.json,idx_25
open,trainingSamples,raw_data/EMG-EPN612/testingJSON/user275/user275.json,idx_26
open,trainingSamples,raw_data/EMG-EPN612/testingJSON/user275/user275.json,idx_27
open,trainingSamples,raw_data/EMG-EPN612/testingJSON/user275/user275.json,idx_28
open,trainingSamples,raw_data/EMG-EPN612/testingJSON/user275/user275.json,idx_29
open,trainingSamples,raw_data/EMG-EPN612/testingJSON/user275/user275.json,idx_30
open,trainingSamples,raw_data/EMG-EPN612/testingJSON/user275/user275.json,idx_31
open,trainingSamples,raw_data/EMG-EPN612/testingJSON/user275/user275.json,idx_32
open,trainingSamples,raw_data/EMG-EPN612/testingJSON/user275/user275.json,idx_33
open,trainingSamples,raw_data/EMG-EPN612/testingJSON/user275/user275.json,idx_34
open,trainingSamples,raw_data/EMG-EPN612/testingJSON/user275/user275.json,idx_35
open,trainingSamples,raw_data/EMG-EPN612/testingJSON/user275/user275.json,idx_36
open,trainingSamples,raw_data/EMG-EPN612/testingJSON/user275/user275.json,idx_37
open,trainingSamples,raw_data/EMG-EPN612/testingJSON/user275/user275.json,idx_38
open,trainingSamples,raw_data/EMG-EPN612/testingJSON/user275/user275.json,idx_39
open,trainingSamples,raw_data/EMG-EPN612/testingJSON/user275/user275.json,idx_40
open,trainingSamples,raw_data/EMG-EPN612/testingJSON/user275/user275.json,idx_41
open,trainingSamples,raw_data/EMG-EPN612/testingJSON/user275/user275.json,idx_42
open,trainingSamples,raw_data/EMG-EPN612/testingJSON/user275/user275.json,idx_43
open,trainingSamples,raw_data/EMG-EPN612/testingJSON/user275/user275.json,idx_44
open,trainingSamples,raw_data/EMG-EPN612/testingJSON/user275/user275.json,idx_45
open,trainingSamples,raw_data/EMG-EPN612/testingJSON/user275/user275.json,idx_46
open,trainingSamples,raw_data/EMG-EPN612/testingJSON/user275/user275.json,idx_47
open,trainingSamples,raw_data/EMG-EPN612/testingJSON/user275/user275.json,idx_48
open,trainingSamples,raw_data/EMG-EPN612/testingJSON/user275/user275.json,idx_49
open,trainingSamples,raw_data/EMG-EPN612/testingJSON/user275/user275.json,idx_50
waveOut,trainingSamples,raw_data/EMG-EPN612/testingJSON/user275/user275.json,idx_51
waveOut,trainingSamples,raw_data/EMG-EPN612/testingJSON/user275/user275.json,idx_52
waveOut,trainingSamples,raw_data/EMG-EPN612/testingJSON/user275/user275.json,idx_53
waveOut,trainingSamples,raw_data/EMG-EPN612/testingJSON/user275/user275.json,idx_54
waveOut,trainingSamples,raw_data/EMG-EPN612/testingJSON/user275/user275.json,idx_55
waveOut,trainingSamples,raw_data/EMG-EPN612/testingJSON/user275/user275.json,idx_56
waveOut,trainingSamples,raw_data/EMG-EPN612/testingJSON/user275/user275.json,idx_57
waveOut,trainingSamples,raw_data/EMG-EPN612/testingJSON/user275/user275.json,idx_58
waveOut,trainingSamples,raw_data/EMG-EPN612/testingJSON/user275/user275.json,idx_59
waveOut,trainingSamples,raw_data/EMG-EPN612/testingJSON/user275/user275.json,idx_60
waveOut,trainingSamples,raw_data/EMG-EPN612/testingJSON/user275/user275.json,idx_61
waveOut,trainingSamples,raw_data/EMG-EPN612/testingJSON/user275/user275.json,idx_62
waveOut,trainingSamples,raw_data/EMG-EPN612/testingJSON/user275/user275.json,idx_63
waveOut,trainingSamples,raw_data/EMG-EPN612/testingJSON/user275/user275.json,idx_64
waveOut,trainingSamples,raw_data/EMG-EPN612/testingJSON/user275/user275.json,idx_65
waveOut,trainingSamples,raw_data/EMG-EPN612/testingJSON/user275/user275.json,idx_66
waveOut,trainingSamples,raw_data/EMG-EPN612/testingJSON/user275/user275.json,idx_67
waveOut,trainingSamples,raw_data/EMG-EPN612/testingJSON/user275/user275.json,idx_68
waveOut,trainingSamples,raw_data/EMG-EPN612/testingJSON/user275/user275.json,idx_69
waveOut,trainingSamples,raw_data/EMG-EPN612/testingJSON/user275/user275.json,idx_70
waveOut,trainingSamples,raw_data/EMG-EPN612/testingJSON/user275/user275.json,idx_71
waveOut,trainingSamples,raw_data/EMG-EPN612/testingJSON/user275/user275.json,idx_72
waveOut,trainingSamples,raw_data/EMG-EPN612/testingJSON/user275/user275.json,idx_73
waveOut,trainingSamples,raw_data/EMG-EPN612/testingJSON/user275/user275.json,idx_74
waveOut,trainingSamples,raw_data/EMG-EPN612/testingJSON/user275/user275.json,idx_75
pinch,trainingSamples,raw_data/EMG-EPN612/testingJSON/user275/user275.json,idx_76
pinch,trainingSamples,raw_data/EMG-EPN612/testingJSON/user275/user275.json,idx_77
pinch,trainingSamples,raw_data/EMG-EPN612/testingJSON/user275/user275.json,idx_78
pinch,trainingSamples,raw_data/EMG-EPN612/testingJSON/user275/user275.json,idx_79
pinch,trainingSamples,raw_data/EMG-EPN612/testingJSON/user275/user275.json,idx_80
pinch,trainingSamples,raw_data/EMG-EPN612/testingJSON/user275/user275.json,idx_81
pinch,trainingSamples,raw_data/EMG-EPN612/testingJSON/user275/user275.json,idx_82
pinch,trainingSamples,raw_data/EMG-EPN612/testingJSON/user275/user275.json,idx_83
pinch,trainingSamples,raw_data/EMG-EPN612/testingJSON/user275/user275.json,idx_84
pinch,trainingSamples,raw_data/EMG-EPN612/testingJSON/user275/user275.json,idx_85
pinch,trainingSamples,raw_data/EMG-EPN612/testingJSON/user275/user275.json,idx_86
pinch,trainingSamples,raw_data/EMG-EPN612/testingJSON/user275/user275.json,idx_87
pinch,trainingSamples,raw_data/EMG-EPN612/testingJSON/user275/user275.json,idx_88
pinch,trainingSamples,raw_data/EMG-EPN612/testingJSON/user275/user275.json,idx_89
pinch,trainingSamples,raw_data/EMG-EPN612/testingJSON/user275/user275.json,idx_90
pinch,trainingSamples,raw_data/EMG-EPN612/testingJSON/user275/user275.json,idx_91
pinch,trainingSamples,raw_data/EMG-EPN612/testingJSON/user275/user275.json,idx_92
pinch,trainingSamples,raw_data/EMG-EPN612/testingJSON/user275/user275.json,idx_93
pinch,trainingSamples,raw_data/EMG-EPN612/testingJSON/user275/user275.json,idx_94
pinch,trainingSamples,raw_data/EMG-EPN612/testingJSON/user275/user275.json,idx_95
pinch,trainingSamples,raw_data/EMG-EPN612/testingJSON/user275/user275.json,idx_96
pinch,trainingSamples,raw_data/EMG-EPN612/testingJSON/user275/user275.json,idx_97
pinch,trainingSamples,raw_data/EMG-EPN612/testingJSON/user275/user275.json,idx_98
pinch,trainingSamples,raw_data/EMG-EPN612/testingJSON/user275/user275.json,idx_99
pinch,trainingSamples,raw_data/EMG-EPN612/testingJSON/user275/user275.json,idx_100
waveIn,trainingSamples,raw_data/EMG-EPN612/testingJSON/user275/user275.json,idx_101
waveIn,trainingSamples,raw_data/EMG-EPN612/testingJSON/user275/user275.json,idx_102
waveIn,trainingSamples,raw_data/EMG-EPN612/testingJSON/user275/user275.json,idx_103
waveIn,trainingSamples,raw_data/EMG-EPN612/testingJSON/user275/user275.json,idx_104
waveIn,trainingSamples,raw_data/EMG-EPN612/testingJSON/user275/user275.json,idx_105
waveIn,trainingSamples,raw_data/EMG-EPN612/testingJSON/user275/user275.json,idx_106
waveIn,trainingSamples,raw_data/EMG-EPN612/testingJSON/user275/user275.json,idx_107
waveIn,trainingSamples,raw_data/EMG-EPN612/testingJSON/user275/user275.json,idx_108
waveIn,trainingSamples,raw_data/EMG-EPN612/testingJSON/user275/user275.json,idx_109
waveIn,trainingSamples,raw_data/EMG-EPN612/testingJSON/user275/user275.json,idx_110
waveIn,trainingSamples,raw_data/EMG-EPN612/testingJSON/user275/user275.json,idx_111
waveIn,trainingSamples,raw_data/EMG-EPN612/testingJSON/user275/user275.json,idx_112
waveIn,trainingSamples,raw_data/EMG-EPN612/testingJSON/user275/user275.json,idx_113
waveIn,trainingSamples,raw_data/EMG-EPN612/testingJSON/user275/user275.json,idx_114
waveIn,trainingSamples,raw_data/EMG-EPN612/testingJSON/user275/user275.json,idx_115
waveIn,trainingSamples,raw_data/EMG-EPN612/testingJSON/user275/user275.json,idx_116
waveIn,trainingSamples,raw_data/EMG-EPN612/testingJSON/user275/user275.json,idx_117
waveIn,trainingSamples,raw_data/EMG-EPN612/testingJSON/user275/user275.json,idx_118
waveIn,trainingSamples,raw_data/EMG-EPN612/testingJSON/user275/user275.json,idx_119
waveIn,trainingSamples,raw_data/EMG-EPN612/testingJSON/user275/user275.json,idx_120
waveIn,trainingSamples,raw_data/EMG-EPN612/testingJSON/user275/user275.json,idx_121
waveIn,trainingSamples,raw_data/EMG-EPN612/testingJSON/user275/user275.json,idx_122
waveIn,trainingSamples,raw_data/EMG-EPN612/testingJSON/user275/user275.json,idx_123
waveIn,trainingSamples,raw_data/EMG-EPN612/testingJSON/user275/user275.json,idx_124
waveIn,trainingSamples,raw_data/EMG-EPN612/testingJSON/user275/user275.json,idx_125
fist,trainingSamples,raw_data/EMG-EPN612/testingJSON/user275/user275.json,idx_126
fist,trainingSamples,raw_data/EMG-EPN612/testingJSON/user275/user275.json,idx_127
fist,trainingSamples,raw_data/EMG-EPN612/testingJSON/user275/user275.json,idx_128
fist,trainingSamples,raw_data/EMG-EPN612/testingJSON/user275/user275.json,idx_129
fist,trainingSamples,raw_data/EMG-EPN612/testingJSON/user275/user275.json,idx_130
fist,trainingSamples,raw_data/EMG-EPN612/testingJSON/user275/user275.json,idx_131
fist,trainingSamples,raw_data/EMG-EPN612/testingJSON/user275/user275.json,idx_132
fist,trainingSamples,raw_data/EMG-EPN612/testingJSON/user275/user275.json,idx_133
fist,trainingSamples,raw_data/EMG-EPN612/testingJSON/user275/user275.json,idx_134
fist,trainingSamples,raw_data/EMG-EPN612/testingJSON/user275/user275.json,idx_135
fist,trainingSamples,raw_data/EMG-EPN612/testingJSON/user275/user275.json,idx_136
fist,trainingSamples,raw_data/EMG-EPN612/testingJSON/user275/user275.json,idx_137
fist,trainingSamples,raw_data/EMG-EPN612/testingJSON/user275/user275.json,idx_138
fist,trainingSamples,raw_data/EMG-EPN612/testingJSON/user275/user275.json,idx_139
fist,trainingSamples,raw_data/EMG-EPN612/testingJSON/user275/user275.json,idx_140
fist,trainingSamples,raw_data/EMG-EPN612/testingJSON/user275/user275.json,idx_141
fist,trainingSamples,raw_data/EMG-EPN612/testingJSON/user275/user275.json,idx_142
fist,trainingSamples,raw_data/EMG-EPN612/testingJSON/user275/user275.json,idx_143
fist,trainingSamples,raw_data/EMG-EPN612/testingJSON/user275/user275.json,idx_144
fist,trainingSamples,raw_data/EMG-EPN612/testingJSON/user275/user275.json,idx_145
fist,trainingSamples,raw_data/EMG-EPN612/testingJSON/user275/user275.json,idx_146
fist,trainingSamples,raw_data/EMG-EPN612/testingJSON/user275/user275.json,idx_147
fist,trainingSamples,raw_data/EMG-EPN612/testingJSON/user275/user275.json,idx_148
fist,trainingSamples,raw_data/EMG-EPN612/testingJSON/user275/user275.json,idx_149
fist,trainingSamples,raw_data/EMG-EPN612/testingJSON/user275/user275.json,idx_150
noGesture,trainingSamples,raw_data/EMG-EPN612/testingJSON/user276/user276.json,idx_1
noGesture,trainingSamples,raw_data/EMG-EPN612/testingJSON/user276/user276.json,idx_2
noGesture,trainingSamples,raw_data/EMG-EPN612/testingJSON/user276/user276.json,idx_3
noGesture,trainingSamples,raw_data/EMG-EPN612/testingJSON/user276/user276.json,idx_4
noGesture,trainingSamples,raw_data/EMG-EPN612/testingJSON/user276/user276.json,idx_5
noGesture,trainingSamples,raw_data/EMG-EPN612/testingJSON/user276/user276.json,idx_6
noGesture,trainingSamples,raw_data/EMG-EPN612/testingJSON/user276/user276.json,idx_7
noGesture,trainingSamples,raw_data/EMG-EPN612/testingJSON/user276/user276.json,idx_8
noGesture,trainingSamples,raw_data/EMG-EPN612/testingJSON/user276/user276.json,idx_9
noGesture,trainingSamples,raw_data/EMG-EPN612/testingJSON/user276/user276.json,idx_10
noGesture,trainingSamples,raw_data/EMG-EPN612/testingJSON/user276/user276.json,idx_11
noGesture,trainingSamples,raw_data/EMG-EPN612/testingJSON/user276/user276.json,idx_12
noGesture,trainingSamples,raw_data/EMG-EPN612/testingJSON/user276/user276.json,idx_13
noGesture,trainingSamples,raw_data/EMG-EPN612/testingJSON/user276/user276.json,idx_14
noGesture,trainingSamples,raw_data/EMG-EPN612/testingJSON/user276/user276.json,idx_15
noGesture,trainingSamples,raw_data/EMG-EPN612/testingJSON/user276/user276.json,idx_16
noGesture,trainingSamples,raw_data/EMG-EPN612/testingJSON/user276/user276.json,idx_17
noGesture,trainingSamples,raw_data/EMG-EPN612/testingJSON/user276/user276.json,idx_18
noGesture,trainingSamples,raw_data/EMG-EPN612/testingJSON/user276/user276.json,idx_19
noGesture,trainingSamples,raw_data/EMG-EPN612/testingJSON/user276/user276.json,idx_20
noGesture,trainingSamples,raw_data/EMG-EPN612/testingJSON/user276/user276.json,idx_21
noGesture,trainingSamples,raw_data/EMG-EPN612/testingJSON/user276/user276.json,idx_22
noGesture,trainingSamples,raw_data/EMG-EPN612/testingJSON/user276/user276.json,idx_23
noGesture,trainingSamples,raw_data/EMG-EPN612/testingJSON/user276/user276.json,idx_24
noGesture,trainingSamples,raw_data/EMG-EPN612/testingJSON/user276/user276.json,idx_25
waveOut,trainingSamples,raw_data/EMG-EPN612/testingJSON/user276/user276.json,idx_26
waveOut,trainingSamples,raw_data/EMG-EPN612/testingJSON/user276/user276.json,idx_27
waveOut,trainingSamples,raw_data/EMG-EPN612/testingJSON/user276/user276.json,idx_28
waveOut,trainingSamples,raw_data/EMG-EPN612/testingJSON/user276/user276.json,idx_29
waveOut,trainingSamples,raw_data/EMG-EPN612/testingJSON/user276/user276.json,idx_30
waveOut,trainingSamples,raw_data/EMG-EPN612/testingJSON/user276/user276.json,idx_31
waveOut,trainingSamples,raw_data/EMG-EPN612/testingJSON/user276/user276.json,idx_32
waveOut,trainingSamples,raw_data/EMG-EPN612/testingJSON/user276/user276.json,idx_33
waveOut,trainingSamples,raw_data/EMG-EPN612/testingJSON/user276/user276.json,idx_34
waveOut,trainingSamples,raw_data/EMG-EPN612/testingJSON/user276/user276.json,idx_35
waveOut,trainingSamples,raw_data/EMG-EPN612/testingJSON/user276/user276.json,idx_36
waveOut,trainingSamples,raw_data/EMG-EPN612/testingJSON/user276/user276.json,idx_37
waveOut,trainingSamples,raw_data/EMG-EPN612/testingJSON/user276/user276.json,idx_38
waveOut,trainingSamples,raw_data/EMG-EPN612/testingJSON/user276/user276.json,idx_39
waveOut,trainingSamples,raw_data/EMG-EPN612/testingJSON/user276/user276.json,idx_40
waveOut,trainingSamples,raw_data/EMG-EPN612/testingJSON/user276/user276.json,idx_41
waveOut,trainingSamples,raw_data/EMG-EPN612/testingJSON/user276/user276.json,idx_42
waveOut,trainingSamples,raw_data/EMG-EPN612/testingJSON/user276/user276.json,idx_43
waveOut,trainingSamples,raw_data/EMG-EPN612/testingJSON/user276/user276.json,idx_44
waveOut,trainingSamples,raw_data/EMG-EPN612/testingJSON/user276/user276.json,idx_45
waveOut,trainingSamples,raw_data/EMG-EPN612/testingJSON/user276/user276.json,idx_46
waveOut,trainingSamples,raw_data/EMG-EPN612/testingJSON/user276/user276.json,idx_47
waveOut,trainingSamples,raw_data/EMG-EPN612/testingJSON/user276/user276.json,idx_48
waveOut,trainingSamples,raw_data/EMG-EPN612/testingJSON/user276/user276.json,idx_49
waveOut,trainingSamples,raw_data/EMG-EPN612/testingJSON/user276/user276.json,idx_50
pinch,trainingSamples,raw_data/EMG-EPN612/testingJSON/user276/user276.json,idx_51
pinch,trainingSamples,raw_data/EMG-EPN612/testingJSON/user276/user276.json,idx_52
pinch,trainingSamples,raw_data/EMG-EPN612/testingJSON/user276/user276.json,idx_53
pinch,trainingSamples,raw_data/EMG-EPN612/testingJSON/user276/user276.json,idx_54
pinch,trainingSamples,raw_data/EMG-EPN612/testingJSON/user276/user276.json,idx_55
pinch,trainingSamples,raw_data/EMG-EPN612/testingJSON/user276/user276.json,idx_56
pinch,trainingSamples,raw_data/EMG-EPN612/testingJSON/user276/user276.json,idx_57
pinch,trainingSamples,raw_data/EMG-EPN612/testingJSON/user276/user276.json,idx_58
pinch,trainingSamples,raw_data/EMG-EPN612/testingJSON/user276/user276.json,idx_59
pinch,trainingSamples,raw_data/EMG-EPN612/testingJSON/user276/user276.json,idx_60
pinch,trainingSamples,raw_data/EMG-EPN612/testingJSON/user276/user276.json,idx_61
pinch,trainingSamples,raw_data/EMG-EPN612/testingJSON/user276/user276.json,idx_62
pinch,trainingSamples,raw_data/EMG-EPN612/testingJSON/user276/user276.json,idx_63
pinch,trainingSamples,raw_data/EMG-EPN612/testingJSON/user276/user276.json,idx_64
pinch,trainingSamples,raw_data/EMG-EPN612/testingJSON/user276/user276.json,idx_65
pinch,trainingSamples,raw_data/EMG-EPN612/testingJSON/user276/user276.json,idx_66
pinch,trainingSamples,raw_data/EMG-EPN612/testingJSON/user276/user276.json,idx_67
pinch,trainingSamples,raw_data/EMG-EPN612/testingJSON/user276/user276.json,idx_68
pinch,trainingSamples,raw_data/EMG-EPN612/testingJSON/user276/user276.json,idx_69
pinch,trainingSamples,raw_data/EMG-EPN612/testingJSON/user276/user276.json,idx_70
pinch,trainingSamples,raw_data/EMG-EPN612/testingJSON/user276/user276.json,idx_71
pinch,trainingSamples,raw_data/EMG-EPN612/testingJSON/user276/user276.json,idx_72
pinch,trainingSamples,raw_data/EMG-EPN612/testingJSON/user276/user276.json,idx_73
pinch,trainingSamples,raw_data/EMG-EPN612/testingJSON/user276/user276.json,idx_74
pinch,trainingSamples,raw_data/EMG-EPN612/testingJSON/user276/user276.json,idx_75
fist,trainingSamples,raw_data/EMG-EPN612/testingJSON/user276/user276.json,idx_76
fist,trainingSamples,raw_data/EMG-EPN612/testingJSON/user276/user276.json,idx_77
fist,trainingSamples,raw_data/EMG-EPN612/testingJSON/user276/user276.json,idx_78
fist,trainingSamples,raw_data/EMG-EPN612/testingJSON/user276/user276.json,idx_79
fist,trainingSamples,raw_data/EMG-EPN612/testingJSON/user276/user276.json,idx_80
fist,trainingSamples,raw_data/EMG-EPN612/testingJSON/user276/user276.json,idx_81
fist,trainingSamples,raw_data/EMG-EPN612/testingJSON/user276/user276.json,idx_82
fist,trainingSamples,raw_data/EMG-EPN612/testingJSON/user276/user276.json,idx_83
fist,trainingSamples,raw_data/EMG-EPN612/testingJSON/user276/user276.json,idx_84
fist,trainingSamples,raw_data/EMG-EPN612/testingJSON/user276/user276.json,idx_85
fist,trainingSamples,raw_data/EMG-EPN612/testingJSON/user276/user276.json,idx_86
fist,trainingSamples,raw_data/EMG-EPN612/testingJSON/user276/user276.json,idx_87
fist,trainingSamples,raw_data/EMG-EPN612/testingJSON/user276/user276.json,idx_88
fist,trainingSamples,raw_data/EMG-EPN612/testingJSON/user276/user276.json,idx_89
fist,trainingSamples,raw_data/EMG-EPN612/testingJSON/user276/user276.json,idx_90
fist,trainingSamples,raw_data/EMG-EPN612/testingJSON/user276/user276.json,idx_91
fist,trainingSamples,raw_data/EMG-EPN612/testingJSON/user276/user276.json,idx_92
fist,trainingSamples,raw_data/EMG-EPN612/testingJSON/user276/user276.json,idx_93
fist,trainingSamples,raw_data/EMG-EPN612/testingJSON/user276/user276.json,idx_94
fist,trainingSamples,raw_data/EMG-EPN612/testingJSON/user276/user276.json,idx_95
fist,trainingSamples,raw_data/EMG-EPN612/testingJSON/user276/user276.json,idx_96
fist,trainingSamples,raw_data/EMG-EPN612/testingJSON/user276/user276.json,idx_97
fist,trainingSamples,raw_data/EMG-EPN612/testingJSON/user276/user276.json,idx_98
fist,trainingSamples,raw_data/EMG-EPN612/testingJSON/user276/user276.json,idx_99
fist,trainingSamples,raw_data/EMG-EPN612/testingJSON/user276/user276.json,idx_100
waveIn,trainingSamples,raw_data/EMG-EPN612/testingJSON/user276/user276.json,idx_101
waveIn,trainingSamples,raw_data/EMG-EPN612/testingJSON/user276/user276.json,idx_102
waveIn,trainingSamples,raw_data/EMG-EPN612/testingJSON/user276/user276.json,idx_103
waveIn,trainingSamples,raw_data/EMG-EPN612/testingJSON/user276/user276.json,idx_104
waveIn,trainingSamples,raw_data/EMG-EPN612/testingJSON/user276/user276.json,idx_105
waveIn,trainingSamples,raw_data/EMG-EPN612/testingJSON/user276/user276.json,idx_106
waveIn,trainingSamples,raw_data/EMG-EPN612/testingJSON/user276/user276.json,idx_107
waveIn,trainingSamples,raw_data/EMG-EPN612/testingJSON/user276/user276.json,idx_108
waveIn,trainingSamples,raw_data/EMG-EPN612/testingJSON/user276/user276.json,idx_109
waveIn,trainingSamples,raw_data/EMG-EPN612/testingJSON/user276/user276.json,idx_110
waveIn,trainingSamples,raw_data/EMG-EPN612/testingJSON/user276/user276.json,idx_111
waveIn,trainingSamples,raw_data/EMG-EPN612/testingJSON/user276/user276.json,idx_112
waveIn,trainingSamples,raw_data/EMG-EPN612/testingJSON/user276/user276.json,idx_113
waveIn,trainingSamples,raw_data/EMG-EPN612/testingJSON/user276/user276.json,idx_114
waveIn,trainingSamples,raw_data/EMG-EPN612/testingJSON/user276/user276.json,idx_115
waveIn,trainingSamples,raw_data/EMG-EPN612/testingJSON/user276/user276.json,idx_116
waveIn,trainingSamples,raw_data/EMG-EPN612/testingJSON/user276/user276.json,idx_117
waveIn,trainingSamples,raw_data/EMG-EPN612/testingJSON/user276/user276.json,idx_118
waveIn,trainingSamples,raw_data/EMG-EPN612/testingJSON/user276/user276.json,idx_119
waveIn,trainingSamples,raw_data/EMG-EPN612/testingJSON/user276/user276.json,idx_120
waveIn,trainingSamples,raw_data/EMG-EPN612/testingJSON/user276/user276.json,idx_121
waveIn,trainingSamples,raw_data/EMG-EPN612/testingJSON/user276/user276.json,idx_122
waveIn,trainingSamples,raw_data/EMG-EPN612/testingJSON/user276/user276.json,idx_123
waveIn,trainingSamples,raw_data/EMG-EPN612/testingJSON/user276/user276.json,idx_124
waveIn,trainingSamples,raw_data/EMG-EPN612/testingJSON/user276/user276.json,idx_125
open,trainingSamples,raw_data/EMG-EPN612/testingJSON/user276/user276.json,idx_126
open,trainingSamples,raw_data/EMG-EPN612/testingJSON/user276/user276.json,idx_127
open,trainingSamples,raw_data/EMG-EPN612/testingJSON/user276/user276.json,idx_128
open,trainingSamples,raw_data/EMG-EPN612/testingJSON/user276/user276.json,idx_129
open,trainingSamples,raw_data/EMG-EPN612/testingJSON/user276/user276.json,idx_130
open,trainingSamples,raw_data/EMG-EPN612/testingJSON/user276/user276.json,idx_131
open,trainingSamples,raw_data/EMG-EPN612/testingJSON/user276/user276.json,idx_132
open,trainingSamples,raw_data/EMG-EPN612/testingJSON/user276/user276.json,idx_133
open,trainingSamples,raw_data/EMG-EPN612/testingJSON/user276/user276.json,idx_134
open,trainingSamples,raw_data/EMG-EPN612/testingJSON/user276/user276.json,idx_135
open,trainingSamples,raw_data/EMG-EPN612/testingJSON/user276/user276.json,idx_136
open,trainingSamples,raw_data/EMG-EPN612/testingJSON/user276/user276.json,idx_137
open,trainingSamples,raw_data/EMG-EPN612/testingJSON/user276/user276.json,idx_138
open,trainingSamples,raw_data/EMG-EPN612/testingJSON/user276/user276.json,idx_139
open,trainingSamples,raw_data/EMG-EPN612/testingJSON/user276/user276.json,idx_140
open,trainingSamples,raw_data/EMG-EPN612/testingJSON/user276/user276.json,idx_141
open,trainingSamples,raw_data/EMG-EPN612/testingJSON/user276/user276.json,idx_142
open,trainingSamples,raw_data/EMG-EPN612/testingJSON/user276/user276.json,idx_143
open,trainingSamples,raw_data/EMG-EPN612/testingJSON/user276/user276.json,idx_144
open,trainingSamples,raw_data/EMG-EPN612/testingJSON/user276/user276.json,idx_145
open,trainingSamples,raw_data/EMG-EPN612/testingJSON/user276/user276.json,idx_146
open,trainingSamples,raw_data/EMG-EPN612/testingJSON/user276/user276.json,idx_147
open,trainingSamples,raw_data/EMG-EPN612/testingJSON/user276/user276.json,idx_148
open,trainingSamples,raw_data/EMG-EPN612/testingJSON/user276/user276.json,idx_149
open,trainingSamples,raw_data/EMG-EPN612/testingJSON/user276/user276.json,idx_150
noGesture,trainingSamples,raw_data/EMG-EPN612/testingJSON/user277/user277.json,idx_1
noGesture,trainingSamples,raw_data/EMG-EPN612/testingJSON/user277/user277.json,idx_2
noGesture,trainingSamples,raw_data/EMG-EPN612/testingJSON/user277/user277.json,idx_3
noGesture,trainingSamples,raw_data/EMG-EPN612/testingJSON/user277/user277.json,idx_4
noGesture,trainingSamples,raw_data/EMG-EPN612/testingJSON/user277/user277.json,idx_5
noGesture,trainingSamples,raw_data/EMG-EPN612/testingJSON/user277/user277.json,idx_6
noGesture,trainingSamples,raw_data/EMG-EPN612/testingJSON/user277/user277.json,idx_7
noGesture,trainingSamples,raw_data/EMG-EPN612/testingJSON/user277/user277.json,idx_8
noGesture,trainingSamples,raw_data/EMG-EPN612/testingJSON/user277/user277.json,idx_9
noGesture,trainingSamples,raw_data/EMG-EPN612/testingJSON/user277/user277.json,idx_10
noGesture,trainingSamples,raw_data/EMG-EPN612/testingJSON/user277/user277.json,idx_11
noGesture,trainingSamples,raw_data/EMG-EPN612/testingJSON/user277/user277.json,idx_12
noGesture,trainingSamples,raw_data/EMG-EPN612/testingJSON/user277/user277.json,idx_13
noGesture,trainingSamples,raw_data/EMG-EPN612/testingJSON/user277/user277.json,idx_14
noGesture,trainingSamples,raw_data/EMG-EPN612/testingJSON/user277/user277.json,idx_15
noGesture,trainingSamples,raw_data/EMG-EPN612/testingJSON/user277/user277.json,idx_16
noGesture,trainingSamples,raw_data/EMG-EPN612/testingJSON/user277/user277.json,idx_17
noGesture,trainingSamples,raw_data/EMG-EPN612/testingJSON/user277/user277.json,idx_18
noGesture,trainingSamples,raw_data/EMG-EPN612/testingJSON/user277/user277.json,idx_19
noGesture,trainingSamples,raw_data/EMG-EPN612/testingJSON/user277/user277.json,idx_20
noGesture,trainingSamples,raw_data/EMG-EPN612/testingJSON/user277/user277.json,idx_21
noGesture,trainingSamples,raw_data/EMG-EPN612/testingJSON/user277/user277.json,idx_22
noGesture,trainingSamples,raw_data/EMG-EPN612/testingJSON/user277/user277.json,idx_23
noGesture,trainingSamples,raw_data/EMG-EPN612/testingJSON/user277/user277.json,idx_24
noGesture,trainingSamples,raw_data/EMG-EPN612/testingJSON/user277/user277.json,idx_25
open,trainingSamples,raw_data/EMG-EPN612/testingJSON/user277/user277.json,idx_26
open,trainingSamples,raw_data/EMG-EPN612/testingJSON/user277/user277.json,idx_27
open,trainingSamples,raw_data/EMG-EPN612/testingJSON/user277/user277.json,idx_28
open,trainingSamples,raw_data/EMG-EPN612/testingJSON/user277/user277.json,idx_29
open,trainingSamples,raw_data/EMG-EPN612/testingJSON/user277/user277.json,idx_30
open,trainingSamples,raw_data/EMG-EPN612/testingJSON/user277/user277.json,idx_31
open,trainingSamples,raw_data/EMG-EPN612/testingJSON/user277/user277.json,idx_32
open,trainingSamples,raw_data/EMG-EPN612/testingJSON/user277/user277.json,idx_33
open,trainingSamples,raw_data/EMG-EPN612/testingJSON/user277/user277.json,idx_34
open,trainingSamples,raw_data/EMG-EPN612/testingJSON/user277/user277.json,idx_35
open,trainingSamples,raw_data/EMG-EPN612/testingJSON/user277/user277.json,idx_36
open,trainingSamples,raw_data/EMG-EPN612/testingJSON/user277/user277.json,idx_37
open,trainingSamples,raw_data/EMG-EPN612/testingJSON/user277/user277.json,idx_38
open,trainingSamples,raw_data/EMG-EPN612/testingJSON/user277/user277.json,idx_39
open,trainingSamples,raw_data/EMG-EPN612/testingJSON/user277/user277.json,idx_40
open,trainingSamples,raw_data/EMG-EPN612/testingJSON/user277/user277.json,idx_41
open,trainingSamples,raw_data/EMG-EPN612/testingJSON/user277/user277.json,idx_42
open,trainingSamples,raw_data/EMG-EPN612/testingJSON/user277/user277.json,idx_43
open,trainingSamples,raw_data/EMG-EPN612/testingJSON/user277/user277.json,idx_44
open,trainingSamples,raw_data/EMG-EPN612/testingJSON/user277/user277.json,idx_45
open,trainingSamples,raw_data/EMG-EPN612/testingJSON/user277/user277.json,idx_46
open,trainingSamples,raw_data/EMG-EPN612/testingJSON/user277/user277.json,idx_47
open,trainingSamples,raw_data/EMG-EPN612/testingJSON/user277/user277.json,idx_48
open,trainingSamples,raw_data/EMG-EPN612/testingJSON/user277/user277.json,idx_49
open,trainingSamples,raw_data/EMG-EPN612/testingJSON/user277/user277.json,idx_50
pinch,trainingSamples,raw_data/EMG-EPN612/testingJSON/user277/user277.json,idx_51
pinch,trainingSamples,raw_data/EMG-EPN612/testingJSON/user277/user277.json,idx_52
pinch,trainingSamples,raw_data/EMG-EPN612/testingJSON/user277/user277.json,idx_53
pinch,trainingSamples,raw_data/EMG-EPN612/testingJSON/user277/user277.json,idx_54
pinch,trainingSamples,raw_data/EMG-EPN612/testingJSON/user277/user277.json,idx_55
pinch,trainingSamples,raw_data/EMG-EPN612/testingJSON/user277/user277.json,idx_56
pinch,trainingSamples,raw_data/EMG-EPN612/testingJSON/user277/user277.json,idx_57
pinch,trainingSamples,raw_data/EMG-EPN612/testingJSON/user277/user277.json,idx_58
pinch,trainingSamples,raw_data/EMG-EPN612/testingJSON/user277/user277.json,idx_59
pinch,trainingSamples,raw_data/EMG-EPN612/testingJSON/user277/user277.json,idx_60
pinch,trainingSamples,raw_data/EMG-EPN612/testingJSON/user277/user277.json,idx_61
pinch,trainingSamples,raw_data/EMG-EPN612/testingJSON/user277/user277.json,idx_62
pinch,trainingSamples,raw_data/EMG-EPN612/testingJSON/user277/user277.json,idx_63
pinch,trainingSamples,raw_data/EMG-EPN612/testingJSON/user277/user277.json,idx_64
pinch,trainingSamples,raw_data/EMG-EPN612/testingJSON/user277/user277.json,idx_65
pinch,trainingSamples,raw_data/EMG-EPN612/testingJSON/user277/user277.json,idx_66
pinch,trainingSamples,raw_data/EMG-EPN612/testingJSON/user277/user277.json,idx_67
pinch,trainingSamples,raw_data/EMG-EPN612/testingJSON/user277/user277.json,idx_68
pinch,trainingSamples,raw_data/EMG-EPN612/testingJSON/user277/user277.json,idx_69
pinch,trainingSamples,raw_data/EMG-EPN612/testingJSON/user277/user277.json,idx_70
pinch,trainingSamples,raw_data/EMG-EPN612/testingJSON/user277/user277.json,idx_71
pinch,trainingSamples,raw_data/EMG-EPN612/testingJSON/user277/user277.json,idx_72
pinch,trainingSamples,raw_data/EMG-EPN612/testingJSON/user277/user277.json,idx_73
pinch,trainingSamples,raw_data/EMG-EPN612/testingJSON/user277/user277.json,idx_74
pinch,trainingSamples,raw_data/EMG-EPN612/testingJSON/user277/user277.json,idx_75
waveIn,trainingSamples,raw_data/EMG-EPN612/testingJSON/user277/user277.json,idx_76
waveIn,trainingSamples,raw_data/EMG-EPN612/testingJSON/user277/user277.json,idx_77
waveIn,trainingSamples,raw_data/EMG-EPN612/testingJSON/user277/user277.json,idx_78
waveIn,trainingSamples,raw_data/EMG-EPN612/testingJSON/user277/user277.json,idx_79
waveIn,trainingSamples,raw_data/EMG-EPN612/testingJSON/user277/user277.json,idx_80
waveIn,trainingSamples,raw_data/EMG-EPN612/testingJSON/user277/user277.json,idx_81
waveIn,trainingSamples,raw_data/EMG-EPN612/testingJSON/user277/user277.json,idx_82
waveIn,trainingSamples,raw_data/EMG-EPN612/testingJSON/user277/user277.json,idx_83
waveIn,trainingSamples,raw_data/EMG-EPN612/testingJSON/user277/user277.json,idx_84
waveIn,trainingSamples,raw_data/EMG-EPN612/testingJSON/user277/user277.json,idx_85
waveIn,trainingSamples,raw_data/EMG-EPN612/testingJSON/user277/user277.json,idx_86
waveIn,trainingSamples,raw_data/EMG-EPN612/testingJSON/user277/user277.json,idx_87
waveIn,trainingSamples,raw_data/EMG-EPN612/testingJSON/user277/user277.json,idx_88
waveIn,trainingSamples,raw_data/EMG-EPN612/testingJSON/user277/user277.json,idx_89
waveIn,trainingSamples,raw_data/EMG-EPN612/testingJSON/user277/user277.json,idx_90
waveIn,trainingSamples,raw_data/EMG-EPN612/testingJSON/user277/user277.json,idx_91
waveIn,trainingSamples,raw_data/EMG-EPN612/testingJSON/user277/user277.json,idx_92
waveIn,trainingSamples,raw_data/EMG-EPN612/testingJSON/user277/user277.json,idx_93
waveIn,trainingSamples,raw_data/EMG-EPN612/testingJSON/user277/user277.json,idx_94
waveIn,trainingSamples,raw_data/EMG-EPN612/testingJSON/user277/user277.json,idx_95
waveIn,trainingSamples,raw_data/EMG-EPN612/testingJSON/user277/user277.json,idx_96
waveIn,trainingSamples,raw_data/EMG-EPN612/testingJSON/user277/user277.json,idx_97
waveIn,trainingSamples,raw_data/EMG-EPN612/testingJSON/user277/user277.json,idx_98
waveIn,trainingSamples,raw_data/EMG-EPN612/testingJSON/user277/user277.json,idx_99
waveIn,trainingSamples,raw_data/EMG-EPN612/testingJSON/user277/user277.json,idx_100
waveOut,trainingSamples,raw_data/EMG-EPN612/testingJSON/user277/user277.json,idx_101
waveOut,trainingSamples,raw_data/EMG-EPN612/testingJSON/user277/user277.json,idx_102
waveOut,trainingSamples,raw_data/EMG-EPN612/testingJSON/user277/user277.json,idx_103
waveOut,trainingSamples,raw_data/EMG-EPN612/testingJSON/user277/user277.json,idx_104
waveOut,trainingSamples,raw_data/EMG-EPN612/testingJSON/user277/user277.json,idx_105
waveOut,trainingSamples,raw_data/EMG-EPN612/testingJSON/user277/user277.json,idx_106
waveOut,trainingSamples,raw_data/EMG-EPN612/testingJSON/user277/user277.json,idx_107
waveOut,trainingSamples,raw_data/EMG-EPN612/testingJSON/user277/user277.json,idx_108
waveOut,trainingSamples,raw_data/EMG-EPN612/testingJSON/user277/user277.json,idx_109
waveOut,trainingSamples,raw_data/EMG-EPN612/testingJSON/user277/user277.json,idx_110
waveOut,trainingSamples,raw_data/EMG-EPN612/testingJSON/user277/user277.json,idx_111
waveOut,trainingSamples,raw_data/EMG-EPN612/testingJSON/user277/user277.json,idx_112
waveOut,trainingSamples,raw_data/EMG-EPN612/testingJSON/user277/user277.json,idx_113
waveOut,trainingSamples,raw_data/EMG-EPN612/testingJSON/user277/user277.json,idx_114
waveOut,trainingSamples,raw_data/EMG-EPN612/testingJSON/user277/user277.json,idx_115
waveOut,trainingSamples,raw_data/EMG-EPN612/testingJSON/user277/user277.json,idx_116
waveOut,trainingSamples,raw_data/EMG-EPN612/testingJSON/user277/user277.json,idx_117
waveOut,trainingSamples,raw_data/EMG-EPN612/testingJSON/user277/user277.json,idx_118
waveOut,trainingSamples,raw_data/EMG-EPN612/testingJSON/user277/user277.json,idx_119
waveOut,trainingSamples,raw_data/EMG-EPN612/testingJSON/user277/user277.json,idx_120
waveOut,trainingSamples,raw_data/EMG-EPN612/testingJSON/user277/user277.json,idx_121
waveOut,trainingSamples,raw_data/EMG-EPN612/testingJSON/user277/user277.json,idx_122
waveOut,trainingSamples,raw_data/EMG-EPN612/testingJSON/user277/user277.json,idx_123
waveOut,trainingSamples,raw_data/EMG-EPN612/testingJSON/user277/user277.json,idx_124
waveOut,trainingSamples,raw_data/EMG-EPN612/testingJSON/user277/user277.json,idx_125
fist,trainingSamples,raw_data/EMG-EPN612/testingJSON/user277/user277.json,idx_126
fist,trainingSamples,raw_data/EMG-EPN612/testingJSON/user277/user277.json,idx_127
fist,trainingSamples,raw_data/EMG-EPN612/testingJSON/user277/user277.json,idx_128
fist,trainingSamples,raw_data/EMG-EPN612/testingJSON/user277/user277.json,idx_129
fist,trainingSamples,raw_data/EMG-EPN612/testingJSON/user277/user277.json,idx_130
fist,trainingSamples,raw_data/EMG-EPN612/testingJSON/user277/user277.json,idx_131
fist,trainingSamples,raw_data/EMG-EPN612/testingJSON/user277/user277.json,idx_132
fist,trainingSamples,raw_data/EMG-EPN612/testingJSON/user277/user277.json,idx_133
fist,trainingSamples,raw_data/EMG-EPN612/testingJSON/user277/user277.json,idx_134
fist,trainingSamples,raw_data/EMG-EPN612/testingJSON/user277/user277.json,idx_135
fist,trainingSamples,raw_data/EMG-EPN612/testingJSON/user277/user277.json,idx_136
fist,trainingSamples,raw_data/EMG-EPN612/testingJSON/user277/user277.json,idx_137
fist,trainingSamples,raw_data/EMG-EPN612/testingJSON/user277/user277.json,idx_138
fist,trainingSamples,raw_data/EMG-EPN612/testingJSON/user277/user277.json,idx_139
fist,trainingSamples,raw_data/EMG-EPN612/testingJSON/user277/user277.json,idx_140
fist,trainingSamples,raw_data/EMG-EPN612/testingJSON/user277/user277.json,idx_141
fist,trainingSamples,raw_data/EMG-EPN612/testingJSON/user277/user277.json,idx_142
fist,trainingSamples,raw_data/EMG-EPN612/testingJSON/user277/user277.json,idx_143
fist,trainingSamples,raw_data/EMG-EPN612/testingJSON/user277/user277.json,idx_144
fist,trainingSamples,raw_data/EMG-EPN612/testingJSON/user277/user277.json,idx_145
fist,trainingSamples,raw_data/EMG-EPN612/testingJSON/user277/user277.json,idx_146
fist,trainingSamples,raw_data/EMG-EPN612/testingJSON/user277/user277.json,idx_147
fist,trainingSamples,raw_data/EMG-EPN612/testingJSON/user277/user277.json,idx_148
fist,trainingSamples,raw_data/EMG-EPN612/testingJSON/user277/user277.json,idx_149
fist,trainingSamples,raw_data/EMG-EPN612/testingJSON/user277/user277.json,idx_150
noGesture,trainingSamples,raw_data/EMG-EPN612/testingJSON/user278/user278.json,idx_1
noGesture,trainingSamples,raw_data/EMG-EPN612/testingJSON/user278/user278.json,idx_2
noGesture,trainingSamples,raw_data/EMG-EPN612/testingJSON/user278/user278.json,idx_3
noGesture,trainingSamples,raw_data/EMG-EPN612/testingJSON/user278/user278.json,idx_4
noGesture,trainingSamples,raw_data/EMG-EPN612/testingJSON/user278/user278.json,idx_5
noGesture,trainingSamples,raw_data/EMG-EPN612/testingJSON/user278/user278.json,idx_6
noGesture,trainingSamples,raw_data/EMG-EPN612/testingJSON/user278/user278.json,idx_7
noGesture,trainingSamples,raw_data/EMG-EPN612/testingJSON/user278/user278.json,idx_8
noGesture,trainingSamples,raw_data/EMG-EPN612/testingJSON/user278/user278.json,idx_9
noGesture,trainingSamples,raw_data/EMG-EPN612/testingJSON/user278/user278.json,idx_10
noGesture,trainingSamples,raw_data/EMG-EPN612/testingJSON/user278/user278.json,idx_11
noGesture,trainingSamples,raw_data/EMG-EPN612/testingJSON/user278/user278.json,idx_12
noGesture,trainingSamples,raw_data/EMG-EPN612/testingJSON/user278/user278.json,idx_13
noGesture,trainingSamples,raw_data/EMG-EPN612/testingJSON/user278/user278.json,idx_14
noGesture,trainingSamples,raw_data/EMG-EPN612/testingJSON/user278/user278.json,idx_15
noGesture,trainingSamples,raw_data/EMG-EPN612/testingJSON/user278/user278.json,idx_16
noGesture,trainingSamples,raw_data/EMG-EPN612/testingJSON/user278/user278.json,idx_17
noGesture,trainingSamples,raw_data/EMG-EPN612/testingJSON/user278/user278.json,idx_18
noGesture,trainingSamples,raw_data/EMG-EPN612/testingJSON/user278/user278.json,idx_19
noGesture,trainingSamples,raw_data/EMG-EPN612/testingJSON/user278/user278.json,idx_20
noGesture,trainingSamples,raw_data/EMG-EPN612/testingJSON/user278/user278.json,idx_21
noGesture,trainingSamples,raw_data/EMG-EPN612/testingJSON/user278/user278.json,idx_22
noGesture,trainingSamples,raw_data/EMG-EPN612/testingJSON/user278/user278.json,idx_23
noGesture,trainingSamples,raw_data/EMG-EPN612/testingJSON/user278/user278.json,idx_24
noGesture,trainingSamples,raw_data/EMG-EPN612/testingJSON/user278/user278.json,idx_25
fist,trainingSamples,raw_data/EMG-EPN612/testingJSON/user278/user278.json,idx_26
fist,trainingSamples,raw_data/EMG-EPN612/testingJSON/user278/user278.json,idx_27
fist,trainingSamples,raw_data/EMG-EPN612/testingJSON/user278/user278.json,idx_28
fist,trainingSamples,raw_data/EMG-EPN612/testingJSON/user278/user278.json,idx_29
fist,trainingSamples,raw_data/EMG-EPN612/testingJSON/user278/user278.json,idx_30
fist,trainingSamples,raw_data/EMG-EPN612/testingJSON/user278/user278.json,idx_31
fist,trainingSamples,raw_data/EMG-EPN612/testingJSON/user278/user278.json,idx_32
fist,trainingSamples,raw_data/EMG-EPN612/testingJSON/user278/user278.json,idx_33
fist,trainingSamples,raw_data/EMG-EPN612/testingJSON/user278/user278.json,idx_34
fist,trainingSamples,raw_data/EMG-EPN612/testingJSON/user278/user278.json,idx_35
fist,trainingSamples,raw_data/EMG-EPN612/testingJSON/user278/user278.json,idx_36
fist,trainingSamples,raw_data/EMG-EPN612/testingJSON/user278/user278.json,idx_37
fist,trainingSamples,raw_data/EMG-EPN612/testingJSON/user278/user278.json,idx_38
fist,trainingSamples,raw_data/EMG-EPN612/testingJSON/user278/user278.json,idx_39
fist,trainingSamples,raw_data/EMG-EPN612/testingJSON/user278/user278.json,idx_40
fist,trainingSamples,raw_data/EMG-EPN612/testingJSON/user278/user278.json,idx_41
fist,trainingSamples,raw_data/EMG-EPN612/testingJSON/user278/user278.json,idx_42
fist,trainingSamples,raw_data/EMG-EPN612/testingJSON/user278/user278.json,idx_43
fist,trainingSamples,raw_data/EMG-EPN612/testingJSON/user278/user278.json,idx_44
fist,trainingSamples,raw_data/EMG-EPN612/testingJSON/user278/user278.json,idx_45
fist,trainingSamples,raw_data/EMG-EPN612/testingJSON/user278/user278.json,idx_46
fist,trainingSamples,raw_data/EMG-EPN612/testingJSON/user278/user278.json,idx_47
fist,trainingSamples,raw_data/EMG-EPN612/testingJSON/user278/user278.json,idx_48
fist,trainingSamples,raw_data/EMG-EPN612/testingJSON/user278/user278.json,idx_49
fist,trainingSamples,raw_data/EMG-EPN612/testingJSON/user278/user278.json,idx_50
open,trainingSamples,raw_data/EMG-EPN612/testingJSON/user278/user278.json,idx_51
open,trainingSamples,raw_data/EMG-EPN612/testingJSON/user278/user278.json,idx_52
open,trainingSamples,raw_data/EMG-EPN612/testingJSON/user278/user278.json,idx_53
open,trainingSamples,raw_data/EMG-EPN612/testingJSON/user278/user278.json,idx_54
open,trainingSamples,raw_data/EMG-EPN612/testingJSON/user278/user278.json,idx_55
open,trainingSamples,raw_data/EMG-EPN612/testingJSON/user278/user278.json,idx_56
open,trainingSamples,raw_data/EMG-EPN612/testingJSON/user278/user278.json,idx_57
open,trainingSamples,raw_data/EMG-EPN612/testingJSON/user278/user278.json,idx_58
open,trainingSamples,raw_data/EMG-EPN612/testingJSON/user278/user278.json,idx_59
open,trainingSamples,raw_data/EMG-EPN612/testingJSON/user278/user278.json,idx_60
open,trainingSamples,raw_data/EMG-EPN612/testingJSON/user278/user278.json,idx_61
open,trainingSamples,raw_data/EMG-EPN612/testingJSON/user278/user278.json,idx_62
open,trainingSamples,raw_data/EMG-EPN612/testingJSON/user278/user278.json,idx_63
open,trainingSamples,raw_data/EMG-EPN612/testingJSON/user278/user278.json,idx_64
open,trainingSamples,raw_data/EMG-EPN612/testingJSON/user278/user278.json,idx_65
open,trainingSamples,raw_data/EMG-EPN612/testingJSON/user278/user278.json,idx_66
open,trainingSamples,raw_data/EMG-EPN612/testingJSON/user278/user278.json,idx_67
open,trainingSamples,raw_data/EMG-EPN612/testingJSON/user278/user278.json,idx_68
open,trainingSamples,raw_data/EMG-EPN612/testingJSON/user278/user278.json,idx_69
open,trainingSamples,raw_data/EMG-EPN612/testingJSON/user278/user278.json,idx_70
open,trainingSamples,raw_data/EMG-EPN612/testingJSON/user278/user278.json,idx_71
open,trainingSamples,raw_data/EMG-EPN612/testingJSON/user278/user278.json,idx_72
open,trainingSamples,raw_data/EMG-EPN612/testingJSON/user278/user278.json,idx_73
open,trainingSamples,raw_data/EMG-EPN612/testingJSON/user278/user278.json,idx_74
open,trainingSamples,raw_data/EMG-EPN612/testingJSON/user278/user278.json,idx_75
pinch,trainingSamples,raw_data/EMG-EPN612/testingJSON/user278/user278.json,idx_76
pinch,trainingSamples,raw_data/EMG-EPN612/testingJSON/user278/user278.json,idx_77
pinch,trainingSamples,raw_data/EMG-EPN612/testingJSON/user278/user278.json,idx_78
pinch,trainingSamples,raw_data/EMG-EPN612/testingJSON/user278/user278.json,idx_79
pinch,trainingSamples,raw_data/EMG-EPN612/testingJSON/user278/user278.json,idx_80
pinch,trainingSamples,raw_data/EMG-EPN612/testingJSON/user278/user278.json,idx_81
pinch,trainingSamples,raw_data/EMG-EPN612/testingJSON/user278/user278.json,idx_82
pinch,trainingSamples,raw_data/EMG-EPN612/testingJSON/user278/user278.json,idx_83
pinch,trainingSamples,raw_data/EMG-EPN612/testingJSON/user278/user278.json,idx_84
pinch,trainingSamples,raw_data/EMG-EPN612/testingJSON/user278/user278.json,idx_85
pinch,trainingSamples,raw_data/EMG-EPN612/testingJSON/user278/user278.json,idx_86
pinch,trainingSamples,raw_data/EMG-EPN612/testingJSON/user278/user278.json,idx_87
pinch,trainingSamples,raw_data/EMG-EPN612/testingJSON/user278/user278.json,idx_88
pinch,trainingSamples,raw_data/EMG-EPN612/testingJSON/user278/user278.json,idx_89
pinch,trainingSamples,raw_data/EMG-EPN612/testingJSON/user278/user278.json,idx_90
pinch,trainingSamples,raw_data/EMG-EPN612/testingJSON/user278/user278.json,idx_91
pinch,trainingSamples,raw_data/EMG-EPN612/testingJSON/user278/user278.json,idx_92
pinch,trainingSamples,raw_data/EMG-EPN612/testingJSON/user278/user278.json,idx_93
pinch,trainingSamples,raw_data/EMG-EPN612/testingJSON/user278/user278.json,idx_94
pinch,trainingSamples,raw_data/EMG-EPN612/testingJSON/user278/user278.json,idx_95
pinch,trainingSamples,raw_data/EMG-EPN612/testingJSON/user278/user278.json,idx_96
pinch,trainingSamples,raw_data/EMG-EPN612/testingJSON/user278/user278.json,idx_97
pinch,trainingSamples,raw_data/EMG-EPN612/testingJSON/user278/user278.json,idx_98
pinch,trainingSamples,raw_data/EMG-EPN612/testingJSON/user278/user278.json,idx_99
pinch,trainingSamples,raw_data/EMG-EPN612/testingJSON/user278/user278.json,idx_100
waveOut,trainingSamples,raw_data/EMG-EPN612/testingJSON/user278/user278.json,idx_101
waveOut,trainingSamples,raw_data/EMG-EPN612/testingJSON/user278/user278.json,idx_102
waveOut,trainingSamples,raw_data/EMG-EPN612/testingJSON/user278/user278.json,idx_103
waveOut,trainingSamples,raw_data/EMG-EPN612/testingJSON/user278/user278.json,idx_104
waveOut,trainingSamples,raw_data/EMG-EPN612/testingJSON/user278/user278.json,idx_105
waveOut,trainingSamples,raw_data/EMG-EPN612/testingJSON/user278/user278.json,idx_106
waveOut,trainingSamples,raw_data/EMG-EPN612/testingJSON/user278/user278.json,idx_107
waveOut,trainingSamples,raw_data/EMG-EPN612/testingJSON/user278/user278.json,idx_108
waveOut,trainingSamples,raw_data/EMG-EPN612/testingJSON/user278/user278.json,idx_109
waveOut,trainingSamples,raw_data/EMG-EPN612/testingJSON/user278/user278.json,idx_110
waveOut,trainingSamples,raw_data/EMG-EPN612/testingJSON/user278/user278.json,idx_111
waveOut,trainingSamples,raw_data/EMG-EPN612/testingJSON/user278/user278.json,idx_112
waveOut,trainingSamples,raw_data/EMG-EPN612/testingJSON/user278/user278.json,idx_113
waveOut,trainingSamples,raw_data/EMG-EPN612/testingJSON/user278/user278.json,idx_114
waveOut,trainingSamples,raw_data/EMG-EPN612/testingJSON/user278/user278.json,idx_115
waveOut,trainingSamples,raw_data/EMG-EPN612/testingJSON/user278/user278.json,idx_116
waveOut,trainingSamples,raw_data/EMG-EPN612/testingJSON/user278/user278.json,idx_117
waveOut,trainingSamples,raw_data/EMG-EPN612/testingJSON/user278/user278.json,idx_118
waveOut,trainingSamples,raw_data/EMG-EPN612/testingJSON/user278/user278.json,idx_119
waveOut,trainingSamples,raw_data/EMG-EPN612/testingJSON/user278/user278.json,idx_120
waveOut,trainingSamples,raw_data/EMG-EPN612/testingJSON/user278/user278.json,idx_121
waveOut,trainingSamples,raw_data/EMG-EPN612/testingJSON/user278/user278.json,idx_122
waveOut,trainingSamples,raw_data/EMG-EPN612/testingJSON/user278/user278.json,idx_123
waveOut,trainingSamples,raw_data/EMG-EPN612/testingJSON/user278/user278.json,idx_124
waveOut,trainingSamples,raw_data/EMG-EPN612/testingJSON/user278/user278.json,idx_125
waveIn,trainingSamples,raw_data/EMG-EPN612/testingJSON/user278/user278.json,idx_126
waveIn,trainingSamples,raw_data/EMG-EPN612/testingJSON/user278/user278.json,idx_127
waveIn,trainingSamples,raw_data/EMG-EPN612/testingJSON/user278/user278.json,idx_128
waveIn,trainingSamples,raw_data/EMG-EPN612/testingJSON/user278/user278.json,idx_129
waveIn,trainingSamples,raw_data/EMG-EPN612/testingJSON/user278/user278.json,idx_130
waveIn,trainingSamples,raw_data/EMG-EPN612/testingJSON/user278/user278.json,idx_131
waveIn,trainingSamples,raw_data/EMG-EPN612/testingJSON/user278/user278.json,idx_132
waveIn,trainingSamples,raw_data/EMG-EPN612/testingJSON/user278/user278.json,idx_133
waveIn,trainingSamples,raw_data/EMG-EPN612/testingJSON/user278/user278.json,idx_134
waveIn,trainingSamples,raw_data/EMG-EPN612/testingJSON/user278/user278.json,idx_135
waveIn,trainingSamples,raw_data/EMG-EPN612/testingJSON/user278/user278.json,idx_136
waveIn,trainingSamples,raw_data/EMG-EPN612/testingJSON/user278/user278.json,idx_137
waveIn,trainingSamples,raw_data/EMG-EPN612/testingJSON/user278/user278.json,idx_138
waveIn,trainingSamples,raw_data/EMG-EPN612/testingJSON/user278/user278.json,idx_139
waveIn,trainingSamples,raw_data/EMG-EPN612/testingJSON/user278/user278.json,idx_140
waveIn,trainingSamples,raw_data/EMG-EPN612/testingJSON/user278/user278.json,idx_141
waveIn,trainingSamples,raw_data/EMG-EPN612/testingJSON/user278/user278.json,idx_142
waveIn,trainingSamples,raw_data/EMG-EPN612/testingJSON/user278/user278.json,idx_143
waveIn,trainingSamples,raw_data/EMG-EPN612/testingJSON/user278/user278.json,idx_144
waveIn,trainingSamples,raw_data/EMG-EPN612/testingJSON/user278/user278.json,idx_145
waveIn,trainingSamples,raw_data/EMG-EPN612/testingJSON/user278/user278.json,idx_146
waveIn,trainingSamples,raw_data/EMG-EPN612/testingJSON/user278/user278.json,idx_147
waveIn,trainingSamples,raw_data/EMG-EPN612/testingJSON/user278/user278.json,idx_148
waveIn,trainingSamples,raw_data/EMG-EPN612/testingJSON/user278/user278.json,idx_149
waveIn,trainingSamples,raw_data/EMG-EPN612/testingJSON/user278/user278.json,idx_150
noGesture,trainingSamples,raw_data/EMG-EPN612/testingJSON/user279/user279.json,idx_1
noGesture,trainingSamples,raw_data/EMG-EPN612/testingJSON/user279/user279.json,idx_2
noGesture,trainingSamples,raw_data/EMG-EPN612/testingJSON/user279/user279.json,idx_3
noGesture,trainingSamples,raw_data/EMG-EPN612/testingJSON/user279/user279.json,idx_4
noGesture,trainingSamples,raw_data/EMG-EPN612/testingJSON/user279/user279.json,idx_5
noGesture,trainingSamples,raw_data/EMG-EPN612/testingJSON/user279/user279.json,idx_6
noGesture,trainingSamples,raw_data/EMG-EPN612/testingJSON/user279/user279.json,idx_7
noGesture,trainingSamples,raw_data/EMG-EPN612/testingJSON/user279/user279.json,idx_8
noGesture,trainingSamples,raw_data/EMG-EPN612/testingJSON/user279/user279.json,idx_9
noGesture,trainingSamples,raw_data/EMG-EPN612/testingJSON/user279/user279.json,idx_10
noGesture,trainingSamples,raw_data/EMG-EPN612/testingJSON/user279/user279.json,idx_11
noGesture,trainingSamples,raw_data/EMG-EPN612/testingJSON/user279/user279.json,idx_12
noGesture,trainingSamples,raw_data/EMG-EPN612/testingJSON/user279/user279.json,idx_13
noGesture,trainingSamples,raw_data/EMG-EPN612/testingJSON/user279/user279.json,idx_14
noGesture,trainingSamples,raw_data/EMG-EPN612/testingJSON/user279/user279.json,idx_15
noGesture,trainingSamples,raw_data/EMG-EPN612/testingJSON/user279/user279.json,idx_16
noGesture,trainingSamples,raw_data/EMG-EPN612/testingJSON/user279/user279.json,idx_17
noGesture,trainingSamples,raw_data/EMG-EPN612/testingJSON/user279/user279.json,idx_18
noGesture,trainingSamples,raw_data/EMG-EPN612/testingJSON/user279/user279.json,idx_19
noGesture,trainingSamples,raw_data/EMG-EPN612/testingJSON/user279/user279.json,idx_20
noGesture,trainingSamples,raw_data/EMG-EPN612/testingJSON/user279/user279.json,idx_21
noGesture,trainingSamples,raw_data/EMG-EPN612/testingJSON/user279/user279.json,idx_22
noGesture,trainingSamples,raw_data/EMG-EPN612/testingJSON/user279/user279.json,idx_23
noGesture,trainingSamples,raw_data/EMG-EPN612/testingJSON/user279/user279.json,idx_24
noGesture,trainingSamples,raw_data/EMG-EPN612/testingJSON/user279/user279.json,idx_25
waveOut,trainingSamples,raw_data/EMG-EPN612/testingJSON/user279/user279.json,idx_26
waveOut,trainingSamples,raw_data/EMG-EPN612/testingJSON/user279/user279.json,idx_27
waveOut,trainingSamples,raw_data/EMG-EPN612/testingJSON/user279/user279.json,idx_28
waveOut,trainingSamples,raw_data/EMG-EPN612/testingJSON/user279/user279.json,idx_29
waveOut,trainingSamples,raw_data/EMG-EPN612/testingJSON/user279/user279.json,idx_30
waveOut,trainingSamples,raw_data/EMG-EPN612/testingJSON/user279/user279.json,idx_31
waveOut,trainingSamples,raw_data/EMG-EPN612/testingJSON/user279/user279.json,idx_32
waveOut,trainingSamples,raw_data/EMG-EPN612/testingJSON/user279/user279.json,idx_33
waveOut,trainingSamples,raw_data/EMG-EPN612/testingJSON/user279/user279.json,idx_34
waveOut,trainingSamples,raw_data/EMG-EPN612/testingJSON/user279/user279.json,idx_35
waveOut,trainingSamples,raw_data/EMG-EPN612/testingJSON/user279/user279.json,idx_36
waveOut,trainingSamples,raw_data/EMG-EPN612/testingJSON/user279/user279.json,idx_37
waveOut,trainingSamples,raw_data/EMG-EPN612/testingJSON/user279/user279.json,idx_38
waveOut,trainingSamples,raw_data/EMG-EPN612/testingJSON/user279/user279.json,idx_39
waveOut,trainingSamples,raw_data/EMG-EPN612/testingJSON/user279/user279.json,idx_40
waveOut,trainingSamples,raw_data/EMG-EPN612/testingJSON/user279/user279.json,idx_41
waveOut,trainingSamples,raw_data/EMG-EPN612/testingJSON/user279/user279.json,idx_42
waveOut,trainingSamples,raw_data/EMG-EPN612/testingJSON/user279/user279.json,idx_43
waveOut,trainingSamples,raw_data/EMG-EPN612/testingJSON/user279/user279.json,idx_44
waveOut,trainingSamples,raw_data/EMG-EPN612/testingJSON/user279/user279.json,idx_45
waveOut,trainingSamples,raw_data/EMG-EPN612/testingJSON/user279/user279.json,idx_46
waveOut,trainingSamples,raw_data/EMG-EPN612/testingJSON/user279/user279.json,idx_47
waveOut,trainingSamples,raw_data/EMG-EPN612/testingJSON/user279/user279.json,idx_48
waveOut,trainingSamples,raw_data/EMG-EPN612/testingJSON/user279/user279.json,idx_49
waveOut,trainingSamples,raw_data/EMG-EPN612/testingJSON/user279/user279.json,idx_50
pinch,trainingSamples,raw_data/EMG-EPN612/testingJSON/user279/user279.json,idx_51
pinch,trainingSamples,raw_data/EMG-EPN612/testingJSON/user279/user279.json,idx_52
pinch,trainingSamples,raw_data/EMG-EPN612/testingJSON/user279/user279.json,idx_53
pinch,trainingSamples,raw_data/EMG-EPN612/testingJSON/user279/user279.json,idx_54
pinch,trainingSamples,raw_data/EMG-EPN612/testingJSON/user279/user279.json,idx_55
pinch,trainingSamples,raw_data/EMG-EPN612/testingJSON/user279/user279.json,idx_56
pinch,trainingSamples,raw_data/EMG-EPN612/testingJSON/user279/user279.json,idx_57
pinch,trainingSamples,raw_data/EMG-EPN612/testingJSON/user279/user279.json,idx_58
pinch,trainingSamples,raw_data/EMG-EPN612/testingJSON/user279/user279.json,idx_59
pinch,trainingSamples,raw_data/EMG-EPN612/testingJSON/user279/user279.json,idx_60
pinch,trainingSamples,raw_data/EMG-EPN612/testingJSON/user279/user279.json,idx_61
pinch,trainingSamples,raw_data/EMG-EPN612/testingJSON/user279/user279.json,idx_62
pinch,trainingSamples,raw_data/EMG-EPN612/testingJSON/user279/user279.json,idx_63
pinch,trainingSamples,raw_data/EMG-EPN612/testingJSON/user279/user279.json,idx_64
pinch,trainingSamples,raw_data/EMG-EPN612/testingJSON/user279/user279.json,idx_65
pinch,trainingSamples,raw_data/EMG-EPN612/testingJSON/user279/user279.json,idx_66
pinch,trainingSamples,raw_data/EMG-EPN612/testingJSON/user279/user279.json,idx_67
pinch,trainingSamples,raw_data/EMG-EPN612/testingJSON/user279/user279.json,idx_68
pinch,trainingSamples,raw_data/EMG-EPN612/testingJSON/user279/user279.json,idx_69
pinch,trainingSamples,raw_data/EMG-EPN612/testingJSON/user279/user279.json,idx_70
pinch,trainingSamples,raw_data/EMG-EPN612/testingJSON/user279/user279.json,idx_71
pinch,trainingSamples,raw_data/EMG-EPN612/testingJSON/user279/user279.json,idx_72
pinch,trainingSamples,raw_data/EMG-EPN612/testingJSON/user279/user279.json,idx_73
pinch,trainingSamples,raw_data/EMG-EPN612/testingJSON/user279/user279.json,idx_74
pinch,trainingSamples,raw_data/EMG-EPN612/testingJSON/user279/user279.json,idx_75
fist,trainingSamples,raw_data/EMG-EPN612/testingJSON/user279/user279.json,idx_76
fist,trainingSamples,raw_data/EMG-EPN612/testingJSON/user279/user279.json,idx_77
fist,trainingSamples,raw_data/EMG-EPN612/testingJSON/user279/user279.json,idx_78
fist,trainingSamples,raw_data/EMG-EPN612/testingJSON/user279/user279.json,idx_79
fist,trainingSamples,raw_data/EMG-EPN612/testingJSON/user279/user279.json,idx_80
fist,trainingSamples,raw_data/EMG-EPN612/testingJSON/user279/user279.json,idx_81
fist,trainingSamples,raw_data/EMG-EPN612/testingJSON/user279/user279.json,idx_82
fist,trainingSamples,raw_data/EMG-EPN612/testingJSON/user279/user279.json,idx_83
fist,trainingSamples,raw_data/EMG-EPN612/testingJSON/user279/user279.json,idx_84
fist,trainingSamples,raw_data/EMG-EPN612/testingJSON/user279/user279.json,idx_85
fist,trainingSamples,raw_data/EMG-EPN612/testingJSON/user279/user279.json,idx_86
fist,trainingSamples,raw_data/EMG-EPN612/testingJSON/user279/user279.json,idx_87
fist,trainingSamples,raw_data/EMG-EPN612/testingJSON/user279/user279.json,idx_88
fist,trainingSamples,raw_data/EMG-EPN612/testingJSON/user279/user279.json,idx_89
fist,trainingSamples,raw_data/EMG-EPN612/testingJSON/user279/user279.json,idx_90
fist,trainingSamples,raw_data/EMG-EPN612/testingJSON/user279/user279.json,idx_91
fist,trainingSamples,raw_data/EMG-EPN612/testingJSON/user279/user279.json,idx_92
fist,trainingSamples,raw_data/EMG-EPN612/testingJSON/user279/user279.json,idx_93
fist,trainingSamples,raw_data/EMG-EPN612/testingJSON/user279/user279.json,idx_94
fist,trainingSamples,raw_data/EMG-EPN612/testingJSON/user279/user279.json,idx_95
fist,trainingSamples,raw_data/EMG-EPN612/testingJSON/user279/user279.json,idx_96
fist,trainingSamples,raw_data/EMG-EPN612/testingJSON/user279/user279.json,idx_97
fist,trainingSamples,raw_data/EMG-EPN612/testingJSON/user279/user279.json,idx_98
fist,trainingSamples,raw_data/EMG-EPN612/testingJSON/user279/user279.json,idx_99
fist,trainingSamples,raw_data/EMG-EPN612/testingJSON/user279/user279.json,idx_100
waveIn,trainingSamples,raw_data/EMG-EPN612/testingJSON/user279/user279.json,idx_101
waveIn,trainingSamples,raw_data/EMG-EPN612/testingJSON/user279/user279.json,idx_102
waveIn,trainingSamples,raw_data/EMG-EPN612/testingJSON/user279/user279.json,idx_103
waveIn,trainingSamples,raw_data/EMG-EPN612/testingJSON/user279/user279.json,idx_104
waveIn,trainingSamples,raw_data/EMG-EPN612/testingJSON/user279/user279.json,idx_105
waveIn,trainingSamples,raw_data/EMG-EPN612/testingJSON/user279/user279.json,idx_106
waveIn,trainingSamples,raw_data/EMG-EPN612/testingJSON/user279/user279.json,idx_107
waveIn,trainingSamples,raw_data/EMG-EPN612/testingJSON/user279/user279.json,idx_108
waveIn,trainingSamples,raw_data/EMG-EPN612/testingJSON/user279/user279.json,idx_109
waveIn,trainingSamples,raw_data/EMG-EPN612/testingJSON/user279/user279.json,idx_110
waveIn,trainingSamples,raw_data/EMG-EPN612/testingJSON/user279/user279.json,idx_111
waveIn,trainingSamples,raw_data/EMG-EPN612/testingJSON/user279/user279.json,idx_112
waveIn,trainingSamples,raw_data/EMG-EPN612/testingJSON/user279/user279.json,idx_113
waveIn,trainingSamples,raw_data/EMG-EPN612/testingJSON/user279/user279.json,idx_114
waveIn,trainingSamples,raw_data/EMG-EPN612/testingJSON/user279/user279.json,idx_115
waveIn,trainingSamples,raw_data/EMG-EPN612/testingJSON/user279/user279.json,idx_116
waveIn,trainingSamples,raw_data/EMG-EPN612/testingJSON/user279/user279.json,idx_117
waveIn,trainingSamples,raw_data/EMG-EPN612/testingJSON/user279/user279.json,idx_118
waveIn,trainingSamples,raw_data/EMG-EPN612/testingJSON/user279/user279.json,idx_119
waveIn,trainingSamples,raw_data/EMG-EPN612/testingJSON/user279/user279.json,idx_120
waveIn,trainingSamples,raw_data/EMG-EPN612/testingJSON/user279/user279.json,idx_121
waveIn,trainingSamples,raw_data/EMG-EPN612/testingJSON/user279/user279.json,idx_122
waveIn,trainingSamples,raw_data/EMG-EPN612/testingJSON/user279/user279.json,idx_123
waveIn,trainingSamples,raw_data/EMG-EPN612/testingJSON/user279/user279.json,idx_124
waveIn,trainingSamples,raw_data/EMG-EPN612/testingJSON/user279/user279.json,idx_125
open,trainingSamples,raw_data/EMG-EPN612/testingJSON/user279/user279.json,idx_126
open,trainingSamples,raw_data/EMG-EPN612/testingJSON/user279/user279.json,idx_127
open,trainingSamples,raw_data/EMG-EPN612/testingJSON/user279/user279.json,idx_128
open,trainingSamples,raw_data/EMG-EPN612/testingJSON/user279/user279.json,idx_129
open,trainingSamples,raw_data/EMG-EPN612/testingJSON/user279/user279.json,idx_130
open,trainingSamples,raw_data/EMG-EPN612/testingJSON/user279/user279.json,idx_131
open,trainingSamples,raw_data/EMG-EPN612/testingJSON/user279/user279.json,idx_132
open,trainingSamples,raw_data/EMG-EPN612/testingJSON/user279/user279.json,idx_133
open,trainingSamples,raw_data/EMG-EPN612/testingJSON/user279/user279.json,idx_134
open,trainingSamples,raw_data/EMG-EPN612/testingJSON/user279/user279.json,idx_135
open,trainingSamples,raw_data/EMG-EPN612/testingJSON/user279/user279.json,idx_136
open,trainingSamples,raw_data/EMG-EPN612/testingJSON/user279/user279.json,idx_137
open,trainingSamples,raw_data/EMG-EPN612/testingJSON/user279/user279.json,idx_138
open,trainingSamples,raw_data/EMG-EPN612/testingJSON/user279/user279.json,idx_139
open,trainingSamples,raw_data/EMG-EPN612/testingJSON/user279/user279.json,idx_140
open,trainingSamples,raw_data/EMG-EPN612/testingJSON/user279/user279.json,idx_141
open,trainingSamples,raw_data/EMG-EPN612/testingJSON/user279/user279.json,idx_142
open,trainingSamples,raw_data/EMG-EPN612/testingJSON/user279/user279.json,idx_143
open,trainingSamples,raw_data/EMG-EPN612/testingJSON/user279/user279.json,idx_144
open,trainingSamples,raw_data/EMG-EPN612/testingJSON/user279/user279.json,idx_145
open,trainingSamples,raw_data/EMG-EPN612/testingJSON/user279/user279.json,idx_146
open,trainingSamples,raw_data/EMG-EPN612/testingJSON/user279/user279.json,idx_147
open,trainingSamples,raw_data/EMG-EPN612/testingJSON/user279/user279.json,idx_148
open,trainingSamples,raw_data/EMG-EPN612/testingJSON/user279/user279.json,idx_149
open,trainingSamples,raw_data/EMG-EPN612/testingJSON/user279/user279.json,idx_150
noGesture,trainingSamples,raw_data/EMG-EPN612/testingJSON/user28/user28.json,idx_1
noGesture,trainingSamples,raw_data/EMG-EPN612/testingJSON/user28/user28.json,idx_2
noGesture,trainingSamples,raw_data/EMG-EPN612/testingJSON/user28/user28.json,idx_3
noGesture,trainingSamples,raw_data/EMG-EPN612/testingJSON/user28/user28.json,idx_4
noGesture,trainingSamples,raw_data/EMG-EPN612/testingJSON/user28/user28.json,idx_5
noGesture,trainingSamples,raw_data/EMG-EPN612/testingJSON/user28/user28.json,idx_6
noGesture,trainingSamples,raw_data/EMG-EPN612/testingJSON/user28/user28.json,idx_7
noGesture,trainingSamples,raw_data/EMG-EPN612/testingJSON/user28/user28.json,idx_8
noGesture,trainingSamples,raw_data/EMG-EPN612/testingJSON/user28/user28.json,idx_9
noGesture,trainingSamples,raw_data/EMG-EPN612/testingJSON/user28/user28.json,idx_10
noGesture,trainingSamples,raw_data/EMG-EPN612/testingJSON/user28/user28.json,idx_11
noGesture,trainingSamples,raw_data/EMG-EPN612/testingJSON/user28/user28.json,idx_12
noGesture,trainingSamples,raw_data/EMG-EPN612/testingJSON/user28/user28.json,idx_13
noGesture,trainingSamples,raw_data/EMG-EPN612/testingJSON/user28/user28.json,idx_14
noGesture,trainingSamples,raw_data/EMG-EPN612/testingJSON/user28/user28.json,idx_15
noGesture,trainingSamples,raw_data/EMG-EPN612/testingJSON/user28/user28.json,idx_16
noGesture,trainingSamples,raw_data/EMG-EPN612/testingJSON/user28/user28.json,idx_17
noGesture,trainingSamples,raw_data/EMG-EPN612/testingJSON/user28/user28.json,idx_18
noGesture,trainingSamples,raw_data/EMG-EPN612/testingJSON/user28/user28.json,idx_19
noGesture,trainingSamples,raw_data/EMG-EPN612/testingJSON/user28/user28.json,idx_20
noGesture,trainingSamples,raw_data/EMG-EPN612/testingJSON/user28/user28.json,idx_21
noGesture,trainingSamples,raw_data/EMG-EPN612/testingJSON/user28/user28.json,idx_22
noGesture,trainingSamples,raw_data/EMG-EPN612/testingJSON/user28/user28.json,idx_23
noGesture,trainingSamples,raw_data/EMG-EPN612/testingJSON/user28/user28.json,idx_24
noGesture,trainingSamples,raw_data/EMG-EPN612/testingJSON/user28/user28.json,idx_25
waveOut,trainingSamples,raw_data/EMG-EPN612/testingJSON/user28/user28.json,idx_26
waveOut,trainingSamples,raw_data/EMG-EPN612/testingJSON/user28/user28.json,idx_27
waveOut,trainingSamples,raw_data/EMG-EPN612/testingJSON/user28/user28.json,idx_28
waveOut,trainingSamples,raw_data/EMG-EPN612/testingJSON/user28/user28.json,idx_29
waveOut,trainingSamples,raw_data/EMG-EPN612/testingJSON/user28/user28.json,idx_30
waveOut,trainingSamples,raw_data/EMG-EPN612/testingJSON/user28/user28.json,idx_31
waveOut,trainingSamples,raw_data/EMG-EPN612/testingJSON/user28/user28.json,idx_32
waveOut,trainingSamples,raw_data/EMG-EPN612/testingJSON/user28/user28.json,idx_33
waveOut,trainingSamples,raw_data/EMG-EPN612/testingJSON/user28/user28.json,idx_34
waveOut,trainingSamples,raw_data/EMG-EPN612/testingJSON/user28/user28.json,idx_35
waveOut,trainingSamples,raw_data/EMG-EPN612/testingJSON/user28/user28.json,idx_36
waveOut,trainingSamples,raw_data/EMG-EPN612/testingJSON/user28/user28.json,idx_37
waveOut,trainingSamples,raw_data/EMG-EPN612/testingJSON/user28/user28.json,idx_38
waveOut,trainingSamples,raw_data/EMG-EPN612/testingJSON/user28/user28.json,idx_39
waveOut,trainingSamples,raw_data/EMG-EPN612/testingJSON/user28/user28.json,idx_40
waveOut,trainingSamples,raw_data/EMG-EPN612/testingJSON/user28/user28.json,idx_41
waveOut,trainingSamples,raw_data/EMG-EPN612/testingJSON/user28/user28.json,idx_42
waveOut,trainingSamples,raw_data/EMG-EPN612/testingJSON/user28/user28.json,idx_43
waveOut,trainingSamples,raw_data/EMG-EPN612/testingJSON/user28/user28.json,idx_44
waveOut,trainingSamples,raw_data/EMG-EPN612/testingJSON/user28/user28.json,idx_45
waveOut,trainingSamples,raw_data/EMG-EPN612/testingJSON/user28/user28.json,idx_46
waveOut,trainingSamples,raw_data/EMG-EPN612/testingJSON/user28/user28.json,idx_47
waveOut,trainingSamples,raw_data/EMG-EPN612/testingJSON/user28/user28.json,idx_48
waveOut,trainingSamples,raw_data/EMG-EPN612/testingJSON/user28/user28.json,idx_49
waveOut,trainingSamples,raw_data/EMG-EPN612/testingJSON/user28/user28.json,idx_50
pinch,trainingSamples,raw_data/EMG-EPN612/testingJSON/user28/user28.json,idx_51
pinch,trainingSamples,raw_data/EMG-EPN612/testingJSON/user28/user28.json,idx_52
pinch,trainingSamples,raw_data/EMG-EPN612/testingJSON/user28/user28.json,idx_53
pinch,trainingSamples,raw_data/EMG-EPN612/testingJSON/user28/user28.json,idx_54
pinch,trainingSamples,raw_data/EMG-EPN612/testingJSON/user28/user28.json,idx_55
pinch,trainingSamples,raw_data/EMG-EPN612/testingJSON/user28/user28.json,idx_56
pinch,trainingSamples,raw_data/EMG-EPN612/testingJSON/user28/user28.json,idx_57
pinch,trainingSamples,raw_data/EMG-EPN612/testingJSON/user28/user28.json,idx_58
pinch,trainingSamples,raw_data/EMG-EPN612/testingJSON/user28/user28.json,idx_59
pinch,trainingSamples,raw_data/EMG-EPN612/testingJSON/user28/user28.json,idx_60
pinch,trainingSamples,raw_data/EMG-EPN612/testingJSON/user28/user28.json,idx_61
pinch,trainingSamples,raw_data/EMG-EPN612/testingJSON/user28/user28.json,idx_62
pinch,trainingSamples,raw_data/EMG-EPN612/testingJSON/user28/user28.json,idx_63
pinch,trainingSamples,raw_data/EMG-EPN612/testingJSON/user28/user28.json,idx_64
pinch,trainingSamples,raw_data/EMG-EPN612/testingJSON/user28/user28.json,idx_65
pinch,trainingSamples,raw_data/EMG-EPN612/testingJSON/user28/user28.json,idx_66
pinch,trainingSamples,raw_data/EMG-EPN612/testingJSON/user28/user28.json,idx_67
pinch,trainingSamples,raw_data/EMG-EPN612/testingJSON/user28/user28.json,idx_68
pinch,trainingSamples,raw_data/EMG-EPN612/testingJSON/user28/user28.json,idx_69
pinch,trainingSamples,raw_data/EMG-EPN612/testingJSON/user28/user28.json,idx_70
pinch,trainingSamples,raw_data/EMG-EPN612/testingJSON/user28/user28.json,idx_71
pinch,trainingSamples,raw_data/EMG-EPN612/testingJSON/user28/user28.json,idx_72
pinch,trainingSamples,raw_data/EMG-EPN612/testingJSON/user28/user28.json,idx_73
pinch,trainingSamples,raw_data/EMG-EPN612/testingJSON/user28/user28.json,idx_74
pinch,trainingSamples,raw_data/EMG-EPN612/testingJSON/user28/user28.json,idx_75
fist,trainingSamples,raw_data/EMG-EPN612/testingJSON/user28/user28.json,idx_76
fist,trainingSamples,raw_data/EMG-EPN612/testingJSON/user28/user28.json,idx_77
fist,trainingSamples,raw_data/EMG-EPN612/testingJSON/user28/user28.json,idx_78
fist,trainingSamples,raw_data/EMG-EPN612/testingJSON/user28/user28.json,idx_79
fist,trainingSamples,raw_data/EMG-EPN612/testingJSON/user28/user28.json,idx_80
fist,trainingSamples,raw_data/EMG-EPN612/testingJSON/user28/user28.json,idx_81
fist,trainingSamples,raw_data/EMG-EPN612/testingJSON/user28/user28.json,idx_82
fist,trainingSamples,raw_data/EMG-EPN612/testingJSON/user28/user28.json,idx_83
fist,trainingSamples,raw_data/EMG-EPN612/testingJSON/user28/user28.json,idx_84
fist,trainingSamples,raw_data/EMG-EPN612/testingJSON/user28/user28.json,idx_85
fist,trainingSamples,raw_data/EMG-EPN612/testingJSON/user28/user28.json,idx_86
fist,trainingSamples,raw_data/EMG-EPN612/testingJSON/user28/user28.json,idx_87
fist,trainingSamples,raw_data/EMG-EPN612/testingJSON/user28/user28.json,idx_88
fist,trainingSamples,raw_data/EMG-EPN612/testingJSON/user28/user28.json,idx_89
fist,trainingSamples,raw_data/EMG-EPN612/testingJSON/user28/user28.json,idx_90
fist,trainingSamples,raw_data/EMG-EPN612/testingJSON/user28/user28.json,idx_91
fist,trainingSamples,raw_data/EMG-EPN612/testingJSON/user28/user28.json,idx_92
fist,trainingSamples,raw_data/EMG-EPN612/testingJSON/user28/user28.json,idx_93
fist,trainingSamples,raw_data/EMG-EPN612/testingJSON/user28/user28.json,idx_94
fist,trainingSamples,raw_data/EMG-EPN612/testingJSON/user28/user28.json,idx_95
fist,trainingSamples,raw_data/EMG-EPN612/testingJSON/user28/user28.json,idx_96
fist,trainingSamples,raw_data/EMG-EPN612/testingJSON/user28/user28.json,idx_97
fist,trainingSamples,raw_data/EMG-EPN612/testingJSON/user28/user28.json,idx_98
fist,trainingSamples,raw_data/EMG-EPN612/testingJSON/user28/user28.json,idx_99
fist,trainingSamples,raw_data/EMG-EPN612/testingJSON/user28/user28.json,idx_100
waveIn,trainingSamples,raw_data/EMG-EPN612/testingJSON/user28/user28.json,idx_101
waveIn,trainingSamples,raw_data/EMG-EPN612/testingJSON/user28/user28.json,idx_102
waveIn,trainingSamples,raw_data/EMG-EPN612/testingJSON/user28/user28.json,idx_103
waveIn,trainingSamples,raw_data/EMG-EPN612/testingJSON/user28/user28.json,idx_104
waveIn,trainingSamples,raw_data/EMG-EPN612/testingJSON/user28/user28.json,idx_105
waveIn,trainingSamples,raw_data/EMG-EPN612/testingJSON/user28/user28.json,idx_106
waveIn,trainingSamples,raw_data/EMG-EPN612/testingJSON/user28/user28.json,idx_107
waveIn,trainingSamples,raw_data/EMG-EPN612/testingJSON/user28/user28.json,idx_108
waveIn,trainingSamples,raw_data/EMG-EPN612/testingJSON/user28/user28.json,idx_109
waveIn,trainingSamples,raw_data/EMG-EPN612/testingJSON/user28/user28.json,idx_110
waveIn,trainingSamples,raw_data/EMG-EPN612/testingJSON/user28/user28.json,idx_111
waveIn,trainingSamples,raw_data/EMG-EPN612/testingJSON/user28/user28.json,idx_112
waveIn,trainingSamples,raw_data/EMG-EPN612/testingJSON/user28/user28.json,idx_113
waveIn,trainingSamples,raw_data/EMG-EPN612/testingJSON/user28/user28.json,idx_114
waveIn,trainingSamples,raw_data/EMG-EPN612/testingJSON/user28/user28.json,idx_115
waveIn,trainingSamples,raw_data/EMG-EPN612/testingJSON/user28/user28.json,idx_116
waveIn,trainingSamples,raw_data/EMG-EPN612/testingJSON/user28/user28.json,idx_117
waveIn,trainingSamples,raw_data/EMG-EPN612/testingJSON/user28/user28.json,idx_118
waveIn,trainingSamples,raw_data/EMG-EPN612/testingJSON/user28/user28.json,idx_119
waveIn,trainingSamples,raw_data/EMG-EPN612/testingJSON/user28/user28.json,idx_120
waveIn,trainingSamples,raw_data/EMG-EPN612/testingJSON/user28/user28.json,idx_121
waveIn,trainingSamples,raw_data/EMG-EPN612/testingJSON/user28/user28.json,idx_122
waveIn,trainingSamples,raw_data/EMG-EPN612/testingJSON/user28/user28.json,idx_123
waveIn,trainingSamples,raw_data/EMG-EPN612/testingJSON/user28/user28.json,idx_124
waveIn,trainingSamples,raw_data/EMG-EPN612/testingJSON/user28/user28.json,idx_125
open,trainingSamples,raw_data/EMG-EPN612/testingJSON/user28/user28.json,idx_126
open,trainingSamples,raw_data/EMG-EPN612/testingJSON/user28/user28.json,idx_127
open,trainingSamples,raw_data/EMG-EPN612/testingJSON/user28/user28.json,idx_128
open,trainingSamples,raw_data/EMG-EPN612/testingJSON/user28/user28.json,idx_129
open,trainingSamples,raw_data/EMG-EPN612/testingJSON/user28/user28.json,idx_130
open,trainingSamples,raw_data/EMG-EPN612/testingJSON/user28/user28.json,idx_131
open,trainingSamples,raw_data/EMG-EPN612/testingJSON/user28/user28.json,idx_132
open,trainingSamples,raw_data/EMG-EPN612/testingJSON/user28/user28.json,idx_133
open,trainingSamples,raw_data/EMG-EPN612/testingJSON/user28/user28.json,idx_134
open,trainingSamples,raw_data/EMG-EPN612/testingJSON/user28/user28.json,idx_135
open,trainingSamples,raw_data/EMG-EPN612/testingJSON/user28/user28.json,idx_136
open,trainingSamples,raw_data/EMG-EPN612/testingJSON/user28/user28.json,idx_137
open,trainingSamples,raw_data/EMG-EPN612/testingJSON/user28/user28.json,idx_138
open,trainingSamples,raw_data/EMG-EPN612/testingJSON/user28/user28.json,idx_139
open,trainingSamples,raw_data/EMG-EPN612/testingJSON/user28/user28.json,idx_140
open,trainingSamples,raw_data/EMG-EPN612/testingJSON/user28/user28.json,idx_141
open,trainingSamples,raw_data/EMG-EPN612/testingJSON/user28/user28.json,idx_142
open,trainingSamples,raw_data/EMG-EPN612/testingJSON/user28/user28.json,idx_143
open,trainingSamples,raw_data/EMG-EPN612/testingJSON/user28/user28.json,idx_144
open,trainingSamples,raw_data/EMG-EPN612/testingJSON/user28/user28.json,idx_145
open,trainingSamples,raw_data/EMG-EPN612/testingJSON/user28/user28.json,idx_146
open,trainingSamples,raw_data/EMG-EPN612/testingJSON/user28/user28.json,idx_147
open,trainingSamples,raw_data/EMG-EPN612/testingJSON/user28/user28.json,idx_148
open,trainingSamples,raw_data/EMG-EPN612/testingJSON/user28/user28.json,idx_149
open,trainingSamples,raw_data/EMG-EPN612/testingJSON/user28/user28.json,idx_150
noGesture,trainingSamples,raw_data/EMG-EPN612/testingJSON/user280/user280.json,idx_1
noGesture,trainingSamples,raw_data/EMG-EPN612/testingJSON/user280/user280.json,idx_2
noGesture,trainingSamples,raw_data/EMG-EPN612/testingJSON/user280/user280.json,idx_3
noGesture,trainingSamples,raw_data/EMG-EPN612/testingJSON/user280/user280.json,idx_4
noGesture,trainingSamples,raw_data/EMG-EPN612/testingJSON/user280/user280.json,idx_5
noGesture,trainingSamples,raw_data/EMG-EPN612/testingJSON/user280/user280.json,idx_6
noGesture,trainingSamples,raw_data/EMG-EPN612/testingJSON/user280/user280.json,idx_7
noGesture,trainingSamples,raw_data/EMG-EPN612/testingJSON/user280/user280.json,idx_8
noGesture,trainingSamples,raw_data/EMG-EPN612/testingJSON/user280/user280.json,idx_9
noGesture,trainingSamples,raw_data/EMG-EPN612/testingJSON/user280/user280.json,idx_10
noGesture,trainingSamples,raw_data/EMG-EPN612/testingJSON/user280/user280.json,idx_11
noGesture,trainingSamples,raw_data/EMG-EPN612/testingJSON/user280/user280.json,idx_12
noGesture,trainingSamples,raw_data/EMG-EPN612/testingJSON/user280/user280.json,idx_13
noGesture,trainingSamples,raw_data/EMG-EPN612/testingJSON/user280/user280.json,idx_14
noGesture,trainingSamples,raw_data/EMG-EPN612/testingJSON/user280/user280.json,idx_15
noGesture,trainingSamples,raw_data/EMG-EPN612/testingJSON/user280/user280.json,idx_16
noGesture,trainingSamples,raw_data/EMG-EPN612/testingJSON/user280/user280.json,idx_17
noGesture,trainingSamples,raw_data/EMG-EPN612/testingJSON/user280/user280.json,idx_18
noGesture,trainingSamples,raw_data/EMG-EPN612/testingJSON/user280/user280.json,idx_19
noGesture,trainingSamples,raw_data/EMG-EPN612/testingJSON/user280/user280.json,idx_20
noGesture,trainingSamples,raw_data/EMG-EPN612/testingJSON/user280/user280.json,idx_21
noGesture,trainingSamples,raw_data/EMG-EPN612/testingJSON/user280/user280.json,idx_22
noGesture,trainingSamples,raw_data/EMG-EPN612/testingJSON/user280/user280.json,idx_23
noGesture,trainingSamples,raw_data/EMG-EPN612/testingJSON/user280/user280.json,idx_24
noGesture,trainingSamples,raw_data/EMG-EPN612/testingJSON/user280/user280.json,idx_25
waveOut,trainingSamples,raw_data/EMG-EPN612/testingJSON/user280/user280.json,idx_26
waveOut,trainingSamples,raw_data/EMG-EPN612/testingJSON/user280/user280.json,idx_27
waveOut,trainingSamples,raw_data/EMG-EPN612/testingJSON/user280/user280.json,idx_28
waveOut,trainingSamples,raw_data/EMG-EPN612/testingJSON/user280/user280.json,idx_29
waveOut,trainingSamples,raw_data/EMG-EPN612/testingJSON/user280/user280.json,idx_30
waveOut,trainingSamples,raw_data/EMG-EPN612/testingJSON/user280/user280.json,idx_31
waveOut,trainingSamples,raw_data/EMG-EPN612/testingJSON/user280/user280.json,idx_32
waveOut,trainingSamples,raw_data/EMG-EPN612/testingJSON/user280/user280.json,idx_33
waveOut,trainingSamples,raw_data/EMG-EPN612/testingJSON/user280/user280.json,idx_34
waveOut,trainingSamples,raw_data/EMG-EPN612/testingJSON/user280/user280.json,idx_35
waveOut,trainingSamples,raw_data/EMG-EPN612/testingJSON/user280/user280.json,idx_36
waveOut,trainingSamples,raw_data/EMG-EPN612/testingJSON/user280/user280.json,idx_37
waveOut,trainingSamples,raw_data/EMG-EPN612/testingJSON/user280/user280.json,idx_38
waveOut,trainingSamples,raw_data/EMG-EPN612/testingJSON/user280/user280.json,idx_39
waveOut,trainingSamples,raw_data/EMG-EPN612/testingJSON/user280/user280.json,idx_40
waveOut,trainingSamples,raw_data/EMG-EPN612/testingJSON/user280/user280.json,idx_41
waveOut,trainingSamples,raw_data/EMG-EPN612/testingJSON/user280/user280.json,idx_42
waveOut,trainingSamples,raw_data/EMG-EPN612/testingJSON/user280/user280.json,idx_43
waveOut,trainingSamples,raw_data/EMG-EPN612/testingJSON/user280/user280.json,idx_44
waveOut,trainingSamples,raw_data/EMG-EPN612/testingJSON/user280/user280.json,idx_45
waveOut,trainingSamples,raw_data/EMG-EPN612/testingJSON/user280/user280.json,idx_46
waveOut,trainingSamples,raw_data/EMG-EPN612/testingJSON/user280/user280.json,idx_47
waveOut,trainingSamples,raw_data/EMG-EPN612/testingJSON/user280/user280.json,idx_48
waveOut,trainingSamples,raw_data/EMG-EPN612/testingJSON/user280/user280.json,idx_49
waveOut,trainingSamples,raw_data/EMG-EPN612/testingJSON/user280/user280.json,idx_50
pinch,trainingSamples,raw_data/EMG-EPN612/testingJSON/user280/user280.json,idx_51
pinch,trainingSamples,raw_data/EMG-EPN612/testingJSON/user280/user280.json,idx_52
pinch,trainingSamples,raw_data/EMG-EPN612/testingJSON/user280/user280.json,idx_53
pinch,trainingSamples,raw_data/EMG-EPN612/testingJSON/user280/user280.json,idx_54
pinch,trainingSamples,raw_data/EMG-EPN612/testingJSON/user280/user280.json,idx_55
pinch,trainingSamples,raw_data/EMG-EPN612/testingJSON/user280/user280.json,idx_56
pinch,trainingSamples,raw_data/EMG-EPN612/testingJSON/user280/user280.json,idx_57
pinch,trainingSamples,raw_data/EMG-EPN612/testingJSON/user280/user280.json,idx_58
pinch,trainingSamples,raw_data/EMG-EPN612/testingJSON/user280/user280.json,idx_59
pinch,trainingSamples,raw_data/EMG-EPN612/testingJSON/user280/user280.json,idx_60
pinch,trainingSamples,raw_data/EMG-EPN612/testingJSON/user280/user280.json,idx_61
pinch,trainingSamples,raw_data/EMG-EPN612/testingJSON/user280/user280.json,idx_62
pinch,trainingSamples,raw_data/EMG-EPN612/testingJSON/user280/user280.json,idx_63
pinch,trainingSamples,raw_data/EMG-EPN612/testingJSON/user280/user280.json,idx_64
pinch,trainingSamples,raw_data/EMG-EPN612/testingJSON/user280/user280.json,idx_65
pinch,trainingSamples,raw_data/EMG-EPN612/testingJSON/user280/user280.json,idx_66
pinch,trainingSamples,raw_data/EMG-EPN612/testingJSON/user280/user280.json,idx_67
pinch,trainingSamples,raw_data/EMG-EPN612/testingJSON/user280/user280.json,idx_68
pinch,trainingSamples,raw_data/EMG-EPN612/testingJSON/user280/user280.json,idx_69
pinch,trainingSamples,raw_data/EMG-EPN612/testingJSON/user280/user280.json,idx_70
pinch,trainingSamples,raw_data/EMG-EPN612/testingJSON/user280/user280.json,idx_71
pinch,trainingSamples,raw_data/EMG-EPN612/testingJSON/user280/user280.json,idx_72
pinch,trainingSamples,raw_data/EMG-EPN612/testingJSON/user280/user280.json,idx_73
pinch,trainingSamples,raw_data/EMG-EPN612/testingJSON/user280/user280.json,idx_74
pinch,trainingSamples,raw_data/EMG-EPN612/testingJSON/user280/user280.json,idx_75
fist,trainingSamples,raw_data/EMG-EPN612/testingJSON/user280/user280.json,idx_76
fist,trainingSamples,raw_data/EMG-EPN612/testingJSON/user280/user280.json,idx_77
fist,trainingSamples,raw_data/EMG-EPN612/testingJSON/user280/user280.json,idx_78
fist,trainingSamples,raw_data/EMG-EPN612/testingJSON/user280/user280.json,idx_79
fist,trainingSamples,raw_data/EMG-EPN612/testingJSON/user280/user280.json,idx_80
fist,trainingSamples,raw_data/EMG-EPN612/testingJSON/user280/user280.json,idx_81
fist,trainingSamples,raw_data/EMG-EPN612/testingJSON/user280/user280.json,idx_82
fist,trainingSamples,raw_data/EMG-EPN612/testingJSON/user280/user280.json,idx_83
fist,trainingSamples,raw_data/EMG-EPN612/testingJSON/user280/user280.json,idx_84
fist,trainingSamples,raw_data/EMG-EPN612/testingJSON/user280/user280.json,idx_85
fist,trainingSamples,raw_data/EMG-EPN612/testingJSON/user280/user280.json,idx_86
fist,trainingSamples,raw_data/EMG-EPN612/testingJSON/user280/user280.json,idx_87
fist,trainingSamples,raw_data/EMG-EPN612/testingJSON/user280/user280.json,idx_88
fist,trainingSamples,raw_data/EMG-EPN612/testingJSON/user280/user280.json,idx_89
fist,trainingSamples,raw_data/EMG-EPN612/testingJSON/user280/user280.json,idx_90
fist,trainingSamples,raw_data/EMG-EPN612/testingJSON/user280/user280.json,idx_91
fist,trainingSamples,raw_data/EMG-EPN612/testingJSON/user280/user280.json,idx_92
fist,trainingSamples,raw_data/EMG-EPN612/testingJSON/user280/user280.json,idx_93
fist,trainingSamples,raw_data/EMG-EPN612/testingJSON/user280/user280.json,idx_94
fist,trainingSamples,raw_data/EMG-EPN612/testingJSON/user280/user280.json,idx_95
fist,trainingSamples,raw_data/EMG-EPN612/testingJSON/user280/user280.json,idx_96
fist,trainingSamples,raw_data/EMG-EPN612/testingJSON/user280/user280.json,idx_97
fist,trainingSamples,raw_data/EMG-EPN612/testingJSON/user280/user280.json,idx_98
fist,trainingSamples,raw_data/EMG-EPN612/testingJSON/user280/user280.json,idx_99
fist,trainingSamples,raw_data/EMG-EPN612/testingJSON/user280/user280.json,idx_100
waveIn,trainingSamples,raw_data/EMG-EPN612/testingJSON/user280/user280.json,idx_101
waveIn,trainingSamples,raw_data/EMG-EPN612/testingJSON/user280/user280.json,idx_102
waveIn,trainingSamples,raw_data/EMG-EPN612/testingJSON/user280/user280.json,idx_103
waveIn,trainingSamples,raw_data/EMG-EPN612/testingJSON/user280/user280.json,idx_104
waveIn,trainingSamples,raw_data/EMG-EPN612/testingJSON/user280/user280.json,idx_105
waveIn,trainingSamples,raw_data/EMG-EPN612/testingJSON/user280/user280.json,idx_106
waveIn,trainingSamples,raw_data/EMG-EPN612/testingJSON/user280/user280.json,idx_107
waveIn,trainingSamples,raw_data/EMG-EPN612/testingJSON/user280/user280.json,idx_108
waveIn,trainingSamples,raw_data/EMG-EPN612/testingJSON/user280/user280.json,idx_109
waveIn,trainingSamples,raw_data/EMG-EPN612/testingJSON/user280/user280.json,idx_110
waveIn,trainingSamples,raw_data/EMG-EPN612/testingJSON/user280/user280.json,idx_111
waveIn,trainingSamples,raw_data/EMG-EPN612/testingJSON/user280/user280.json,idx_112
waveIn,trainingSamples,raw_data/EMG-EPN612/testingJSON/user280/user280.json,idx_113
waveIn,trainingSamples,raw_data/EMG-EPN612/testingJSON/user280/user280.json,idx_114
waveIn,trainingSamples,raw_data/EMG-EPN612/testingJSON/user280/user280.json,idx_115
waveIn,trainingSamples,raw_data/EMG-EPN612/testingJSON/user280/user280.json,idx_116
waveIn,trainingSamples,raw_data/EMG-EPN612/testingJSON/user280/user280.json,idx_117
waveIn,trainingSamples,raw_data/EMG-EPN612/testingJSON/user280/user280.json,idx_118
waveIn,trainingSamples,raw_data/EMG-EPN612/testingJSON/user280/user280.json,idx_119
waveIn,trainingSamples,raw_data/EMG-EPN612/testingJSON/user280/user280.json,idx_120
waveIn,trainingSamples,raw_data/EMG-EPN612/testingJSON/user280/user280.json,idx_121
waveIn,trainingSamples,raw_data/EMG-EPN612/testingJSON/user280/user280.json,idx_122
waveIn,trainingSamples,raw_data/EMG-EPN612/testingJSON/user280/user280.json,idx_123
waveIn,trainingSamples,raw_data/EMG-EPN612/testingJSON/user280/user280.json,idx_124
waveIn,trainingSamples,raw_data/EMG-EPN612/testingJSON/user280/user280.json,idx_125
open,trainingSamples,raw_data/EMG-EPN612/testingJSON/user280/user280.json,idx_126
open,trainingSamples,raw_data/EMG-EPN612/testingJSON/user280/user280.json,idx_127
open,trainingSamples,raw_data/EMG-EPN612/testingJSON/user280/user280.json,idx_128
open,trainingSamples,raw_data/EMG-EPN612/testingJSON/user280/user280.json,idx_129
open,trainingSamples,raw_data/EMG-EPN612/testingJSON/user280/user280.json,idx_130
open,trainingSamples,raw_data/EMG-EPN612/testingJSON/user280/user280.json,idx_131
open,trainingSamples,raw_data/EMG-EPN612/testingJSON/user280/user280.json,idx_132
open,trainingSamples,raw_data/EMG-EPN612/testingJSON/user280/user280.json,idx_133
open,trainingSamples,raw_data/EMG-EPN612/testingJSON/user280/user280.json,idx_134
open,trainingSamples,raw_data/EMG-EPN612/testingJSON/user280/user280.json,idx_135
open,trainingSamples,raw_data/EMG-EPN612/testingJSON/user280/user280.json,idx_136
open,trainingSamples,raw_data/EMG-EPN612/testingJSON/user280/user280.json,idx_137
open,trainingSamples,raw_data/EMG-EPN612/testingJSON/user280/user280.json,idx_138
open,trainingSamples,raw_data/EMG-EPN612/testingJSON/user280/user280.json,idx_139
open,trainingSamples,raw_data/EMG-EPN612/testingJSON/user280/user280.json,idx_140
open,trainingSamples,raw_data/EMG-EPN612/testingJSON/user280/user280.json,idx_141
open,trainingSamples,raw_data/EMG-EPN612/testingJSON/user280/user280.json,idx_142
open,trainingSamples,raw_data/EMG-EPN612/testingJSON/user280/user280.json,idx_143
open,trainingSamples,raw_data/EMG-EPN612/testingJSON/user280/user280.json,idx_144
open,trainingSamples,raw_data/EMG-EPN612/testingJSON/user280/user280.json,idx_145
open,trainingSamples,raw_data/EMG-EPN612/testingJSON/user280/user280.json,idx_146
open,trainingSamples,raw_data/EMG-EPN612/testingJSON/user280/user280.json,idx_147
open,trainingSamples,raw_data/EMG-EPN612/testingJSON/user280/user280.json,idx_148
open,trainingSamples,raw_data/EMG-EPN612/testingJSON/user280/user280.json,idx_149
open,trainingSamples,raw_data/EMG-EPN612/testingJSON/user280/user280.json,idx_150
noGesture,trainingSamples,raw_data/EMG-EPN612/testingJSON/user281/user281.json,idx_1
noGesture,trainingSamples,raw_data/EMG-EPN612/testingJSON/user281/user281.json,idx_2
noGesture,trainingSamples,raw_data/EMG-EPN612/testingJSON/user281/user281.json,idx_3
noGesture,trainingSamples,raw_data/EMG-EPN612/testingJSON/user281/user281.json,idx_4
noGesture,trainingSamples,raw_data/EMG-EPN612/testingJSON/user281/user281.json,idx_5
noGesture,trainingSamples,raw_data/EMG-EPN612/testingJSON/user281/user281.json,idx_6
noGesture,trainingSamples,raw_data/EMG-EPN612/testingJSON/user281/user281.json,idx_7
noGesture,trainingSamples,raw_data/EMG-EPN612/testingJSON/user281/user281.json,idx_8
noGesture,trainingSamples,raw_data/EMG-EPN612/testingJSON/user281/user281.json,idx_9
noGesture,trainingSamples,raw_data/EMG-EPN612/testingJSON/user281/user281.json,idx_10
noGesture,trainingSamples,raw_data/EMG-EPN612/testingJSON/user281/user281.json,idx_11
noGesture,trainingSamples,raw_data/EMG-EPN612/testingJSON/user281/user281.json,idx_12
noGesture,trainingSamples,raw_data/EMG-EPN612/testingJSON/user281/user281.json,idx_13
noGesture,trainingSamples,raw_data/EMG-EPN612/testingJSON/user281/user281.json,idx_14
noGesture,trainingSamples,raw_data/EMG-EPN612/testingJSON/user281/user281.json,idx_15
noGesture,trainingSamples,raw_data/EMG-EPN612/testingJSON/user281/user281.json,idx_16
noGesture,trainingSamples,raw_data/EMG-EPN612/testingJSON/user281/user281.json,idx_17
noGesture,trainingSamples,raw_data/EMG-EPN612/testingJSON/user281/user281.json,idx_18
noGesture,trainingSamples,raw_data/EMG-EPN612/testingJSON/user281/user281.json,idx_19
noGesture,trainingSamples,raw_data/EMG-EPN612/testingJSON/user281/user281.json,idx_20
noGesture,trainingSamples,raw_data/EMG-EPN612/testingJSON/user281/user281.json,idx_21
noGesture,trainingSamples,raw_data/EMG-EPN612/testingJSON/user281/user281.json,idx_22
noGesture,trainingSamples,raw_data/EMG-EPN612/testingJSON/user281/user281.json,idx_23
noGesture,trainingSamples,raw_data/EMG-EPN612/testingJSON/user281/user281.json,idx_24
noGesture,trainingSamples,raw_data/EMG-EPN612/testingJSON/user281/user281.json,idx_25
waveOut,trainingSamples,raw_data/EMG-EPN612/testingJSON/user281/user281.json,idx_26
waveOut,trainingSamples,raw_data/EMG-EPN612/testingJSON/user281/user281.json,idx_27
waveOut,trainingSamples,raw_data/EMG-EPN612/testingJSON/user281/user281.json,idx_28
waveOut,trainingSamples,raw_data/EMG-EPN612/testingJSON/user281/user281.json,idx_29
waveOut,trainingSamples,raw_data/EMG-EPN612/testingJSON/user281/user281.json,idx_30
waveOut,trainingSamples,raw_data/EMG-EPN612/testingJSON/user281/user281.json,idx_31
waveOut,trainingSamples,raw_data/EMG-EPN612/testingJSON/user281/user281.json,idx_32
waveOut,trainingSamples,raw_data/EMG-EPN612/testingJSON/user281/user281.json,idx_33
waveOut,trainingSamples,raw_data/EMG-EPN612/testingJSON/user281/user281.json,idx_34
waveOut,trainingSamples,raw_data/EMG-EPN612/testingJSON/user281/user281.json,idx_35
waveOut,trainingSamples,raw_data/EMG-EPN612/testingJSON/user281/user281.json,idx_36
waveOut,trainingSamples,raw_data/EMG-EPN612/testingJSON/user281/user281.json,idx_37
waveOut,trainingSamples,raw_data/EMG-EPN612/testingJSON/user281/user281.json,idx_38
waveOut,trainingSamples,raw_data/EMG-EPN612/testingJSON/user281/user281.json,idx_39
waveOut,trainingSamples,raw_data/EMG-EPN612/testingJSON/user281/user281.json,idx_40
waveOut,trainingSamples,raw_data/EMG-EPN612/testingJSON/user281/user281.json,idx_41
waveOut,trainingSamples,raw_data/EMG-EPN612/testingJSON/user281/user281.json,idx_42
waveOut,trainingSamples,raw_data/EMG-EPN612/testingJSON/user281/user281.json,idx_43
waveOut,trainingSamples,raw_data/EMG-EPN612/testingJSON/user281/user281.json,idx_44
waveOut,trainingSamples,raw_data/EMG-EPN612/testingJSON/user281/user281.json,idx_45
waveOut,trainingSamples,raw_data/EMG-EPN612/testingJSON/user281/user281.json,idx_46
waveOut,trainingSamples,raw_data/EMG-EPN612/testingJSON/user281/user281.json,idx_47
waveOut,trainingSamples,raw_data/EMG-EPN612/testingJSON/user281/user281.json,idx_48
waveOut,trainingSamples,raw_data/EMG-EPN612/testingJSON/user281/user281.json,idx_49
waveOut,trainingSamples,raw_data/EMG-EPN612/testingJSON/user281/user281.json,idx_50
pinch,trainingSamples,raw_data/EMG-EPN612/testingJSON/user281/user281.json,idx_51
pinch,trainingSamples,raw_data/EMG-EPN612/testingJSON/user281/user281.json,idx_52
pinch,trainingSamples,raw_data/EMG-EPN612/testingJSON/user281/user281.json,idx_53
pinch,trainingSamples,raw_data/EMG-EPN612/testingJSON/user281/user281.json,idx_54
pinch,trainingSamples,raw_data/EMG-EPN612/testingJSON/user281/user281.json,idx_55
pinch,trainingSamples,raw_data/EMG-EPN612/testingJSON/user281/user281.json,idx_56
pinch,trainingSamples,raw_data/EMG-EPN612/testingJSON/user281/user281.json,idx_57
pinch,trainingSamples,raw_data/EMG-EPN612/testingJSON/user281/user281.json,idx_58
pinch,trainingSamples,raw_data/EMG-EPN612/testingJSON/user281/user281.json,idx_59
pinch,trainingSamples,raw_data/EMG-EPN612/testingJSON/user281/user281.json,idx_60
pinch,trainingSamples,raw_data/EMG-EPN612/testingJSON/user281/user281.json,idx_61
pinch,trainingSamples,raw_data/EMG-EPN612/testingJSON/user281/user281.json,idx_62
pinch,trainingSamples,raw_data/EMG-EPN612/testingJSON/user281/user281.json,idx_63
pinch,trainingSamples,raw_data/EMG-EPN612/testingJSON/user281/user281.json,idx_64
pinch,trainingSamples,raw_data/EMG-EPN612/testingJSON/user281/user281.json,idx_65
pinch,trainingSamples,raw_data/EMG-EPN612/testingJSON/user281/user281.json,idx_66
pinch,trainingSamples,raw_data/EMG-EPN612/testingJSON/user281/user281.json,idx_67
pinch,trainingSamples,raw_data/EMG-EPN612/testingJSON/user281/user281.json,idx_68
pinch,trainingSamples,raw_data/EMG-EPN612/testingJSON/user281/user281.json,idx_69
pinch,trainingSamples,raw_data/EMG-EPN612/testingJSON/user281/user281.json,idx_70
pinch,trainingSamples,raw_data/EMG-EPN612/testingJSON/user281/user281.json,idx_71
pinch,trainingSamples,raw_data/EMG-EPN612/testingJSON/user281/user281.json,idx_72
pinch,trainingSamples,raw_data/EMG-EPN612/testingJSON/user281/user281.json,idx_73
pinch,trainingSamples,raw_data/EMG-EPN612/testingJSON/user281/user281.json,idx_74
pinch,trainingSamples,raw_data/EMG-EPN612/testingJSON/user281/user281.json,idx_75
fist,trainingSamples,raw_data/EMG-EPN612/testingJSON/user281/user281.json,idx_76
fist,trainingSamples,raw_data/EMG-EPN612/testingJSON/user281/user281.json,idx_77
fist,trainingSamples,raw_data/EMG-EPN612/testingJSON/user281/user281.json,idx_78
fist,trainingSamples,raw_data/EMG-EPN612/testingJSON/user281/user281.json,idx_79
fist,trainingSamples,raw_data/EMG-EPN612/testingJSON/user281/user281.json,idx_80
fist,trainingSamples,raw_data/EMG-EPN612/testingJSON/user281/user281.json,idx_81
fist,trainingSamples,raw_data/EMG-EPN612/testingJSON/user281/user281.json,idx_82
fist,trainingSamples,raw_data/EMG-EPN612/testingJSON/user281/user281.json,idx_83
fist,trainingSamples,raw_data/EMG-EPN612/testingJSON/user281/user281.json,idx_84
fist,trainingSamples,raw_data/EMG-EPN612/testingJSON/user281/user281.json,idx_85
fist,trainingSamples,raw_data/EMG-EPN612/testingJSON/user281/user281.json,idx_86
fist,trainingSamples,raw_data/EMG-EPN612/testingJSON/user281/user281.json,idx_87
fist,trainingSamples,raw_data/EMG-EPN612/testingJSON/user281/user281.json,idx_88
fist,trainingSamples,raw_data/EMG-EPN612/testingJSON/user281/user281.json,idx_89
fist,trainingSamples,raw_data/EMG-EPN612/testingJSON/user281/user281.json,idx_90
fist,trainingSamples,raw_data/EMG-EPN612/testingJSON/user281/user281.json,idx_91
fist,trainingSamples,raw_data/EMG-EPN612/testingJSON/user281/user281.json,idx_92
fist,trainingSamples,raw_data/EMG-EPN612/testingJSON/user281/user281.json,idx_93
fist,trainingSamples,raw_data/EMG-EPN612/testingJSON/user281/user281.json,idx_94
fist,trainingSamples,raw_data/EMG-EPN612/testingJSON/user281/user281.json,idx_95
fist,trainingSamples,raw_data/EMG-EPN612/testingJSON/user281/user281.json,idx_96
fist,trainingSamples,raw_data/EMG-EPN612/testingJSON/user281/user281.json,idx_97
fist,trainingSamples,raw_data/EMG-EPN612/testingJSON/user281/user281.json,idx_98
fist,trainingSamples,raw_data/EMG-EPN612/testingJSON/user281/user281.json,idx_99
fist,trainingSamples,raw_data/EMG-EPN612/testingJSON/user281/user281.json,idx_100
waveIn,trainingSamples,raw_data/EMG-EPN612/testingJSON/user281/user281.json,idx_101
waveIn,trainingSamples,raw_data/EMG-EPN612/testingJSON/user281/user281.json,idx_102
waveIn,trainingSamples,raw_data/EMG-EPN612/testingJSON/user281/user281.json,idx_103
waveIn,trainingSamples,raw_data/EMG-EPN612/testingJSON/user281/user281.json,idx_104
waveIn,trainingSamples,raw_data/EMG-EPN612/testingJSON/user281/user281.json,idx_105
waveIn,trainingSamples,raw_data/EMG-EPN612/testingJSON/user281/user281.json,idx_106
waveIn,trainingSamples,raw_data/EMG-EPN612/testingJSON/user281/user281.json,idx_107
waveIn,trainingSamples,raw_data/EMG-EPN612/testingJSON/user281/user281.json,idx_108
waveIn,trainingSamples,raw_data/EMG-EPN612/testingJSON/user281/user281.json,idx_109
waveIn,trainingSamples,raw_data/EMG-EPN612/testingJSON/user281/user281.json,idx_110
waveIn,trainingSamples,raw_data/EMG-EPN612/testingJSON/user281/user281.json,idx_111
waveIn,trainingSamples,raw_data/EMG-EPN612/testingJSON/user281/user281.json,idx_112
waveIn,trainingSamples,raw_data/EMG-EPN612/testingJSON/user281/user281.json,idx_113
waveIn,trainingSamples,raw_data/EMG-EPN612/testingJSON/user281/user281.json,idx_114
waveIn,trainingSamples,raw_data/EMG-EPN612/testingJSON/user281/user281.json,idx_115
waveIn,trainingSamples,raw_data/EMG-EPN612/testingJSON/user281/user281.json,idx_116
waveIn,trainingSamples,raw_data/EMG-EPN612/testingJSON/user281/user281.json,idx_117
waveIn,trainingSamples,raw_data/EMG-EPN612/testingJSON/user281/user281.json,idx_118
waveIn,trainingSamples,raw_data/EMG-EPN612/testingJSON/user281/user281.json,idx_119
waveIn,trainingSamples,raw_data/EMG-EPN612/testingJSON/user281/user281.json,idx_120
waveIn,trainingSamples,raw_data/EMG-EPN612/testingJSON/user281/user281.json,idx_121
waveIn,trainingSamples,raw_data/EMG-EPN612/testingJSON/user281/user281.json,idx_122
waveIn,trainingSamples,raw_data/EMG-EPN612/testingJSON/user281/user281.json,idx_123
waveIn,trainingSamples,raw_data/EMG-EPN612/testingJSON/user281/user281.json,idx_124
waveIn,trainingSamples,raw_data/EMG-EPN612/testingJSON/user281/user281.json,idx_125
open,trainingSamples,raw_data/EMG-EPN612/testingJSON/user281/user281.json,idx_126
open,trainingSamples,raw_data/EMG-EPN612/testingJSON/user281/user281.json,idx_127
open,trainingSamples,raw_data/EMG-EPN612/testingJSON/user281/user281.json,idx_128
open,trainingSamples,raw_data/EMG-EPN612/testingJSON/user281/user281.json,idx_129
open,trainingSamples,raw_data/EMG-EPN612/testingJSON/user281/user281.json,idx_130
open,trainingSamples,raw_data/EMG-EPN612/testingJSON/user281/user281.json,idx_131
open,trainingSamples,raw_data/EMG-EPN612/testingJSON/user281/user281.json,idx_132
open,trainingSamples,raw_data/EMG-EPN612/testingJSON/user281/user281.json,idx_133
open,trainingSamples,raw_data/EMG-EPN612/testingJSON/user281/user281.json,idx_134
open,trainingSamples,raw_data/EMG-EPN612/testingJSON/user281/user281.json,idx_135
open,trainingSamples,raw_data/EMG-EPN612/testingJSON/user281/user281.json,idx_136
open,trainingSamples,raw_data/EMG-EPN612/testingJSON/user281/user281.json,idx_137
open,trainingSamples,raw_data/EMG-EPN612/testingJSON/user281/user281.json,idx_138
open,trainingSamples,raw_data/EMG-EPN612/testingJSON/user281/user281.json,idx_139
open,trainingSamples,raw_data/EMG-EPN612/testingJSON/user281/user281.json,idx_140
open,trainingSamples,raw_data/EMG-EPN612/testingJSON/user281/user281.json,idx_141
open,trainingSamples,raw_data/EMG-EPN612/testingJSON/user281/user281.json,idx_142
open,trainingSamples,raw_data/EMG-EPN612/testingJSON/user281/user281.json,idx_143
open,trainingSamples,raw_data/EMG-EPN612/testingJSON/user281/user281.json,idx_144
open,trainingSamples,raw_data/EMG-EPN612/testingJSON/user281/user281.json,idx_145
open,trainingSamples,raw_data/EMG-EPN612/testingJSON/user281/user281.json,idx_146
open,trainingSamples,raw_data/EMG-EPN612/testingJSON/user281/user281.json,idx_147
open,trainingSamples,raw_data/EMG-EPN612/testingJSON/user281/user281.json,idx_148
open,trainingSamples,raw_data/EMG-EPN612/testingJSON/user281/user281.json,idx_149
open,trainingSamples,raw_data/EMG-EPN612/testingJSON/user281/user281.json,idx_150
noGesture,trainingSamples,raw_data/EMG-EPN612/testingJSON/user282/user282.json,idx_1
noGesture,trainingSamples,raw_data/EMG-EPN612/testingJSON/user282/user282.json,idx_2
noGesture,trainingSamples,raw_data/EMG-EPN612/testingJSON/user282/user282.json,idx_3
noGesture,trainingSamples,raw_data/EMG-EPN612/testingJSON/user282/user282.json,idx_4
noGesture,trainingSamples,raw_data/EMG-EPN612/testingJSON/user282/user282.json,idx_5
noGesture,trainingSamples,raw_data/EMG-EPN612/testingJSON/user282/user282.json,idx_6
noGesture,trainingSamples,raw_data/EMG-EPN612/testingJSON/user282/user282.json,idx_7
noGesture,trainingSamples,raw_data/EMG-EPN612/testingJSON/user282/user282.json,idx_8
noGesture,trainingSamples,raw_data/EMG-EPN612/testingJSON/user282/user282.json,idx_9
noGesture,trainingSamples,raw_data/EMG-EPN612/testingJSON/user282/user282.json,idx_10
noGesture,trainingSamples,raw_data/EMG-EPN612/testingJSON/user282/user282.json,idx_11
noGesture,trainingSamples,raw_data/EMG-EPN612/testingJSON/user282/user282.json,idx_12
noGesture,trainingSamples,raw_data/EMG-EPN612/testingJSON/user282/user282.json,idx_13
noGesture,trainingSamples,raw_data/EMG-EPN612/testingJSON/user282/user282.json,idx_14
noGesture,trainingSamples,raw_data/EMG-EPN612/testingJSON/user282/user282.json,idx_15
noGesture,trainingSamples,raw_data/EMG-EPN612/testingJSON/user282/user282.json,idx_16
noGesture,trainingSamples,raw_data/EMG-EPN612/testingJSON/user282/user282.json,idx_17
noGesture,trainingSamples,raw_data/EMG-EPN612/testingJSON/user282/user282.json,idx_18
noGesture,trainingSamples,raw_data/EMG-EPN612/testingJSON/user282/user282.json,idx_19
noGesture,trainingSamples,raw_data/EMG-EPN612/testingJSON/user282/user282.json,idx_20
noGesture,trainingSamples,raw_data/EMG-EPN612/testingJSON/user282/user282.json,idx_21
noGesture,trainingSamples,raw_data/EMG-EPN612/testingJSON/user282/user282.json,idx_22
noGesture,trainingSamples,raw_data/EMG-EPN612/testingJSON/user282/user282.json,idx_23
noGesture,trainingSamples,raw_data/EMG-EPN612/testingJSON/user282/user282.json,idx_24
noGesture,trainingSamples,raw_data/EMG-EPN612/testingJSON/user282/user282.json,idx_25
waveOut,trainingSamples,raw_data/EMG-EPN612/testingJSON/user282/user282.json,idx_26
waveOut,trainingSamples,raw_data/EMG-EPN612/testingJSON/user282/user282.json,idx_27
waveOut,trainingSamples,raw_data/EMG-EPN612/testingJSON/user282/user282.json,idx_28
waveOut,trainingSamples,raw_data/EMG-EPN612/testingJSON/user282/user282.json,idx_29
waveOut,trainingSamples,raw_data/EMG-EPN612/testingJSON/user282/user282.json,idx_30
waveOut,trainingSamples,raw_data/EMG-EPN612/testingJSON/user282/user282.json,idx_31
waveOut,trainingSamples,raw_data/EMG-EPN612/testingJSON/user282/user282.json,idx_32
waveOut,trainingSamples,raw_data/EMG-EPN612/testingJSON/user282/user282.json,idx_33
waveOut,trainingSamples,raw_data/EMG-EPN612/testingJSON/user282/user282.json,idx_34
waveOut,trainingSamples,raw_data/EMG-EPN612/testingJSON/user282/user282.json,idx_35
waveOut,trainingSamples,raw_data/EMG-EPN612/testingJSON/user282/user282.json,idx_36
waveOut,trainingSamples,raw_data/EMG-EPN612/testingJSON/user282/user282.json,idx_37
waveOut,trainingSamples,raw_data/EMG-EPN612/testingJSON/user282/user282.json,idx_38
waveOut,trainingSamples,raw_data/EMG-EPN612/testingJSON/user282/user282.json,idx_39
waveOut,trainingSamples,raw_data/EMG-EPN612/testingJSON/user282/user282.json,idx_40
waveOut,trainingSamples,raw_data/EMG-EPN612/testingJSON/user282/user282.json,idx_41
waveOut,trainingSamples,raw_data/EMG-EPN612/testingJSON/user282/user282.json,idx_42
waveOut,trainingSamples,raw_data/EMG-EPN612/testingJSON/user282/user282.json,idx_43
waveOut,trainingSamples,raw_data/EMG-EPN612/testingJSON/user282/user282.json,idx_44
waveOut,trainingSamples,raw_data/EMG-EPN612/testingJSON/user282/user282.json,idx_45
waveOut,trainingSamples,raw_data/EMG-EPN612/testingJSON/user282/user282.json,idx_46
waveOut,trainingSamples,raw_data/EMG-EPN612/testingJSON/user282/user282.json,idx_47
waveOut,trainingSamples,raw_data/EMG-EPN612/testingJSON/user282/user282.json,idx_48
waveOut,trainingSamples,raw_data/EMG-EPN612/testingJSON/user282/user282.json,idx_49
waveOut,trainingSamples,raw_data/EMG-EPN612/testingJSON/user282/user282.json,idx_50
pinch,trainingSamples,raw_data/EMG-EPN612/testingJSON/user282/user282.json,idx_51
pinch,trainingSamples,raw_data/EMG-EPN612/testingJSON/user282/user282.json,idx_52
pinch,trainingSamples,raw_data/EMG-EPN612/testingJSON/user282/user282.json,idx_53
pinch,trainingSamples,raw_data/EMG-EPN612/testingJSON/user282/user282.json,idx_54
pinch,trainingSamples,raw_data/EMG-EPN612/testingJSON/user282/user282.json,idx_55
pinch,trainingSamples,raw_data/EMG-EPN612/testingJSON/user282/user282.json,idx_56
pinch,trainingSamples,raw_data/EMG-EPN612/testingJSON/user282/user282.json,idx_57
pinch,trainingSamples,raw_data/EMG-EPN612/testingJSON/user282/user282.json,idx_58
pinch,trainingSamples,raw_data/EMG-EPN612/testingJSON/user282/user282.json,idx_59
pinch,trainingSamples,raw_data/EMG-EPN612/testingJSON/user282/user282.json,idx_60
pinch,trainingSamples,raw_data/EMG-EPN612/testingJSON/user282/user282.json,idx_61
pinch,trainingSamples,raw_data/EMG-EPN612/testingJSON/user282/user282.json,idx_62
pinch,trainingSamples,raw_data/EMG-EPN612/testingJSON/user282/user282.json,idx_63
pinch,trainingSamples,raw_data/EMG-EPN612/testingJSON/user282/user282.json,idx_64
pinch,trainingSamples,raw_data/EMG-EPN612/testingJSON/user282/user282.json,idx_65
pinch,trainingSamples,raw_data/EMG-EPN612/testingJSON/user282/user282.json,idx_66
pinch,trainingSamples,raw_data/EMG-EPN612/testingJSON/user282/user282.json,idx_67
pinch,trainingSamples,raw_data/EMG-EPN612/testingJSON/user282/user282.json,idx_68
pinch,trainingSamples,raw_data/EMG-EPN612/testingJSON/user282/user282.json,idx_69
pinch,trainingSamples,raw_data/EMG-EPN612/testingJSON/user282/user282.json,idx_70
pinch,trainingSamples,raw_data/EMG-EPN612/testingJSON/user282/user282.json,idx_71
pinch,trainingSamples,raw_data/EMG-EPN612/testingJSON/user282/user282.json,idx_72
pinch,trainingSamples,raw_data/EMG-EPN612/testingJSON/user282/user282.json,idx_73
pinch,trainingSamples,raw_data/EMG-EPN612/testingJSON/user282/user282.json,idx_74
pinch,trainingSamples,raw_data/EMG-EPN612/testingJSON/user282/user282.json,idx_75
fist,trainingSamples,raw_data/EMG-EPN612/testingJSON/user282/user282.json,idx_76
fist,trainingSamples,raw_data/EMG-EPN612/testingJSON/user282/user282.json,idx_77
fist,trainingSamples,raw_data/EMG-EPN612/testingJSON/user282/user282.json,idx_78
fist,trainingSamples,raw_data/EMG-EPN612/testingJSON/user282/user282.json,idx_79
fist,trainingSamples,raw_data/EMG-EPN612/testingJSON/user282/user282.json,idx_80
fist,trainingSamples,raw_data/EMG-EPN612/testingJSON/user282/user282.json,idx_81
fist,trainingSamples,raw_data/EMG-EPN612/testingJSON/user282/user282.json,idx_82
fist,trainingSamples,raw_data/EMG-EPN612/testingJSON/user282/user282.json,idx_83
fist,trainingSamples,raw_data/EMG-EPN612/testingJSON/user282/user282.json,idx_84
fist,trainingSamples,raw_data/EMG-EPN612/testingJSON/user282/user282.json,idx_85
fist,trainingSamples,raw_data/EMG-EPN612/testingJSON/user282/user282.json,idx_86
fist,trainingSamples,raw_data/EMG-EPN612/testingJSON/user282/user282.json,idx_87
fist,trainingSamples,raw_data/EMG-EPN612/testingJSON/user282/user282.json,idx_88
fist,trainingSamples,raw_data/EMG-EPN612/testingJSON/user282/user282.json,idx_89
fist,trainingSamples,raw_data/EMG-EPN612/testingJSON/user282/user282.json,idx_90
fist,trainingSamples,raw_data/EMG-EPN612/testingJSON/user282/user282.json,idx_91
fist,trainingSamples,raw_data/EMG-EPN612/testingJSON/user282/user282.json,idx_92
fist,trainingSamples,raw_data/EMG-EPN612/testingJSON/user282/user282.json,idx_93
fist,trainingSamples,raw_data/EMG-EPN612/testingJSON/user282/user282.json,idx_94
fist,trainingSamples,raw_data/EMG-EPN612/testingJSON/user282/user282.json,idx_95
fist,trainingSamples,raw_data/EMG-EPN612/testingJSON/user282/user282.json,idx_96
fist,trainingSamples,raw_data/EMG-EPN612/testingJSON/user282/user282.json,idx_97
fist,trainingSamples,raw_data/EMG-EPN612/testingJSON/user282/user282.json,idx_98
fist,trainingSamples,raw_data/EMG-EPN612/testingJSON/user282/user282.json,idx_99
fist,trainingSamples,raw_data/EMG-EPN612/testingJSON/user282/user282.json,idx_100
waveIn,trainingSamples,raw_data/EMG-EPN612/testingJSON/user282/user282.json,idx_101
waveIn,trainingSamples,raw_data/EMG-EPN612/testingJSON/user282/user282.json,idx_102
waveIn,trainingSamples,raw_data/EMG-EPN612/testingJSON/user282/user282.json,idx_103
waveIn,trainingSamples,raw_data/EMG-EPN612/testingJSON/user282/user282.json,idx_104
waveIn,trainingSamples,raw_data/EMG-EPN612/testingJSON/user282/user282.json,idx_105
waveIn,trainingSamples,raw_data/EMG-EPN612/testingJSON/user282/user282.json,idx_106
waveIn,trainingSamples,raw_data/EMG-EPN612/testingJSON/user282/user282.json,idx_107
waveIn,trainingSamples,raw_data/EMG-EPN612/testingJSON/user282/user282.json,idx_108
waveIn,trainingSamples,raw_data/EMG-EPN612/testingJSON/user282/user282.json,idx_109
waveIn,trainingSamples,raw_data/EMG-EPN612/testingJSON/user282/user282.json,idx_110
waveIn,trainingSamples,raw_data/EMG-EPN612/testingJSON/user282/user282.json,idx_111
waveIn,trainingSamples,raw_data/EMG-EPN612/testingJSON/user282/user282.json,idx_112
waveIn,trainingSamples,raw_data/EMG-EPN612/testingJSON/user282/user282.json,idx_113
waveIn,trainingSamples,raw_data/EMG-EPN612/testingJSON/user282/user282.json,idx_114
waveIn,trainingSamples,raw_data/EMG-EPN612/testingJSON/user282/user282.json,idx_115
waveIn,trainingSamples,raw_data/EMG-EPN612/testingJSON/user282/user282.json,idx_116
waveIn,trainingSamples,raw_data/EMG-EPN612/testingJSON/user282/user282.json,idx_117
waveIn,trainingSamples,raw_data/EMG-EPN612/testingJSON/user282/user282.json,idx_118
waveIn,trainingSamples,raw_data/EMG-EPN612/testingJSON/user282/user282.json,idx_119
waveIn,trainingSamples,raw_data/EMG-EPN612/testingJSON/user282/user282.json,idx_120
waveIn,trainingSamples,raw_data/EMG-EPN612/testingJSON/user282/user282.json,idx_121
waveIn,trainingSamples,raw_data/EMG-EPN612/testingJSON/user282/user282.json,idx_122
waveIn,trainingSamples,raw_data/EMG-EPN612/testingJSON/user282/user282.json,idx_123
waveIn,trainingSamples,raw_data/EMG-EPN612/testingJSON/user282/user282.json,idx_124
waveIn,trainingSamples,raw_data/EMG-EPN612/testingJSON/user282/user282.json,idx_125
open,trainingSamples,raw_data/EMG-EPN612/testingJSON/user282/user282.json,idx_126
open,trainingSamples,raw_data/EMG-EPN612/testingJSON/user282/user282.json,idx_127
open,trainingSamples,raw_data/EMG-EPN612/testingJSON/user282/user282.json,idx_128
open,trainingSamples,raw_data/EMG-EPN612/testingJSON/user282/user282.json,idx_129
open,trainingSamples,raw_data/EMG-EPN612/testingJSON/user282/user282.json,idx_130
open,trainingSamples,raw_data/EMG-EPN612/testingJSON/user282/user282.json,idx_131
open,trainingSamples,raw_data/EMG-EPN612/testingJSON/user282/user282.json,idx_132
open,trainingSamples,raw_data/EMG-EPN612/testingJSON/user282/user282.json,idx_133
open,trainingSamples,raw_data/EMG-EPN612/testingJSON/user282/user282.json,idx_134
open,trainingSamples,raw_data/EMG-EPN612/testingJSON/user282/user282.json,idx_135
open,trainingSamples,raw_data/EMG-EPN612/testingJSON/user282/user282.json,idx_136
open,trainingSamples,raw_data/EMG-EPN612/testingJSON/user282/user282.json,idx_137
open,trainingSamples,raw_data/EMG-EPN612/testingJSON/user282/user282.json,idx_138
open,trainingSamples,raw_data/EMG-EPN612/testingJSON/user282/user282.json,idx_139
open,trainingSamples,raw_data/EMG-EPN612/testingJSON/user282/user282.json,idx_140
open,trainingSamples,raw_data/EMG-EPN612/testingJSON/user282/user282.json,idx_141
open,trainingSamples,raw_data/EMG-EPN612/testingJSON/user282/user282.json,idx_142
open,trainingSamples,raw_data/EMG-EPN612/testingJSON/user282/user282.json,idx_143
open,trainingSamples,raw_data/EMG-EPN612/testingJSON/user282/user282.json,idx_144
open,trainingSamples,raw_data/EMG-EPN612/testingJSON/user282/user282.json,idx_145
open,trainingSamples,raw_data/EMG-EPN612/testingJSON/user282/user282.json,idx_146
open,trainingSamples,raw_data/EMG-EPN612/testingJSON/user282/user282.json,idx_147
open,trainingSamples,raw_data/EMG-EPN612/testingJSON/user282/user282.json,idx_148
open,trainingSamples,raw_data/EMG-EPN612/testingJSON/user282/user282.json,idx_149
open,trainingSamples,raw_data/EMG-EPN612/testingJSON/user282/user282.json,idx_150
noGesture,trainingSamples,raw_data/EMG-EPN612/testingJSON/user283/user283.json,idx_1
noGesture,trainingSamples,raw_data/EMG-EPN612/testingJSON/user283/user283.json,idx_2
noGesture,trainingSamples,raw_data/EMG-EPN612/testingJSON/user283/user283.json,idx_3
noGesture,trainingSamples,raw_data/EMG-EPN612/testingJSON/user283/user283.json,idx_4
noGesture,trainingSamples,raw_data/EMG-EPN612/testingJSON/user283/user283.json,idx_5
noGesture,trainingSamples,raw_data/EMG-EPN612/testingJSON/user283/user283.json,idx_6
noGesture,trainingSamples,raw_data/EMG-EPN612/testingJSON/user283/user283.json,idx_7
noGesture,trainingSamples,raw_data/EMG-EPN612/testingJSON/user283/user283.json,idx_8
noGesture,trainingSamples,raw_data/EMG-EPN612/testingJSON/user283/user283.json,idx_9
noGesture,trainingSamples,raw_data/EMG-EPN612/testingJSON/user283/user283.json,idx_10
noGesture,trainingSamples,raw_data/EMG-EPN612/testingJSON/user283/user283.json,idx_11
noGesture,trainingSamples,raw_data/EMG-EPN612/testingJSON/user283/user283.json,idx_12
noGesture,trainingSamples,raw_data/EMG-EPN612/testingJSON/user283/user283.json,idx_13
noGesture,trainingSamples,raw_data/EMG-EPN612/testingJSON/user283/user283.json,idx_14
noGesture,trainingSamples,raw_data/EMG-EPN612/testingJSON/user283/user283.json,idx_15
noGesture,trainingSamples,raw_data/EMG-EPN612/testingJSON/user283/user283.json,idx_16
noGesture,trainingSamples,raw_data/EMG-EPN612/testingJSON/user283/user283.json,idx_17
noGesture,trainingSamples,raw_data/EMG-EPN612/testingJSON/user283/user283.json,idx_18
noGesture,trainingSamples,raw_data/EMG-EPN612/testingJSON/user283/user283.json,idx_19
noGesture,trainingSamples,raw_data/EMG-EPN612/testingJSON/user283/user283.json,idx_20
noGesture,trainingSamples,raw_data/EMG-EPN612/testingJSON/user283/user283.json,idx_21
noGesture,trainingSamples,raw_data/EMG-EPN612/testingJSON/user283/user283.json,idx_22
noGesture,trainingSamples,raw_data/EMG-EPN612/testingJSON/user283/user283.json,idx_23
noGesture,trainingSamples,raw_data/EMG-EPN612/testingJSON/user283/user283.json,idx_24
noGesture,trainingSamples,raw_data/EMG-EPN612/testingJSON/user283/user283.json,idx_25
pinch,trainingSamples,raw_data/EMG-EPN612/testingJSON/user283/user283.json,idx_26
pinch,trainingSamples,raw_data/EMG-EPN612/testingJSON/user283/user283.json,idx_27
pinch,trainingSamples,raw_data/EMG-EPN612/testingJSON/user283/user283.json,idx_28
pinch,trainingSamples,raw_data/EMG-EPN612/testingJSON/user283/user283.json,idx_29
pinch,trainingSamples,raw_data/EMG-EPN612/testingJSON/user283/user283.json,idx_30
pinch,trainingSamples,raw_data/EMG-EPN612/testingJSON/user283/user283.json,idx_31
pinch,trainingSamples,raw_data/EMG-EPN612/testingJSON/user283/user283.json,idx_32
pinch,trainingSamples,raw_data/EMG-EPN612/testingJSON/user283/user283.json,idx_33
pinch,trainingSamples,raw_data/EMG-EPN612/testingJSON/user283/user283.json,idx_34
pinch,trainingSamples,raw_data/EMG-EPN612/testingJSON/user283/user283.json,idx_35
pinch,trainingSamples,raw_data/EMG-EPN612/testingJSON/user283/user283.json,idx_36
pinch,trainingSamples,raw_data/EMG-EPN612/testingJSON/user283/user283.json,idx_37
pinch,trainingSamples,raw_data/EMG-EPN612/testingJSON/user283/user283.json,idx_38
pinch,trainingSamples,raw_data/EMG-EPN612/testingJSON/user283/user283.json,idx_39
pinch,trainingSamples,raw_data/EMG-EPN612/testingJSON/user283/user283.json,idx_40
pinch,trainingSamples,raw_data/EMG-EPN612/testingJSON/user283/user283.json,idx_41
pinch,trainingSamples,raw_data/EMG-EPN612/testingJSON/user283/user283.json,idx_42
pinch,trainingSamples,raw_data/EMG-EPN612/testingJSON/user283/user283.json,idx_43
pinch,trainingSamples,raw_data/EMG-EPN612/testingJSON/user283/user283.json,idx_44
pinch,trainingSamples,raw_data/EMG-EPN612/testingJSON/user283/user283.json,idx_45
pinch,trainingSamples,raw_data/EMG-EPN612/testingJSON/user283/user283.json,idx_46
pinch,trainingSamples,raw_data/EMG-EPN612/testingJSON/user283/user283.json,idx_47
pinch,trainingSamples,raw_data/EMG-EPN612/testingJSON/user283/user283.json,idx_48
pinch,trainingSamples,raw_data/EMG-EPN612/testingJSON/user283/user283.json,idx_49
pinch,trainingSamples,raw_data/EMG-EPN612/testingJSON/user283/user283.json,idx_50
waveOut,trainingSamples,raw_data/EMG-EPN612/testingJSON/user283/user283.json,idx_51
waveOut,trainingSamples,raw_data/EMG-EPN612/testingJSON/user283/user283.json,idx_52
waveOut,trainingSamples,raw_data/EMG-EPN612/testingJSON/user283/user283.json,idx_53
waveOut,trainingSamples,raw_data/EMG-EPN612/testingJSON/user283/user283.json,idx_54
waveOut,trainingSamples,raw_data/EMG-EPN612/testingJSON/user283/user283.json,idx_55
waveOut,trainingSamples,raw_data/EMG-EPN612/testingJSON/user283/user283.json,idx_56
waveOut,trainingSamples,raw_data/EMG-EPN612/testingJSON/user283/user283.json,idx_57
waveOut,trainingSamples,raw_data/EMG-EPN612/testingJSON/user283/user283.json,idx_58
waveOut,trainingSamples,raw_data/EMG-EPN612/testingJSON/user283/user283.json,idx_59
waveOut,trainingSamples,raw_data/EMG-EPN612/testingJSON/user283/user283.json,idx_60
waveOut,trainingSamples,raw_data/EMG-EPN612/testingJSON/user283/user283.json,idx_61
waveOut,trainingSamples,raw_data/EMG-EPN612/testingJSON/user283/user283.json,idx_62
waveOut,trainingSamples,raw_data/EMG-EPN612/testingJSON/user283/user283.json,idx_63
waveOut,trainingSamples,raw_data/EMG-EPN612/testingJSON/user283/user283.json,idx_64
waveOut,trainingSamples,raw_data/EMG-EPN612/testingJSON/user283/user283.json,idx_65
waveOut,trainingSamples,raw_data/EMG-EPN612/testingJSON/user283/user283.json,idx_66
waveOut,trainingSamples,raw_data/EMG-EPN612/testingJSON/user283/user283.json,idx_67
waveOut,trainingSamples,raw_data/EMG-EPN612/testingJSON/user283/user283.json,idx_68
waveOut,trainingSamples,raw_data/EMG-EPN612/testingJSON/user283/user283.json,idx_69
waveOut,trainingSamples,raw_data/EMG-EPN612/testingJSON/user283/user283.json,idx_70
waveOut,trainingSamples,raw_data/EMG-EPN612/testingJSON/user283/user283.json,idx_71
waveOut,trainingSamples,raw_data/EMG-EPN612/testingJSON/user283/user283.json,idx_72
waveOut,trainingSamples,raw_data/EMG-EPN612/testingJSON/user283/user283.json,idx_73
waveOut,trainingSamples,raw_data/EMG-EPN612/testingJSON/user283/user283.json,idx_74
waveOut,trainingSamples,raw_data/EMG-EPN612/testingJSON/user283/user283.json,idx_75
open,trainingSamples,raw_data/EMG-EPN612/testingJSON/user283/user283.json,idx_76
open,trainingSamples,raw_data/EMG-EPN612/testingJSON/user283/user283.json,idx_77
open,trainingSamples,raw_data/EMG-EPN612/testingJSON/user283/user283.json,idx_78
open,trainingSamples,raw_data/EMG-EPN612/testingJSON/user283/user283.json,idx_79
open,trainingSamples,raw_data/EMG-EPN612/testingJSON/user283/user283.json,idx_80
open,trainingSamples,raw_data/EMG-EPN612/testingJSON/user283/user283.json,idx_81
open,trainingSamples,raw_data/EMG-EPN612/testingJSON/user283/user283.json,idx_82
open,trainingSamples,raw_data/EMG-EPN612/testingJSON/user283/user283.json,idx_83
open,trainingSamples,raw_data/EMG-EPN612/testingJSON/user283/user283.json,idx_84
open,trainingSamples,raw_data/EMG-EPN612/testingJSON/user283/user283.json,idx_85
open,trainingSamples,raw_data/EMG-EPN612/testingJSON/user283/user283.json,idx_86
open,trainingSamples,raw_data/EMG-EPN612/testingJSON/user283/user283.json,idx_87
open,trainingSamples,raw_data/EMG-EPN612/testingJSON/user283/user283.json,idx_88
open,trainingSamples,raw_data/EMG-EPN612/testingJSON/user283/user283.json,idx_89
open,trainingSamples,raw_data/EMG-EPN612/testingJSON/user283/user283.json,idx_90
open,trainingSamples,raw_data/EMG-EPN612/testingJSON/user283/user283.json,idx_91
open,trainingSamples,raw_data/EMG-EPN612/testingJSON/user283/user283.json,idx_92
open,trainingSamples,raw_data/EMG-EPN612/testingJSON/user283/user283.json,idx_93
open,trainingSamples,raw_data/EMG-EPN612/testingJSON/user283/user283.json,idx_94
open,trainingSamples,raw_data/EMG-EPN612/testingJSON/user283/user283.json,idx_95
open,trainingSamples,raw_data/EMG-EPN612/testingJSON/user283/user283.json,idx_96
open,trainingSamples,raw_data/EMG-EPN612/testingJSON/user283/user283.json,idx_97
open,trainingSamples,raw_data/EMG-EPN612/testingJSON/user283/user283.json,idx_98
open,trainingSamples,raw_data/EMG-EPN612/testingJSON/user283/user283.json,idx_99
open,trainingSamples,raw_data/EMG-EPN612/testingJSON/user283/user283.json,idx_100
waveIn,trainingSamples,raw_data/EMG-EPN612/testingJSON/user283/user283.json,idx_101
waveIn,trainingSamples,raw_data/EMG-EPN612/testingJSON/user283/user283.json,idx_102
waveIn,trainingSamples,raw_data/EMG-EPN612/testingJSON/user283/user283.json,idx_103
waveIn,trainingSamples,raw_data/EMG-EPN612/testingJSON/user283/user283.json,idx_104
waveIn,trainingSamples,raw_data/EMG-EPN612/testingJSON/user283/user283.json,idx_105
waveIn,trainingSamples,raw_data/EMG-EPN612/testingJSON/user283/user283.json,idx_106
waveIn,trainingSamples,raw_data/EMG-EPN612/testingJSON/user283/user283.json,idx_107
waveIn,trainingSamples,raw_data/EMG-EPN612/testingJSON/user283/user283.json,idx_108
waveIn,trainingSamples,raw_data/EMG-EPN612/testingJSON/user283/user283.json,idx_109
waveIn,trainingSamples,raw_data/EMG-EPN612/testingJSON/user283/user283.json,idx_110
waveIn,trainingSamples,raw_data/EMG-EPN612/testingJSON/user283/user283.json,idx_111
waveIn,trainingSamples,raw_data/EMG-EPN612/testingJSON/user283/user283.json,idx_112
waveIn,trainingSamples,raw_data/EMG-EPN612/testingJSON/user283/user283.json,idx_113
waveIn,trainingSamples,raw_data/EMG-EPN612/testingJSON/user283/user283.json,idx_114
waveIn,trainingSamples,raw_data/EMG-EPN612/testingJSON/user283/user283.json,idx_115
waveIn,trainingSamples,raw_data/EMG-EPN612/testingJSON/user283/user283.json,idx_116
waveIn,trainingSamples,raw_data/EMG-EPN612/testingJSON/user283/user283.json,idx_117
waveIn,trainingSamples,raw_data/EMG-EPN612/testingJSON/user283/user283.json,idx_118
waveIn,trainingSamples,raw_data/EMG-EPN612/testingJSON/user283/user283.json,idx_119
waveIn,trainingSamples,raw_data/EMG-EPN612/testingJSON/user283/user283.json,idx_120
waveIn,trainingSamples,raw_data/EMG-EPN612/testingJSON/user283/user283.json,idx_121
waveIn,trainingSamples,raw_data/EMG-EPN612/testingJSON/user283/user283.json,idx_122
waveIn,trainingSamples,raw_data/EMG-EPN612/testingJSON/user283/user283.json,idx_123
waveIn,trainingSamples,raw_data/EMG-EPN612/testingJSON/user283/user283.json,idx_124
waveIn,trainingSamples,raw_data/EMG-EPN612/testingJSON/user283/user283.json,idx_125
fist,trainingSamples,raw_data/EMG-EPN612/testingJSON/user283/user283.json,idx_126
fist,trainingSamples,raw_data/EMG-EPN612/testingJSON/user283/user283.json,idx_127
fist,trainingSamples,raw_data/EMG-EPN612/testingJSON/user283/user283.json,idx_128
fist,trainingSamples,raw_data/EMG-EPN612/testingJSON/user283/user283.json,idx_129
fist,trainingSamples,raw_data/EMG-EPN612/testingJSON/user283/user283.json,idx_130
fist,trainingSamples,raw_data/EMG-EPN612/testingJSON/user283/user283.json,idx_131
fist,trainingSamples,raw_data/EMG-EPN612/testingJSON/user283/user283.json,idx_132
fist,trainingSamples,raw_data/EMG-EPN612/testingJSON/user283/user283.json,idx_133
fist,trainingSamples,raw_data/EMG-EPN612/testingJSON/user283/user283.json,idx_134
fist,trainingSamples,raw_data/EMG-EPN612/testingJSON/user283/user283.json,idx_135
fist,trainingSamples,raw_data/EMG-EPN612/testingJSON/user283/user283.json,idx_136
fist,trainingSamples,raw_data/EMG-EPN612/testingJSON/user283/user283.json,idx_137
fist,trainingSamples,raw_data/EMG-EPN612/testingJSON/user283/user283.json,idx_138
fist,trainingSamples,raw_data/EMG-EPN612/testingJSON/user283/user283.json,idx_139
fist,trainingSamples,raw_data/EMG-EPN612/testingJSON/user283/user283.json,idx_140
fist,trainingSamples,raw_data/EMG-EPN612/testingJSON/user283/user283.json,idx_141
fist,trainingSamples,raw_data/EMG-EPN612/testingJSON/user283/user283.json,idx_142
fist,trainingSamples,raw_data/EMG-EPN612/testingJSON/user283/user283.json,idx_143
fist,trainingSamples,raw_data/EMG-EPN612/testingJSON/user283/user283.json,idx_144
fist,trainingSamples,raw_data/EMG-EPN612/testingJSON/user283/user283.json,idx_145
fist,trainingSamples,raw_data/EMG-EPN612/testingJSON/user283/user283.json,idx_146
fist,trainingSamples,raw_data/EMG-EPN612/testingJSON/user283/user283.json,idx_147
fist,trainingSamples,raw_data/EMG-EPN612/testingJSON/user283/user283.json,idx_148
fist,trainingSamples,raw_data/EMG-EPN612/testingJSON/user283/user283.json,idx_149
fist,trainingSamples,raw_data/EMG-EPN612/testingJSON/user283/user283.json,idx_150
noGesture,trainingSamples,raw_data/EMG-EPN612/testingJSON/user284/user284.json,idx_1
noGesture,trainingSamples,raw_data/EMG-EPN612/testingJSON/user284/user284.json,idx_2
noGesture,trainingSamples,raw_data/EMG-EPN612/testingJSON/user284/user284.json,idx_3
noGesture,trainingSamples,raw_data/EMG-EPN612/testingJSON/user284/user284.json,idx_4
noGesture,trainingSamples,raw_data/EMG-EPN612/testingJSON/user284/user284.json,idx_5
noGesture,trainingSamples,raw_data/EMG-EPN612/testingJSON/user284/user284.json,idx_6
noGesture,trainingSamples,raw_data/EMG-EPN612/testingJSON/user284/user284.json,idx_7
noGesture,trainingSamples,raw_data/EMG-EPN612/testingJSON/user284/user284.json,idx_8
noGesture,trainingSamples,raw_data/EMG-EPN612/testingJSON/user284/user284.json,idx_9
noGesture,trainingSamples,raw_data/EMG-EPN612/testingJSON/user284/user284.json,idx_10
noGesture,trainingSamples,raw_data/EMG-EPN612/testingJSON/user284/user284.json,idx_11
noGesture,trainingSamples,raw_data/EMG-EPN612/testingJSON/user284/user284.json,idx_12
noGesture,trainingSamples,raw_data/EMG-EPN612/testingJSON/user284/user284.json,idx_13
noGesture,trainingSamples,raw_data/EMG-EPN612/testingJSON/user284/user284.json,idx_14
noGesture,trainingSamples,raw_data/EMG-EPN612/testingJSON/user284/user284.json,idx_15
noGesture,trainingSamples,raw_data/EMG-EPN612/testingJSON/user284/user284.json,idx_16
noGesture,trainingSamples,raw_data/EMG-EPN612/testingJSON/user284/user284.json,idx_17
noGesture,trainingSamples,raw_data/EMG-EPN612/testingJSON/user284/user284.json,idx_18
noGesture,trainingSamples,raw_data/EMG-EPN612/testingJSON/user284/user284.json,idx_19
noGesture,trainingSamples,raw_data/EMG-EPN612/testingJSON/user284/user284.json,idx_20
noGesture,trainingSamples,raw_data/EMG-EPN612/testingJSON/user284/user284.json,idx_21
noGesture,trainingSamples,raw_data/EMG-EPN612/testingJSON/user284/user284.json,idx_22
noGesture,trainingSamples,raw_data/EMG-EPN612/testingJSON/user284/user284.json,idx_23
noGesture,trainingSamples,raw_data/EMG-EPN612/testingJSON/user284/user284.json,idx_24
noGesture,trainingSamples,raw_data/EMG-EPN612/testingJSON/user284/user284.json,idx_25
waveIn,trainingSamples,raw_data/EMG-EPN612/testingJSON/user284/user284.json,idx_26
waveIn,trainingSamples,raw_data/EMG-EPN612/testingJSON/user284/user284.json,idx_27
waveIn,trainingSamples,raw_data/EMG-EPN612/testingJSON/user284/user284.json,idx_28
waveIn,trainingSamples,raw_data/EMG-EPN612/testingJSON/user284/user284.json,idx_29
waveIn,trainingSamples,raw_data/EMG-EPN612/testingJSON/user284/user284.json,idx_30
waveIn,trainingSamples,raw_data/EMG-EPN612/testingJSON/user284/user284.json,idx_31
waveIn,trainingSamples,raw_data/EMG-EPN612/testingJSON/user284/user284.json,idx_32
waveIn,trainingSamples,raw_data/EMG-EPN612/testingJSON/user284/user284.json,idx_33
waveIn,trainingSamples,raw_data/EMG-EPN612/testingJSON/user284/user284.json,idx_34
waveIn,trainingSamples,raw_data/EMG-EPN612/testingJSON/user284/user284.json,idx_35
waveIn,trainingSamples,raw_data/EMG-EPN612/testingJSON/user284/user284.json,idx_36
waveIn,trainingSamples,raw_data/EMG-EPN612/testingJSON/user284/user284.json,idx_37
waveIn,trainingSamples,raw_data/EMG-EPN612/testingJSON/user284/user284.json,idx_38
waveIn,trainingSamples,raw_data/EMG-EPN612/testingJSON/user284/user284.json,idx_39
waveIn,trainingSamples,raw_data/EMG-EPN612/testingJSON/user284/user284.json,idx_40
waveIn,trainingSamples,raw_data/EMG-EPN612/testingJSON/user284/user284.json,idx_41
waveIn,trainingSamples,raw_data/EMG-EPN612/testingJSON/user284/user284.json,idx_42
waveIn,trainingSamples,raw_data/EMG-EPN612/testingJSON/user284/user284.json,idx_43
waveIn,trainingSamples,raw_data/EMG-EPN612/testingJSON/user284/user284.json,idx_44
waveIn,trainingSamples,raw_data/EMG-EPN612/testingJSON/user284/user284.json,idx_45
waveIn,trainingSamples,raw_data/EMG-EPN612/testingJSON/user284/user284.json,idx_46
waveIn,trainingSamples,raw_data/EMG-EPN612/testingJSON/user284/user284.json,idx_47
waveIn,trainingSamples,raw_data/EMG-EPN612/testingJSON/user284/user284.json,idx_48
waveIn,trainingSamples,raw_data/EMG-EPN612/testingJSON/user284/user284.json,idx_49
waveIn,trainingSamples,raw_data/EMG-EPN612/testingJSON/user284/user284.json,idx_50
waveOut,trainingSamples,raw_data/EMG-EPN612/testingJSON/user284/user284.json,idx_51
waveOut,trainingSamples,raw_data/EMG-EPN612/testingJSON/user284/user284.json,idx_52
waveOut,trainingSamples,raw_data/EMG-EPN612/testingJSON/user284/user284.json,idx_53
waveOut,trainingSamples,raw_data/EMG-EPN612/testingJSON/user284/user284.json,idx_54
waveOut,trainingSamples,raw_data/EMG-EPN612/testingJSON/user284/user284.json,idx_55
waveOut,trainingSamples,raw_data/EMG-EPN612/testingJSON/user284/user284.json,idx_56
waveOut,trainingSamples,raw_data/EMG-EPN612/testingJSON/user284/user284.json,idx_57
waveOut,trainingSamples,raw_data/EMG-EPN612/testingJSON/user284/user284.json,idx_58
waveOut,trainingSamples,raw_data/EMG-EPN612/testingJSON/user284/user284.json,idx_59
waveOut,trainingSamples,raw_data/EMG-EPN612/testingJSON/user284/user284.json,idx_60
waveOut,trainingSamples,raw_data/EMG-EPN612/testingJSON/user284/user284.json,idx_61
waveOut,trainingSamples,raw_data/EMG-EPN612/testingJSON/user284/user284.json,idx_62
waveOut,trainingSamples,raw_data/EMG-EPN612/testingJSON/user284/user284.json,idx_63
waveOut,trainingSamples,raw_data/EMG-EPN612/testingJSON/user284/user284.json,idx_64
waveOut,trainingSamples,raw_data/EMG-EPN612/testingJSON/user284/user284.json,idx_65
waveOut,trainingSamples,raw_data/EMG-EPN612/testingJSON/user284/user284.json,idx_66
waveOut,trainingSamples,raw_data/EMG-EPN612/testingJSON/user284/user284.json,idx_67
waveOut,trainingSamples,raw_data/EMG-EPN612/testingJSON/user284/user284.json,idx_68
waveOut,trainingSamples,raw_data/EMG-EPN612/testingJSON/user284/user284.json,idx_69
waveOut,trainingSamples,raw_data/EMG-EPN612/testingJSON/user284/user284.json,idx_70
waveOut,trainingSamples,raw_data/EMG-EPN612/testingJSON/user284/user284.json,idx_71
waveOut,trainingSamples,raw_data/EMG-EPN612/testingJSON/user284/user284.json,idx_72
waveOut,trainingSamples,raw_data/EMG-EPN612/testingJSON/user284/user284.json,idx_73
waveOut,trainingSamples,raw_data/EMG-EPN612/testingJSON/user284/user284.json,idx_74
waveOut,trainingSamples,raw_data/EMG-EPN612/testingJSON/user284/user284.json,idx_75
fist,trainingSamples,raw_data/EMG-EPN612/testingJSON/user284/user284.json,idx_76
fist,trainingSamples,raw_data/EMG-EPN612/testingJSON/user284/user284.json,idx_77
fist,trainingSamples,raw_data/EMG-EPN612/testingJSON/user284/user284.json,idx_78
fist,trainingSamples,raw_data/EMG-EPN612/testingJSON/user284/user284.json,idx_79
fist,trainingSamples,raw_data/EMG-EPN612/testingJSON/user284/user284.json,idx_80
fist,trainingSamples,raw_data/EMG-EPN612/testingJSON/user284/user284.json,idx_81
fist,trainingSamples,raw_data/EMG-EPN612/testingJSON/user284/user284.json,idx_82
fist,trainingSamples,raw_data/EMG-EPN612/testingJSON/user284/user284.json,idx_83
fist,trainingSamples,raw_data/EMG-EPN612/testingJSON/user284/user284.json,idx_84
fist,trainingSamples,raw_data/EMG-EPN612/testingJSON/user284/user284.json,idx_85
fist,trainingSamples,raw_data/EMG-EPN612/testingJSON/user284/user284.json,idx_86
fist,trainingSamples,raw_data/EMG-EPN612/testingJSON/user284/user284.json,idx_87
fist,trainingSamples,raw_data/EMG-EPN612/testingJSON/user284/user284.json,idx_88
fist,trainingSamples,raw_data/EMG-EPN612/testingJSON/user284/user284.json,idx_89
fist,trainingSamples,raw_data/EMG-EPN612/testingJSON/user284/user284.json,idx_90
fist,trainingSamples,raw_data/EMG-EPN612/testingJSON/user284/user284.json,idx_91
fist,trainingSamples,raw_data/EMG-EPN612/testingJSON/user284/user284.json,idx_92
fist,trainingSamples,raw_data/EMG-EPN612/testingJSON/user284/user284.json,idx_93
fist,trainingSamples,raw_data/EMG-EPN612/testingJSON/user284/user284.json,idx_94
fist,trainingSamples,raw_data/EMG-EPN612/testingJSON/user284/user284.json,idx_95
fist,trainingSamples,raw_data/EMG-EPN612/testingJSON/user284/user284.json,idx_96
fist,trainingSamples,raw_data/EMG-EPN612/testingJSON/user284/user284.json,idx_97
fist,trainingSamples,raw_data/EMG-EPN612/testingJSON/user284/user284.json,idx_98
fist,trainingSamples,raw_data/EMG-EPN612/testingJSON/user284/user284.json,idx_99
fist,trainingSamples,raw_data/EMG-EPN612/testingJSON/user284/user284.json,idx_100
pinch,trainingSamples,raw_data/EMG-EPN612/testingJSON/user284/user284.json,idx_101
pinch,trainingSamples,raw_data/EMG-EPN612/testingJSON/user284/user284.json,idx_102
pinch,trainingSamples,raw_data/EMG-EPN612/testingJSON/user284/user284.json,idx_103
pinch,trainingSamples,raw_data/EMG-EPN612/testingJSON/user284/user284.json,idx_104
pinch,trainingSamples,raw_data/EMG-EPN612/testingJSON/user284/user284.json,idx_105
pinch,trainingSamples,raw_data/EMG-EPN612/testingJSON/user284/user284.json,idx_106
pinch,trainingSamples,raw_data/EMG-EPN612/testingJSON/user284/user284.json,idx_107
pinch,trainingSamples,raw_data/EMG-EPN612/testingJSON/user284/user284.json,idx_108
pinch,trainingSamples,raw_data/EMG-EPN612/testingJSON/user284/user284.json,idx_109
pinch,trainingSamples,raw_data/EMG-EPN612/testingJSON/user284/user284.json,idx_110
pinch,trainingSamples,raw_data/EMG-EPN612/testingJSON/user284/user284.json,idx_111
pinch,trainingSamples,raw_data/EMG-EPN612/testingJSON/user284/user284.json,idx_112
pinch,trainingSamples,raw_data/EMG-EPN612/testingJSON/user284/user284.json,idx_113
pinch,trainingSamples,raw_data/EMG-EPN612/testingJSON/user284/user284.json,idx_114
pinch,trainingSamples,raw_data/EMG-EPN612/testingJSON/user284/user284.json,idx_115
pinch,trainingSamples,raw_data/EMG-EPN612/testingJSON/user284/user284.json,idx_116
pinch,trainingSamples,raw_data/EMG-EPN612/testingJSON/user284/user284.json,idx_117
pinch,trainingSamples,raw_data/EMG-EPN612/testingJSON/user284/user284.json,idx_118
pinch,trainingSamples,raw_data/EMG-EPN612/testingJSON/user284/user284.json,idx_119
pinch,trainingSamples,raw_data/EMG-EPN612/testingJSON/user284/user284.json,idx_120
pinch,trainingSamples,raw_data/EMG-EPN612/testingJSON/user284/user284.json,idx_121
pinch,trainingSamples,raw_data/EMG-EPN612/testingJSON/user284/user284.json,idx_122
pinch,trainingSamples,raw_data/EMG-EPN612/testingJSON/user284/user284.json,idx_123
pinch,trainingSamples,raw_data/EMG-EPN612/testingJSON/user284/user284.json,idx_124
pinch,trainingSamples,raw_data/EMG-EPN612/testingJSON/user284/user284.json,idx_125
open,trainingSamples,raw_data/EMG-EPN612/testingJSON/user284/user284.json,idx_126
open,trainingSamples,raw_data/EMG-EPN612/testingJSON/user284/user284.json,idx_127
open,trainingSamples,raw_data/EMG-EPN612/testingJSON/user284/user284.json,idx_128
open,trainingSamples,raw_data/EMG-EPN612/testingJSON/user284/user284.json,idx_129
open,trainingSamples,raw_data/EMG-EPN612/testingJSON/user284/user284.json,idx_130
open,trainingSamples,raw_data/EMG-EPN612/testingJSON/user284/user284.json,idx_131
open,trainingSamples,raw_data/EMG-EPN612/testingJSON/user284/user284.json,idx_132
open,trainingSamples,raw_data/EMG-EPN612/testingJSON/user284/user284.json,idx_133
open,trainingSamples,raw_data/EMG-EPN612/testingJSON/user284/user284.json,idx_134
open,trainingSamples,raw_data/EMG-EPN612/testingJSON/user284/user284.json,idx_135
open,trainingSamples,raw_data/EMG-EPN612/testingJSON/user284/user284.json,idx_136
open,trainingSamples,raw_data/EMG-EPN612/testingJSON/user284/user284.json,idx_137
open,trainingSamples,raw_data/EMG-EPN612/testingJSON/user284/user284.json,idx_138
open,trainingSamples,raw_data/EMG-EPN612/testingJSON/user284/user284.json,idx_139
open,trainingSamples,raw_data/EMG-EPN612/testingJSON/user284/user284.json,idx_140
open,trainingSamples,raw_data/EMG-EPN612/testingJSON/user284/user284.json,idx_141
open,trainingSamples,raw_data/EMG-EPN612/testingJSON/user284/user284.json,idx_142
open,trainingSamples,raw_data/EMG-EPN612/testingJSON/user284/user284.json,idx_143
open,trainingSamples,raw_data/EMG-EPN612/testingJSON/user284/user284.json,idx_144
open,trainingSamples,raw_data/EMG-EPN612/testingJSON/user284/user284.json,idx_145
open,trainingSamples,raw_data/EMG-EPN612/testingJSON/user284/user284.json,idx_146
open,trainingSamples,raw_data/EMG-EPN612/testingJSON/user284/user284.json,idx_147
open,trainingSamples,raw_data/EMG-EPN612/testingJSON/user284/user284.json,idx_148
open,trainingSamples,raw_data/EMG-EPN612/testingJSON/user284/user284.json,idx_149
open,trainingSamples,raw_data/EMG-EPN612/testingJSON/user284/user284.json,idx_150
noGesture,trainingSamples,raw_data/EMG-EPN612/testingJSON/user285/user285.json,idx_1
noGesture,trainingSamples,raw_data/EMG-EPN612/testingJSON/user285/user285.json,idx_2
noGesture,trainingSamples,raw_data/EMG-EPN612/testingJSON/user285/user285.json,idx_3
noGesture,trainingSamples,raw_data/EMG-EPN612/testingJSON/user285/user285.json,idx_4
noGesture,trainingSamples,raw_data/EMG-EPN612/testingJSON/user285/user285.json,idx_5
noGesture,trainingSamples,raw_data/EMG-EPN612/testingJSON/user285/user285.json,idx_6
noGesture,trainingSamples,raw_data/EMG-EPN612/testingJSON/user285/user285.json,idx_7
noGesture,trainingSamples,raw_data/EMG-EPN612/testingJSON/user285/user285.json,idx_8
noGesture,trainingSamples,raw_data/EMG-EPN612/testingJSON/user285/user285.json,idx_9
noGesture,trainingSamples,raw_data/EMG-EPN612/testingJSON/user285/user285.json,idx_10
noGesture,trainingSamples,raw_data/EMG-EPN612/testingJSON/user285/user285.json,idx_11
noGesture,trainingSamples,raw_data/EMG-EPN612/testingJSON/user285/user285.json,idx_12
noGesture,trainingSamples,raw_data/EMG-EPN612/testingJSON/user285/user285.json,idx_13
noGesture,trainingSamples,raw_data/EMG-EPN612/testingJSON/user285/user285.json,idx_14
noGesture,trainingSamples,raw_data/EMG-EPN612/testingJSON/user285/user285.json,idx_15
noGesture,trainingSamples,raw_data/EMG-EPN612/testingJSON/user285/user285.json,idx_16
noGesture,trainingSamples,raw_data/EMG-EPN612/testingJSON/user285/user285.json,idx_17
noGesture,trainingSamples,raw_data/EMG-EPN612/testingJSON/user285/user285.json,idx_18
noGesture,trainingSamples,raw_data/EMG-EPN612/testingJSON/user285/user285.json,idx_19
noGesture,trainingSamples,raw_data/EMG-EPN612/testingJSON/user285/user285.json,idx_20
noGesture,trainingSamples,raw_data/EMG-EPN612/testingJSON/user285/user285.json,idx_21
noGesture,trainingSamples,raw_data/EMG-EPN612/testingJSON/user285/user285.json,idx_22
noGesture,trainingSamples,raw_data/EMG-EPN612/testingJSON/user285/user285.json,idx_23
noGesture,trainingSamples,raw_data/EMG-EPN612/testingJSON/user285/user285.json,idx_24
noGesture,trainingSamples,raw_data/EMG-EPN612/testingJSON/user285/user285.json,idx_25
fist,trainingSamples,raw_data/EMG-EPN612/testingJSON/user285/user285.json,idx_26
fist,trainingSamples,raw_data/EMG-EPN612/testingJSON/user285/user285.json,idx_27
fist,trainingSamples,raw_data/EMG-EPN612/testingJSON/user285/user285.json,idx_28
fist,trainingSamples,raw_data/EMG-EPN612/testingJSON/user285/user285.json,idx_29
fist,trainingSamples,raw_data/EMG-EPN612/testingJSON/user285/user285.json,idx_30
fist,trainingSamples,raw_data/EMG-EPN612/testingJSON/user285/user285.json,idx_31
fist,trainingSamples,raw_data/EMG-EPN612/testingJSON/user285/user285.json,idx_32
fist,trainingSamples,raw_data/EMG-EPN612/testingJSON/user285/user285.json,idx_33
fist,trainingSamples,raw_data/EMG-EPN612/testingJSON/user285/user285.json,idx_34
fist,trainingSamples,raw_data/EMG-EPN612/testingJSON/user285/user285.json,idx_35
fist,trainingSamples,raw_data/EMG-EPN612/testingJSON/user285/user285.json,idx_36
fist,trainingSamples,raw_data/EMG-EPN612/testingJSON/user285/user285.json,idx_37
fist,trainingSamples,raw_data/EMG-EPN612/testingJSON/user285/user285.json,idx_38
fist,trainingSamples,raw_data/EMG-EPN612/testingJSON/user285/user285.json,idx_39
fist,trainingSamples,raw_data/EMG-EPN612/testingJSON/user285/user285.json,idx_40
fist,trainingSamples,raw_data/EMG-EPN612/testingJSON/user285/user285.json,idx_41
fist,trainingSamples,raw_data/EMG-EPN612/testingJSON/user285/user285.json,idx_42
fist,trainingSamples,raw_data/EMG-EPN612/testingJSON/user285/user285.json,idx_43
fist,trainingSamples,raw_data/EMG-EPN612/testingJSON/user285/user285.json,idx_44
fist,trainingSamples,raw_data/EMG-EPN612/testingJSON/user285/user285.json,idx_45
fist,trainingSamples,raw_data/EMG-EPN612/testingJSON/user285/user285.json,idx_46
fist,trainingSamples,raw_data/EMG-EPN612/testingJSON/user285/user285.json,idx_47
fist,trainingSamples,raw_data/EMG-EPN612/testingJSON/user285/user285.json,idx_48
fist,trainingSamples,raw_data/EMG-EPN612/testingJSON/user285/user285.json,idx_49
fist,trainingSamples,raw_data/EMG-EPN612/testingJSON/user285/user285.json,idx_50
waveOut,trainingSamples,raw_data/EMG-EPN612/testingJSON/user285/user285.json,idx_51
waveOut,trainingSamples,raw_data/EMG-EPN612/testingJSON/user285/user285.json,idx_52
waveOut,trainingSamples,raw_data/EMG-EPN612/testingJSON/user285/user285.json,idx_53
waveOut,trainingSamples,raw_data/EMG-EPN612/testingJSON/user285/user285.json,idx_54
waveOut,trainingSamples,raw_data/EMG-EPN612/testingJSON/user285/user285.json,idx_55
waveOut,trainingSamples,raw_data/EMG-EPN612/testingJSON/user285/user285.json,idx_56
waveOut,trainingSamples,raw_data/EMG-EPN612/testingJSON/user285/user285.json,idx_57
waveOut,trainingSamples,raw_data/EMG-EPN612/testingJSON/user285/user285.json,idx_58
waveOut,trainingSamples,raw_data/EMG-EPN612/testingJSON/user285/user285.json,idx_59
waveOut,trainingSamples,raw_data/EMG-EPN612/testingJSON/user285/user285.json,idx_60
waveOut,trainingSamples,raw_data/EMG-EPN612/testingJSON/user285/user285.json,idx_61
waveOut,trainingSamples,raw_data/EMG-EPN612/testingJSON/user285/user285.json,idx_62
waveOut,trainingSamples,raw_data/EMG-EPN612/testingJSON/user285/user285.json,idx_63
waveOut,trainingSamples,raw_data/EMG-EPN612/testingJSON/user285/user285.json,idx_64
waveOut,trainingSamples,raw_data/EMG-EPN612/testingJSON/user285/user285.json,idx_65
waveOut,trainingSamples,raw_data/EMG-EPN612/testingJSON/user285/user285.json,idx_66
waveOut,trainingSamples,raw_data/EMG-EPN612/testingJSON/user285/user285.json,idx_67
waveOut,trainingSamples,raw_data/EMG-EPN612/testingJSON/user285/user285.json,idx_68
waveOut,trainingSamples,raw_data/EMG-EPN612/testingJSON/user285/user285.json,idx_69
waveOut,trainingSamples,raw_data/EMG-EPN612/testingJSON/user285/user285.json,idx_70
waveOut,trainingSamples,raw_data/EMG-EPN612/testingJSON/user285/user285.json,idx_71
waveOut,trainingSamples,raw_data/EMG-EPN612/testingJSON/user285/user285.json,idx_72
waveOut,trainingSamples,raw_data/EMG-EPN612/testingJSON/user285/user285.json,idx_73
waveOut,trainingSamples,raw_data/EMG-EPN612/testingJSON/user285/user285.json,idx_74
waveOut,trainingSamples,raw_data/EMG-EPN612/testingJSON/user285/user285.json,idx_75
waveIn,trainingSamples,raw_data/EMG-EPN612/testingJSON/user285/user285.json,idx_76
waveIn,trainingSamples,raw_data/EMG-EPN612/testingJSON/user285/user285.json,idx_77
waveIn,trainingSamples,raw_data/EMG-EPN612/testingJSON/user285/user285.json,idx_78
waveIn,trainingSamples,raw_data/EMG-EPN612/testingJSON/user285/user285.json,idx_79
waveIn,trainingSamples,raw_data/EMG-EPN612/testingJSON/user285/user285.json,idx_80
waveIn,trainingSamples,raw_data/EMG-EPN612/testingJSON/user285/user285.json,idx_81
waveIn,trainingSamples,raw_data/EMG-EPN612/testingJSON/user285/user285.json,idx_82
waveIn,trainingSamples,raw_data/EMG-EPN612/testingJSON/user285/user285.json,idx_83
waveIn,trainingSamples,raw_data/EMG-EPN612/testingJSON/user285/user285.json,idx_84
waveIn,trainingSamples,raw_data/EMG-EPN612/testingJSON/user285/user285.json,idx_85
waveIn,trainingSamples,raw_data/EMG-EPN612/testingJSON/user285/user285.json,idx_86
waveIn,trainingSamples,raw_data/EMG-EPN612/testingJSON/user285/user285.json,idx_87
waveIn,trainingSamples,raw_data/EMG-EPN612/testingJSON/user285/user285.json,idx_88
waveIn,trainingSamples,raw_data/EMG-EPN612/testingJSON/user285/user285.json,idx_89
waveIn,trainingSamples,raw_data/EMG-EPN612/testingJSON/user285/user285.json,idx_90
waveIn,trainingSamples,raw_data/EMG-EPN612/testingJSON/user285/user285.json,idx_91
waveIn,trainingSamples,raw_data/EMG-EPN612/testingJSON/user285/user285.json,idx_92
waveIn,trainingSamples,raw_data/EMG-EPN612/testingJSON/user285/user285.json,idx_93
waveIn,trainingSamples,raw_data/EMG-EPN612/testingJSON/user285/user285.json,idx_94
waveIn,trainingSamples,raw_data/EMG-EPN612/testingJSON/user285/user285.json,idx_95
waveIn,trainingSamples,raw_data/EMG-EPN612/testingJSON/user285/user285.json,idx_96
waveIn,trainingSamples,raw_data/EMG-EPN612/testingJSON/user285/user285.json,idx_97
waveIn,trainingSamples,raw_data/EMG-EPN612/testingJSON/user285/user285.json,idx_98
waveIn,trainingSamples,raw_data/EMG-EPN612/testingJSON/user285/user285.json,idx_99
waveIn,trainingSamples,raw_data/EMG-EPN612/testingJSON/user285/user285.json,idx_100
open,trainingSamples,raw_data/EMG-EPN612/testingJSON/user285/user285.json,idx_101
open,trainingSamples,raw_data/EMG-EPN612/testingJSON/user285/user285.json,idx_102
open,trainingSamples,raw_data/EMG-EPN612/testingJSON/user285/user285.json,idx_103
open,trainingSamples,raw_data/EMG-EPN612/testingJSON/user285/user285.json,idx_104
open,trainingSamples,raw_data/EMG-EPN612/testingJSON/user285/user285.json,idx_105
open,trainingSamples,raw_data/EMG-EPN612/testingJSON/user285/user285.json,idx_106
open,trainingSamples,raw_data/EMG-EPN612/testingJSON/user285/user285.json,idx_107
open,trainingSamples,raw_data/EMG-EPN612/testingJSON/user285/user285.json,idx_108
open,trainingSamples,raw_data/EMG-EPN612/testingJSON/user285/user285.json,idx_109
open,trainingSamples,raw_data/EMG-EPN612/testingJSON/user285/user285.json,idx_110
open,trainingSamples,raw_data/EMG-EPN612/testingJSON/user285/user285.json,idx_111
open,trainingSamples,raw_data/EMG-EPN612/testingJSON/user285/user285.json,idx_112
open,trainingSamples,raw_data/EMG-EPN612/testingJSON/user285/user285.json,idx_113
open,trainingSamples,raw_data/EMG-EPN612/testingJSON/user285/user285.json,idx_114
open,trainingSamples,raw_data/EMG-EPN612/testingJSON/user285/user285.json,idx_115
open,trainingSamples,raw_data/EMG-EPN612/testingJSON/user285/user285.json,idx_116
open,trainingSamples,raw_data/EMG-EPN612/testingJSON/user285/user285.json,idx_117
open,trainingSamples,raw_data/EMG-EPN612/testingJSON/user285/user285.json,idx_118
open,trainingSamples,raw_data/EMG-EPN612/testingJSON/user285/user285.json,idx_119
open,trainingSamples,raw_data/EMG-EPN612/testingJSON/user285/user285.json,idx_120
open,trainingSamples,raw_data/EMG-EPN612/testingJSON/user285/user285.json,idx_121
open,trainingSamples,raw_data/EMG-EPN612/testingJSON/user285/user285.json,idx_122
open,trainingSamples,raw_data/EMG-EPN612/testingJSON/user285/user285.json,idx_123
open,trainingSamples,raw_data/EMG-EPN612/testingJSON/user285/user285.json,idx_124
open,trainingSamples,raw_data/EMG-EPN612/testingJSON/user285/user285.json,idx_125
pinch,trainingSamples,raw_data/EMG-EPN612/testingJSON/user285/user285.json,idx_126
pinch,trainingSamples,raw_data/EMG-EPN612/testingJSON/user285/user285.json,idx_127
pinch,trainingSamples,raw_data/EMG-EPN612/testingJSON/user285/user285.json,idx_128
pinch,trainingSamples,raw_data/EMG-EPN612/testingJSON/user285/user285.json,idx_129
pinch,trainingSamples,raw_data/EMG-EPN612/testingJSON/user285/user285.json,idx_130
pinch,trainingSamples,raw_data/EMG-EPN612/testingJSON/user285/user285.json,idx_131
pinch,trainingSamples,raw_data/EMG-EPN612/testingJSON/user285/user285.json,idx_132
pinch,trainingSamples,raw_data/EMG-EPN612/testingJSON/user285/user285.json,idx_133
pinch,trainingSamples,raw_data/EMG-EPN612/testingJSON/user285/user285.json,idx_134
pinch,trainingSamples,raw_data/EMG-EPN612/testingJSON/user285/user285.json,idx_135
pinch,trainingSamples,raw_data/EMG-EPN612/testingJSON/user285/user285.json,idx_136
pinch,trainingSamples,raw_data/EMG-EPN612/testingJSON/user285/user285.json,idx_137
pinch,trainingSamples,raw_data/EMG-EPN612/testingJSON/user285/user285.json,idx_138
pinch,trainingSamples,raw_data/EMG-EPN612/testingJSON/user285/user285.json,idx_139
pinch,trainingSamples,raw_data/EMG-EPN612/testingJSON/user285/user285.json,idx_140
pinch,trainingSamples,raw_data/EMG-EPN612/testingJSON/user285/user285.json,idx_141
pinch,trainingSamples,raw_data/EMG-EPN612/testingJSON/user285/user285.json,idx_142
pinch,trainingSamples,raw_data/EMG-EPN612/testingJSON/user285/user285.json,idx_143
pinch,trainingSamples,raw_data/EMG-EPN612/testingJSON/user285/user285.json,idx_144
pinch,trainingSamples,raw_data/EMG-EPN612/testingJSON/user285/user285.json,idx_145
pinch,trainingSamples,raw_data/EMG-EPN612/testingJSON/user285/user285.json,idx_146
pinch,trainingSamples,raw_data/EMG-EPN612/testingJSON/user285/user285.json,idx_147
pinch,trainingSamples,raw_data/EMG-EPN612/testingJSON/user285/user285.json,idx_148
pinch,trainingSamples,raw_data/EMG-EPN612/testingJSON/user285/user285.json,idx_149
pinch,trainingSamples,raw_data/EMG-EPN612/testingJSON/user285/user285.json,idx_150
noGesture,trainingSamples,raw_data/EMG-EPN612/testingJSON/user286/user286.json,idx_1
noGesture,trainingSamples,raw_data/EMG-EPN612/testingJSON/user286/user286.json,idx_2
noGesture,trainingSamples,raw_data/EMG-EPN612/testingJSON/user286/user286.json,idx_3
noGesture,trainingSamples,raw_data/EMG-EPN612/testingJSON/user286/user286.json,idx_4
noGesture,trainingSamples,raw_data/EMG-EPN612/testingJSON/user286/user286.json,idx_5
noGesture,trainingSamples,raw_data/EMG-EPN612/testingJSON/user286/user286.json,idx_6
noGesture,trainingSamples,raw_data/EMG-EPN612/testingJSON/user286/user286.json,idx_7
noGesture,trainingSamples,raw_data/EMG-EPN612/testingJSON/user286/user286.json,idx_8
noGesture,trainingSamples,raw_data/EMG-EPN612/testingJSON/user286/user286.json,idx_9
noGesture,trainingSamples,raw_data/EMG-EPN612/testingJSON/user286/user286.json,idx_10
noGesture,trainingSamples,raw_data/EMG-EPN612/testingJSON/user286/user286.json,idx_11
noGesture,trainingSamples,raw_data/EMG-EPN612/testingJSON/user286/user286.json,idx_12
noGesture,trainingSamples,raw_data/EMG-EPN612/testingJSON/user286/user286.json,idx_13
noGesture,trainingSamples,raw_data/EMG-EPN612/testingJSON/user286/user286.json,idx_14
noGesture,trainingSamples,raw_data/EMG-EPN612/testingJSON/user286/user286.json,idx_15
noGesture,trainingSamples,raw_data/EMG-EPN612/testingJSON/user286/user286.json,idx_16
noGesture,trainingSamples,raw_data/EMG-EPN612/testingJSON/user286/user286.json,idx_17
noGesture,trainingSamples,raw_data/EMG-EPN612/testingJSON/user286/user286.json,idx_18
noGesture,trainingSamples,raw_data/EMG-EPN612/testingJSON/user286/user286.json,idx_19
noGesture,trainingSamples,raw_data/EMG-EPN612/testingJSON/user286/user286.json,idx_20
noGesture,trainingSamples,raw_data/EMG-EPN612/testingJSON/user286/user286.json,idx_21
noGesture,trainingSamples,raw_data/EMG-EPN612/testingJSON/user286/user286.json,idx_22
noGesture,trainingSamples,raw_data/EMG-EPN612/testingJSON/user286/user286.json,idx_23
noGesture,trainingSamples,raw_data/EMG-EPN612/testingJSON/user286/user286.json,idx_24
noGesture,trainingSamples,raw_data/EMG-EPN612/testingJSON/user286/user286.json,idx_25
open,trainingSamples,raw_data/EMG-EPN612/testingJSON/user286/user286.json,idx_26
open,trainingSamples,raw_data/EMG-EPN612/testingJSON/user286/user286.json,idx_27
open,trainingSamples,raw_data/EMG-EPN612/testingJSON/user286/user286.json,idx_28
open,trainingSamples,raw_data/EMG-EPN612/testingJSON/user286/user286.json,idx_29
open,trainingSamples,raw_data/EMG-EPN612/testingJSON/user286/user286.json,idx_30
open,trainingSamples,raw_data/EMG-EPN612/testingJSON/user286/user286.json,idx_31
open,trainingSamples,raw_data/EMG-EPN612/testingJSON/user286/user286.json,idx_32
open,trainingSamples,raw_data/EMG-EPN612/testingJSON/user286/user286.json,idx_33
open,trainingSamples,raw_data/EMG-EPN612/testingJSON/user286/user286.json,idx_34
open,trainingSamples,raw_data/EMG-EPN612/testingJSON/user286/user286.json,idx_35
open,trainingSamples,raw_data/EMG-EPN612/testingJSON/user286/user286.json,idx_36
open,trainingSamples,raw_data/EMG-EPN612/testingJSON/user286/user286.json,idx_37
open,trainingSamples,raw_data/EMG-EPN612/testingJSON/user286/user286.json,idx_38
open,trainingSamples,raw_data/EMG-EPN612/testingJSON/user286/user286.json,idx_39
open,trainingSamples,raw_data/EMG-EPN612/testingJSON/user286/user286.json,idx_40
open,trainingSamples,raw_data/EMG-EPN612/testingJSON/user286/user286.json,idx_41
open,trainingSamples,raw_data/EMG-EPN612/testingJSON/user286/user286.json,idx_42
open,trainingSamples,raw_data/EMG-EPN612/testingJSON/user286/user286.json,idx_43
open,trainingSamples,raw_data/EMG-EPN612/testingJSON/user286/user286.json,idx_44
open,trainingSamples,raw_data/EMG-EPN612/testingJSON/user286/user286.json,idx_45
open,trainingSamples,raw_data/EMG-EPN612/testingJSON/user286/user286.json,idx_46
open,trainingSamples,raw_data/EMG-EPN612/testingJSON/user286/user286.json,idx_47
open,trainingSamples,raw_data/EMG-EPN612/testingJSON/user286/user286.json,idx_48
open,trainingSamples,raw_data/EMG-EPN612/testingJSON/user286/user286.json,idx_49
open,trainingSamples,raw_data/EMG-EPN612/testingJSON/user286/user286.json,idx_50
pinch,trainingSamples,raw_data/EMG-EPN612/testingJSON/user286/user286.json,idx_51
pinch,trainingSamples,raw_data/EMG-EPN612/testingJSON/user286/user286.json,idx_52
pinch,trainingSamples,raw_data/EMG-EPN612/testingJSON/user286/user286.json,idx_53
pinch,trainingSamples,raw_data/EMG-EPN612/testingJSON/user286/user286.json,idx_54
pinch,trainingSamples,raw_data/EMG-EPN612/testingJSON/user286/user286.json,idx_55
pinch,trainingSamples,raw_data/EMG-EPN612/testingJSON/user286/user286.json,idx_56
pinch,trainingSamples,raw_data/EMG-EPN612/testingJSON/user286/user286.json,idx_57
pinch,trainingSamples,raw_data/EMG-EPN612/testingJSON/user286/user286.json,idx_58
pinch,trainingSamples,raw_data/EMG-EPN612/testingJSON/user286/user286.json,idx_59
pinch,trainingSamples,raw_data/EMG-EPN612/testingJSON/user286/user286.json,idx_60
pinch,trainingSamples,raw_data/EMG-EPN612/testingJSON/user286/user286.json,idx_61
pinch,trainingSamples,raw_data/EMG-EPN612/testingJSON/user286/user286.json,idx_62
pinch,trainingSamples,raw_data/EMG-EPN612/testingJSON/user286/user286.json,idx_63
pinch,trainingSamples,raw_data/EMG-EPN612/testingJSON/user286/user286.json,idx_64
pinch,trainingSamples,raw_data/EMG-EPN612/testingJSON/user286/user286.json,idx_65
pinch,trainingSamples,raw_data/EMG-EPN612/testingJSON/user286/user286.json,idx_66
pinch,trainingSamples,raw_data/EMG-EPN612/testingJSON/user286/user286.json,idx_67
pinch,trainingSamples,raw_data/EMG-EPN612/testingJSON/user286/user286.json,idx_68
pinch,trainingSamples,raw_data/EMG-EPN612/testingJSON/user286/user286.json,idx_69
pinch,trainingSamples,raw_data/EMG-EPN612/testingJSON/user286/user286.json,idx_70
pinch,trainingSamples,raw_data/EMG-EPN612/testingJSON/user286/user286.json,idx_71
pinch,trainingSamples,raw_data/EMG-EPN612/testingJSON/user286/user286.json,idx_72
pinch,trainingSamples,raw_data/EMG-EPN612/testingJSON/user286/user286.json,idx_73
pinch,trainingSamples,raw_data/EMG-EPN612/testingJSON/user286/user286.json,idx_74
pinch,trainingSamples,raw_data/EMG-EPN612/testingJSON/user286/user286.json,idx_75
waveIn,trainingSamples,raw_data/EMG-EPN612/testingJSON/user286/user286.json,idx_76
waveIn,trainingSamples,raw_data/EMG-EPN612/testingJSON/user286/user286.json,idx_77
waveIn,trainingSamples,raw_data/EMG-EPN612/testingJSON/user286/user286.json,idx_78
waveIn,trainingSamples,raw_data/EMG-EPN612/testingJSON/user286/user286.json,idx_79
waveIn,trainingSamples,raw_data/EMG-EPN612/testingJSON/user286/user286.json,idx_80
waveIn,trainingSamples,raw_data/EMG-EPN612/testingJSON/user286/user286.json,idx_81
waveIn,trainingSamples,raw_data/EMG-EPN612/testingJSON/user286/user286.json,idx_82
waveIn,trainingSamples,raw_data/EMG-EPN612/testingJSON/user286/user286.json,idx_83
waveIn,trainingSamples,raw_data/EMG-EPN612/testingJSON/user286/user286.json,idx_84
waveIn,trainingSamples,raw_data/EMG-EPN612/testingJSON/user286/user286.json,idx_85
waveIn,trainingSamples,raw_data/EMG-EPN612/testingJSON/user286/user286.json,idx_86
waveIn,trainingSamples,raw_data/EMG-EPN612/testingJSON/user286/user286.json,idx_87
waveIn,trainingSamples,raw_data/EMG-EPN612/testingJSON/user286/user286.json,idx_88
waveIn,trainingSamples,raw_data/EMG-EPN612/testingJSON/user286/user286.json,idx_89
waveIn,trainingSamples,raw_data/EMG-EPN612/testingJSON/user286/user286.json,idx_90
waveIn,trainingSamples,raw_data/EMG-EPN612/testingJSON/user286/user286.json,idx_91
waveIn,trainingSamples,raw_data/EMG-EPN612/testingJSON/user286/user286.json,idx_92
waveIn,trainingSamples,raw_data/EMG-EPN612/testingJSON/user286/user286.json,idx_93
waveIn,trainingSamples,raw_data/EMG-EPN612/testingJSON/user286/user286.json,idx_94
waveIn,trainingSamples,raw_data/EMG-EPN612/testingJSON/user286/user286.json,idx_95
waveIn,trainingSamples,raw_data/EMG-EPN612/testingJSON/user286/user286.json,idx_96
waveIn,trainingSamples,raw_data/EMG-EPN612/testingJSON/user286/user286.json,idx_97
waveIn,trainingSamples,raw_data/EMG-EPN612/testingJSON/user286/user286.json,idx_98
waveIn,trainingSamples,raw_data/EMG-EPN612/testingJSON/user286/user286.json,idx_99
waveIn,trainingSamples,raw_data/EMG-EPN612/testingJSON/user286/user286.json,idx_100
waveOut,trainingSamples,raw_data/EMG-EPN612/testingJSON/user286/user286.json,idx_101
waveOut,trainingSamples,raw_data/EMG-EPN612/testingJSON/user286/user286.json,idx_102
waveOut,trainingSamples,raw_data/EMG-EPN612/testingJSON/user286/user286.json,idx_103
waveOut,trainingSamples,raw_data/EMG-EPN612/testingJSON/user286/user286.json,idx_104
waveOut,trainingSamples,raw_data/EMG-EPN612/testingJSON/user286/user286.json,idx_105
waveOut,trainingSamples,raw_data/EMG-EPN612/testingJSON/user286/user286.json,idx_106
waveOut,trainingSamples,raw_data/EMG-EPN612/testingJSON/user286/user286.json,idx_107
waveOut,trainingSamples,raw_data/EMG-EPN612/testingJSON/user286/user286.json,idx_108
waveOut,trainingSamples,raw_data/EMG-EPN612/testingJSON/user286/user286.json,idx_109
waveOut,trainingSamples,raw_data/EMG-EPN612/testingJSON/user286/user286.json,idx_110
waveOut,trainingSamples,raw_data/EMG-EPN612/testingJSON/user286/user286.json,idx_111
waveOut,trainingSamples,raw_data/EMG-EPN612/testingJSON/user286/user286.json,idx_112
waveOut,trainingSamples,raw_data/EMG-EPN612/testingJSON/user286/user286.json,idx_113
waveOut,trainingSamples,raw_data/EMG-EPN612/testingJSON/user286/user286.json,idx_114
waveOut,trainingSamples,raw_data/EMG-EPN612/testingJSON/user286/user286.json,idx_115
waveOut,trainingSamples,raw_data/EMG-EPN612/testingJSON/user286/user286.json,idx_116
waveOut,trainingSamples,raw_data/EMG-EPN612/testingJSON/user286/user286.json,idx_117
waveOut,trainingSamples,raw_data/EMG-EPN612/testingJSON/user286/user286.json,idx_118
waveOut,trainingSamples,raw_data/EMG-EPN612/testingJSON/user286/user286.json,idx_119
waveOut,trainingSamples,raw_data/EMG-EPN612/testingJSON/user286/user286.json,idx_120
waveOut,trainingSamples,raw_data/EMG-EPN612/testingJSON/user286/user286.json,idx_121
waveOut,trainingSamples,raw_data/EMG-EPN612/testingJSON/user286/user286.json,idx_122
waveOut,trainingSamples,raw_data/EMG-EPN612/testingJSON/user286/user286.json,idx_123
waveOut,trainingSamples,raw_data/EMG-EPN612/testingJSON/user286/user286.json,idx_124
waveOut,trainingSamples,raw_data/EMG-EPN612/testingJSON/user286/user286.json,idx_125
fist,trainingSamples,raw_data/EMG-EPN612/testingJSON/user286/user286.json,idx_126
fist,trainingSamples,raw_data/EMG-EPN612/testingJSON/user286/user286.json,idx_127
fist,trainingSamples,raw_data/EMG-EPN612/testingJSON/user286/user286.json,idx_128
fist,trainingSamples,raw_data/EMG-EPN612/testingJSON/user286/user286.json,idx_129
fist,trainingSamples,raw_data/EMG-EPN612/testingJSON/user286/user286.json,idx_130
fist,trainingSamples,raw_data/EMG-EPN612/testingJSON/user286/user286.json,idx_131
fist,trainingSamples,raw_data/EMG-EPN612/testingJSON/user286/user286.json,idx_132
fist,trainingSamples,raw_data/EMG-EPN612/testingJSON/user286/user286.json,idx_133
fist,trainingSamples,raw_data/EMG-EPN612/testingJSON/user286/user286.json,idx_134
fist,trainingSamples,raw_data/EMG-EPN612/testingJSON/user286/user286.json,idx_135
fist,trainingSamples,raw_data/EMG-EPN612/testingJSON/user286/user286.json,idx_136
fist,trainingSamples,raw_data/EMG-EPN612/testingJSON/user286/user286.json,idx_137
fist,trainingSamples,raw_data/EMG-EPN612/testingJSON/user286/user286.json,idx_138
fist,trainingSamples,raw_data/EMG-EPN612/testingJSON/user286/user286.json,idx_139
fist,trainingSamples,raw_data/EMG-EPN612/testingJSON/user286/user286.json,idx_140
fist,trainingSamples,raw_data/EMG-EPN612/testingJSON/user286/user286.json,idx_141
fist,trainingSamples,raw_data/EMG-EPN612/testingJSON/user286/user286.json,idx_142
fist,trainingSamples,raw_data/EMG-EPN612/testingJSON/user286/user286.json,idx_143
fist,trainingSamples,raw_data/EMG-EPN612/testingJSON/user286/user286.json,idx_144
fist,trainingSamples,raw_data/EMG-EPN612/testingJSON/user286/user286.json,idx_145
fist,trainingSamples,raw_data/EMG-EPN612/testingJSON/user286/user286.json,idx_146
fist,trainingSamples,raw_data/EMG-EPN612/testingJSON/user286/user286.json,idx_147
fist,trainingSamples,raw_data/EMG-EPN612/testingJSON/user286/user286.json,idx_148
fist,trainingSamples,raw_data/EMG-EPN612/testingJSON/user286/user286.json,idx_149
fist,trainingSamples,raw_data/EMG-EPN612/testingJSON/user286/user286.json,idx_150
noGesture,trainingSamples,raw_data/EMG-EPN612/testingJSON/user287/user287.json,idx_1
noGesture,trainingSamples,raw_data/EMG-EPN612/testingJSON/user287/user287.json,idx_2
noGesture,trainingSamples,raw_data/EMG-EPN612/testingJSON/user287/user287.json,idx_3
noGesture,trainingSamples,raw_data/EMG-EPN612/testingJSON/user287/user287.json,idx_4
noGesture,trainingSamples,raw_data/EMG-EPN612/testingJSON/user287/user287.json,idx_5
noGesture,trainingSamples,raw_data/EMG-EPN612/testingJSON/user287/user287.json,idx_6
noGesture,trainingSamples,raw_data/EMG-EPN612/testingJSON/user287/user287.json,idx_7
noGesture,trainingSamples,raw_data/EMG-EPN612/testingJSON/user287/user287.json,idx_8
noGesture,trainingSamples,raw_data/EMG-EPN612/testingJSON/user287/user287.json,idx_9
noGesture,trainingSamples,raw_data/EMG-EPN612/testingJSON/user287/user287.json,idx_10
noGesture,trainingSamples,raw_data/EMG-EPN612/testingJSON/user287/user287.json,idx_11
noGesture,trainingSamples,raw_data/EMG-EPN612/testingJSON/user287/user287.json,idx_12
noGesture,trainingSamples,raw_data/EMG-EPN612/testingJSON/user287/user287.json,idx_13
noGesture,trainingSamples,raw_data/EMG-EPN612/testingJSON/user287/user287.json,idx_14
noGesture,trainingSamples,raw_data/EMG-EPN612/testingJSON/user287/user287.json,idx_15
noGesture,trainingSamples,raw_data/EMG-EPN612/testingJSON/user287/user287.json,idx_16
noGesture,trainingSamples,raw_data/EMG-EPN612/testingJSON/user287/user287.json,idx_17
noGesture,trainingSamples,raw_data/EMG-EPN612/testingJSON/user287/user287.json,idx_18
noGesture,trainingSamples,raw_data/EMG-EPN612/testingJSON/user287/user287.json,idx_19
noGesture,trainingSamples,raw_data/EMG-EPN612/testingJSON/user287/user287.json,idx_20
noGesture,trainingSamples,raw_data/EMG-EPN612/testingJSON/user287/user287.json,idx_21
noGesture,trainingSamples,raw_data/EMG-EPN612/testingJSON/user287/user287.json,idx_22
noGesture,trainingSamples,raw_data/EMG-EPN612/testingJSON/user287/user287.json,idx_23
noGesture,trainingSamples,raw_data/EMG-EPN612/testingJSON/user287/user287.json,idx_24
noGesture,trainingSamples,raw_data/EMG-EPN612/testingJSON/user287/user287.json,idx_25
waveOut,trainingSamples,raw_data/EMG-EPN612/testingJSON/user287/user287.json,idx_26
waveOut,trainingSamples,raw_data/EMG-EPN612/testingJSON/user287/user287.json,idx_27
waveOut,trainingSamples,raw_data/EMG-EPN612/testingJSON/user287/user287.json,idx_28
waveOut,trainingSamples,raw_data/EMG-EPN612/testingJSON/user287/user287.json,idx_29
waveOut,trainingSamples,raw_data/EMG-EPN612/testingJSON/user287/user287.json,idx_30
waveOut,trainingSamples,raw_data/EMG-EPN612/testingJSON/user287/user287.json,idx_31
waveOut,trainingSamples,raw_data/EMG-EPN612/testingJSON/user287/user287.json,idx_32
waveOut,trainingSamples,raw_data/EMG-EPN612/testingJSON/user287/user287.json,idx_33
waveOut,trainingSamples,raw_data/EMG-EPN612/testingJSON/user287/user287.json,idx_34
waveOut,trainingSamples,raw_data/EMG-EPN612/testingJSON/user287/user287.json,idx_35
waveOut,trainingSamples,raw_data/EMG-EPN612/testingJSON/user287/user287.json,idx_36
waveOut,trainingSamples,raw_data/EMG-EPN612/testingJSON/user287/user287.json,idx_37
waveOut,trainingSamples,raw_data/EMG-EPN612/testingJSON/user287/user287.json,idx_38
waveOut,trainingSamples,raw_data/EMG-EPN612/testingJSON/user287/user287.json,idx_39
waveOut,trainingSamples,raw_data/EMG-EPN612/testingJSON/user287/user287.json,idx_40
waveOut,trainingSamples,raw_data/EMG-EPN612/testingJSON/user287/user287.json,idx_41
waveOut,trainingSamples,raw_data/EMG-EPN612/testingJSON/user287/user287.json,idx_42
waveOut,trainingSamples,raw_data/EMG-EPN612/testingJSON/user287/user287.json,idx_43
waveOut,trainingSamples,raw_data/EMG-EPN612/testingJSON/user287/user287.json,idx_44
waveOut,trainingSamples,raw_data/EMG-EPN612/testingJSON/user287/user287.json,idx_45
waveOut,trainingSamples,raw_data/EMG-EPN612/testingJSON/user287/user287.json,idx_46
waveOut,trainingSamples,raw_data/EMG-EPN612/testingJSON/user287/user287.json,idx_47
waveOut,trainingSamples,raw_data/EMG-EPN612/testingJSON/user287/user287.json,idx_48
waveOut,trainingSamples,raw_data/EMG-EPN612/testingJSON/user287/user287.json,idx_49
waveOut,trainingSamples,raw_data/EMG-EPN612/testingJSON/user287/user287.json,idx_50
pinch,trainingSamples,raw_data/EMG-EPN612/testingJSON/user287/user287.json,idx_51
pinch,trainingSamples,raw_data/EMG-EPN612/testingJSON/user287/user287.json,idx_52
pinch,trainingSamples,raw_data/EMG-EPN612/testingJSON/user287/user287.json,idx_53
pinch,trainingSamples,raw_data/EMG-EPN612/testingJSON/user287/user287.json,idx_54
pinch,trainingSamples,raw_data/EMG-EPN612/testingJSON/user287/user287.json,idx_55
pinch,trainingSamples,raw_data/EMG-EPN612/testingJSON/user287/user287.json,idx_56
pinch,trainingSamples,raw_data/EMG-EPN612/testingJSON/user287/user287.json,idx_57
pinch,trainingSamples,raw_data/EMG-EPN612/testingJSON/user287/user287.json,idx_58
pinch,trainingSamples,raw_data/EMG-EPN612/testingJSON/user287/user287.json,idx_59
pinch,trainingSamples,raw_data/EMG-EPN612/testingJSON/user287/user287.json,idx_60
pinch,trainingSamples,raw_data/EMG-EPN612/testingJSON/user287/user287.json,idx_61
pinch,trainingSamples,raw_data/EMG-EPN612/testingJSON/user287/user287.json,idx_62
pinch,trainingSamples,raw_data/EMG-EPN612/testingJSON/user287/user287.json,idx_63
pinch,trainingSamples,raw_data/EMG-EPN612/testingJSON/user287/user287.json,idx_64
pinch,trainingSamples,raw_data/EMG-EPN612/testingJSON/user287/user287.json,idx_65
pinch,trainingSamples,raw_data/EMG-EPN612/testingJSON/user287/user287.json,idx_66
pinch,trainingSamples,raw_data/EMG-EPN612/testingJSON/user287/user287.json,idx_67
pinch,trainingSamples,raw_data/EMG-EPN612/testingJSON/user287/user287.json,idx_68
pinch,trainingSamples,raw_data/EMG-EPN612/testingJSON/user287/user287.json,idx_69
pinch,trainingSamples,raw_data/EMG-EPN612/testingJSON/user287/user287.json,idx_70
pinch,trainingSamples,raw_data/EMG-EPN612/testingJSON/user287/user287.json,idx_71
pinch,trainingSamples,raw_data/EMG-EPN612/testingJSON/user287/user287.json,idx_72
pinch,trainingSamples,raw_data/EMG-EPN612/testingJSON/user287/user287.json,idx_73
pinch,trainingSamples,raw_data/EMG-EPN612/testingJSON/user287/user287.json,idx_74
pinch,trainingSamples,raw_data/EMG-EPN612/testingJSON/user287/user287.json,idx_75
fist,trainingSamples,raw_data/EMG-EPN612/testingJSON/user287/user287.json,idx_76
fist,trainingSamples,raw_data/EMG-EPN612/testingJSON/user287/user287.json,idx_77
fist,trainingSamples,raw_data/EMG-EPN612/testingJSON/user287/user287.json,idx_78
fist,trainingSamples,raw_data/EMG-EPN612/testingJSON/user287/user287.json,idx_79
fist,trainingSamples,raw_data/EMG-EPN612/testingJSON/user287/user287.json,idx_80
fist,trainingSamples,raw_data/EMG-EPN612/testingJSON/user287/user287.json,idx_81
fist,trainingSamples,raw_data/EMG-EPN612/testingJSON/user287/user287.json,idx_82
fist,trainingSamples,raw_data/EMG-EPN612/testingJSON/user287/user287.json,idx_83
fist,trainingSamples,raw_data/EMG-EPN612/testingJSON/user287/user287.json,idx_84
fist,trainingSamples,raw_data/EMG-EPN612/testingJSON/user287/user287.json,idx_85
fist,trainingSamples,raw_data/EMG-EPN612/testingJSON/user287/user287.json,idx_86
fist,trainingSamples,raw_data/EMG-EPN612/testingJSON/user287/user287.json,idx_87
fist,trainingSamples,raw_data/EMG-EPN612/testingJSON/user287/user287.json,idx_88
fist,trainingSamples,raw_data/EMG-EPN612/testingJSON/user287/user287.json,idx_89
fist,trainingSamples,raw_data/EMG-EPN612/testingJSON/user287/user287.json,idx_90
fist,trainingSamples,raw_data/EMG-EPN612/testingJSON/user287/user287.json,idx_91
fist,trainingSamples,raw_data/EMG-EPN612/testingJSON/user287/user287.json,idx_92
fist,trainingSamples,raw_data/EMG-EPN612/testingJSON/user287/user287.json,idx_93
fist,trainingSamples,raw_data/EMG-EPN612/testingJSON/user287/user287.json,idx_94
fist,trainingSamples,raw_data/EMG-EPN612/testingJSON/user287/user287.json,idx_95
fist,trainingSamples,raw_data/EMG-EPN612/testingJSON/user287/user287.json,idx_96
fist,trainingSamples,raw_data/EMG-EPN612/testingJSON/user287/user287.json,idx_97
fist,trainingSamples,raw_data/EMG-EPN612/testingJSON/user287/user287.json,idx_98
fist,trainingSamples,raw_data/EMG-EPN612/testingJSON/user287/user287.json,idx_99
fist,trainingSamples,raw_data/EMG-EPN612/testingJSON/user287/user287.json,idx_100
waveIn,trainingSamples,raw_data/EMG-EPN612/testingJSON/user287/user287.json,idx_101
waveIn,trainingSamples,raw_data/EMG-EPN612/testingJSON/user287/user287.json,idx_102
waveIn,trainingSamples,raw_data/EMG-EPN612/testingJSON/user287/user287.json,idx_103
waveIn,trainingSamples,raw_data/EMG-EPN612/testingJSON/user287/user287.json,idx_104
waveIn,trainingSamples,raw_data/EMG-EPN612/testingJSON/user287/user287.json,idx_105
waveIn,trainingSamples,raw_data/EMG-EPN612/testingJSON/user287/user287.json,idx_106
waveIn,trainingSamples,raw_data/EMG-EPN612/testingJSON/user287/user287.json,idx_107
waveIn,trainingSamples,raw_data/EMG-EPN612/testingJSON/user287/user287.json,idx_108
waveIn,trainingSamples,raw_data/EMG-EPN612/testingJSON/user287/user287.json,idx_109
waveIn,trainingSamples,raw_data/EMG-EPN612/testingJSON/user287/user287.json,idx_110
waveIn,trainingSamples,raw_data/EMG-EPN612/testingJSON/user287/user287.json,idx_111
waveIn,trainingSamples,raw_data/EMG-EPN612/testingJSON/user287/user287.json,idx_112
waveIn,trainingSamples,raw_data/EMG-EPN612/testingJSON/user287/user287.json,idx_113
waveIn,trainingSamples,raw_data/EMG-EPN612/testingJSON/user287/user287.json,idx_114
waveIn,trainingSamples,raw_data/EMG-EPN612/testingJSON/user287/user287.json,idx_115
waveIn,trainingSamples,raw_data/EMG-EPN612/testingJSON/user287/user287.json,idx_116
waveIn,trainingSamples,raw_data/EMG-EPN612/testingJSON/user287/user287.json,idx_117
waveIn,trainingSamples,raw_data/EMG-EPN612/testingJSON/user287/user287.json,idx_118
waveIn,trainingSamples,raw_data/EMG-EPN612/testingJSON/user287/user287.json,idx_119
waveIn,trainingSamples,raw_data/EMG-EPN612/testingJSON/user287/user287.json,idx_120
waveIn,trainingSamples,raw_data/EMG-EPN612/testingJSON/user287/user287.json,idx_121
waveIn,trainingSamples,raw_data/EMG-EPN612/testingJSON/user287/user287.json,idx_122
waveIn,trainingSamples,raw_data/EMG-EPN612/testingJSON/user287/user287.json,idx_123
waveIn,trainingSamples,raw_data/EMG-EPN612/testingJSON/user287/user287.json,idx_124
waveIn,trainingSamples,raw_data/EMG-EPN612/testingJSON/user287/user287.json,idx_125
open,trainingSamples,raw_data/EMG-EPN612/testingJSON/user287/user287.json,idx_126
open,trainingSamples,raw_data/EMG-EPN612/testingJSON/user287/user287.json,idx_127
open,trainingSamples,raw_data/EMG-EPN612/testingJSON/user287/user287.json,idx_128
open,trainingSamples,raw_data/EMG-EPN612/testingJSON/user287/user287.json,idx_129
open,trainingSamples,raw_data/EMG-EPN612/testingJSON/user287/user287.json,idx_130
open,trainingSamples,raw_data/EMG-EPN612/testingJSON/user287/user287.json,idx_131
open,trainingSamples,raw_data/EMG-EPN612/testingJSON/user287/user287.json,idx_132
open,trainingSamples,raw_data/EMG-EPN612/testingJSON/user287/user287.json,idx_133
open,trainingSamples,raw_data/EMG-EPN612/testingJSON/user287/user287.json,idx_134
open,trainingSamples,raw_data/EMG-EPN612/testingJSON/user287/user287.json,idx_135
open,trainingSamples,raw_data/EMG-EPN612/testingJSON/user287/user287.json,idx_136
open,trainingSamples,raw_data/EMG-EPN612/testingJSON/user287/user287.json,idx_137
open,trainingSamples,raw_data/EMG-EPN612/testingJSON/user287/user287.json,idx_138
open,trainingSamples,raw_data/EMG-EPN612/testingJSON/user287/user287.json,idx_139
open,trainingSamples,raw_data/EMG-EPN612/testingJSON/user287/user287.json,idx_140
open,trainingSamples,raw_data/EMG-EPN612/testingJSON/user287/user287.json,idx_141
open,trainingSamples,raw_data/EMG-EPN612/testingJSON/user287/user287.json,idx_142
open,trainingSamples,raw_data/EMG-EPN612/testingJSON/user287/user287.json,idx_143
open,trainingSamples,raw_data/EMG-EPN612/testingJSON/user287/user287.json,idx_144
open,trainingSamples,raw_data/EMG-EPN612/testingJSON/user287/user287.json,idx_145
open,trainingSamples,raw_data/EMG-EPN612/testingJSON/user287/user287.json,idx_146
open,trainingSamples,raw_data/EMG-EPN612/testingJSON/user287/user287.json,idx_147
open,trainingSamples,raw_data/EMG-EPN612/testingJSON/user287/user287.json,idx_148
open,trainingSamples,raw_data/EMG-EPN612/testingJSON/user287/user287.json,idx_149
open,trainingSamples,raw_data/EMG-EPN612/testingJSON/user287/user287.json,idx_150
noGesture,trainingSamples,raw_data/EMG-EPN612/testingJSON/user288/user288.json,idx_1
noGesture,trainingSamples,raw_data/EMG-EPN612/testingJSON/user288/user288.json,idx_2
noGesture,trainingSamples,raw_data/EMG-EPN612/testingJSON/user288/user288.json,idx_3
noGesture,trainingSamples,raw_data/EMG-EPN612/testingJSON/user288/user288.json,idx_4
noGesture,trainingSamples,raw_data/EMG-EPN612/testingJSON/user288/user288.json,idx_5
noGesture,trainingSamples,raw_data/EMG-EPN612/testingJSON/user288/user288.json,idx_6
noGesture,trainingSamples,raw_data/EMG-EPN612/testingJSON/user288/user288.json,idx_7
noGesture,trainingSamples,raw_data/EMG-EPN612/testingJSON/user288/user288.json,idx_8
noGesture,trainingSamples,raw_data/EMG-EPN612/testingJSON/user288/user288.json,idx_9
noGesture,trainingSamples,raw_data/EMG-EPN612/testingJSON/user288/user288.json,idx_10
noGesture,trainingSamples,raw_data/EMG-EPN612/testingJSON/user288/user288.json,idx_11
noGesture,trainingSamples,raw_data/EMG-EPN612/testingJSON/user288/user288.json,idx_12
noGesture,trainingSamples,raw_data/EMG-EPN612/testingJSON/user288/user288.json,idx_13
noGesture,trainingSamples,raw_data/EMG-EPN612/testingJSON/user288/user288.json,idx_14
noGesture,trainingSamples,raw_data/EMG-EPN612/testingJSON/user288/user288.json,idx_15
noGesture,trainingSamples,raw_data/EMG-EPN612/testingJSON/user288/user288.json,idx_16
noGesture,trainingSamples,raw_data/EMG-EPN612/testingJSON/user288/user288.json,idx_17
noGesture,trainingSamples,raw_data/EMG-EPN612/testingJSON/user288/user288.json,idx_18
noGesture,trainingSamples,raw_data/EMG-EPN612/testingJSON/user288/user288.json,idx_19
noGesture,trainingSamples,raw_data/EMG-EPN612/testingJSON/user288/user288.json,idx_20
noGesture,trainingSamples,raw_data/EMG-EPN612/testingJSON/user288/user288.json,idx_21
noGesture,trainingSamples,raw_data/EMG-EPN612/testingJSON/user288/user288.json,idx_22
noGesture,trainingSamples,raw_data/EMG-EPN612/testingJSON/user288/user288.json,idx_23
noGesture,trainingSamples,raw_data/EMG-EPN612/testingJSON/user288/user288.json,idx_24
noGesture,trainingSamples,raw_data/EMG-EPN612/testingJSON/user288/user288.json,idx_25
waveOut,trainingSamples,raw_data/EMG-EPN612/testingJSON/user288/user288.json,idx_26
waveOut,trainingSamples,raw_data/EMG-EPN612/testingJSON/user288/user288.json,idx_27
waveOut,trainingSamples,raw_data/EMG-EPN612/testingJSON/user288/user288.json,idx_28
waveOut,trainingSamples,raw_data/EMG-EPN612/testingJSON/user288/user288.json,idx_29
waveOut,trainingSamples,raw_data/EMG-EPN612/testingJSON/user288/user288.json,idx_30
waveOut,trainingSamples,raw_data/EMG-EPN612/testingJSON/user288/user288.json,idx_31
waveOut,trainingSamples,raw_data/EMG-EPN612/testingJSON/user288/user288.json,idx_32
waveOut,trainingSamples,raw_data/EMG-EPN612/testingJSON/user288/user288.json,idx_33
waveOut,trainingSamples,raw_data/EMG-EPN612/testingJSON/user288/user288.json,idx_34
waveOut,trainingSamples,raw_data/EMG-EPN612/testingJSON/user288/user288.json,idx_35
waveOut,trainingSamples,raw_data/EMG-EPN612/testingJSON/user288/user288.json,idx_36
waveOut,trainingSamples,raw_data/EMG-EPN612/testingJSON/user288/user288.json,idx_37
waveOut,trainingSamples,raw_data/EMG-EPN612/testingJSON/user288/user288.json,idx_38
waveOut,trainingSamples,raw_data/EMG-EPN612/testingJSON/user288/user288.json,idx_39
waveOut,trainingSamples,raw_data/EMG-EPN612/testingJSON/user288/user288.json,idx_40
waveOut,trainingSamples,raw_data/EMG-EPN612/testingJSON/user288/user288.json,idx_41
waveOut,trainingSamples,raw_data/EMG-EPN612/testingJSON/user288/user288.json,idx_42
waveOut,trainingSamples,raw_data/EMG-EPN612/testingJSON/user288/user288.json,idx_43
waveOut,trainingSamples,raw_data/EMG-EPN612/testingJSON/user288/user288.json,idx_44
waveOut,trainingSamples,raw_data/EMG-EPN612/testingJSON/user288/user288.json,idx_45
waveOut,trainingSamples,raw_data/EMG-EPN612/testingJSON/user288/user288.json,idx_46
waveOut,trainingSamples,raw_data/EMG-EPN612/testingJSON/user288/user288.json,idx_47
waveOut,trainingSamples,raw_data/EMG-EPN612/testingJSON/user288/user288.json,idx_48
waveOut,trainingSamples,raw_data/EMG-EPN612/testingJSON/user288/user288.json,idx_49
waveOut,trainingSamples,raw_data/EMG-EPN612/testingJSON/user288/user288.json,idx_50
pinch,trainingSamples,raw_data/EMG-EPN612/testingJSON/user288/user288.json,idx_51
pinch,trainingSamples,raw_data/EMG-EPN612/testingJSON/user288/user288.json,idx_52
pinch,trainingSamples,raw_data/EMG-EPN612/testingJSON/user288/user288.json,idx_53
pinch,trainingSamples,raw_data/EMG-EPN612/testingJSON/user288/user288.json,idx_54
pinch,trainingSamples,raw_data/EMG-EPN612/testingJSON/user288/user288.json,idx_55
pinch,trainingSamples,raw_data/EMG-EPN612/testingJSON/user288/user288.json,idx_56
pinch,trainingSamples,raw_data/EMG-EPN612/testingJSON/user288/user288.json,idx_57
pinch,trainingSamples,raw_data/EMG-EPN612/testingJSON/user288/user288.json,idx_58
pinch,trainingSamples,raw_data/EMG-EPN612/testingJSON/user288/user288.json,idx_59
pinch,trainingSamples,raw_data/EMG-EPN612/testingJSON/user288/user288.json,idx_60
pinch,trainingSamples,raw_data/EMG-EPN612/testingJSON/user288/user288.json,idx_61
pinch,trainingSamples,raw_data/EMG-EPN612/testingJSON/user288/user288.json,idx_62
pinch,trainingSamples,raw_data/EMG-EPN612/testingJSON/user288/user288.json,idx_63
pinch,trainingSamples,raw_data/EMG-EPN612/testingJSON/user288/user288.json,idx_64
pinch,trainingSamples,raw_data/EMG-EPN612/testingJSON/user288/user288.json,idx_65
pinch,trainingSamples,raw_data/EMG-EPN612/testingJSON/user288/user288.json,idx_66
pinch,trainingSamples,raw_data/EMG-EPN612/testingJSON/user288/user288.json,idx_67
pinch,trainingSamples,raw_data/EMG-EPN612/testingJSON/user288/user288.json,idx_68
pinch,trainingSamples,raw_data/EMG-EPN612/testingJSON/user288/user288.json,idx_69
pinch,trainingSamples,raw_data/EMG-EPN612/testingJSON/user288/user288.json,idx_70
pinch,trainingSamples,raw_data/EMG-EPN612/testingJSON/user288/user288.json,idx_71
pinch,trainingSamples,raw_data/EMG-EPN612/testingJSON/user288/user288.json,idx_72
pinch,trainingSamples,raw_data/EMG-EPN612/testingJSON/user288/user288.json,idx_73
pinch,trainingSamples,raw_data/EMG-EPN612/testingJSON/user288/user288.json,idx_74
pinch,trainingSamples,raw_data/EMG-EPN612/testingJSON/user288/user288.json,idx_75
fist,trainingSamples,raw_data/EMG-EPN612/testingJSON/user288/user288.json,idx_76
fist,trainingSamples,raw_data/EMG-EPN612/testingJSON/user288/user288.json,idx_77
fist,trainingSamples,raw_data/EMG-EPN612/testingJSON/user288/user288.json,idx_78
fist,trainingSamples,raw_data/EMG-EPN612/testingJSON/user288/user288.json,idx_79
fist,trainingSamples,raw_data/EMG-EPN612/testingJSON/user288/user288.json,idx_80
fist,trainingSamples,raw_data/EMG-EPN612/testingJSON/user288/user288.json,idx_81
fist,trainingSamples,raw_data/EMG-EPN612/testingJSON/user288/user288.json,idx_82
fist,trainingSamples,raw_data/EMG-EPN612/testingJSON/user288/user288.json,idx_83
fist,trainingSamples,raw_data/EMG-EPN612/testingJSON/user288/user288.json,idx_84
fist,trainingSamples,raw_data/EMG-EPN612/testingJSON/user288/user288.json,idx_85
fist,trainingSamples,raw_data/EMG-EPN612/testingJSON/user288/user288.json,idx_86
fist,trainingSamples,raw_data/EMG-EPN612/testingJSON/user288/user288.json,idx_87
fist,trainingSamples,raw_data/EMG-EPN612/testingJSON/user288/user288.json,idx_88
fist,trainingSamples,raw_data/EMG-EPN612/testingJSON/user288/user288.json,idx_89
fist,trainingSamples,raw_data/EMG-EPN612/testingJSON/user288/user288.json,idx_90
fist,trainingSamples,raw_data/EMG-EPN612/testingJSON/user288/user288.json,idx_91
fist,trainingSamples,raw_data/EMG-EPN612/testingJSON/user288/user288.json,idx_92
fist,trainingSamples,raw_data/EMG-EPN612/testingJSON/user288/user288.json,idx_93
fist,trainingSamples,raw_data/EMG-EPN612/testingJSON/user288/user288.json,idx_94
fist,trainingSamples,raw_data/EMG-EPN612/testingJSON/user288/user288.json,idx_95
fist,trainingSamples,raw_data/EMG-EPN612/testingJSON/user288/user288.json,idx_96
fist,trainingSamples,raw_data/EMG-EPN612/testingJSON/user288/user288.json,idx_97
fist,trainingSamples,raw_data/EMG-EPN612/testingJSON/user288/user288.json,idx_98
fist,trainingSamples,raw_data/EMG-EPN612/testingJSON/user288/user288.json,idx_99
fist,trainingSamples,raw_data/EMG-EPN612/testingJSON/user288/user288.json,idx_100
waveIn,trainingSamples,raw_data/EMG-EPN612/testingJSON/user288/user288.json,idx_101
waveIn,trainingSamples,raw_data/EMG-EPN612/testingJSON/user288/user288.json,idx_102
waveIn,trainingSamples,raw_data/EMG-EPN612/testingJSON/user288/user288.json,idx_103
waveIn,trainingSamples,raw_data/EMG-EPN612/testingJSON/user288/user288.json,idx_104
waveIn,trainingSamples,raw_data/EMG-EPN612/testingJSON/user288/user288.json,idx_105
waveIn,trainingSamples,raw_data/EMG-EPN612/testingJSON/user288/user288.json,idx_106
waveIn,trainingSamples,raw_data/EMG-EPN612/testingJSON/user288/user288.json,idx_107
waveIn,trainingSamples,raw_data/EMG-EPN612/testingJSON/user288/user288.json,idx_108
waveIn,trainingSamples,raw_data/EMG-EPN612/testingJSON/user288/user288.json,idx_109
waveIn,trainingSamples,raw_data/EMG-EPN612/testingJSON/user288/user288.json,idx_110
waveIn,trainingSamples,raw_data/EMG-EPN612/testingJSON/user288/user288.json,idx_111
waveIn,trainingSamples,raw_data/EMG-EPN612/testingJSON/user288/user288.json,idx_112
waveIn,trainingSamples,raw_data/EMG-EPN612/testingJSON/user288/user288.json,idx_113
waveIn,trainingSamples,raw_data/EMG-EPN612/testingJSON/user288/user288.json,idx_114
waveIn,trainingSamples,raw_data/EMG-EPN612/testingJSON/user288/user288.json,idx_115
waveIn,trainingSamples,raw_data/EMG-EPN612/testingJSON/user288/user288.json,idx_116
waveIn,trainingSamples,raw_data/EMG-EPN612/testingJSON/user288/user288.json,idx_117
waveIn,trainingSamples,raw_data/EMG-EPN612/testingJSON/user288/user288.json,idx_118
waveIn,trainingSamples,raw_data/EMG-EPN612/testingJSON/user288/user288.json,idx_119
waveIn,trainingSamples,raw_data/EMG-EPN612/testingJSON/user288/user288.json,idx_120
waveIn,trainingSamples,raw_data/EMG-EPN612/testingJSON/user288/user288.json,idx_121
waveIn,trainingSamples,raw_data/EMG-EPN612/testingJSON/user288/user288.json,idx_122
waveIn,trainingSamples,raw_data/EMG-EPN612/testingJSON/user288/user288.json,idx_123
waveIn,trainingSamples,raw_data/EMG-EPN612/testingJSON/user288/user288.json,idx_124
waveIn,trainingSamples,raw_data/EMG-EPN612/testingJSON/user288/user288.json,idx_125
open,trainingSamples,raw_data/EMG-EPN612/testingJSON/user288/user288.json,idx_126
open,trainingSamples,raw_data/EMG-EPN612/testingJSON/user288/user288.json,idx_127
open,trainingSamples,raw_data/EMG-EPN612/testingJSON/user288/user288.json,idx_128
open,trainingSamples,raw_data/EMG-EPN612/testingJSON/user288/user288.json,idx_129
open,trainingSamples,raw_data/EMG-EPN612/testingJSON/user288/user288.json,idx_130
open,trainingSamples,raw_data/EMG-EPN612/testingJSON/user288/user288.json,idx_131
open,trainingSamples,raw_data/EMG-EPN612/testingJSON/user288/user288.json,idx_132
open,trainingSamples,raw_data/EMG-EPN612/testingJSON/user288/user288.json,idx_133
open,trainingSamples,raw_data/EMG-EPN612/testingJSON/user288/user288.json,idx_134
open,trainingSamples,raw_data/EMG-EPN612/testingJSON/user288/user288.json,idx_135
open,trainingSamples,raw_data/EMG-EPN612/testingJSON/user288/user288.json,idx_136
open,trainingSamples,raw_data/EMG-EPN612/testingJSON/user288/user288.json,idx_137
open,trainingSamples,raw_data/EMG-EPN612/testingJSON/user288/user288.json,idx_138
open,trainingSamples,raw_data/EMG-EPN612/testingJSON/user288/user288.json,idx_139
open,trainingSamples,raw_data/EMG-EPN612/testingJSON/user288/user288.json,idx_140
open,trainingSamples,raw_data/EMG-EPN612/testingJSON/user288/user288.json,idx_141
open,trainingSamples,raw_data/EMG-EPN612/testingJSON/user288/user288.json,idx_142
open,trainingSamples,raw_data/EMG-EPN612/testingJSON/user288/user288.json,idx_143
open,trainingSamples,raw_data/EMG-EPN612/testingJSON/user288/user288.json,idx_144
open,trainingSamples,raw_data/EMG-EPN612/testingJSON/user288/user288.json,idx_145
open,trainingSamples,raw_data/EMG-EPN612/testingJSON/user288/user288.json,idx_146
open,trainingSamples,raw_data/EMG-EPN612/testingJSON/user288/user288.json,idx_147
open,trainingSamples,raw_data/EMG-EPN612/testingJSON/user288/user288.json,idx_148
open,trainingSamples,raw_data/EMG-EPN612/testingJSON/user288/user288.json,idx_149
open,trainingSamples,raw_data/EMG-EPN612/testingJSON/user288/user288.json,idx_150
noGesture,trainingSamples,raw_data/EMG-EPN612/testingJSON/user289/user289.json,idx_1
noGesture,trainingSamples,raw_data/EMG-EPN612/testingJSON/user289/user289.json,idx_2
noGesture,trainingSamples,raw_data/EMG-EPN612/testingJSON/user289/user289.json,idx_3
noGesture,trainingSamples,raw_data/EMG-EPN612/testingJSON/user289/user289.json,idx_4
noGesture,trainingSamples,raw_data/EMG-EPN612/testingJSON/user289/user289.json,idx_5
noGesture,trainingSamples,raw_data/EMG-EPN612/testingJSON/user289/user289.json,idx_6
noGesture,trainingSamples,raw_data/EMG-EPN612/testingJSON/user289/user289.json,idx_7
noGesture,trainingSamples,raw_data/EMG-EPN612/testingJSON/user289/user289.json,idx_8
noGesture,trainingSamples,raw_data/EMG-EPN612/testingJSON/user289/user289.json,idx_9
noGesture,trainingSamples,raw_data/EMG-EPN612/testingJSON/user289/user289.json,idx_10
noGesture,trainingSamples,raw_data/EMG-EPN612/testingJSON/user289/user289.json,idx_11
noGesture,trainingSamples,raw_data/EMG-EPN612/testingJSON/user289/user289.json,idx_12
noGesture,trainingSamples,raw_data/EMG-EPN612/testingJSON/user289/user289.json,idx_13
noGesture,trainingSamples,raw_data/EMG-EPN612/testingJSON/user289/user289.json,idx_14
noGesture,trainingSamples,raw_data/EMG-EPN612/testingJSON/user289/user289.json,idx_15
noGesture,trainingSamples,raw_data/EMG-EPN612/testingJSON/user289/user289.json,idx_16
noGesture,trainingSamples,raw_data/EMG-EPN612/testingJSON/user289/user289.json,idx_17
noGesture,trainingSamples,raw_data/EMG-EPN612/testingJSON/user289/user289.json,idx_18
noGesture,trainingSamples,raw_data/EMG-EPN612/testingJSON/user289/user289.json,idx_19
noGesture,trainingSamples,raw_data/EMG-EPN612/testingJSON/user289/user289.json,idx_20
noGesture,trainingSamples,raw_data/EMG-EPN612/testingJSON/user289/user289.json,idx_21
noGesture,trainingSamples,raw_data/EMG-EPN612/testingJSON/user289/user289.json,idx_22
noGesture,trainingSamples,raw_data/EMG-EPN612/testingJSON/user289/user289.json,idx_23
noGesture,trainingSamples,raw_data/EMG-EPN612/testingJSON/user289/user289.json,idx_24
noGesture,trainingSamples,raw_data/EMG-EPN612/testingJSON/user289/user289.json,idx_25
waveOut,trainingSamples,raw_data/EMG-EPN612/testingJSON/user289/user289.json,idx_26
waveOut,trainingSamples,raw_data/EMG-EPN612/testingJSON/user289/user289.json,idx_27
waveOut,trainingSamples,raw_data/EMG-EPN612/testingJSON/user289/user289.json,idx_28
waveOut,trainingSamples,raw_data/EMG-EPN612/testingJSON/user289/user289.json,idx_29
waveOut,trainingSamples,raw_data/EMG-EPN612/testingJSON/user289/user289.json,idx_30
waveOut,trainingSamples,raw_data/EMG-EPN612/testingJSON/user289/user289.json,idx_31
waveOut,trainingSamples,raw_data/EMG-EPN612/testingJSON/user289/user289.json,idx_32
waveOut,trainingSamples,raw_data/EMG-EPN612/testingJSON/user289/user289.json,idx_33
waveOut,trainingSamples,raw_data/EMG-EPN612/testingJSON/user289/user289.json,idx_34
waveOut,trainingSamples,raw_data/EMG-EPN612/testingJSON/user289/user289.json,idx_35
waveOut,trainingSamples,raw_data/EMG-EPN612/testingJSON/user289/user289.json,idx_36
waveOut,trainingSamples,raw_data/EMG-EPN612/testingJSON/user289/user289.json,idx_37
waveOut,trainingSamples,raw_data/EMG-EPN612/testingJSON/user289/user289.json,idx_38
waveOut,trainingSamples,raw_data/EMG-EPN612/testingJSON/user289/user289.json,idx_39
waveOut,trainingSamples,raw_data/EMG-EPN612/testingJSON/user289/user289.json,idx_40
waveOut,trainingSamples,raw_data/EMG-EPN612/testingJSON/user289/user289.json,idx_41
waveOut,trainingSamples,raw_data/EMG-EPN612/testingJSON/user289/user289.json,idx_42
waveOut,trainingSamples,raw_data/EMG-EPN612/testingJSON/user289/user289.json,idx_43
waveOut,trainingSamples,raw_data/EMG-EPN612/testingJSON/user289/user289.json,idx_44
waveOut,trainingSamples,raw_data/EMG-EPN612/testingJSON/user289/user289.json,idx_45
waveOut,trainingSamples,raw_data/EMG-EPN612/testingJSON/user289/user289.json,idx_46
waveOut,trainingSamples,raw_data/EMG-EPN612/testingJSON/user289/user289.json,idx_47
waveOut,trainingSamples,raw_data/EMG-EPN612/testingJSON/user289/user289.json,idx_48
waveOut,trainingSamples,raw_data/EMG-EPN612/testingJSON/user289/user289.json,idx_49
waveOut,trainingSamples,raw_data/EMG-EPN612/testingJSON/user289/user289.json,idx_50
pinch,trainingSamples,raw_data/EMG-EPN612/testingJSON/user289/user289.json,idx_51
pinch,trainingSamples,raw_data/EMG-EPN612/testingJSON/user289/user289.json,idx_52
pinch,trainingSamples,raw_data/EMG-EPN612/testingJSON/user289/user289.json,idx_53
pinch,trainingSamples,raw_data/EMG-EPN612/testingJSON/user289/user289.json,idx_54
pinch,trainingSamples,raw_data/EMG-EPN612/testingJSON/user289/user289.json,idx_55
pinch,trainingSamples,raw_data/EMG-EPN612/testingJSON/user289/user289.json,idx_56
pinch,trainingSamples,raw_data/EMG-EPN612/testingJSON/user289/user289.json,idx_57
pinch,trainingSamples,raw_data/EMG-EPN612/testingJSON/user289/user289.json,idx_58
pinch,trainingSamples,raw_data/EMG-EPN612/testingJSON/user289/user289.json,idx_59
pinch,trainingSamples,raw_data/EMG-EPN612/testingJSON/user289/user289.json,idx_60
pinch,trainingSamples,raw_data/EMG-EPN612/testingJSON/user289/user289.json,idx_61
pinch,trainingSamples,raw_data/EMG-EPN612/testingJSON/user289/user289.json,idx_62
pinch,trainingSamples,raw_data/EMG-EPN612/testingJSON/user289/user289.json,idx_63
pinch,trainingSamples,raw_data/EMG-EPN612/testingJSON/user289/user289.json,idx_64
pinch,trainingSamples,raw_data/EMG-EPN612/testingJSON/user289/user289.json,idx_65
pinch,trainingSamples,raw_data/EMG-EPN612/testingJSON/user289/user289.json,idx_66
pinch,trainingSamples,raw_data/EMG-EPN612/testingJSON/user289/user289.json,idx_67
pinch,trainingSamples,raw_data/EMG-EPN612/testingJSON/user289/user289.json,idx_68
pinch,trainingSamples,raw_data/EMG-EPN612/testingJSON/user289/user289.json,idx_69
pinch,trainingSamples,raw_data/EMG-EPN612/testingJSON/user289/user289.json,idx_70
pinch,trainingSamples,raw_data/EMG-EPN612/testingJSON/user289/user289.json,idx_71
pinch,trainingSamples,raw_data/EMG-EPN612/testingJSON/user289/user289.json,idx_72
pinch,trainingSamples,raw_data/EMG-EPN612/testingJSON/user289/user289.json,idx_73
pinch,trainingSamples,raw_data/EMG-EPN612/testingJSON/user289/user289.json,idx_74
pinch,trainingSamples,raw_data/EMG-EPN612/testingJSON/user289/user289.json,idx_75
fist,trainingSamples,raw_data/EMG-EPN612/testingJSON/user289/user289.json,idx_76
fist,trainingSamples,raw_data/EMG-EPN612/testingJSON/user289/user289.json,idx_77
fist,trainingSamples,raw_data/EMG-EPN612/testingJSON/user289/user289.json,idx_78
fist,trainingSamples,raw_data/EMG-EPN612/testingJSON/user289/user289.json,idx_79
fist,trainingSamples,raw_data/EMG-EPN612/testingJSON/user289/user289.json,idx_80
fist,trainingSamples,raw_data/EMG-EPN612/testingJSON/user289/user289.json,idx_81
fist,trainingSamples,raw_data/EMG-EPN612/testingJSON/user289/user289.json,idx_82
fist,trainingSamples,raw_data/EMG-EPN612/testingJSON/user289/user289.json,idx_83
fist,trainingSamples,raw_data/EMG-EPN612/testingJSON/user289/user289.json,idx_84
fist,trainingSamples,raw_data/EMG-EPN612/testingJSON/user289/user289.json,idx_85
fist,trainingSamples,raw_data/EMG-EPN612/testingJSON/user289/user289.json,idx_86
fist,trainingSamples,raw_data/EMG-EPN612/testingJSON/user289/user289.json,idx_87
fist,trainingSamples,raw_data/EMG-EPN612/testingJSON/user289/user289.json,idx_88
fist,trainingSamples,raw_data/EMG-EPN612/testingJSON/user289/user289.json,idx_89
fist,trainingSamples,raw_data/EMG-EPN612/testingJSON/user289/user289.json,idx_90
fist,trainingSamples,raw_data/EMG-EPN612/testingJSON/user289/user289.json,idx_91
fist,trainingSamples,raw_data/EMG-EPN612/testingJSON/user289/user289.json,idx_92
fist,trainingSamples,raw_data/EMG-EPN612/testingJSON/user289/user289.json,idx_93
fist,trainingSamples,raw_data/EMG-EPN612/testingJSON/user289/user289.json,idx_94
fist,trainingSamples,raw_data/EMG-EPN612/testingJSON/user289/user289.json,idx_95
fist,trainingSamples,raw_data/EMG-EPN612/testingJSON/user289/user289.json,idx_96
fist,trainingSamples,raw_data/EMG-EPN612/testingJSON/user289/user289.json,idx_97
fist,trainingSamples,raw_data/EMG-EPN612/testingJSON/user289/user289.json,idx_98
fist,trainingSamples,raw_data/EMG-EPN612/testingJSON/user289/user289.json,idx_99
fist,trainingSamples,raw_data/EMG-EPN612/testingJSON/user289/user289.json,idx_100
waveIn,trainingSamples,raw_data/EMG-EPN612/testingJSON/user289/user289.json,idx_101
waveIn,trainingSamples,raw_data/EMG-EPN612/testingJSON/user289/user289.json,idx_102
waveIn,trainingSamples,raw_data/EMG-EPN612/testingJSON/user289/user289.json,idx_103
waveIn,trainingSamples,raw_data/EMG-EPN612/testingJSON/user289/user289.json,idx_104
waveIn,trainingSamples,raw_data/EMG-EPN612/testingJSON/user289/user289.json,idx_105
waveIn,trainingSamples,raw_data/EMG-EPN612/testingJSON/user289/user289.json,idx_106
waveIn,trainingSamples,raw_data/EMG-EPN612/testingJSON/user289/user289.json,idx_107
waveIn,trainingSamples,raw_data/EMG-EPN612/testingJSON/user289/user289.json,idx_108
waveIn,trainingSamples,raw_data/EMG-EPN612/testingJSON/user289/user289.json,idx_109
waveIn,trainingSamples,raw_data/EMG-EPN612/testingJSON/user289/user289.json,idx_110
waveIn,trainingSamples,raw_data/EMG-EPN612/testingJSON/user289/user289.json,idx_111
waveIn,trainingSamples,raw_data/EMG-EPN612/testingJSON/user289/user289.json,idx_112
waveIn,trainingSamples,raw_data/EMG-EPN612/testingJSON/user289/user289.json,idx_113
waveIn,trainingSamples,raw_data/EMG-EPN612/testingJSON/user289/user289.json,idx_114
waveIn,trainingSamples,raw_data/EMG-EPN612/testingJSON/user289/user289.json,idx_115
waveIn,trainingSamples,raw_data/EMG-EPN612/testingJSON/user289/user289.json,idx_116
waveIn,trainingSamples,raw_data/EMG-EPN612/testingJSON/user289/user289.json,idx_117
waveIn,trainingSamples,raw_data/EMG-EPN612/testingJSON/user289/user289.json,idx_118
waveIn,trainingSamples,raw_data/EMG-EPN612/testingJSON/user289/user289.json,idx_119
waveIn,trainingSamples,raw_data/EMG-EPN612/testingJSON/user289/user289.json,idx_120
waveIn,trainingSamples,raw_data/EMG-EPN612/testingJSON/user289/user289.json,idx_121
waveIn,trainingSamples,raw_data/EMG-EPN612/testingJSON/user289/user289.json,idx_122
waveIn,trainingSamples,raw_data/EMG-EPN612/testingJSON/user289/user289.json,idx_123
waveIn,trainingSamples,raw_data/EMG-EPN612/testingJSON/user289/user289.json,idx_124
waveIn,trainingSamples,raw_data/EMG-EPN612/testingJSON/user289/user289.json,idx_125
open,trainingSamples,raw_data/EMG-EPN612/testingJSON/user289/user289.json,idx_126
open,trainingSamples,raw_data/EMG-EPN612/testingJSON/user289/user289.json,idx_127
open,trainingSamples,raw_data/EMG-EPN612/testingJSON/user289/user289.json,idx_128
open,trainingSamples,raw_data/EMG-EPN612/testingJSON/user289/user289.json,idx_129
open,trainingSamples,raw_data/EMG-EPN612/testingJSON/user289/user289.json,idx_130
open,trainingSamples,raw_data/EMG-EPN612/testingJSON/user289/user289.json,idx_131
open,trainingSamples,raw_data/EMG-EPN612/testingJSON/user289/user289.json,idx_132
open,trainingSamples,raw_data/EMG-EPN612/testingJSON/user289/user289.json,idx_133
open,trainingSamples,raw_data/EMG-EPN612/testingJSON/user289/user289.json,idx_134
open,trainingSamples,raw_data/EMG-EPN612/testingJSON/user289/user289.json,idx_135
open,trainingSamples,raw_data/EMG-EPN612/testingJSON/user289/user289.json,idx_136
open,trainingSamples,raw_data/EMG-EPN612/testingJSON/user289/user289.json,idx_137
open,trainingSamples,raw_data/EMG-EPN612/testingJSON/user289/user289.json,idx_138
open,trainingSamples,raw_data/EMG-EPN612/testingJSON/user289/user289.json,idx_139
open,trainingSamples,raw_data/EMG-EPN612/testingJSON/user289/user289.json,idx_140
open,trainingSamples,raw_data/EMG-EPN612/testingJSON/user289/user289.json,idx_141
open,trainingSamples,raw_data/EMG-EPN612/testingJSON/user289/user289.json,idx_142
open,trainingSamples,raw_data/EMG-EPN612/testingJSON/user289/user289.json,idx_143
open,trainingSamples,raw_data/EMG-EPN612/testingJSON/user289/user289.json,idx_144
open,trainingSamples,raw_data/EMG-EPN612/testingJSON/user289/user289.json,idx_145
open,trainingSamples,raw_data/EMG-EPN612/testingJSON/user289/user289.json,idx_146
open,trainingSamples,raw_data/EMG-EPN612/testingJSON/user289/user289.json,idx_147
open,trainingSamples,raw_data/EMG-EPN612/testingJSON/user289/user289.json,idx_148
open,trainingSamples,raw_data/EMG-EPN612/testingJSON/user289/user289.json,idx_149
open,trainingSamples,raw_data/EMG-EPN612/testingJSON/user289/user289.json,idx_150
noGesture,trainingSamples,raw_data/EMG-EPN612/testingJSON/user29/user29.json,idx_1
noGesture,trainingSamples,raw_data/EMG-EPN612/testingJSON/user29/user29.json,idx_2
noGesture,trainingSamples,raw_data/EMG-EPN612/testingJSON/user29/user29.json,idx_3
noGesture,trainingSamples,raw_data/EMG-EPN612/testingJSON/user29/user29.json,idx_4
noGesture,trainingSamples,raw_data/EMG-EPN612/testingJSON/user29/user29.json,idx_5
noGesture,trainingSamples,raw_data/EMG-EPN612/testingJSON/user29/user29.json,idx_6
noGesture,trainingSamples,raw_data/EMG-EPN612/testingJSON/user29/user29.json,idx_7
noGesture,trainingSamples,raw_data/EMG-EPN612/testingJSON/user29/user29.json,idx_8
noGesture,trainingSamples,raw_data/EMG-EPN612/testingJSON/user29/user29.json,idx_9
noGesture,trainingSamples,raw_data/EMG-EPN612/testingJSON/user29/user29.json,idx_10
noGesture,trainingSamples,raw_data/EMG-EPN612/testingJSON/user29/user29.json,idx_11
noGesture,trainingSamples,raw_data/EMG-EPN612/testingJSON/user29/user29.json,idx_12
noGesture,trainingSamples,raw_data/EMG-EPN612/testingJSON/user29/user29.json,idx_13
noGesture,trainingSamples,raw_data/EMG-EPN612/testingJSON/user29/user29.json,idx_14
noGesture,trainingSamples,raw_data/EMG-EPN612/testingJSON/user29/user29.json,idx_15
noGesture,trainingSamples,raw_data/EMG-EPN612/testingJSON/user29/user29.json,idx_16
noGesture,trainingSamples,raw_data/EMG-EPN612/testingJSON/user29/user29.json,idx_17
noGesture,trainingSamples,raw_data/EMG-EPN612/testingJSON/user29/user29.json,idx_18
noGesture,trainingSamples,raw_data/EMG-EPN612/testingJSON/user29/user29.json,idx_19
noGesture,trainingSamples,raw_data/EMG-EPN612/testingJSON/user29/user29.json,idx_20
noGesture,trainingSamples,raw_data/EMG-EPN612/testingJSON/user29/user29.json,idx_21
noGesture,trainingSamples,raw_data/EMG-EPN612/testingJSON/user29/user29.json,idx_22
noGesture,trainingSamples,raw_data/EMG-EPN612/testingJSON/user29/user29.json,idx_23
noGesture,trainingSamples,raw_data/EMG-EPN612/testingJSON/user29/user29.json,idx_24
noGesture,trainingSamples,raw_data/EMG-EPN612/testingJSON/user29/user29.json,idx_25
waveOut,trainingSamples,raw_data/EMG-EPN612/testingJSON/user29/user29.json,idx_26
waveOut,trainingSamples,raw_data/EMG-EPN612/testingJSON/user29/user29.json,idx_27
waveOut,trainingSamples,raw_data/EMG-EPN612/testingJSON/user29/user29.json,idx_28
waveOut,trainingSamples,raw_data/EMG-EPN612/testingJSON/user29/user29.json,idx_29
waveOut,trainingSamples,raw_data/EMG-EPN612/testingJSON/user29/user29.json,idx_30
waveOut,trainingSamples,raw_data/EMG-EPN612/testingJSON/user29/user29.json,idx_31
waveOut,trainingSamples,raw_data/EMG-EPN612/testingJSON/user29/user29.json,idx_32
waveOut,trainingSamples,raw_data/EMG-EPN612/testingJSON/user29/user29.json,idx_33
waveOut,trainingSamples,raw_data/EMG-EPN612/testingJSON/user29/user29.json,idx_34
waveOut,trainingSamples,raw_data/EMG-EPN612/testingJSON/user29/user29.json,idx_35
waveOut,trainingSamples,raw_data/EMG-EPN612/testingJSON/user29/user29.json,idx_36
waveOut,trainingSamples,raw_data/EMG-EPN612/testingJSON/user29/user29.json,idx_37
waveOut,trainingSamples,raw_data/EMG-EPN612/testingJSON/user29/user29.json,idx_38
waveOut,trainingSamples,raw_data/EMG-EPN612/testingJSON/user29/user29.json,idx_39
waveOut,trainingSamples,raw_data/EMG-EPN612/testingJSON/user29/user29.json,idx_40
waveOut,trainingSamples,raw_data/EMG-EPN612/testingJSON/user29/user29.json,idx_41
waveOut,trainingSamples,raw_data/EMG-EPN612/testingJSON/user29/user29.json,idx_42
waveOut,trainingSamples,raw_data/EMG-EPN612/testingJSON/user29/user29.json,idx_43
waveOut,trainingSamples,raw_data/EMG-EPN612/testingJSON/user29/user29.json,idx_44
waveOut,trainingSamples,raw_data/EMG-EPN612/testingJSON/user29/user29.json,idx_45
waveOut,trainingSamples,raw_data/EMG-EPN612/testingJSON/user29/user29.json,idx_46
waveOut,trainingSamples,raw_data/EMG-EPN612/testingJSON/user29/user29.json,idx_47
waveOut,trainingSamples,raw_data/EMG-EPN612/testingJSON/user29/user29.json,idx_48
waveOut,trainingSamples,raw_data/EMG-EPN612/testingJSON/user29/user29.json,idx_49
waveOut,trainingSamples,raw_data/EMG-EPN612/testingJSON/user29/user29.json,idx_50
pinch,trainingSamples,raw_data/EMG-EPN612/testingJSON/user29/user29.json,idx_51
pinch,trainingSamples,raw_data/EMG-EPN612/testingJSON/user29/user29.json,idx_52
pinch,trainingSamples,raw_data/EMG-EPN612/testingJSON/user29/user29.json,idx_53
pinch,trainingSamples,raw_data/EMG-EPN612/testingJSON/user29/user29.json,idx_54
pinch,trainingSamples,raw_data/EMG-EPN612/testingJSON/user29/user29.json,idx_55
pinch,trainingSamples,raw_data/EMG-EPN612/testingJSON/user29/user29.json,idx_56
pinch,trainingSamples,raw_data/EMG-EPN612/testingJSON/user29/user29.json,idx_57
pinch,trainingSamples,raw_data/EMG-EPN612/testingJSON/user29/user29.json,idx_58
pinch,trainingSamples,raw_data/EMG-EPN612/testingJSON/user29/user29.json,idx_59
pinch,trainingSamples,raw_data/EMG-EPN612/testingJSON/user29/user29.json,idx_60
pinch,trainingSamples,raw_data/EMG-EPN612/testingJSON/user29/user29.json,idx_61
pinch,trainingSamples,raw_data/EMG-EPN612/testingJSON/user29/user29.json,idx_62
pinch,trainingSamples,raw_data/EMG-EPN612/testingJSON/user29/user29.json,idx_63
pinch,trainingSamples,raw_data/EMG-EPN612/testingJSON/user29/user29.json,idx_64
pinch,trainingSamples,raw_data/EMG-EPN612/testingJSON/user29/user29.json,idx_65
pinch,trainingSamples,raw_data/EMG-EPN612/testingJSON/user29/user29.json,idx_66
pinch,trainingSamples,raw_data/EMG-EPN612/testingJSON/user29/user29.json,idx_67
pinch,trainingSamples,raw_data/EMG-EPN612/testingJSON/user29/user29.json,idx_68
pinch,trainingSamples,raw_data/EMG-EPN612/testingJSON/user29/user29.json,idx_69
pinch,trainingSamples,raw_data/EMG-EPN612/testingJSON/user29/user29.json,idx_70
pinch,trainingSamples,raw_data/EMG-EPN612/testingJSON/user29/user29.json,idx_71
pinch,trainingSamples,raw_data/EMG-EPN612/testingJSON/user29/user29.json,idx_72
pinch,trainingSamples,raw_data/EMG-EPN612/testingJSON/user29/user29.json,idx_73
pinch,trainingSamples,raw_data/EMG-EPN612/testingJSON/user29/user29.json,idx_74
pinch,trainingSamples,raw_data/EMG-EPN612/testingJSON/user29/user29.json,idx_75
fist,trainingSamples,raw_data/EMG-EPN612/testingJSON/user29/user29.json,idx_76
fist,trainingSamples,raw_data/EMG-EPN612/testingJSON/user29/user29.json,idx_77
fist,trainingSamples,raw_data/EMG-EPN612/testingJSON/user29/user29.json,idx_78
fist,trainingSamples,raw_data/EMG-EPN612/testingJSON/user29/user29.json,idx_79
fist,trainingSamples,raw_data/EMG-EPN612/testingJSON/user29/user29.json,idx_80
fist,trainingSamples,raw_data/EMG-EPN612/testingJSON/user29/user29.json,idx_81
fist,trainingSamples,raw_data/EMG-EPN612/testingJSON/user29/user29.json,idx_82
fist,trainingSamples,raw_data/EMG-EPN612/testingJSON/user29/user29.json,idx_83
fist,trainingSamples,raw_data/EMG-EPN612/testingJSON/user29/user29.json,idx_84
fist,trainingSamples,raw_data/EMG-EPN612/testingJSON/user29/user29.json,idx_85
fist,trainingSamples,raw_data/EMG-EPN612/testingJSON/user29/user29.json,idx_86
fist,trainingSamples,raw_data/EMG-EPN612/testingJSON/user29/user29.json,idx_87
fist,trainingSamples,raw_data/EMG-EPN612/testingJSON/user29/user29.json,idx_88
fist,trainingSamples,raw_data/EMG-EPN612/testingJSON/user29/user29.json,idx_89
fist,trainingSamples,raw_data/EMG-EPN612/testingJSON/user29/user29.json,idx_90
fist,trainingSamples,raw_data/EMG-EPN612/testingJSON/user29/user29.json,idx_91
fist,trainingSamples,raw_data/EMG-EPN612/testingJSON/user29/user29.json,idx_92
fist,trainingSamples,raw_data/EMG-EPN612/testingJSON/user29/user29.json,idx_93
fist,trainingSamples,raw_data/EMG-EPN612/testingJSON/user29/user29.json,idx_94
fist,trainingSamples,raw_data/EMG-EPN612/testingJSON/user29/user29.json,idx_95
fist,trainingSamples,raw_data/EMG-EPN612/testingJSON/user29/user29.json,idx_96
fist,trainingSamples,raw_data/EMG-EPN612/testingJSON/user29/user29.json,idx_97
fist,trainingSamples,raw_data/EMG-EPN612/testingJSON/user29/user29.json,idx_98
fist,trainingSamples,raw_data/EMG-EPN612/testingJSON/user29/user29.json,idx_99
fist,trainingSamples,raw_data/EMG-EPN612/testingJSON/user29/user29.json,idx_100
waveIn,trainingSamples,raw_data/EMG-EPN612/testingJSON/user29/user29.json,idx_101
waveIn,trainingSamples,raw_data/EMG-EPN612/testingJSON/user29/user29.json,idx_102
waveIn,trainingSamples,raw_data/EMG-EPN612/testingJSON/user29/user29.json,idx_103
waveIn,trainingSamples,raw_data/EMG-EPN612/testingJSON/user29/user29.json,idx_104
waveIn,trainingSamples,raw_data/EMG-EPN612/testingJSON/user29/user29.json,idx_105
waveIn,trainingSamples,raw_data/EMG-EPN612/testingJSON/user29/user29.json,idx_106
waveIn,trainingSamples,raw_data/EMG-EPN612/testingJSON/user29/user29.json,idx_107
waveIn,trainingSamples,raw_data/EMG-EPN612/testingJSON/user29/user29.json,idx_108
waveIn,trainingSamples,raw_data/EMG-EPN612/testingJSON/user29/user29.json,idx_109
waveIn,trainingSamples,raw_data/EMG-EPN612/testingJSON/user29/user29.json,idx_110
waveIn,trainingSamples,raw_data/EMG-EPN612/testingJSON/user29/user29.json,idx_111
waveIn,trainingSamples,raw_data/EMG-EPN612/testingJSON/user29/user29.json,idx_112
waveIn,trainingSamples,raw_data/EMG-EPN612/testingJSON/user29/user29.json,idx_113
waveIn,trainingSamples,raw_data/EMG-EPN612/testingJSON/user29/user29.json,idx_114
waveIn,trainingSamples,raw_data/EMG-EPN612/testingJSON/user29/user29.json,idx_115
waveIn,trainingSamples,raw_data/EMG-EPN612/testingJSON/user29/user29.json,idx_116
waveIn,trainingSamples,raw_data/EMG-EPN612/testingJSON/user29/user29.json,idx_117
waveIn,trainingSamples,raw_data/EMG-EPN612/testingJSON/user29/user29.json,idx_118
waveIn,trainingSamples,raw_data/EMG-EPN612/testingJSON/user29/user29.json,idx_119
waveIn,trainingSamples,raw_data/EMG-EPN612/testingJSON/user29/user29.json,idx_120
waveIn,trainingSamples,raw_data/EMG-EPN612/testingJSON/user29/user29.json,idx_121
waveIn,trainingSamples,raw_data/EMG-EPN612/testingJSON/user29/user29.json,idx_122
waveIn,trainingSamples,raw_data/EMG-EPN612/testingJSON/user29/user29.json,idx_123
waveIn,trainingSamples,raw_data/EMG-EPN612/testingJSON/user29/user29.json,idx_124
waveIn,trainingSamples,raw_data/EMG-EPN612/testingJSON/user29/user29.json,idx_125
open,trainingSamples,raw_data/EMG-EPN612/testingJSON/user29/user29.json,idx_126
open,trainingSamples,raw_data/EMG-EPN612/testingJSON/user29/user29.json,idx_127
open,trainingSamples,raw_data/EMG-EPN612/testingJSON/user29/user29.json,idx_128
open,trainingSamples,raw_data/EMG-EPN612/testingJSON/user29/user29.json,idx_129
open,trainingSamples,raw_data/EMG-EPN612/testingJSON/user29/user29.json,idx_130
open,trainingSamples,raw_data/EMG-EPN612/testingJSON/user29/user29.json,idx_131
open,trainingSamples,raw_data/EMG-EPN612/testingJSON/user29/user29.json,idx_132
open,trainingSamples,raw_data/EMG-EPN612/testingJSON/user29/user29.json,idx_133
open,trainingSamples,raw_data/EMG-EPN612/testingJSON/user29/user29.json,idx_134
open,trainingSamples,raw_data/EMG-EPN612/testingJSON/user29/user29.json,idx_135
open,trainingSamples,raw_data/EMG-EPN612/testingJSON/user29/user29.json,idx_136
open,trainingSamples,raw_data/EMG-EPN612/testingJSON/user29/user29.json,idx_137
open,trainingSamples,raw_data/EMG-EPN612/testingJSON/user29/user29.json,idx_138
open,trainingSamples,raw_data/EMG-EPN612/testingJSON/user29/user29.json,idx_139
open,trainingSamples,raw_data/EMG-EPN612/testingJSON/user29/user29.json,idx_140
open,trainingSamples,raw_data/EMG-EPN612/testingJSON/user29/user29.json,idx_141
open,trainingSamples,raw_data/EMG-EPN612/testingJSON/user29/user29.json,idx_142
open,trainingSamples,raw_data/EMG-EPN612/testingJSON/user29/user29.json,idx_143
open,trainingSamples,raw_data/EMG-EPN612/testingJSON/user29/user29.json,idx_144
open,trainingSamples,raw_data/EMG-EPN612/testingJSON/user29/user29.json,idx_145
open,trainingSamples,raw_data/EMG-EPN612/testingJSON/user29/user29.json,idx_146
open,trainingSamples,raw_data/EMG-EPN612/testingJSON/user29/user29.json,idx_147
open,trainingSamples,raw_data/EMG-EPN612/testingJSON/user29/user29.json,idx_148
open,trainingSamples,raw_data/EMG-EPN612/testingJSON/user29/user29.json,idx_149
open,trainingSamples,raw_data/EMG-EPN612/testingJSON/user29/user29.json,idx_150
noGesture,trainingSamples,raw_data/EMG-EPN612/testingJSON/user290/user290.json,idx_1
noGesture,trainingSamples,raw_data/EMG-EPN612/testingJSON/user290/user290.json,idx_2
noGesture,trainingSamples,raw_data/EMG-EPN612/testingJSON/user290/user290.json,idx_3
noGesture,trainingSamples,raw_data/EMG-EPN612/testingJSON/user290/user290.json,idx_4
noGesture,trainingSamples,raw_data/EMG-EPN612/testingJSON/user290/user290.json,idx_5
noGesture,trainingSamples,raw_data/EMG-EPN612/testingJSON/user290/user290.json,idx_6
noGesture,trainingSamples,raw_data/EMG-EPN612/testingJSON/user290/user290.json,idx_7
noGesture,trainingSamples,raw_data/EMG-EPN612/testingJSON/user290/user290.json,idx_8
noGesture,trainingSamples,raw_data/EMG-EPN612/testingJSON/user290/user290.json,idx_9
noGesture,trainingSamples,raw_data/EMG-EPN612/testingJSON/user290/user290.json,idx_10
noGesture,trainingSamples,raw_data/EMG-EPN612/testingJSON/user290/user290.json,idx_11
noGesture,trainingSamples,raw_data/EMG-EPN612/testingJSON/user290/user290.json,idx_12
noGesture,trainingSamples,raw_data/EMG-EPN612/testingJSON/user290/user290.json,idx_13
noGesture,trainingSamples,raw_data/EMG-EPN612/testingJSON/user290/user290.json,idx_14
noGesture,trainingSamples,raw_data/EMG-EPN612/testingJSON/user290/user290.json,idx_15
noGesture,trainingSamples,raw_data/EMG-EPN612/testingJSON/user290/user290.json,idx_16
noGesture,trainingSamples,raw_data/EMG-EPN612/testingJSON/user290/user290.json,idx_17
noGesture,trainingSamples,raw_data/EMG-EPN612/testingJSON/user290/user290.json,idx_18
noGesture,trainingSamples,raw_data/EMG-EPN612/testingJSON/user290/user290.json,idx_19
noGesture,trainingSamples,raw_data/EMG-EPN612/testingJSON/user290/user290.json,idx_20
noGesture,trainingSamples,raw_data/EMG-EPN612/testingJSON/user290/user290.json,idx_21
noGesture,trainingSamples,raw_data/EMG-EPN612/testingJSON/user290/user290.json,idx_22
noGesture,trainingSamples,raw_data/EMG-EPN612/testingJSON/user290/user290.json,idx_23
noGesture,trainingSamples,raw_data/EMG-EPN612/testingJSON/user290/user290.json,idx_24
noGesture,trainingSamples,raw_data/EMG-EPN612/testingJSON/user290/user290.json,idx_25
waveOut,trainingSamples,raw_data/EMG-EPN612/testingJSON/user290/user290.json,idx_26
waveOut,trainingSamples,raw_data/EMG-EPN612/testingJSON/user290/user290.json,idx_27
waveOut,trainingSamples,raw_data/EMG-EPN612/testingJSON/user290/user290.json,idx_28
waveOut,trainingSamples,raw_data/EMG-EPN612/testingJSON/user290/user290.json,idx_29
waveOut,trainingSamples,raw_data/EMG-EPN612/testingJSON/user290/user290.json,idx_30
waveOut,trainingSamples,raw_data/EMG-EPN612/testingJSON/user290/user290.json,idx_31
waveOut,trainingSamples,raw_data/EMG-EPN612/testingJSON/user290/user290.json,idx_32
waveOut,trainingSamples,raw_data/EMG-EPN612/testingJSON/user290/user290.json,idx_33
waveOut,trainingSamples,raw_data/EMG-EPN612/testingJSON/user290/user290.json,idx_34
waveOut,trainingSamples,raw_data/EMG-EPN612/testingJSON/user290/user290.json,idx_35
waveOut,trainingSamples,raw_data/EMG-EPN612/testingJSON/user290/user290.json,idx_36
waveOut,trainingSamples,raw_data/EMG-EPN612/testingJSON/user290/user290.json,idx_37
waveOut,trainingSamples,raw_data/EMG-EPN612/testingJSON/user290/user290.json,idx_38
waveOut,trainingSamples,raw_data/EMG-EPN612/testingJSON/user290/user290.json,idx_39
waveOut,trainingSamples,raw_data/EMG-EPN612/testingJSON/user290/user290.json,idx_40
waveOut,trainingSamples,raw_data/EMG-EPN612/testingJSON/user290/user290.json,idx_41
waveOut,trainingSamples,raw_data/EMG-EPN612/testingJSON/user290/user290.json,idx_42
waveOut,trainingSamples,raw_data/EMG-EPN612/testingJSON/user290/user290.json,idx_43
waveOut,trainingSamples,raw_data/EMG-EPN612/testingJSON/user290/user290.json,idx_44
waveOut,trainingSamples,raw_data/EMG-EPN612/testingJSON/user290/user290.json,idx_45
waveOut,trainingSamples,raw_data/EMG-EPN612/testingJSON/user290/user290.json,idx_46
waveOut,trainingSamples,raw_data/EMG-EPN612/testingJSON/user290/user290.json,idx_47
waveOut,trainingSamples,raw_data/EMG-EPN612/testingJSON/user290/user290.json,idx_48
waveOut,trainingSamples,raw_data/EMG-EPN612/testingJSON/user290/user290.json,idx_49
waveOut,trainingSamples,raw_data/EMG-EPN612/testingJSON/user290/user290.json,idx_50
pinch,trainingSamples,raw_data/EMG-EPN612/testingJSON/user290/user290.json,idx_51
pinch,trainingSamples,raw_data/EMG-EPN612/testingJSON/user290/user290.json,idx_52
pinch,trainingSamples,raw_data/EMG-EPN612/testingJSON/user290/user290.json,idx_53
pinch,trainingSamples,raw_data/EMG-EPN612/testingJSON/user290/user290.json,idx_54
pinch,trainingSamples,raw_data/EMG-EPN612/testingJSON/user290/user290.json,idx_55
pinch,trainingSamples,raw_data/EMG-EPN612/testingJSON/user290/user290.json,idx_56
pinch,trainingSamples,raw_data/EMG-EPN612/testingJSON/user290/user290.json,idx_57
pinch,trainingSamples,raw_data/EMG-EPN612/testingJSON/user290/user290.json,idx_58
pinch,trainingSamples,raw_data/EMG-EPN612/testingJSON/user290/user290.json,idx_59
pinch,trainingSamples,raw_data/EMG-EPN612/testingJSON/user290/user290.json,idx_60
pinch,trainingSamples,raw_data/EMG-EPN612/testingJSON/user290/user290.json,idx_61
pinch,trainingSamples,raw_data/EMG-EPN612/testingJSON/user290/user290.json,idx_62
pinch,trainingSamples,raw_data/EMG-EPN612/testingJSON/user290/user290.json,idx_63
pinch,trainingSamples,raw_data/EMG-EPN612/testingJSON/user290/user290.json,idx_64
pinch,trainingSamples,raw_data/EMG-EPN612/testingJSON/user290/user290.json,idx_65
pinch,trainingSamples,raw_data/EMG-EPN612/testingJSON/user290/user290.json,idx_66
pinch,trainingSamples,raw_data/EMG-EPN612/testingJSON/user290/user290.json,idx_67
pinch,trainingSamples,raw_data/EMG-EPN612/testingJSON/user290/user290.json,idx_68
pinch,trainingSamples,raw_data/EMG-EPN612/testingJSON/user290/user290.json,idx_69
pinch,trainingSamples,raw_data/EMG-EPN612/testingJSON/user290/user290.json,idx_70
pinch,trainingSamples,raw_data/EMG-EPN612/testingJSON/user290/user290.json,idx_71
pinch,trainingSamples,raw_data/EMG-EPN612/testingJSON/user290/user290.json,idx_72
pinch,trainingSamples,raw_data/EMG-EPN612/testingJSON/user290/user290.json,idx_73
pinch,trainingSamples,raw_data/EMG-EPN612/testingJSON/user290/user290.json,idx_74
pinch,trainingSamples,raw_data/EMG-EPN612/testingJSON/user290/user290.json,idx_75
open,trainingSamples,raw_data/EMG-EPN612/testingJSON/user290/user290.json,idx_76
open,trainingSamples,raw_data/EMG-EPN612/testingJSON/user290/user290.json,idx_77
open,trainingSamples,raw_data/EMG-EPN612/testingJSON/user290/user290.json,idx_78
open,trainingSamples,raw_data/EMG-EPN612/testingJSON/user290/user290.json,idx_79
open,trainingSamples,raw_data/EMG-EPN612/testingJSON/user290/user290.json,idx_80
open,trainingSamples,raw_data/EMG-EPN612/testingJSON/user290/user290.json,idx_81
open,trainingSamples,raw_data/EMG-EPN612/testingJSON/user290/user290.json,idx_82
open,trainingSamples,raw_data/EMG-EPN612/testingJSON/user290/user290.json,idx_83
open,trainingSamples,raw_data/EMG-EPN612/testingJSON/user290/user290.json,idx_84
open,trainingSamples,raw_data/EMG-EPN612/testingJSON/user290/user290.json,idx_85
open,trainingSamples,raw_data/EMG-EPN612/testingJSON/user290/user290.json,idx_86
open,trainingSamples,raw_data/EMG-EPN612/testingJSON/user290/user290.json,idx_87
open,trainingSamples,raw_data/EMG-EPN612/testingJSON/user290/user290.json,idx_88
open,trainingSamples,raw_data/EMG-EPN612/testingJSON/user290/user290.json,idx_89
open,trainingSamples,raw_data/EMG-EPN612/testingJSON/user290/user290.json,idx_90
open,trainingSamples,raw_data/EMG-EPN612/testingJSON/user290/user290.json,idx_91
open,trainingSamples,raw_data/EMG-EPN612/testingJSON/user290/user290.json,idx_92
open,trainingSamples,raw_data/EMG-EPN612/testingJSON/user290/user290.json,idx_93
open,trainingSamples,raw_data/EMG-EPN612/testingJSON/user290/user290.json,idx_94
open,trainingSamples,raw_data/EMG-EPN612/testingJSON/user290/user290.json,idx_95
open,trainingSamples,raw_data/EMG-EPN612/testingJSON/user290/user290.json,idx_96
open,trainingSamples,raw_data/EMG-EPN612/testingJSON/user290/user290.json,idx_97
open,trainingSamples,raw_data/EMG-EPN612/testingJSON/user290/user290.json,idx_98
open,trainingSamples,raw_data/EMG-EPN612/testingJSON/user290/user290.json,idx_99
open,trainingSamples,raw_data/EMG-EPN612/testingJSON/user290/user290.json,idx_100
fist,trainingSamples,raw_data/EMG-EPN612/testingJSON/user290/user290.json,idx_101
fist,trainingSamples,raw_data/EMG-EPN612/testingJSON/user290/user290.json,idx_102
fist,trainingSamples,raw_data/EMG-EPN612/testingJSON/user290/user290.json,idx_103
fist,trainingSamples,raw_data/EMG-EPN612/testingJSON/user290/user290.json,idx_104
fist,trainingSamples,raw_data/EMG-EPN612/testingJSON/user290/user290.json,idx_105
fist,trainingSamples,raw_data/EMG-EPN612/testingJSON/user290/user290.json,idx_106
fist,trainingSamples,raw_data/EMG-EPN612/testingJSON/user290/user290.json,idx_107
fist,trainingSamples,raw_data/EMG-EPN612/testingJSON/user290/user290.json,idx_108
fist,trainingSamples,raw_data/EMG-EPN612/testingJSON/user290/user290.json,idx_109
fist,trainingSamples,raw_data/EMG-EPN612/testingJSON/user290/user290.json,idx_110
fist,trainingSamples,raw_data/EMG-EPN612/testingJSON/user290/user290.json,idx_111
fist,trainingSamples,raw_data/EMG-EPN612/testingJSON/user290/user290.json,idx_112
fist,trainingSamples,raw_data/EMG-EPN612/testingJSON/user290/user290.json,idx_113
fist,trainingSamples,raw_data/EMG-EPN612/testingJSON/user290/user290.json,idx_114
fist,trainingSamples,raw_data/EMG-EPN612/testingJSON/user290/user290.json,idx_115
fist,trainingSamples,raw_data/EMG-EPN612/testingJSON/user290/user290.json,idx_116
fist,trainingSamples,raw_data/EMG-EPN612/testingJSON/user290/user290.json,idx_117
fist,trainingSamples,raw_data/EMG-EPN612/testingJSON/user290/user290.json,idx_118
fist,trainingSamples,raw_data/EMG-EPN612/testingJSON/user290/user290.json,idx_119
fist,trainingSamples,raw_data/EMG-EPN612/testingJSON/user290/user290.json,idx_120
fist,trainingSamples,raw_data/EMG-EPN612/testingJSON/user290/user290.json,idx_121
fist,trainingSamples,raw_data/EMG-EPN612/testingJSON/user290/user290.json,idx_122
fist,trainingSamples,raw_data/EMG-EPN612/testingJSON/user290/user290.json,idx_123
fist,trainingSamples,raw_data/EMG-EPN612/testingJSON/user290/user290.json,idx_124
fist,trainingSamples,raw_data/EMG-EPN612/testingJSON/user290/user290.json,idx_125
waveIn,trainingSamples,raw_data/EMG-EPN612/testingJSON/user290/user290.json,idx_126
waveIn,trainingSamples,raw_data/EMG-EPN612/testingJSON/user290/user290.json,idx_127
waveIn,trainingSamples,raw_data/EMG-EPN612/testingJSON/user290/user290.json,idx_128
waveIn,trainingSamples,raw_data/EMG-EPN612/testingJSON/user290/user290.json,idx_129
waveIn,trainingSamples,raw_data/EMG-EPN612/testingJSON/user290/user290.json,idx_130
waveIn,trainingSamples,raw_data/EMG-EPN612/testingJSON/user290/user290.json,idx_131
waveIn,trainingSamples,raw_data/EMG-EPN612/testingJSON/user290/user290.json,idx_132
waveIn,trainingSamples,raw_data/EMG-EPN612/testingJSON/user290/user290.json,idx_133
waveIn,trainingSamples,raw_data/EMG-EPN612/testingJSON/user290/user290.json,idx_134
waveIn,trainingSamples,raw_data/EMG-EPN612/testingJSON/user290/user290.json,idx_135
waveIn,trainingSamples,raw_data/EMG-EPN612/testingJSON/user290/user290.json,idx_136
waveIn,trainingSamples,raw_data/EMG-EPN612/testingJSON/user290/user290.json,idx_137
waveIn,trainingSamples,raw_data/EMG-EPN612/testingJSON/user290/user290.json,idx_138
waveIn,trainingSamples,raw_data/EMG-EPN612/testingJSON/user290/user290.json,idx_139
waveIn,trainingSamples,raw_data/EMG-EPN612/testingJSON/user290/user290.json,idx_140
waveIn,trainingSamples,raw_data/EMG-EPN612/testingJSON/user290/user290.json,idx_141
waveIn,trainingSamples,raw_data/EMG-EPN612/testingJSON/user290/user290.json,idx_142
waveIn,trainingSamples,raw_data/EMG-EPN612/testingJSON/user290/user290.json,idx_143
waveIn,trainingSamples,raw_data/EMG-EPN612/testingJSON/user290/user290.json,idx_144
waveIn,trainingSamples,raw_data/EMG-EPN612/testingJSON/user290/user290.json,idx_145
waveIn,trainingSamples,raw_data/EMG-EPN612/testingJSON/user290/user290.json,idx_146
waveIn,trainingSamples,raw_data/EMG-EPN612/testingJSON/user290/user290.json,idx_147
waveIn,trainingSamples,raw_data/EMG-EPN612/testingJSON/user290/user290.json,idx_148
waveIn,trainingSamples,raw_data/EMG-EPN612/testingJSON/user290/user290.json,idx_149
waveIn,trainingSamples,raw_data/EMG-EPN612/testingJSON/user290/user290.json,idx_150
noGesture,trainingSamples,raw_data/EMG-EPN612/testingJSON/user291/user291.json,idx_1
noGesture,trainingSamples,raw_data/EMG-EPN612/testingJSON/user291/user291.json,idx_2
noGesture,trainingSamples,raw_data/EMG-EPN612/testingJSON/user291/user291.json,idx_3
noGesture,trainingSamples,raw_data/EMG-EPN612/testingJSON/user291/user291.json,idx_4
noGesture,trainingSamples,raw_data/EMG-EPN612/testingJSON/user291/user291.json,idx_5
noGesture,trainingSamples,raw_data/EMG-EPN612/testingJSON/user291/user291.json,idx_6
noGesture,trainingSamples,raw_data/EMG-EPN612/testingJSON/user291/user291.json,idx_7
noGesture,trainingSamples,raw_data/EMG-EPN612/testingJSON/user291/user291.json,idx_8
noGesture,trainingSamples,raw_data/EMG-EPN612/testingJSON/user291/user291.json,idx_9
noGesture,trainingSamples,raw_data/EMG-EPN612/testingJSON/user291/user291.json,idx_10
noGesture,trainingSamples,raw_data/EMG-EPN612/testingJSON/user291/user291.json,idx_11
noGesture,trainingSamples,raw_data/EMG-EPN612/testingJSON/user291/user291.json,idx_12
noGesture,trainingSamples,raw_data/EMG-EPN612/testingJSON/user291/user291.json,idx_13
noGesture,trainingSamples,raw_data/EMG-EPN612/testingJSON/user291/user291.json,idx_14
noGesture,trainingSamples,raw_data/EMG-EPN612/testingJSON/user291/user291.json,idx_15
noGesture,trainingSamples,raw_data/EMG-EPN612/testingJSON/user291/user291.json,idx_16
noGesture,trainingSamples,raw_data/EMG-EPN612/testingJSON/user291/user291.json,idx_17
noGesture,trainingSamples,raw_data/EMG-EPN612/testingJSON/user291/user291.json,idx_18
noGesture,trainingSamples,raw_data/EMG-EPN612/testingJSON/user291/user291.json,idx_19
noGesture,trainingSamples,raw_data/EMG-EPN612/testingJSON/user291/user291.json,idx_20
noGesture,trainingSamples,raw_data/EMG-EPN612/testingJSON/user291/user291.json,idx_21
noGesture,trainingSamples,raw_data/EMG-EPN612/testingJSON/user291/user291.json,idx_22
noGesture,trainingSamples,raw_data/EMG-EPN612/testingJSON/user291/user291.json,idx_23
noGesture,trainingSamples,raw_data/EMG-EPN612/testingJSON/user291/user291.json,idx_24
noGesture,trainingSamples,raw_data/EMG-EPN612/testingJSON/user291/user291.json,idx_25
waveOut,trainingSamples,raw_data/EMG-EPN612/testingJSON/user291/user291.json,idx_26
waveOut,trainingSamples,raw_data/EMG-EPN612/testingJSON/user291/user291.json,idx_27
waveOut,trainingSamples,raw_data/EMG-EPN612/testingJSON/user291/user291.json,idx_28
waveOut,trainingSamples,raw_data/EMG-EPN612/testingJSON/user291/user291.json,idx_29
waveOut,trainingSamples,raw_data/EMG-EPN612/testingJSON/user291/user291.json,idx_30
waveOut,trainingSamples,raw_data/EMG-EPN612/testingJSON/user291/user291.json,idx_31
waveOut,trainingSamples,raw_data/EMG-EPN612/testingJSON/user291/user291.json,idx_32
waveOut,trainingSamples,raw_data/EMG-EPN612/testingJSON/user291/user291.json,idx_33
waveOut,trainingSamples,raw_data/EMG-EPN612/testingJSON/user291/user291.json,idx_34
waveOut,trainingSamples,raw_data/EMG-EPN612/testingJSON/user291/user291.json,idx_35
waveOut,trainingSamples,raw_data/EMG-EPN612/testingJSON/user291/user291.json,idx_36
waveOut,trainingSamples,raw_data/EMG-EPN612/testingJSON/user291/user291.json,idx_37
waveOut,trainingSamples,raw_data/EMG-EPN612/testingJSON/user291/user291.json,idx_38
waveOut,trainingSamples,raw_data/EMG-EPN612/testingJSON/user291/user291.json,idx_39
waveOut,trainingSamples,raw_data/EMG-EPN612/testingJSON/user291/user291.json,idx_40
waveOut,trainingSamples,raw_data/EMG-EPN612/testingJSON/user291/user291.json,idx_41
waveOut,trainingSamples,raw_data/EMG-EPN612/testingJSON/user291/user291.json,idx_42
waveOut,trainingSamples,raw_data/EMG-EPN612/testingJSON/user291/user291.json,idx_43
waveOut,trainingSamples,raw_data/EMG-EPN612/testingJSON/user291/user291.json,idx_44
waveOut,trainingSamples,raw_data/EMG-EPN612/testingJSON/user291/user291.json,idx_45
waveOut,trainingSamples,raw_data/EMG-EPN612/testingJSON/user291/user291.json,idx_46
waveOut,trainingSamples,raw_data/EMG-EPN612/testingJSON/user291/user291.json,idx_47
waveOut,trainingSamples,raw_data/EMG-EPN612/testingJSON/user291/user291.json,idx_48
waveOut,trainingSamples,raw_data/EMG-EPN612/testingJSON/user291/user291.json,idx_49
waveOut,trainingSamples,raw_data/EMG-EPN612/testingJSON/user291/user291.json,idx_50
pinch,trainingSamples,raw_data/EMG-EPN612/testingJSON/user291/user291.json,idx_51
pinch,trainingSamples,raw_data/EMG-EPN612/testingJSON/user291/user291.json,idx_52
pinch,trainingSamples,raw_data/EMG-EPN612/testingJSON/user291/user291.json,idx_53
pinch,trainingSamples,raw_data/EMG-EPN612/testingJSON/user291/user291.json,idx_54
pinch,trainingSamples,raw_data/EMG-EPN612/testingJSON/user291/user291.json,idx_55
pinch,trainingSamples,raw_data/EMG-EPN612/testingJSON/user291/user291.json,idx_56
pinch,trainingSamples,raw_data/EMG-EPN612/testingJSON/user291/user291.json,idx_57
pinch,trainingSamples,raw_data/EMG-EPN612/testingJSON/user291/user291.json,idx_58
pinch,trainingSamples,raw_data/EMG-EPN612/testingJSON/user291/user291.json,idx_59
pinch,trainingSamples,raw_data/EMG-EPN612/testingJSON/user291/user291.json,idx_60
pinch,trainingSamples,raw_data/EMG-EPN612/testingJSON/user291/user291.json,idx_61
pinch,trainingSamples,raw_data/EMG-EPN612/testingJSON/user291/user291.json,idx_62
pinch,trainingSamples,raw_data/EMG-EPN612/testingJSON/user291/user291.json,idx_63
pinch,trainingSamples,raw_data/EMG-EPN612/testingJSON/user291/user291.json,idx_64
pinch,trainingSamples,raw_data/EMG-EPN612/testingJSON/user291/user291.json,idx_65
pinch,trainingSamples,raw_data/EMG-EPN612/testingJSON/user291/user291.json,idx_66
pinch,trainingSamples,raw_data/EMG-EPN612/testingJSON/user291/user291.json,idx_67
pinch,trainingSamples,raw_data/EMG-EPN612/testingJSON/user291/user291.json,idx_68
pinch,trainingSamples,raw_data/EMG-EPN612/testingJSON/user291/user291.json,idx_69
pinch,trainingSamples,raw_data/EMG-EPN612/testingJSON/user291/user291.json,idx_70
pinch,trainingSamples,raw_data/EMG-EPN612/testingJSON/user291/user291.json,idx_71
pinch,trainingSamples,raw_data/EMG-EPN612/testingJSON/user291/user291.json,idx_72
pinch,trainingSamples,raw_data/EMG-EPN612/testingJSON/user291/user291.json,idx_73
pinch,trainingSamples,raw_data/EMG-EPN612/testingJSON/user291/user291.json,idx_74
pinch,trainingSamples,raw_data/EMG-EPN612/testingJSON/user291/user291.json,idx_75
fist,trainingSamples,raw_data/EMG-EPN612/testingJSON/user291/user291.json,idx_76
fist,trainingSamples,raw_data/EMG-EPN612/testingJSON/user291/user291.json,idx_77
fist,trainingSamples,raw_data/EMG-EPN612/testingJSON/user291/user291.json,idx_78
fist,trainingSamples,raw_data/EMG-EPN612/testingJSON/user291/user291.json,idx_79
fist,trainingSamples,raw_data/EMG-EPN612/testingJSON/user291/user291.json,idx_80
fist,trainingSamples,raw_data/EMG-EPN612/testingJSON/user291/user291.json,idx_81
fist,trainingSamples,raw_data/EMG-EPN612/testingJSON/user291/user291.json,idx_82
fist,trainingSamples,raw_data/EMG-EPN612/testingJSON/user291/user291.json,idx_83
fist,trainingSamples,raw_data/EMG-EPN612/testingJSON/user291/user291.json,idx_84
fist,trainingSamples,raw_data/EMG-EPN612/testingJSON/user291/user291.json,idx_85
fist,trainingSamples,raw_data/EMG-EPN612/testingJSON/user291/user291.json,idx_86
fist,trainingSamples,raw_data/EMG-EPN612/testingJSON/user291/user291.json,idx_87
fist,trainingSamples,raw_data/EMG-EPN612/testingJSON/user291/user291.json,idx_88
fist,trainingSamples,raw_data/EMG-EPN612/testingJSON/user291/user291.json,idx_89
fist,trainingSamples,raw_data/EMG-EPN612/testingJSON/user291/user291.json,idx_90
fist,trainingSamples,raw_data/EMG-EPN612/testingJSON/user291/user291.json,idx_91
fist,trainingSamples,raw_data/EMG-EPN612/testingJSON/user291/user291.json,idx_92
fist,trainingSamples,raw_data/EMG-EPN612/testingJSON/user291/user291.json,idx_93
fist,trainingSamples,raw_data/EMG-EPN612/testingJSON/user291/user291.json,idx_94
fist,trainingSamples,raw_data/EMG-EPN612/testingJSON/user291/user291.json,idx_95
fist,trainingSamples,raw_data/EMG-EPN612/testingJSON/user291/user291.json,idx_96
fist,trainingSamples,raw_data/EMG-EPN612/testingJSON/user291/user291.json,idx_97
fist,trainingSamples,raw_data/EMG-EPN612/testingJSON/user291/user291.json,idx_98
fist,trainingSamples,raw_data/EMG-EPN612/testingJSON/user291/user291.json,idx_99
fist,trainingSamples,raw_data/EMG-EPN612/testingJSON/user291/user291.json,idx_100
waveIn,trainingSamples,raw_data/EMG-EPN612/testingJSON/user291/user291.json,idx_101
waveIn,trainingSamples,raw_data/EMG-EPN612/testingJSON/user291/user291.json,idx_102
waveIn,trainingSamples,raw_data/EMG-EPN612/testingJSON/user291/user291.json,idx_103
waveIn,trainingSamples,raw_data/EMG-EPN612/testingJSON/user291/user291.json,idx_104
waveIn,trainingSamples,raw_data/EMG-EPN612/testingJSON/user291/user291.json,idx_105
waveIn,trainingSamples,raw_data/EMG-EPN612/testingJSON/user291/user291.json,idx_106
waveIn,trainingSamples,raw_data/EMG-EPN612/testingJSON/user291/user291.json,idx_107
waveIn,trainingSamples,raw_data/EMG-EPN612/testingJSON/user291/user291.json,idx_108
waveIn,trainingSamples,raw_data/EMG-EPN612/testingJSON/user291/user291.json,idx_109
waveIn,trainingSamples,raw_data/EMG-EPN612/testingJSON/user291/user291.json,idx_110
waveIn,trainingSamples,raw_data/EMG-EPN612/testingJSON/user291/user291.json,idx_111
waveIn,trainingSamples,raw_data/EMG-EPN612/testingJSON/user291/user291.json,idx_112
waveIn,trainingSamples,raw_data/EMG-EPN612/testingJSON/user291/user291.json,idx_113
waveIn,trainingSamples,raw_data/EMG-EPN612/testingJSON/user291/user291.json,idx_114
waveIn,trainingSamples,raw_data/EMG-EPN612/testingJSON/user291/user291.json,idx_115
waveIn,trainingSamples,raw_data/EMG-EPN612/testingJSON/user291/user291.json,idx_116
waveIn,trainingSamples,raw_data/EMG-EPN612/testingJSON/user291/user291.json,idx_117
waveIn,trainingSamples,raw_data/EMG-EPN612/testingJSON/user291/user291.json,idx_118
waveIn,trainingSamples,raw_data/EMG-EPN612/testingJSON/user291/user291.json,idx_119
waveIn,trainingSamples,raw_data/EMG-EPN612/testingJSON/user291/user291.json,idx_120
waveIn,trainingSamples,raw_data/EMG-EPN612/testingJSON/user291/user291.json,idx_121
waveIn,trainingSamples,raw_data/EMG-EPN612/testingJSON/user291/user291.json,idx_122
waveIn,trainingSamples,raw_data/EMG-EPN612/testingJSON/user291/user291.json,idx_123
waveIn,trainingSamples,raw_data/EMG-EPN612/testingJSON/user291/user291.json,idx_124
waveIn,trainingSamples,raw_data/EMG-EPN612/testingJSON/user291/user291.json,idx_125
open,trainingSamples,raw_data/EMG-EPN612/testingJSON/user291/user291.json,idx_126
open,trainingSamples,raw_data/EMG-EPN612/testingJSON/user291/user291.json,idx_127
open,trainingSamples,raw_data/EMG-EPN612/testingJSON/user291/user291.json,idx_128
open,trainingSamples,raw_data/EMG-EPN612/testingJSON/user291/user291.json,idx_129
open,trainingSamples,raw_data/EMG-EPN612/testingJSON/user291/user291.json,idx_130
open,trainingSamples,raw_data/EMG-EPN612/testingJSON/user291/user291.json,idx_131
open,trainingSamples,raw_data/EMG-EPN612/testingJSON/user291/user291.json,idx_132
open,trainingSamples,raw_data/EMG-EPN612/testingJSON/user291/user291.json,idx_133
open,trainingSamples,raw_data/EMG-EPN612/testingJSON/user291/user291.json,idx_134
open,trainingSamples,raw_data/EMG-EPN612/testingJSON/user291/user291.json,idx_135
open,trainingSamples,raw_data/EMG-EPN612/testingJSON/user291/user291.json,idx_136
open,trainingSamples,raw_data/EMG-EPN612/testingJSON/user291/user291.json,idx_137
open,trainingSamples,raw_data/EMG-EPN612/testingJSON/user291/user291.json,idx_138
open,trainingSamples,raw_data/EMG-EPN612/testingJSON/user291/user291.json,idx_139
open,trainingSamples,raw_data/EMG-EPN612/testingJSON/user291/user291.json,idx_140
open,trainingSamples,raw_data/EMG-EPN612/testingJSON/user291/user291.json,idx_141
open,trainingSamples,raw_data/EMG-EPN612/testingJSON/user291/user291.json,idx_142
open,trainingSamples,raw_data/EMG-EPN612/testingJSON/user291/user291.json,idx_143
open,trainingSamples,raw_data/EMG-EPN612/testingJSON/user291/user291.json,idx_144
open,trainingSamples,raw_data/EMG-EPN612/testingJSON/user291/user291.json,idx_145
open,trainingSamples,raw_data/EMG-EPN612/testingJSON/user291/user291.json,idx_146
open,trainingSamples,raw_data/EMG-EPN612/testingJSON/user291/user291.json,idx_147
open,trainingSamples,raw_data/EMG-EPN612/testingJSON/user291/user291.json,idx_148
open,trainingSamples,raw_data/EMG-EPN612/testingJSON/user291/user291.json,idx_149
open,trainingSamples,raw_data/EMG-EPN612/testingJSON/user291/user291.json,idx_150
noGesture,trainingSamples,raw_data/EMG-EPN612/testingJSON/user292/user292.json,idx_1
noGesture,trainingSamples,raw_data/EMG-EPN612/testingJSON/user292/user292.json,idx_2
noGesture,trainingSamples,raw_data/EMG-EPN612/testingJSON/user292/user292.json,idx_3
noGesture,trainingSamples,raw_data/EMG-EPN612/testingJSON/user292/user292.json,idx_4
noGesture,trainingSamples,raw_data/EMG-EPN612/testingJSON/user292/user292.json,idx_5
noGesture,trainingSamples,raw_data/EMG-EPN612/testingJSON/user292/user292.json,idx_6
noGesture,trainingSamples,raw_data/EMG-EPN612/testingJSON/user292/user292.json,idx_7
noGesture,trainingSamples,raw_data/EMG-EPN612/testingJSON/user292/user292.json,idx_8
noGesture,trainingSamples,raw_data/EMG-EPN612/testingJSON/user292/user292.json,idx_9
noGesture,trainingSamples,raw_data/EMG-EPN612/testingJSON/user292/user292.json,idx_10
noGesture,trainingSamples,raw_data/EMG-EPN612/testingJSON/user292/user292.json,idx_11
noGesture,trainingSamples,raw_data/EMG-EPN612/testingJSON/user292/user292.json,idx_12
noGesture,trainingSamples,raw_data/EMG-EPN612/testingJSON/user292/user292.json,idx_13
noGesture,trainingSamples,raw_data/EMG-EPN612/testingJSON/user292/user292.json,idx_14
noGesture,trainingSamples,raw_data/EMG-EPN612/testingJSON/user292/user292.json,idx_15
noGesture,trainingSamples,raw_data/EMG-EPN612/testingJSON/user292/user292.json,idx_16
noGesture,trainingSamples,raw_data/EMG-EPN612/testingJSON/user292/user292.json,idx_17
noGesture,trainingSamples,raw_data/EMG-EPN612/testingJSON/user292/user292.json,idx_18
noGesture,trainingSamples,raw_data/EMG-EPN612/testingJSON/user292/user292.json,idx_19
noGesture,trainingSamples,raw_data/EMG-EPN612/testingJSON/user292/user292.json,idx_20
noGesture,trainingSamples,raw_data/EMG-EPN612/testingJSON/user292/user292.json,idx_21
noGesture,trainingSamples,raw_data/EMG-EPN612/testingJSON/user292/user292.json,idx_22
noGesture,trainingSamples,raw_data/EMG-EPN612/testingJSON/user292/user292.json,idx_23
noGesture,trainingSamples,raw_data/EMG-EPN612/testingJSON/user292/user292.json,idx_24
noGesture,trainingSamples,raw_data/EMG-EPN612/testingJSON/user292/user292.json,idx_25
waveOut,trainingSamples,raw_data/EMG-EPN612/testingJSON/user292/user292.json,idx_26
waveOut,trainingSamples,raw_data/EMG-EPN612/testingJSON/user292/user292.json,idx_27
waveOut,trainingSamples,raw_data/EMG-EPN612/testingJSON/user292/user292.json,idx_28
waveOut,trainingSamples,raw_data/EMG-EPN612/testingJSON/user292/user292.json,idx_29
waveOut,trainingSamples,raw_data/EMG-EPN612/testingJSON/user292/user292.json,idx_30
waveOut,trainingSamples,raw_data/EMG-EPN612/testingJSON/user292/user292.json,idx_31
waveOut,trainingSamples,raw_data/EMG-EPN612/testingJSON/user292/user292.json,idx_32
waveOut,trainingSamples,raw_data/EMG-EPN612/testingJSON/user292/user292.json,idx_33
waveOut,trainingSamples,raw_data/EMG-EPN612/testingJSON/user292/user292.json,idx_34
waveOut,trainingSamples,raw_data/EMG-EPN612/testingJSON/user292/user292.json,idx_35
waveOut,trainingSamples,raw_data/EMG-EPN612/testingJSON/user292/user292.json,idx_36
waveOut,trainingSamples,raw_data/EMG-EPN612/testingJSON/user292/user292.json,idx_37
waveOut,trainingSamples,raw_data/EMG-EPN612/testingJSON/user292/user292.json,idx_38
waveOut,trainingSamples,raw_data/EMG-EPN612/testingJSON/user292/user292.json,idx_39
waveOut,trainingSamples,raw_data/EMG-EPN612/testingJSON/user292/user292.json,idx_40
waveOut,trainingSamples,raw_data/EMG-EPN612/testingJSON/user292/user292.json,idx_41
waveOut,trainingSamples,raw_data/EMG-EPN612/testingJSON/user292/user292.json,idx_42
waveOut,trainingSamples,raw_data/EMG-EPN612/testingJSON/user292/user292.json,idx_43
waveOut,trainingSamples,raw_data/EMG-EPN612/testingJSON/user292/user292.json,idx_44
waveOut,trainingSamples,raw_data/EMG-EPN612/testingJSON/user292/user292.json,idx_45
waveOut,trainingSamples,raw_data/EMG-EPN612/testingJSON/user292/user292.json,idx_46
waveOut,trainingSamples,raw_data/EMG-EPN612/testingJSON/user292/user292.json,idx_47
waveOut,trainingSamples,raw_data/EMG-EPN612/testingJSON/user292/user292.json,idx_48
waveOut,trainingSamples,raw_data/EMG-EPN612/testingJSON/user292/user292.json,idx_49
waveOut,trainingSamples,raw_data/EMG-EPN612/testingJSON/user292/user292.json,idx_50
pinch,trainingSamples,raw_data/EMG-EPN612/testingJSON/user292/user292.json,idx_51
pinch,trainingSamples,raw_data/EMG-EPN612/testingJSON/user292/user292.json,idx_52
pinch,trainingSamples,raw_data/EMG-EPN612/testingJSON/user292/user292.json,idx_53
pinch,trainingSamples,raw_data/EMG-EPN612/testingJSON/user292/user292.json,idx_54
pinch,trainingSamples,raw_data/EMG-EPN612/testingJSON/user292/user292.json,idx_55
pinch,trainingSamples,raw_data/EMG-EPN612/testingJSON/user292/user292.json,idx_56
pinch,trainingSamples,raw_data/EMG-EPN612/testingJSON/user292/user292.json,idx_57
pinch,trainingSamples,raw_data/EMG-EPN612/testingJSON/user292/user292.json,idx_58
pinch,trainingSamples,raw_data/EMG-EPN612/testingJSON/user292/user292.json,idx_59
pinch,trainingSamples,raw_data/EMG-EPN612/testingJSON/user292/user292.json,idx_60
pinch,trainingSamples,raw_data/EMG-EPN612/testingJSON/user292/user292.json,idx_61
pinch,trainingSamples,raw_data/EMG-EPN612/testingJSON/user292/user292.json,idx_62
pinch,trainingSamples,raw_data/EMG-EPN612/testingJSON/user292/user292.json,idx_63
pinch,trainingSamples,raw_data/EMG-EPN612/testingJSON/user292/user292.json,idx_64
pinch,trainingSamples,raw_data/EMG-EPN612/testingJSON/user292/user292.json,idx_65
pinch,trainingSamples,raw_data/EMG-EPN612/testingJSON/user292/user292.json,idx_66
pinch,trainingSamples,raw_data/EMG-EPN612/testingJSON/user292/user292.json,idx_67
pinch,trainingSamples,raw_data/EMG-EPN612/testingJSON/user292/user292.json,idx_68
pinch,trainingSamples,raw_data/EMG-EPN612/testingJSON/user292/user292.json,idx_69
pinch,trainingSamples,raw_data/EMG-EPN612/testingJSON/user292/user292.json,idx_70
pinch,trainingSamples,raw_data/EMG-EPN612/testingJSON/user292/user292.json,idx_71
pinch,trainingSamples,raw_data/EMG-EPN612/testingJSON/user292/user292.json,idx_72
pinch,trainingSamples,raw_data/EMG-EPN612/testingJSON/user292/user292.json,idx_73
pinch,trainingSamples,raw_data/EMG-EPN612/testingJSON/user292/user292.json,idx_74
pinch,trainingSamples,raw_data/EMG-EPN612/testingJSON/user292/user292.json,idx_75
fist,trainingSamples,raw_data/EMG-EPN612/testingJSON/user292/user292.json,idx_76
fist,trainingSamples,raw_data/EMG-EPN612/testingJSON/user292/user292.json,idx_77
fist,trainingSamples,raw_data/EMG-EPN612/testingJSON/user292/user292.json,idx_78
fist,trainingSamples,raw_data/EMG-EPN612/testingJSON/user292/user292.json,idx_79
fist,trainingSamples,raw_data/EMG-EPN612/testingJSON/user292/user292.json,idx_80
fist,trainingSamples,raw_data/EMG-EPN612/testingJSON/user292/user292.json,idx_81
fist,trainingSamples,raw_data/EMG-EPN612/testingJSON/user292/user292.json,idx_82
fist,trainingSamples,raw_data/EMG-EPN612/testingJSON/user292/user292.json,idx_83
fist,trainingSamples,raw_data/EMG-EPN612/testingJSON/user292/user292.json,idx_84
fist,trainingSamples,raw_data/EMG-EPN612/testingJSON/user292/user292.json,idx_85
fist,trainingSamples,raw_data/EMG-EPN612/testingJSON/user292/user292.json,idx_86
fist,trainingSamples,raw_data/EMG-EPN612/testingJSON/user292/user292.json,idx_87
fist,trainingSamples,raw_data/EMG-EPN612/testingJSON/user292/user292.json,idx_88
fist,trainingSamples,raw_data/EMG-EPN612/testingJSON/user292/user292.json,idx_89
fist,trainingSamples,raw_data/EMG-EPN612/testingJSON/user292/user292.json,idx_90
fist,trainingSamples,raw_data/EMG-EPN612/testingJSON/user292/user292.json,idx_91
fist,trainingSamples,raw_data/EMG-EPN612/testingJSON/user292/user292.json,idx_92
fist,trainingSamples,raw_data/EMG-EPN612/testingJSON/user292/user292.json,idx_93
fist,trainingSamples,raw_data/EMG-EPN612/testingJSON/user292/user292.json,idx_94
fist,trainingSamples,raw_data/EMG-EPN612/testingJSON/user292/user292.json,idx_95
fist,trainingSamples,raw_data/EMG-EPN612/testingJSON/user292/user292.json,idx_96
fist,trainingSamples,raw_data/EMG-EPN612/testingJSON/user292/user292.json,idx_97
fist,trainingSamples,raw_data/EMG-EPN612/testingJSON/user292/user292.json,idx_98
fist,trainingSamples,raw_data/EMG-EPN612/testingJSON/user292/user292.json,idx_99
fist,trainingSamples,raw_data/EMG-EPN612/testingJSON/user292/user292.json,idx_100
waveIn,trainingSamples,raw_data/EMG-EPN612/testingJSON/user292/user292.json,idx_101
waveIn,trainingSamples,raw_data/EMG-EPN612/testingJSON/user292/user292.json,idx_102
waveIn,trainingSamples,raw_data/EMG-EPN612/testingJSON/user292/user292.json,idx_103
waveIn,trainingSamples,raw_data/EMG-EPN612/testingJSON/user292/user292.json,idx_104
waveIn,trainingSamples,raw_data/EMG-EPN612/testingJSON/user292/user292.json,idx_105
waveIn,trainingSamples,raw_data/EMG-EPN612/testingJSON/user292/user292.json,idx_106
waveIn,trainingSamples,raw_data/EMG-EPN612/testingJSON/user292/user292.json,idx_107
waveIn,trainingSamples,raw_data/EMG-EPN612/testingJSON/user292/user292.json,idx_108
waveIn,trainingSamples,raw_data/EMG-EPN612/testingJSON/user292/user292.json,idx_109
waveIn,trainingSamples,raw_data/EMG-EPN612/testingJSON/user292/user292.json,idx_110
waveIn,trainingSamples,raw_data/EMG-EPN612/testingJSON/user292/user292.json,idx_111
waveIn,trainingSamples,raw_data/EMG-EPN612/testingJSON/user292/user292.json,idx_112
waveIn,trainingSamples,raw_data/EMG-EPN612/testingJSON/user292/user292.json,idx_113
waveIn,trainingSamples,raw_data/EMG-EPN612/testingJSON/user292/user292.json,idx_114
waveIn,trainingSamples,raw_data/EMG-EPN612/testingJSON/user292/user292.json,idx_115
waveIn,trainingSamples,raw_data/EMG-EPN612/testingJSON/user292/user292.json,idx_116
waveIn,trainingSamples,raw_data/EMG-EPN612/testingJSON/user292/user292.json,idx_117
waveIn,trainingSamples,raw_data/EMG-EPN612/testingJSON/user292/user292.json,idx_118
waveIn,trainingSamples,raw_data/EMG-EPN612/testingJSON/user292/user292.json,idx_119
waveIn,trainingSamples,raw_data/EMG-EPN612/testingJSON/user292/user292.json,idx_120
waveIn,trainingSamples,raw_data/EMG-EPN612/testingJSON/user292/user292.json,idx_121
waveIn,trainingSamples,raw_data/EMG-EPN612/testingJSON/user292/user292.json,idx_122
waveIn,trainingSamples,raw_data/EMG-EPN612/testingJSON/user292/user292.json,idx_123
waveIn,trainingSamples,raw_data/EMG-EPN612/testingJSON/user292/user292.json,idx_124
waveIn,trainingSamples,raw_data/EMG-EPN612/testingJSON/user292/user292.json,idx_125
open,trainingSamples,raw_data/EMG-EPN612/testingJSON/user292/user292.json,idx_126
open,trainingSamples,raw_data/EMG-EPN612/testingJSON/user292/user292.json,idx_127
open,trainingSamples,raw_data/EMG-EPN612/testingJSON/user292/user292.json,idx_128
open,trainingSamples,raw_data/EMG-EPN612/testingJSON/user292/user292.json,idx_129
open,trainingSamples,raw_data/EMG-EPN612/testingJSON/user292/user292.json,idx_130
open,trainingSamples,raw_data/EMG-EPN612/testingJSON/user292/user292.json,idx_131
open,trainingSamples,raw_data/EMG-EPN612/testingJSON/user292/user292.json,idx_132
open,trainingSamples,raw_data/EMG-EPN612/testingJSON/user292/user292.json,idx_133
open,trainingSamples,raw_data/EMG-EPN612/testingJSON/user292/user292.json,idx_134
open,trainingSamples,raw_data/EMG-EPN612/testingJSON/user292/user292.json,idx_135
open,trainingSamples,raw_data/EMG-EPN612/testingJSON/user292/user292.json,idx_136
open,trainingSamples,raw_data/EMG-EPN612/testingJSON/user292/user292.json,idx_137
open,trainingSamples,raw_data/EMG-EPN612/testingJSON/user292/user292.json,idx_138
open,trainingSamples,raw_data/EMG-EPN612/testingJSON/user292/user292.json,idx_139
open,trainingSamples,raw_data/EMG-EPN612/testingJSON/user292/user292.json,idx_140
open,trainingSamples,raw_data/EMG-EPN612/testingJSON/user292/user292.json,idx_141
open,trainingSamples,raw_data/EMG-EPN612/testingJSON/user292/user292.json,idx_142
open,trainingSamples,raw_data/EMG-EPN612/testingJSON/user292/user292.json,idx_143
open,trainingSamples,raw_data/EMG-EPN612/testingJSON/user292/user292.json,idx_144
open,trainingSamples,raw_data/EMG-EPN612/testingJSON/user292/user292.json,idx_145
open,trainingSamples,raw_data/EMG-EPN612/testingJSON/user292/user292.json,idx_146
open,trainingSamples,raw_data/EMG-EPN612/testingJSON/user292/user292.json,idx_147
open,trainingSamples,raw_data/EMG-EPN612/testingJSON/user292/user292.json,idx_148
open,trainingSamples,raw_data/EMG-EPN612/testingJSON/user292/user292.json,idx_149
open,trainingSamples,raw_data/EMG-EPN612/testingJSON/user292/user292.json,idx_150
noGesture,trainingSamples,raw_data/EMG-EPN612/testingJSON/user293/user293.json,idx_1
noGesture,trainingSamples,raw_data/EMG-EPN612/testingJSON/user293/user293.json,idx_2
noGesture,trainingSamples,raw_data/EMG-EPN612/testingJSON/user293/user293.json,idx_3
noGesture,trainingSamples,raw_data/EMG-EPN612/testingJSON/user293/user293.json,idx_4
noGesture,trainingSamples,raw_data/EMG-EPN612/testingJSON/user293/user293.json,idx_5
noGesture,trainingSamples,raw_data/EMG-EPN612/testingJSON/user293/user293.json,idx_6
noGesture,trainingSamples,raw_data/EMG-EPN612/testingJSON/user293/user293.json,idx_7
noGesture,trainingSamples,raw_data/EMG-EPN612/testingJSON/user293/user293.json,idx_8
noGesture,trainingSamples,raw_data/EMG-EPN612/testingJSON/user293/user293.json,idx_9
noGesture,trainingSamples,raw_data/EMG-EPN612/testingJSON/user293/user293.json,idx_10
noGesture,trainingSamples,raw_data/EMG-EPN612/testingJSON/user293/user293.json,idx_11
noGesture,trainingSamples,raw_data/EMG-EPN612/testingJSON/user293/user293.json,idx_12
noGesture,trainingSamples,raw_data/EMG-EPN612/testingJSON/user293/user293.json,idx_13
noGesture,trainingSamples,raw_data/EMG-EPN612/testingJSON/user293/user293.json,idx_14
noGesture,trainingSamples,raw_data/EMG-EPN612/testingJSON/user293/user293.json,idx_15
noGesture,trainingSamples,raw_data/EMG-EPN612/testingJSON/user293/user293.json,idx_16
noGesture,trainingSamples,raw_data/EMG-EPN612/testingJSON/user293/user293.json,idx_17
noGesture,trainingSamples,raw_data/EMG-EPN612/testingJSON/user293/user293.json,idx_18
noGesture,trainingSamples,raw_data/EMG-EPN612/testingJSON/user293/user293.json,idx_19
noGesture,trainingSamples,raw_data/EMG-EPN612/testingJSON/user293/user293.json,idx_20
noGesture,trainingSamples,raw_data/EMG-EPN612/testingJSON/user293/user293.json,idx_21
noGesture,trainingSamples,raw_data/EMG-EPN612/testingJSON/user293/user293.json,idx_22
noGesture,trainingSamples,raw_data/EMG-EPN612/testingJSON/user293/user293.json,idx_23
noGesture,trainingSamples,raw_data/EMG-EPN612/testingJSON/user293/user293.json,idx_24
noGesture,trainingSamples,raw_data/EMG-EPN612/testingJSON/user293/user293.json,idx_25
waveOut,trainingSamples,raw_data/EMG-EPN612/testingJSON/user293/user293.json,idx_26
waveOut,trainingSamples,raw_data/EMG-EPN612/testingJSON/user293/user293.json,idx_27
waveOut,trainingSamples,raw_data/EMG-EPN612/testingJSON/user293/user293.json,idx_28
waveOut,trainingSamples,raw_data/EMG-EPN612/testingJSON/user293/user293.json,idx_29
waveOut,trainingSamples,raw_data/EMG-EPN612/testingJSON/user293/user293.json,idx_30
waveOut,trainingSamples,raw_data/EMG-EPN612/testingJSON/user293/user293.json,idx_31
waveOut,trainingSamples,raw_data/EMG-EPN612/testingJSON/user293/user293.json,idx_32
waveOut,trainingSamples,raw_data/EMG-EPN612/testingJSON/user293/user293.json,idx_33
waveOut,trainingSamples,raw_data/EMG-EPN612/testingJSON/user293/user293.json,idx_34
waveOut,trainingSamples,raw_data/EMG-EPN612/testingJSON/user293/user293.json,idx_35
waveOut,trainingSamples,raw_data/EMG-EPN612/testingJSON/user293/user293.json,idx_36
waveOut,trainingSamples,raw_data/EMG-EPN612/testingJSON/user293/user293.json,idx_37
waveOut,trainingSamples,raw_data/EMG-EPN612/testingJSON/user293/user293.json,idx_38
waveOut,trainingSamples,raw_data/EMG-EPN612/testingJSON/user293/user293.json,idx_39
waveOut,trainingSamples,raw_data/EMG-EPN612/testingJSON/user293/user293.json,idx_40
waveOut,trainingSamples,raw_data/EMG-EPN612/testingJSON/user293/user293.json,idx_41
waveOut,trainingSamples,raw_data/EMG-EPN612/testingJSON/user293/user293.json,idx_42
waveOut,trainingSamples,raw_data/EMG-EPN612/testingJSON/user293/user293.json,idx_43
waveOut,trainingSamples,raw_data/EMG-EPN612/testingJSON/user293/user293.json,idx_44
waveOut,trainingSamples,raw_data/EMG-EPN612/testingJSON/user293/user293.json,idx_45
waveOut,trainingSamples,raw_data/EMG-EPN612/testingJSON/user293/user293.json,idx_46
waveOut,trainingSamples,raw_data/EMG-EPN612/testingJSON/user293/user293.json,idx_47
waveOut,trainingSamples,raw_data/EMG-EPN612/testingJSON/user293/user293.json,idx_48
waveOut,trainingSamples,raw_data/EMG-EPN612/testingJSON/user293/user293.json,idx_49
waveOut,trainingSamples,raw_data/EMG-EPN612/testingJSON/user293/user293.json,idx_50
pinch,trainingSamples,raw_data/EMG-EPN612/testingJSON/user293/user293.json,idx_51
pinch,trainingSamples,raw_data/EMG-EPN612/testingJSON/user293/user293.json,idx_52
pinch,trainingSamples,raw_data/EMG-EPN612/testingJSON/user293/user293.json,idx_53
pinch,trainingSamples,raw_data/EMG-EPN612/testingJSON/user293/user293.json,idx_54
pinch,trainingSamples,raw_data/EMG-EPN612/testingJSON/user293/user293.json,idx_55
pinch,trainingSamples,raw_data/EMG-EPN612/testingJSON/user293/user293.json,idx_56
pinch,trainingSamples,raw_data/EMG-EPN612/testingJSON/user293/user293.json,idx_57
pinch,trainingSamples,raw_data/EMG-EPN612/testingJSON/user293/user293.json,idx_58
pinch,trainingSamples,raw_data/EMG-EPN612/testingJSON/user293/user293.json,idx_59
pinch,trainingSamples,raw_data/EMG-EPN612/testingJSON/user293/user293.json,idx_60
pinch,trainingSamples,raw_data/EMG-EPN612/testingJSON/user293/user293.json,idx_61
pinch,trainingSamples,raw_data/EMG-EPN612/testingJSON/user293/user293.json,idx_62
pinch,trainingSamples,raw_data/EMG-EPN612/testingJSON/user293/user293.json,idx_63
pinch,trainingSamples,raw_data/EMG-EPN612/testingJSON/user293/user293.json,idx_64
pinch,trainingSamples,raw_data/EMG-EPN612/testingJSON/user293/user293.json,idx_65
pinch,trainingSamples,raw_data/EMG-EPN612/testingJSON/user293/user293.json,idx_66
pinch,trainingSamples,raw_data/EMG-EPN612/testingJSON/user293/user293.json,idx_67
pinch,trainingSamples,raw_data/EMG-EPN612/testingJSON/user293/user293.json,idx_68
pinch,trainingSamples,raw_data/EMG-EPN612/testingJSON/user293/user293.json,idx_69
pinch,trainingSamples,raw_data/EMG-EPN612/testingJSON/user293/user293.json,idx_70
pinch,trainingSamples,raw_data/EMG-EPN612/testingJSON/user293/user293.json,idx_71
pinch,trainingSamples,raw_data/EMG-EPN612/testingJSON/user293/user293.json,idx_72
pinch,trainingSamples,raw_data/EMG-EPN612/testingJSON/user293/user293.json,idx_73
pinch,trainingSamples,raw_data/EMG-EPN612/testingJSON/user293/user293.json,idx_74
pinch,trainingSamples,raw_data/EMG-EPN612/testingJSON/user293/user293.json,idx_75
fist,trainingSamples,raw_data/EMG-EPN612/testingJSON/user293/user293.json,idx_76
fist,trainingSamples,raw_data/EMG-EPN612/testingJSON/user293/user293.json,idx_77
fist,trainingSamples,raw_data/EMG-EPN612/testingJSON/user293/user293.json,idx_78
fist,trainingSamples,raw_data/EMG-EPN612/testingJSON/user293/user293.json,idx_79
fist,trainingSamples,raw_data/EMG-EPN612/testingJSON/user293/user293.json,idx_80
fist,trainingSamples,raw_data/EMG-EPN612/testingJSON/user293/user293.json,idx_81
fist,trainingSamples,raw_data/EMG-EPN612/testingJSON/user293/user293.json,idx_82
fist,trainingSamples,raw_data/EMG-EPN612/testingJSON/user293/user293.json,idx_83
fist,trainingSamples,raw_data/EMG-EPN612/testingJSON/user293/user293.json,idx_84
fist,trainingSamples,raw_data/EMG-EPN612/testingJSON/user293/user293.json,idx_85
fist,trainingSamples,raw_data/EMG-EPN612/testingJSON/user293/user293.json,idx_86
fist,trainingSamples,raw_data/EMG-EPN612/testingJSON/user293/user293.json,idx_87
fist,trainingSamples,raw_data/EMG-EPN612/testingJSON/user293/user293.json,idx_88
fist,trainingSamples,raw_data/EMG-EPN612/testingJSON/user293/user293.json,idx_89
fist,trainingSamples,raw_data/EMG-EPN612/testingJSON/user293/user293.json,idx_90
fist,trainingSamples,raw_data/EMG-EPN612/testingJSON/user293/user293.json,idx_91
fist,trainingSamples,raw_data/EMG-EPN612/testingJSON/user293/user293.json,idx_92
fist,trainingSamples,raw_data/EMG-EPN612/testingJSON/user293/user293.json,idx_93
fist,trainingSamples,raw_data/EMG-EPN612/testingJSON/user293/user293.json,idx_94
fist,trainingSamples,raw_data/EMG-EPN612/testingJSON/user293/user293.json,idx_95
fist,trainingSamples,raw_data/EMG-EPN612/testingJSON/user293/user293.json,idx_96
fist,trainingSamples,raw_data/EMG-EPN612/testingJSON/user293/user293.json,idx_97
fist,trainingSamples,raw_data/EMG-EPN612/testingJSON/user293/user293.json,idx_98
fist,trainingSamples,raw_data/EMG-EPN612/testingJSON/user293/user293.json,idx_99
fist,trainingSamples,raw_data/EMG-EPN612/testingJSON/user293/user293.json,idx_100
waveIn,trainingSamples,raw_data/EMG-EPN612/testingJSON/user293/user293.json,idx_101
waveIn,trainingSamples,raw_data/EMG-EPN612/testingJSON/user293/user293.json,idx_102
waveIn,trainingSamples,raw_data/EMG-EPN612/testingJSON/user293/user293.json,idx_103
waveIn,trainingSamples,raw_data/EMG-EPN612/testingJSON/user293/user293.json,idx_104
waveIn,trainingSamples,raw_data/EMG-EPN612/testingJSON/user293/user293.json,idx_105
waveIn,trainingSamples,raw_data/EMG-EPN612/testingJSON/user293/user293.json,idx_106
waveIn,trainingSamples,raw_data/EMG-EPN612/testingJSON/user293/user293.json,idx_107
waveIn,trainingSamples,raw_data/EMG-EPN612/testingJSON/user293/user293.json,idx_108
waveIn,trainingSamples,raw_data/EMG-EPN612/testingJSON/user293/user293.json,idx_109
waveIn,trainingSamples,raw_data/EMG-EPN612/testingJSON/user293/user293.json,idx_110
waveIn,trainingSamples,raw_data/EMG-EPN612/testingJSON/user293/user293.json,idx_111
waveIn,trainingSamples,raw_data/EMG-EPN612/testingJSON/user293/user293.json,idx_112
waveIn,trainingSamples,raw_data/EMG-EPN612/testingJSON/user293/user293.json,idx_113
waveIn,trainingSamples,raw_data/EMG-EPN612/testingJSON/user293/user293.json,idx_114
waveIn,trainingSamples,raw_data/EMG-EPN612/testingJSON/user293/user293.json,idx_115
waveIn,trainingSamples,raw_data/EMG-EPN612/testingJSON/user293/user293.json,idx_116
waveIn,trainingSamples,raw_data/EMG-EPN612/testingJSON/user293/user293.json,idx_117
waveIn,trainingSamples,raw_data/EMG-EPN612/testingJSON/user293/user293.json,idx_118
waveIn,trainingSamples,raw_data/EMG-EPN612/testingJSON/user293/user293.json,idx_119
waveIn,trainingSamples,raw_data/EMG-EPN612/testingJSON/user293/user293.json,idx_120
waveIn,trainingSamples,raw_data/EMG-EPN612/testingJSON/user293/user293.json,idx_121
waveIn,trainingSamples,raw_data/EMG-EPN612/testingJSON/user293/user293.json,idx_122
waveIn,trainingSamples,raw_data/EMG-EPN612/testingJSON/user293/user293.json,idx_123
waveIn,trainingSamples,raw_data/EMG-EPN612/testingJSON/user293/user293.json,idx_124
waveIn,trainingSamples,raw_data/EMG-EPN612/testingJSON/user293/user293.json,idx_125
open,trainingSamples,raw_data/EMG-EPN612/testingJSON/user293/user293.json,idx_126
open,trainingSamples,raw_data/EMG-EPN612/testingJSON/user293/user293.json,idx_127
open,trainingSamples,raw_data/EMG-EPN612/testingJSON/user293/user293.json,idx_128
open,trainingSamples,raw_data/EMG-EPN612/testingJSON/user293/user293.json,idx_129
open,trainingSamples,raw_data/EMG-EPN612/testingJSON/user293/user293.json,idx_130
open,trainingSamples,raw_data/EMG-EPN612/testingJSON/user293/user293.json,idx_131
open,trainingSamples,raw_data/EMG-EPN612/testingJSON/user293/user293.json,idx_132
open,trainingSamples,raw_data/EMG-EPN612/testingJSON/user293/user293.json,idx_133
open,trainingSamples,raw_data/EMG-EPN612/testingJSON/user293/user293.json,idx_134
open,trainingSamples,raw_data/EMG-EPN612/testingJSON/user293/user293.json,idx_135
open,trainingSamples,raw_data/EMG-EPN612/testingJSON/user293/user293.json,idx_136
open,trainingSamples,raw_data/EMG-EPN612/testingJSON/user293/user293.json,idx_137
open,trainingSamples,raw_data/EMG-EPN612/testingJSON/user293/user293.json,idx_138
open,trainingSamples,raw_data/EMG-EPN612/testingJSON/user293/user293.json,idx_139
open,trainingSamples,raw_data/EMG-EPN612/testingJSON/user293/user293.json,idx_140
open,trainingSamples,raw_data/EMG-EPN612/testingJSON/user293/user293.json,idx_141
open,trainingSamples,raw_data/EMG-EPN612/testingJSON/user293/user293.json,idx_142
open,trainingSamples,raw_data/EMG-EPN612/testingJSON/user293/user293.json,idx_143
open,trainingSamples,raw_data/EMG-EPN612/testingJSON/user293/user293.json,idx_144
open,trainingSamples,raw_data/EMG-EPN612/testingJSON/user293/user293.json,idx_145
open,trainingSamples,raw_data/EMG-EPN612/testingJSON/user293/user293.json,idx_146
open,trainingSamples,raw_data/EMG-EPN612/testingJSON/user293/user293.json,idx_147
open,trainingSamples,raw_data/EMG-EPN612/testingJSON/user293/user293.json,idx_148
open,trainingSamples,raw_data/EMG-EPN612/testingJSON/user293/user293.json,idx_149
open,trainingSamples,raw_data/EMG-EPN612/testingJSON/user293/user293.json,idx_150
noGesture,trainingSamples,raw_data/EMG-EPN612/testingJSON/user294/user294.json,idx_1
noGesture,trainingSamples,raw_data/EMG-EPN612/testingJSON/user294/user294.json,idx_2
noGesture,trainingSamples,raw_data/EMG-EPN612/testingJSON/user294/user294.json,idx_3
noGesture,trainingSamples,raw_data/EMG-EPN612/testingJSON/user294/user294.json,idx_4
noGesture,trainingSamples,raw_data/EMG-EPN612/testingJSON/user294/user294.json,idx_5
noGesture,trainingSamples,raw_data/EMG-EPN612/testingJSON/user294/user294.json,idx_6
noGesture,trainingSamples,raw_data/EMG-EPN612/testingJSON/user294/user294.json,idx_7
noGesture,trainingSamples,raw_data/EMG-EPN612/testingJSON/user294/user294.json,idx_8
noGesture,trainingSamples,raw_data/EMG-EPN612/testingJSON/user294/user294.json,idx_9
noGesture,trainingSamples,raw_data/EMG-EPN612/testingJSON/user294/user294.json,idx_10
noGesture,trainingSamples,raw_data/EMG-EPN612/testingJSON/user294/user294.json,idx_11
noGesture,trainingSamples,raw_data/EMG-EPN612/testingJSON/user294/user294.json,idx_12
noGesture,trainingSamples,raw_data/EMG-EPN612/testingJSON/user294/user294.json,idx_13
noGesture,trainingSamples,raw_data/EMG-EPN612/testingJSON/user294/user294.json,idx_14
noGesture,trainingSamples,raw_data/EMG-EPN612/testingJSON/user294/user294.json,idx_15
noGesture,trainingSamples,raw_data/EMG-EPN612/testingJSON/user294/user294.json,idx_16
noGesture,trainingSamples,raw_data/EMG-EPN612/testingJSON/user294/user294.json,idx_17
noGesture,trainingSamples,raw_data/EMG-EPN612/testingJSON/user294/user294.json,idx_18
noGesture,trainingSamples,raw_data/EMG-EPN612/testingJSON/user294/user294.json,idx_19
noGesture,trainingSamples,raw_data/EMG-EPN612/testingJSON/user294/user294.json,idx_20
noGesture,trainingSamples,raw_data/EMG-EPN612/testingJSON/user294/user294.json,idx_21
noGesture,trainingSamples,raw_data/EMG-EPN612/testingJSON/user294/user294.json,idx_22
noGesture,trainingSamples,raw_data/EMG-EPN612/testingJSON/user294/user294.json,idx_23
noGesture,trainingSamples,raw_data/EMG-EPN612/testingJSON/user294/user294.json,idx_24
noGesture,trainingSamples,raw_data/EMG-EPN612/testingJSON/user294/user294.json,idx_25
waveOut,trainingSamples,raw_data/EMG-EPN612/testingJSON/user294/user294.json,idx_26
waveOut,trainingSamples,raw_data/EMG-EPN612/testingJSON/user294/user294.json,idx_27
waveOut,trainingSamples,raw_data/EMG-EPN612/testingJSON/user294/user294.json,idx_28
waveOut,trainingSamples,raw_data/EMG-EPN612/testingJSON/user294/user294.json,idx_29
waveOut,trainingSamples,raw_data/EMG-EPN612/testingJSON/user294/user294.json,idx_30
waveOut,trainingSamples,raw_data/EMG-EPN612/testingJSON/user294/user294.json,idx_31
waveOut,trainingSamples,raw_data/EMG-EPN612/testingJSON/user294/user294.json,idx_32
waveOut,trainingSamples,raw_data/EMG-EPN612/testingJSON/user294/user294.json,idx_33
waveOut,trainingSamples,raw_data/EMG-EPN612/testingJSON/user294/user294.json,idx_34
waveOut,trainingSamples,raw_data/EMG-EPN612/testingJSON/user294/user294.json,idx_35
waveOut,trainingSamples,raw_data/EMG-EPN612/testingJSON/user294/user294.json,idx_36
waveOut,trainingSamples,raw_data/EMG-EPN612/testingJSON/user294/user294.json,idx_37
waveOut,trainingSamples,raw_data/EMG-EPN612/testingJSON/user294/user294.json,idx_38
waveOut,trainingSamples,raw_data/EMG-EPN612/testingJSON/user294/user294.json,idx_39
waveOut,trainingSamples,raw_data/EMG-EPN612/testingJSON/user294/user294.json,idx_40
waveOut,trainingSamples,raw_data/EMG-EPN612/testingJSON/user294/user294.json,idx_41
waveOut,trainingSamples,raw_data/EMG-EPN612/testingJSON/user294/user294.json,idx_42
waveOut,trainingSamples,raw_data/EMG-EPN612/testingJSON/user294/user294.json,idx_43
waveOut,trainingSamples,raw_data/EMG-EPN612/testingJSON/user294/user294.json,idx_44
waveOut,trainingSamples,raw_data/EMG-EPN612/testingJSON/user294/user294.json,idx_45
waveOut,trainingSamples,raw_data/EMG-EPN612/testingJSON/user294/user294.json,idx_46
waveOut,trainingSamples,raw_data/EMG-EPN612/testingJSON/user294/user294.json,idx_47
waveOut,trainingSamples,raw_data/EMG-EPN612/testingJSON/user294/user294.json,idx_48
waveOut,trainingSamples,raw_data/EMG-EPN612/testingJSON/user294/user294.json,idx_49
waveOut,trainingSamples,raw_data/EMG-EPN612/testingJSON/user294/user294.json,idx_50
pinch,trainingSamples,raw_data/EMG-EPN612/testingJSON/user294/user294.json,idx_51
pinch,trainingSamples,raw_data/EMG-EPN612/testingJSON/user294/user294.json,idx_52
pinch,trainingSamples,raw_data/EMG-EPN612/testingJSON/user294/user294.json,idx_53
pinch,trainingSamples,raw_data/EMG-EPN612/testingJSON/user294/user294.json,idx_54
pinch,trainingSamples,raw_data/EMG-EPN612/testingJSON/user294/user294.json,idx_55
pinch,trainingSamples,raw_data/EMG-EPN612/testingJSON/user294/user294.json,idx_56
pinch,trainingSamples,raw_data/EMG-EPN612/testingJSON/user294/user294.json,idx_57
pinch,trainingSamples,raw_data/EMG-EPN612/testingJSON/user294/user294.json,idx_58
pinch,trainingSamples,raw_data/EMG-EPN612/testingJSON/user294/user294.json,idx_59
pinch,trainingSamples,raw_data/EMG-EPN612/testingJSON/user294/user294.json,idx_60
pinch,trainingSamples,raw_data/EMG-EPN612/testingJSON/user294/user294.json,idx_61
pinch,trainingSamples,raw_data/EMG-EPN612/testingJSON/user294/user294.json,idx_62
pinch,trainingSamples,raw_data/EMG-EPN612/testingJSON/user294/user294.json,idx_63
pinch,trainingSamples,raw_data/EMG-EPN612/testingJSON/user294/user294.json,idx_64
pinch,trainingSamples,raw_data/EMG-EPN612/testingJSON/user294/user294.json,idx_65
pinch,trainingSamples,raw_data/EMG-EPN612/testingJSON/user294/user294.json,idx_66
pinch,trainingSamples,raw_data/EMG-EPN612/testingJSON/user294/user294.json,idx_67
pinch,trainingSamples,raw_data/EMG-EPN612/testingJSON/user294/user294.json,idx_68
pinch,trainingSamples,raw_data/EMG-EPN612/testingJSON/user294/user294.json,idx_69
pinch,trainingSamples,raw_data/EMG-EPN612/testingJSON/user294/user294.json,idx_70
pinch,trainingSamples,raw_data/EMG-EPN612/testingJSON/user294/user294.json,idx_71
pinch,trainingSamples,raw_data/EMG-EPN612/testingJSON/user294/user294.json,idx_72
pinch,trainingSamples,raw_data/EMG-EPN612/testingJSON/user294/user294.json,idx_73
pinch,trainingSamples,raw_data/EMG-EPN612/testingJSON/user294/user294.json,idx_74
pinch,trainingSamples,raw_data/EMG-EPN612/testingJSON/user294/user294.json,idx_75
fist,trainingSamples,raw_data/EMG-EPN612/testingJSON/user294/user294.json,idx_76
fist,trainingSamples,raw_data/EMG-EPN612/testingJSON/user294/user294.json,idx_77
fist,trainingSamples,raw_data/EMG-EPN612/testingJSON/user294/user294.json,idx_78
fist,trainingSamples,raw_data/EMG-EPN612/testingJSON/user294/user294.json,idx_79
fist,trainingSamples,raw_data/EMG-EPN612/testingJSON/user294/user294.json,idx_80
fist,trainingSamples,raw_data/EMG-EPN612/testingJSON/user294/user294.json,idx_81
fist,trainingSamples,raw_data/EMG-EPN612/testingJSON/user294/user294.json,idx_82
fist,trainingSamples,raw_data/EMG-EPN612/testingJSON/user294/user294.json,idx_83
fist,trainingSamples,raw_data/EMG-EPN612/testingJSON/user294/user294.json,idx_84
fist,trainingSamples,raw_data/EMG-EPN612/testingJSON/user294/user294.json,idx_85
fist,trainingSamples,raw_data/EMG-EPN612/testingJSON/user294/user294.json,idx_86
fist,trainingSamples,raw_data/EMG-EPN612/testingJSON/user294/user294.json,idx_87
fist,trainingSamples,raw_data/EMG-EPN612/testingJSON/user294/user294.json,idx_88
fist,trainingSamples,raw_data/EMG-EPN612/testingJSON/user294/user294.json,idx_89
fist,trainingSamples,raw_data/EMG-EPN612/testingJSON/user294/user294.json,idx_90
fist,trainingSamples,raw_data/EMG-EPN612/testingJSON/user294/user294.json,idx_91
fist,trainingSamples,raw_data/EMG-EPN612/testingJSON/user294/user294.json,idx_92
fist,trainingSamples,raw_data/EMG-EPN612/testingJSON/user294/user294.json,idx_93
fist,trainingSamples,raw_data/EMG-EPN612/testingJSON/user294/user294.json,idx_94
fist,trainingSamples,raw_data/EMG-EPN612/testingJSON/user294/user294.json,idx_95
fist,trainingSamples,raw_data/EMG-EPN612/testingJSON/user294/user294.json,idx_96
fist,trainingSamples,raw_data/EMG-EPN612/testingJSON/user294/user294.json,idx_97
fist,trainingSamples,raw_data/EMG-EPN612/testingJSON/user294/user294.json,idx_98
fist,trainingSamples,raw_data/EMG-EPN612/testingJSON/user294/user294.json,idx_99
fist,trainingSamples,raw_data/EMG-EPN612/testingJSON/user294/user294.json,idx_100
waveIn,trainingSamples,raw_data/EMG-EPN612/testingJSON/user294/user294.json,idx_101
waveIn,trainingSamples,raw_data/EMG-EPN612/testingJSON/user294/user294.json,idx_102
waveIn,trainingSamples,raw_data/EMG-EPN612/testingJSON/user294/user294.json,idx_103
waveIn,trainingSamples,raw_data/EMG-EPN612/testingJSON/user294/user294.json,idx_104
waveIn,trainingSamples,raw_data/EMG-EPN612/testingJSON/user294/user294.json,idx_105
waveIn,trainingSamples,raw_data/EMG-EPN612/testingJSON/user294/user294.json,idx_106
waveIn,trainingSamples,raw_data/EMG-EPN612/testingJSON/user294/user294.json,idx_107
waveIn,trainingSamples,raw_data/EMG-EPN612/testingJSON/user294/user294.json,idx_108
waveIn,trainingSamples,raw_data/EMG-EPN612/testingJSON/user294/user294.json,idx_109
waveIn,trainingSamples,raw_data/EMG-EPN612/testingJSON/user294/user294.json,idx_110
waveIn,trainingSamples,raw_data/EMG-EPN612/testingJSON/user294/user294.json,idx_111
waveIn,trainingSamples,raw_data/EMG-EPN612/testingJSON/user294/user294.json,idx_112
waveIn,trainingSamples,raw_data/EMG-EPN612/testingJSON/user294/user294.json,idx_113
waveIn,trainingSamples,raw_data/EMG-EPN612/testingJSON/user294/user294.json,idx_114
waveIn,trainingSamples,raw_data/EMG-EPN612/testingJSON/user294/user294.json,idx_115
waveIn,trainingSamples,raw_data/EMG-EPN612/testingJSON/user294/user294.json,idx_116
waveIn,trainingSamples,raw_data/EMG-EPN612/testingJSON/user294/user294.json,idx_117
waveIn,trainingSamples,raw_data/EMG-EPN612/testingJSON/user294/user294.json,idx_118
waveIn,trainingSamples,raw_data/EMG-EPN612/testingJSON/user294/user294.json,idx_119
waveIn,trainingSamples,raw_data/EMG-EPN612/testingJSON/user294/user294.json,idx_120
waveIn,trainingSamples,raw_data/EMG-EPN612/testingJSON/user294/user294.json,idx_121
waveIn,trainingSamples,raw_data/EMG-EPN612/testingJSON/user294/user294.json,idx_122
waveIn,trainingSamples,raw_data/EMG-EPN612/testingJSON/user294/user294.json,idx_123
waveIn,trainingSamples,raw_data/EMG-EPN612/testingJSON/user294/user294.json,idx_124
waveIn,trainingSamples,raw_data/EMG-EPN612/testingJSON/user294/user294.json,idx_125
open,trainingSamples,raw_data/EMG-EPN612/testingJSON/user294/user294.json,idx_126
open,trainingSamples,raw_data/EMG-EPN612/testingJSON/user294/user294.json,idx_127
open,trainingSamples,raw_data/EMG-EPN612/testingJSON/user294/user294.json,idx_128
open,trainingSamples,raw_data/EMG-EPN612/testingJSON/user294/user294.json,idx_129
open,trainingSamples,raw_data/EMG-EPN612/testingJSON/user294/user294.json,idx_130
open,trainingSamples,raw_data/EMG-EPN612/testingJSON/user294/user294.json,idx_131
open,trainingSamples,raw_data/EMG-EPN612/testingJSON/user294/user294.json,idx_132
open,trainingSamples,raw_data/EMG-EPN612/testingJSON/user294/user294.json,idx_133
open,trainingSamples,raw_data/EMG-EPN612/testingJSON/user294/user294.json,idx_134
open,trainingSamples,raw_data/EMG-EPN612/testingJSON/user294/user294.json,idx_135
open,trainingSamples,raw_data/EMG-EPN612/testingJSON/user294/user294.json,idx_136
open,trainingSamples,raw_data/EMG-EPN612/testingJSON/user294/user294.json,idx_137
open,trainingSamples,raw_data/EMG-EPN612/testingJSON/user294/user294.json,idx_138
open,trainingSamples,raw_data/EMG-EPN612/testingJSON/user294/user294.json,idx_139
open,trainingSamples,raw_data/EMG-EPN612/testingJSON/user294/user294.json,idx_140
open,trainingSamples,raw_data/EMG-EPN612/testingJSON/user294/user294.json,idx_141
open,trainingSamples,raw_data/EMG-EPN612/testingJSON/user294/user294.json,idx_142
open,trainingSamples,raw_data/EMG-EPN612/testingJSON/user294/user294.json,idx_143
open,trainingSamples,raw_data/EMG-EPN612/testingJSON/user294/user294.json,idx_144
open,trainingSamples,raw_data/EMG-EPN612/testingJSON/user294/user294.json,idx_145
open,trainingSamples,raw_data/EMG-EPN612/testingJSON/user294/user294.json,idx_146
open,trainingSamples,raw_data/EMG-EPN612/testingJSON/user294/user294.json,idx_147
open,trainingSamples,raw_data/EMG-EPN612/testingJSON/user294/user294.json,idx_148
open,trainingSamples,raw_data/EMG-EPN612/testingJSON/user294/user294.json,idx_149
open,trainingSamples,raw_data/EMG-EPN612/testingJSON/user294/user294.json,idx_150
noGesture,trainingSamples,raw_data/EMG-EPN612/testingJSON/user295/user295.json,idx_1
noGesture,trainingSamples,raw_data/EMG-EPN612/testingJSON/user295/user295.json,idx_2
noGesture,trainingSamples,raw_data/EMG-EPN612/testingJSON/user295/user295.json,idx_3
noGesture,trainingSamples,raw_data/EMG-EPN612/testingJSON/user295/user295.json,idx_4
noGesture,trainingSamples,raw_data/EMG-EPN612/testingJSON/user295/user295.json,idx_5
noGesture,trainingSamples,raw_data/EMG-EPN612/testingJSON/user295/user295.json,idx_6
noGesture,trainingSamples,raw_data/EMG-EPN612/testingJSON/user295/user295.json,idx_7
noGesture,trainingSamples,raw_data/EMG-EPN612/testingJSON/user295/user295.json,idx_8
noGesture,trainingSamples,raw_data/EMG-EPN612/testingJSON/user295/user295.json,idx_9
noGesture,trainingSamples,raw_data/EMG-EPN612/testingJSON/user295/user295.json,idx_10
noGesture,trainingSamples,raw_data/EMG-EPN612/testingJSON/user295/user295.json,idx_11
noGesture,trainingSamples,raw_data/EMG-EPN612/testingJSON/user295/user295.json,idx_12
noGesture,trainingSamples,raw_data/EMG-EPN612/testingJSON/user295/user295.json,idx_13
noGesture,trainingSamples,raw_data/EMG-EPN612/testingJSON/user295/user295.json,idx_14
noGesture,trainingSamples,raw_data/EMG-EPN612/testingJSON/user295/user295.json,idx_15
noGesture,trainingSamples,raw_data/EMG-EPN612/testingJSON/user295/user295.json,idx_16
noGesture,trainingSamples,raw_data/EMG-EPN612/testingJSON/user295/user295.json,idx_17
noGesture,trainingSamples,raw_data/EMG-EPN612/testingJSON/user295/user295.json,idx_18
noGesture,trainingSamples,raw_data/EMG-EPN612/testingJSON/user295/user295.json,idx_19
noGesture,trainingSamples,raw_data/EMG-EPN612/testingJSON/user295/user295.json,idx_20
noGesture,trainingSamples,raw_data/EMG-EPN612/testingJSON/user295/user295.json,idx_21
noGesture,trainingSamples,raw_data/EMG-EPN612/testingJSON/user295/user295.json,idx_22
noGesture,trainingSamples,raw_data/EMG-EPN612/testingJSON/user295/user295.json,idx_23
noGesture,trainingSamples,raw_data/EMG-EPN612/testingJSON/user295/user295.json,idx_24
noGesture,trainingSamples,raw_data/EMG-EPN612/testingJSON/user295/user295.json,idx_25
waveOut,trainingSamples,raw_data/EMG-EPN612/testingJSON/user295/user295.json,idx_26
waveOut,trainingSamples,raw_data/EMG-EPN612/testingJSON/user295/user295.json,idx_27
waveOut,trainingSamples,raw_data/EMG-EPN612/testingJSON/user295/user295.json,idx_28
waveOut,trainingSamples,raw_data/EMG-EPN612/testingJSON/user295/user295.json,idx_29
waveOut,trainingSamples,raw_data/EMG-EPN612/testingJSON/user295/user295.json,idx_30
waveOut,trainingSamples,raw_data/EMG-EPN612/testingJSON/user295/user295.json,idx_31
waveOut,trainingSamples,raw_data/EMG-EPN612/testingJSON/user295/user295.json,idx_32
waveOut,trainingSamples,raw_data/EMG-EPN612/testingJSON/user295/user295.json,idx_33
waveOut,trainingSamples,raw_data/EMG-EPN612/testingJSON/user295/user295.json,idx_34
waveOut,trainingSamples,raw_data/EMG-EPN612/testingJSON/user295/user295.json,idx_35
waveOut,trainingSamples,raw_data/EMG-EPN612/testingJSON/user295/user295.json,idx_36
waveOut,trainingSamples,raw_data/EMG-EPN612/testingJSON/user295/user295.json,idx_37
waveOut,trainingSamples,raw_data/EMG-EPN612/testingJSON/user295/user295.json,idx_38
waveOut,trainingSamples,raw_data/EMG-EPN612/testingJSON/user295/user295.json,idx_39
waveOut,trainingSamples,raw_data/EMG-EPN612/testingJSON/user295/user295.json,idx_40
waveOut,trainingSamples,raw_data/EMG-EPN612/testingJSON/user295/user295.json,idx_41
waveOut,trainingSamples,raw_data/EMG-EPN612/testingJSON/user295/user295.json,idx_42
waveOut,trainingSamples,raw_data/EMG-EPN612/testingJSON/user295/user295.json,idx_43
waveOut,trainingSamples,raw_data/EMG-EPN612/testingJSON/user295/user295.json,idx_44
waveOut,trainingSamples,raw_data/EMG-EPN612/testingJSON/user295/user295.json,idx_45
waveOut,trainingSamples,raw_data/EMG-EPN612/testingJSON/user295/user295.json,idx_46
waveOut,trainingSamples,raw_data/EMG-EPN612/testingJSON/user295/user295.json,idx_47
waveOut,trainingSamples,raw_data/EMG-EPN612/testingJSON/user295/user295.json,idx_48
waveOut,trainingSamples,raw_data/EMG-EPN612/testingJSON/user295/user295.json,idx_49
waveOut,trainingSamples,raw_data/EMG-EPN612/testingJSON/user295/user295.json,idx_50
pinch,trainingSamples,raw_data/EMG-EPN612/testingJSON/user295/user295.json,idx_51
pinch,trainingSamples,raw_data/EMG-EPN612/testingJSON/user295/user295.json,idx_52
pinch,trainingSamples,raw_data/EMG-EPN612/testingJSON/user295/user295.json,idx_53
pinch,trainingSamples,raw_data/EMG-EPN612/testingJSON/user295/user295.json,idx_54
pinch,trainingSamples,raw_data/EMG-EPN612/testingJSON/user295/user295.json,idx_55
pinch,trainingSamples,raw_data/EMG-EPN612/testingJSON/user295/user295.json,idx_56
pinch,trainingSamples,raw_data/EMG-EPN612/testingJSON/user295/user295.json,idx_57
pinch,trainingSamples,raw_data/EMG-EPN612/testingJSON/user295/user295.json,idx_58
pinch,trainingSamples,raw_data/EMG-EPN612/testingJSON/user295/user295.json,idx_59
pinch,trainingSamples,raw_data/EMG-EPN612/testingJSON/user295/user295.json,idx_60
pinch,trainingSamples,raw_data/EMG-EPN612/testingJSON/user295/user295.json,idx_61
pinch,trainingSamples,raw_data/EMG-EPN612/testingJSON/user295/user295.json,idx_62
pinch,trainingSamples,raw_data/EMG-EPN612/testingJSON/user295/user295.json,idx_63
pinch,trainingSamples,raw_data/EMG-EPN612/testingJSON/user295/user295.json,idx_64
pinch,trainingSamples,raw_data/EMG-EPN612/testingJSON/user295/user295.json,idx_65
pinch,trainingSamples,raw_data/EMG-EPN612/testingJSON/user295/user295.json,idx_66
pinch,trainingSamples,raw_data/EMG-EPN612/testingJSON/user295/user295.json,idx_67
pinch,trainingSamples,raw_data/EMG-EPN612/testingJSON/user295/user295.json,idx_68
pinch,trainingSamples,raw_data/EMG-EPN612/testingJSON/user295/user295.json,idx_69
pinch,trainingSamples,raw_data/EMG-EPN612/testingJSON/user295/user295.json,idx_70
pinch,trainingSamples,raw_data/EMG-EPN612/testingJSON/user295/user295.json,idx_71
pinch,trainingSamples,raw_data/EMG-EPN612/testingJSON/user295/user295.json,idx_72
pinch,trainingSamples,raw_data/EMG-EPN612/testingJSON/user295/user295.json,idx_73
pinch,trainingSamples,raw_data/EMG-EPN612/testingJSON/user295/user295.json,idx_74
pinch,trainingSamples,raw_data/EMG-EPN612/testingJSON/user295/user295.json,idx_75
fist,trainingSamples,raw_data/EMG-EPN612/testingJSON/user295/user295.json,idx_76
fist,trainingSamples,raw_data/EMG-EPN612/testingJSON/user295/user295.json,idx_77
fist,trainingSamples,raw_data/EMG-EPN612/testingJSON/user295/user295.json,idx_78
fist,trainingSamples,raw_data/EMG-EPN612/testingJSON/user295/user295.json,idx_79
fist,trainingSamples,raw_data/EMG-EPN612/testingJSON/user295/user295.json,idx_80
fist,trainingSamples,raw_data/EMG-EPN612/testingJSON/user295/user295.json,idx_81
fist,trainingSamples,raw_data/EMG-EPN612/testingJSON/user295/user295.json,idx_82
fist,trainingSamples,raw_data/EMG-EPN612/testingJSON/user295/user295.json,idx_83
fist,trainingSamples,raw_data/EMG-EPN612/testingJSON/user295/user295.json,idx_84
fist,trainingSamples,raw_data/EMG-EPN612/testingJSON/user295/user295.json,idx_85
fist,trainingSamples,raw_data/EMG-EPN612/testingJSON/user295/user295.json,idx_86
fist,trainingSamples,raw_data/EMG-EPN612/testingJSON/user295/user295.json,idx_87
fist,trainingSamples,raw_data/EMG-EPN612/testingJSON/user295/user295.json,idx_88
fist,trainingSamples,raw_data/EMG-EPN612/testingJSON/user295/user295.json,idx_89
fist,trainingSamples,raw_data/EMG-EPN612/testingJSON/user295/user295.json,idx_90
fist,trainingSamples,raw_data/EMG-EPN612/testingJSON/user295/user295.json,idx_91
fist,trainingSamples,raw_data/EMG-EPN612/testingJSON/user295/user295.json,idx_92
fist,trainingSamples,raw_data/EMG-EPN612/testingJSON/user295/user295.json,idx_93
fist,trainingSamples,raw_data/EMG-EPN612/testingJSON/user295/user295.json,idx_94
fist,trainingSamples,raw_data/EMG-EPN612/testingJSON/user295/user295.json,idx_95
fist,trainingSamples,raw_data/EMG-EPN612/testingJSON/user295/user295.json,idx_96
fist,trainingSamples,raw_data/EMG-EPN612/testingJSON/user295/user295.json,idx_97
fist,trainingSamples,raw_data/EMG-EPN612/testingJSON/user295/user295.json,idx_98
fist,trainingSamples,raw_data/EMG-EPN612/testingJSON/user295/user295.json,idx_99
fist,trainingSamples,raw_data/EMG-EPN612/testingJSON/user295/user295.json,idx_100
waveIn,trainingSamples,raw_data/EMG-EPN612/testingJSON/user295/user295.json,idx_101
waveIn,trainingSamples,raw_data/EMG-EPN612/testingJSON/user295/user295.json,idx_102
waveIn,trainingSamples,raw_data/EMG-EPN612/testingJSON/user295/user295.json,idx_103
waveIn,trainingSamples,raw_data/EMG-EPN612/testingJSON/user295/user295.json,idx_104
waveIn,trainingSamples,raw_data/EMG-EPN612/testingJSON/user295/user295.json,idx_105
waveIn,trainingSamples,raw_data/EMG-EPN612/testingJSON/user295/user295.json,idx_106
waveIn,trainingSamples,raw_data/EMG-EPN612/testingJSON/user295/user295.json,idx_107
waveIn,trainingSamples,raw_data/EMG-EPN612/testingJSON/user295/user295.json,idx_108
waveIn,trainingSamples,raw_data/EMG-EPN612/testingJSON/user295/user295.json,idx_109
waveIn,trainingSamples,raw_data/EMG-EPN612/testingJSON/user295/user295.json,idx_110
waveIn,trainingSamples,raw_data/EMG-EPN612/testingJSON/user295/user295.json,idx_111
waveIn,trainingSamples,raw_data/EMG-EPN612/testingJSON/user295/user295.json,idx_112
waveIn,trainingSamples,raw_data/EMG-EPN612/testingJSON/user295/user295.json,idx_113
waveIn,trainingSamples,raw_data/EMG-EPN612/testingJSON/user295/user295.json,idx_114
waveIn,trainingSamples,raw_data/EMG-EPN612/testingJSON/user295/user295.json,idx_115
waveIn,trainingSamples,raw_data/EMG-EPN612/testingJSON/user295/user295.json,idx_116
waveIn,trainingSamples,raw_data/EMG-EPN612/testingJSON/user295/user295.json,idx_117
waveIn,trainingSamples,raw_data/EMG-EPN612/testingJSON/user295/user295.json,idx_118
waveIn,trainingSamples,raw_data/EMG-EPN612/testingJSON/user295/user295.json,idx_119
waveIn,trainingSamples,raw_data/EMG-EPN612/testingJSON/user295/user295.json,idx_120
waveIn,trainingSamples,raw_data/EMG-EPN612/testingJSON/user295/user295.json,idx_121
waveIn,trainingSamples,raw_data/EMG-EPN612/testingJSON/user295/user295.json,idx_122
waveIn,trainingSamples,raw_data/EMG-EPN612/testingJSON/user295/user295.json,idx_123
waveIn,trainingSamples,raw_data/EMG-EPN612/testingJSON/user295/user295.json,idx_124
waveIn,trainingSamples,raw_data/EMG-EPN612/testingJSON/user295/user295.json,idx_125
open,trainingSamples,raw_data/EMG-EPN612/testingJSON/user295/user295.json,idx_126
open,trainingSamples,raw_data/EMG-EPN612/testingJSON/user295/user295.json,idx_127
open,trainingSamples,raw_data/EMG-EPN612/testingJSON/user295/user295.json,idx_128
open,trainingSamples,raw_data/EMG-EPN612/testingJSON/user295/user295.json,idx_129
open,trainingSamples,raw_data/EMG-EPN612/testingJSON/user295/user295.json,idx_130
open,trainingSamples,raw_data/EMG-EPN612/testingJSON/user295/user295.json,idx_131
open,trainingSamples,raw_data/EMG-EPN612/testingJSON/user295/user295.json,idx_132
open,trainingSamples,raw_data/EMG-EPN612/testingJSON/user295/user295.json,idx_133
open,trainingSamples,raw_data/EMG-EPN612/testingJSON/user295/user295.json,idx_134
open,trainingSamples,raw_data/EMG-EPN612/testingJSON/user295/user295.json,idx_135
open,trainingSamples,raw_data/EMG-EPN612/testingJSON/user295/user295.json,idx_136
open,trainingSamples,raw_data/EMG-EPN612/testingJSON/user295/user295.json,idx_137
open,trainingSamples,raw_data/EMG-EPN612/testingJSON/user295/user295.json,idx_138
open,trainingSamples,raw_data/EMG-EPN612/testingJSON/user295/user295.json,idx_139
open,trainingSamples,raw_data/EMG-EPN612/testingJSON/user295/user295.json,idx_140
open,trainingSamples,raw_data/EMG-EPN612/testingJSON/user295/user295.json,idx_141
open,trainingSamples,raw_data/EMG-EPN612/testingJSON/user295/user295.json,idx_142
open,trainingSamples,raw_data/EMG-EPN612/testingJSON/user295/user295.json,idx_143
open,trainingSamples,raw_data/EMG-EPN612/testingJSON/user295/user295.json,idx_144
open,trainingSamples,raw_data/EMG-EPN612/testingJSON/user295/user295.json,idx_145
open,trainingSamples,raw_data/EMG-EPN612/testingJSON/user295/user295.json,idx_146
open,trainingSamples,raw_data/EMG-EPN612/testingJSON/user295/user295.json,idx_147
open,trainingSamples,raw_data/EMG-EPN612/testingJSON/user295/user295.json,idx_148
open,trainingSamples,raw_data/EMG-EPN612/testingJSON/user295/user295.json,idx_149
open,trainingSamples,raw_data/EMG-EPN612/testingJSON/user295/user295.json,idx_150
noGesture,trainingSamples,raw_data/EMG-EPN612/testingJSON/user296/user296.json,idx_1
noGesture,trainingSamples,raw_data/EMG-EPN612/testingJSON/user296/user296.json,idx_2
noGesture,trainingSamples,raw_data/EMG-EPN612/testingJSON/user296/user296.json,idx_3
noGesture,trainingSamples,raw_data/EMG-EPN612/testingJSON/user296/user296.json,idx_4
noGesture,trainingSamples,raw_data/EMG-EPN612/testingJSON/user296/user296.json,idx_5
noGesture,trainingSamples,raw_data/EMG-EPN612/testingJSON/user296/user296.json,idx_6
noGesture,trainingSamples,raw_data/EMG-EPN612/testingJSON/user296/user296.json,idx_7
noGesture,trainingSamples,raw_data/EMG-EPN612/testingJSON/user296/user296.json,idx_8
noGesture,trainingSamples,raw_data/EMG-EPN612/testingJSON/user296/user296.json,idx_9
noGesture,trainingSamples,raw_data/EMG-EPN612/testingJSON/user296/user296.json,idx_10
noGesture,trainingSamples,raw_data/EMG-EPN612/testingJSON/user296/user296.json,idx_11
noGesture,trainingSamples,raw_data/EMG-EPN612/testingJSON/user296/user296.json,idx_12
noGesture,trainingSamples,raw_data/EMG-EPN612/testingJSON/user296/user296.json,idx_13
noGesture,trainingSamples,raw_data/EMG-EPN612/testingJSON/user296/user296.json,idx_14
noGesture,trainingSamples,raw_data/EMG-EPN612/testingJSON/user296/user296.json,idx_15
noGesture,trainingSamples,raw_data/EMG-EPN612/testingJSON/user296/user296.json,idx_16
noGesture,trainingSamples,raw_data/EMG-EPN612/testingJSON/user296/user296.json,idx_17
noGesture,trainingSamples,raw_data/EMG-EPN612/testingJSON/user296/user296.json,idx_18
noGesture,trainingSamples,raw_data/EMG-EPN612/testingJSON/user296/user296.json,idx_19
noGesture,trainingSamples,raw_data/EMG-EPN612/testingJSON/user296/user296.json,idx_20
noGesture,trainingSamples,raw_data/EMG-EPN612/testingJSON/user296/user296.json,idx_21
noGesture,trainingSamples,raw_data/EMG-EPN612/testingJSON/user296/user296.json,idx_22
noGesture,trainingSamples,raw_data/EMG-EPN612/testingJSON/user296/user296.json,idx_23
noGesture,trainingSamples,raw_data/EMG-EPN612/testingJSON/user296/user296.json,idx_24
noGesture,trainingSamples,raw_data/EMG-EPN612/testingJSON/user296/user296.json,idx_25
waveOut,trainingSamples,raw_data/EMG-EPN612/testingJSON/user296/user296.json,idx_26
waveOut,trainingSamples,raw_data/EMG-EPN612/testingJSON/user296/user296.json,idx_27
waveOut,trainingSamples,raw_data/EMG-EPN612/testingJSON/user296/user296.json,idx_28
waveOut,trainingSamples,raw_data/EMG-EPN612/testingJSON/user296/user296.json,idx_29
waveOut,trainingSamples,raw_data/EMG-EPN612/testingJSON/user296/user296.json,idx_30
waveOut,trainingSamples,raw_data/EMG-EPN612/testingJSON/user296/user296.json,idx_31
waveOut,trainingSamples,raw_data/EMG-EPN612/testingJSON/user296/user296.json,idx_32
waveOut,trainingSamples,raw_data/EMG-EPN612/testingJSON/user296/user296.json,idx_33
waveOut,trainingSamples,raw_data/EMG-EPN612/testingJSON/user296/user296.json,idx_34
waveOut,trainingSamples,raw_data/EMG-EPN612/testingJSON/user296/user296.json,idx_35
waveOut,trainingSamples,raw_data/EMG-EPN612/testingJSON/user296/user296.json,idx_36
waveOut,trainingSamples,raw_data/EMG-EPN612/testingJSON/user296/user296.json,idx_37
waveOut,trainingSamples,raw_data/EMG-EPN612/testingJSON/user296/user296.json,idx_38
waveOut,trainingSamples,raw_data/EMG-EPN612/testingJSON/user296/user296.json,idx_39
waveOut,trainingSamples,raw_data/EMG-EPN612/testingJSON/user296/user296.json,idx_40
waveOut,trainingSamples,raw_data/EMG-EPN612/testingJSON/user296/user296.json,idx_41
waveOut,trainingSamples,raw_data/EMG-EPN612/testingJSON/user296/user296.json,idx_42
waveOut,trainingSamples,raw_data/EMG-EPN612/testingJSON/user296/user296.json,idx_43
waveOut,trainingSamples,raw_data/EMG-EPN612/testingJSON/user296/user296.json,idx_44
waveOut,trainingSamples,raw_data/EMG-EPN612/testingJSON/user296/user296.json,idx_45
waveOut,trainingSamples,raw_data/EMG-EPN612/testingJSON/user296/user296.json,idx_46
waveOut,trainingSamples,raw_data/EMG-EPN612/testingJSON/user296/user296.json,idx_47
waveOut,trainingSamples,raw_data/EMG-EPN612/testingJSON/user296/user296.json,idx_48
waveOut,trainingSamples,raw_data/EMG-EPN612/testingJSON/user296/user296.json,idx_49
waveOut,trainingSamples,raw_data/EMG-EPN612/testingJSON/user296/user296.json,idx_50
pinch,trainingSamples,raw_data/EMG-EPN612/testingJSON/user296/user296.json,idx_51
pinch,trainingSamples,raw_data/EMG-EPN612/testingJSON/user296/user296.json,idx_52
pinch,trainingSamples,raw_data/EMG-EPN612/testingJSON/user296/user296.json,idx_53
pinch,trainingSamples,raw_data/EMG-EPN612/testingJSON/user296/user296.json,idx_54
pinch,trainingSamples,raw_data/EMG-EPN612/testingJSON/user296/user296.json,idx_55
pinch,trainingSamples,raw_data/EMG-EPN612/testingJSON/user296/user296.json,idx_56
pinch,trainingSamples,raw_data/EMG-EPN612/testingJSON/user296/user296.json,idx_57
pinch,trainingSamples,raw_data/EMG-EPN612/testingJSON/user296/user296.json,idx_58
pinch,trainingSamples,raw_data/EMG-EPN612/testingJSON/user296/user296.json,idx_59
pinch,trainingSamples,raw_data/EMG-EPN612/testingJSON/user296/user296.json,idx_60
pinch,trainingSamples,raw_data/EMG-EPN612/testingJSON/user296/user296.json,idx_61
pinch,trainingSamples,raw_data/EMG-EPN612/testingJSON/user296/user296.json,idx_62
pinch,trainingSamples,raw_data/EMG-EPN612/testingJSON/user296/user296.json,idx_63
pinch,trainingSamples,raw_data/EMG-EPN612/testingJSON/user296/user296.json,idx_64
pinch,trainingSamples,raw_data/EMG-EPN612/testingJSON/user296/user296.json,idx_65
pinch,trainingSamples,raw_data/EMG-EPN612/testingJSON/user296/user296.json,idx_66
pinch,trainingSamples,raw_data/EMG-EPN612/testingJSON/user296/user296.json,idx_67
pinch,trainingSamples,raw_data/EMG-EPN612/testingJSON/user296/user296.json,idx_68
pinch,trainingSamples,raw_data/EMG-EPN612/testingJSON/user296/user296.json,idx_69
pinch,trainingSamples,raw_data/EMG-EPN612/testingJSON/user296/user296.json,idx_70
pinch,trainingSamples,raw_data/EMG-EPN612/testingJSON/user296/user296.json,idx_71
pinch,trainingSamples,raw_data/EMG-EPN612/testingJSON/user296/user296.json,idx_72
pinch,trainingSamples,raw_data/EMG-EPN612/testingJSON/user296/user296.json,idx_73
pinch,trainingSamples,raw_data/EMG-EPN612/testingJSON/user296/user296.json,idx_74
pinch,trainingSamples,raw_data/EMG-EPN612/testingJSON/user296/user296.json,idx_75
fist,trainingSamples,raw_data/EMG-EPN612/testingJSON/user296/user296.json,idx_76
fist,trainingSamples,raw_data/EMG-EPN612/testingJSON/user296/user296.json,idx_77
fist,trainingSamples,raw_data/EMG-EPN612/testingJSON/user296/user296.json,idx_78
fist,trainingSamples,raw_data/EMG-EPN612/testingJSON/user296/user296.json,idx_79
fist,trainingSamples,raw_data/EMG-EPN612/testingJSON/user296/user296.json,idx_80
fist,trainingSamples,raw_data/EMG-EPN612/testingJSON/user296/user296.json,idx_81
fist,trainingSamples,raw_data/EMG-EPN612/testingJSON/user296/user296.json,idx_82
fist,trainingSamples,raw_data/EMG-EPN612/testingJSON/user296/user296.json,idx_83
fist,trainingSamples,raw_data/EMG-EPN612/testingJSON/user296/user296.json,idx_84
fist,trainingSamples,raw_data/EMG-EPN612/testingJSON/user296/user296.json,idx_85
fist,trainingSamples,raw_data/EMG-EPN612/testingJSON/user296/user296.json,idx_86
fist,trainingSamples,raw_data/EMG-EPN612/testingJSON/user296/user296.json,idx_87
fist,trainingSamples,raw_data/EMG-EPN612/testingJSON/user296/user296.json,idx_88
fist,trainingSamples,raw_data/EMG-EPN612/testingJSON/user296/user296.json,idx_89
fist,trainingSamples,raw_data/EMG-EPN612/testingJSON/user296/user296.json,idx_90
fist,trainingSamples,raw_data/EMG-EPN612/testingJSON/user296/user296.json,idx_91
fist,trainingSamples,raw_data/EMG-EPN612/testingJSON/user296/user296.json,idx_92
fist,trainingSamples,raw_data/EMG-EPN612/testingJSON/user296/user296.json,idx_93
fist,trainingSamples,raw_data/EMG-EPN612/testingJSON/user296/user296.json,idx_94
fist,trainingSamples,raw_data/EMG-EPN612/testingJSON/user296/user296.json,idx_95
fist,trainingSamples,raw_data/EMG-EPN612/testingJSON/user296/user296.json,idx_96
fist,trainingSamples,raw_data/EMG-EPN612/testingJSON/user296/user296.json,idx_97
fist,trainingSamples,raw_data/EMG-EPN612/testingJSON/user296/user296.json,idx_98
fist,trainingSamples,raw_data/EMG-EPN612/testingJSON/user296/user296.json,idx_99
fist,trainingSamples,raw_data/EMG-EPN612/testingJSON/user296/user296.json,idx_100
waveIn,trainingSamples,raw_data/EMG-EPN612/testingJSON/user296/user296.json,idx_101
waveIn,trainingSamples,raw_data/EMG-EPN612/testingJSON/user296/user296.json,idx_102
waveIn,trainingSamples,raw_data/EMG-EPN612/testingJSON/user296/user296.json,idx_103
waveIn,trainingSamples,raw_data/EMG-EPN612/testingJSON/user296/user296.json,idx_104
waveIn,trainingSamples,raw_data/EMG-EPN612/testingJSON/user296/user296.json,idx_105
waveIn,trainingSamples,raw_data/EMG-EPN612/testingJSON/user296/user296.json,idx_106
waveIn,trainingSamples,raw_data/EMG-EPN612/testingJSON/user296/user296.json,idx_107
waveIn,trainingSamples,raw_data/EMG-EPN612/testingJSON/user296/user296.json,idx_108
waveIn,trainingSamples,raw_data/EMG-EPN612/testingJSON/user296/user296.json,idx_109
waveIn,trainingSamples,raw_data/EMG-EPN612/testingJSON/user296/user296.json,idx_110
waveIn,trainingSamples,raw_data/EMG-EPN612/testingJSON/user296/user296.json,idx_111
waveIn,trainingSamples,raw_data/EMG-EPN612/testingJSON/user296/user296.json,idx_112
waveIn,trainingSamples,raw_data/EMG-EPN612/testingJSON/user296/user296.json,idx_113
waveIn,trainingSamples,raw_data/EMG-EPN612/testingJSON/user296/user296.json,idx_114
waveIn,trainingSamples,raw_data/EMG-EPN612/testingJSON/user296/user296.json,idx_115
waveIn,trainingSamples,raw_data/EMG-EPN612/testingJSON/user296/user296.json,idx_116
waveIn,trainingSamples,raw_data/EMG-EPN612/testingJSON/user296/user296.json,idx_117
waveIn,trainingSamples,raw_data/EMG-EPN612/testingJSON/user296/user296.json,idx_118
waveIn,trainingSamples,raw_data/EMG-EPN612/testingJSON/user296/user296.json,idx_119
waveIn,trainingSamples,raw_data/EMG-EPN612/testingJSON/user296/user296.json,idx_120
waveIn,trainingSamples,raw_data/EMG-EPN612/testingJSON/user296/user296.json,idx_121
waveIn,trainingSamples,raw_data/EMG-EPN612/testingJSON/user296/user296.json,idx_122
waveIn,trainingSamples,raw_data/EMG-EPN612/testingJSON/user296/user296.json,idx_123
waveIn,trainingSamples,raw_data/EMG-EPN612/testingJSON/user296/user296.json,idx_124
waveIn,trainingSamples,raw_data/EMG-EPN612/testingJSON/user296/user296.json,idx_125
open,trainingSamples,raw_data/EMG-EPN612/testingJSON/user296/user296.json,idx_126
open,trainingSamples,raw_data/EMG-EPN612/testingJSON/user296/user296.json,idx_127
open,trainingSamples,raw_data/EMG-EPN612/testingJSON/user296/user296.json,idx_128
open,trainingSamples,raw_data/EMG-EPN612/testingJSON/user296/user296.json,idx_129
open,trainingSamples,raw_data/EMG-EPN612/testingJSON/user296/user296.json,idx_130
open,trainingSamples,raw_data/EMG-EPN612/testingJSON/user296/user296.json,idx_131
open,trainingSamples,raw_data/EMG-EPN612/testingJSON/user296/user296.json,idx_132
open,trainingSamples,raw_data/EMG-EPN612/testingJSON/user296/user296.json,idx_133
open,trainingSamples,raw_data/EMG-EPN612/testingJSON/user296/user296.json,idx_134
open,trainingSamples,raw_data/EMG-EPN612/testingJSON/user296/user296.json,idx_135
open,trainingSamples,raw_data/EMG-EPN612/testingJSON/user296/user296.json,idx_136
open,trainingSamples,raw_data/EMG-EPN612/testingJSON/user296/user296.json,idx_137
open,trainingSamples,raw_data/EMG-EPN612/testingJSON/user296/user296.json,idx_138
open,trainingSamples,raw_data/EMG-EPN612/testingJSON/user296/user296.json,idx_139
open,trainingSamples,raw_data/EMG-EPN612/testingJSON/user296/user296.json,idx_140
open,trainingSamples,raw_data/EMG-EPN612/testingJSON/user296/user296.json,idx_141
open,trainingSamples,raw_data/EMG-EPN612/testingJSON/user296/user296.json,idx_142
open,trainingSamples,raw_data/EMG-EPN612/testingJSON/user296/user296.json,idx_143
open,trainingSamples,raw_data/EMG-EPN612/testingJSON/user296/user296.json,idx_144
open,trainingSamples,raw_data/EMG-EPN612/testingJSON/user296/user296.json,idx_145
open,trainingSamples,raw_data/EMG-EPN612/testingJSON/user296/user296.json,idx_146
open,trainingSamples,raw_data/EMG-EPN612/testingJSON/user296/user296.json,idx_147
open,trainingSamples,raw_data/EMG-EPN612/testingJSON/user296/user296.json,idx_148
open,trainingSamples,raw_data/EMG-EPN612/testingJSON/user296/user296.json,idx_149
open,trainingSamples,raw_data/EMG-EPN612/testingJSON/user296/user296.json,idx_150
noGesture,trainingSamples,raw_data/EMG-EPN612/testingJSON/user297/user297.json,idx_1
noGesture,trainingSamples,raw_data/EMG-EPN612/testingJSON/user297/user297.json,idx_2
noGesture,trainingSamples,raw_data/EMG-EPN612/testingJSON/user297/user297.json,idx_3
noGesture,trainingSamples,raw_data/EMG-EPN612/testingJSON/user297/user297.json,idx_4
noGesture,trainingSamples,raw_data/EMG-EPN612/testingJSON/user297/user297.json,idx_5
noGesture,trainingSamples,raw_data/EMG-EPN612/testingJSON/user297/user297.json,idx_6
noGesture,trainingSamples,raw_data/EMG-EPN612/testingJSON/user297/user297.json,idx_7
noGesture,trainingSamples,raw_data/EMG-EPN612/testingJSON/user297/user297.json,idx_8
noGesture,trainingSamples,raw_data/EMG-EPN612/testingJSON/user297/user297.json,idx_9
noGesture,trainingSamples,raw_data/EMG-EPN612/testingJSON/user297/user297.json,idx_10
noGesture,trainingSamples,raw_data/EMG-EPN612/testingJSON/user297/user297.json,idx_11
noGesture,trainingSamples,raw_data/EMG-EPN612/testingJSON/user297/user297.json,idx_12
noGesture,trainingSamples,raw_data/EMG-EPN612/testingJSON/user297/user297.json,idx_13
noGesture,trainingSamples,raw_data/EMG-EPN612/testingJSON/user297/user297.json,idx_14
noGesture,trainingSamples,raw_data/EMG-EPN612/testingJSON/user297/user297.json,idx_15
noGesture,trainingSamples,raw_data/EMG-EPN612/testingJSON/user297/user297.json,idx_16
noGesture,trainingSamples,raw_data/EMG-EPN612/testingJSON/user297/user297.json,idx_17
noGesture,trainingSamples,raw_data/EMG-EPN612/testingJSON/user297/user297.json,idx_18
noGesture,trainingSamples,raw_data/EMG-EPN612/testingJSON/user297/user297.json,idx_19
noGesture,trainingSamples,raw_data/EMG-EPN612/testingJSON/user297/user297.json,idx_20
noGesture,trainingSamples,raw_data/EMG-EPN612/testingJSON/user297/user297.json,idx_21
noGesture,trainingSamples,raw_data/EMG-EPN612/testingJSON/user297/user297.json,idx_22
noGesture,trainingSamples,raw_data/EMG-EPN612/testingJSON/user297/user297.json,idx_23
noGesture,trainingSamples,raw_data/EMG-EPN612/testingJSON/user297/user297.json,idx_24
noGesture,trainingSamples,raw_data/EMG-EPN612/testingJSON/user297/user297.json,idx_25
open,trainingSamples,raw_data/EMG-EPN612/testingJSON/user297/user297.json,idx_26
open,trainingSamples,raw_data/EMG-EPN612/testingJSON/user297/user297.json,idx_27
open,trainingSamples,raw_data/EMG-EPN612/testingJSON/user297/user297.json,idx_28
open,trainingSamples,raw_data/EMG-EPN612/testingJSON/user297/user297.json,idx_29
open,trainingSamples,raw_data/EMG-EPN612/testingJSON/user297/user297.json,idx_30
open,trainingSamples,raw_data/EMG-EPN612/testingJSON/user297/user297.json,idx_31
open,trainingSamples,raw_data/EMG-EPN612/testingJSON/user297/user297.json,idx_32
open,trainingSamples,raw_data/EMG-EPN612/testingJSON/user297/user297.json,idx_33
open,trainingSamples,raw_data/EMG-EPN612/testingJSON/user297/user297.json,idx_34
open,trainingSamples,raw_data/EMG-EPN612/testingJSON/user297/user297.json,idx_35
open,trainingSamples,raw_data/EMG-EPN612/testingJSON/user297/user297.json,idx_36
open,trainingSamples,raw_data/EMG-EPN612/testingJSON/user297/user297.json,idx_37
open,trainingSamples,raw_data/EMG-EPN612/testingJSON/user297/user297.json,idx_38
open,trainingSamples,raw_data/EMG-EPN612/testingJSON/user297/user297.json,idx_39
open,trainingSamples,raw_data/EMG-EPN612/testingJSON/user297/user297.json,idx_40
open,trainingSamples,raw_data/EMG-EPN612/testingJSON/user297/user297.json,idx_41
open,trainingSamples,raw_data/EMG-EPN612/testingJSON/user297/user297.json,idx_42
open,trainingSamples,raw_data/EMG-EPN612/testingJSON/user297/user297.json,idx_43
open,trainingSamples,raw_data/EMG-EPN612/testingJSON/user297/user297.json,idx_44
open,trainingSamples,raw_data/EMG-EPN612/testingJSON/user297/user297.json,idx_45
open,trainingSamples,raw_data/EMG-EPN612/testingJSON/user297/user297.json,idx_46
open,trainingSamples,raw_data/EMG-EPN612/testingJSON/user297/user297.json,idx_47
open,trainingSamples,raw_data/EMG-EPN612/testingJSON/user297/user297.json,idx_48
open,trainingSamples,raw_data/EMG-EPN612/testingJSON/user297/user297.json,idx_49
open,trainingSamples,raw_data/EMG-EPN612/testingJSON/user297/user297.json,idx_50
pinch,trainingSamples,raw_data/EMG-EPN612/testingJSON/user297/user297.json,idx_51
pinch,trainingSamples,raw_data/EMG-EPN612/testingJSON/user297/user297.json,idx_52
pinch,trainingSamples,raw_data/EMG-EPN612/testingJSON/user297/user297.json,idx_53
pinch,trainingSamples,raw_data/EMG-EPN612/testingJSON/user297/user297.json,idx_54
pinch,trainingSamples,raw_data/EMG-EPN612/testingJSON/user297/user297.json,idx_55
pinch,trainingSamples,raw_data/EMG-EPN612/testingJSON/user297/user297.json,idx_56
pinch,trainingSamples,raw_data/EMG-EPN612/testingJSON/user297/user297.json,idx_57
pinch,trainingSamples,raw_data/EMG-EPN612/testingJSON/user297/user297.json,idx_58
pinch,trainingSamples,raw_data/EMG-EPN612/testingJSON/user297/user297.json,idx_59
pinch,trainingSamples,raw_data/EMG-EPN612/testingJSON/user297/user297.json,idx_60
pinch,trainingSamples,raw_data/EMG-EPN612/testingJSON/user297/user297.json,idx_61
pinch,trainingSamples,raw_data/EMG-EPN612/testingJSON/user297/user297.json,idx_62
pinch,trainingSamples,raw_data/EMG-EPN612/testingJSON/user297/user297.json,idx_63
pinch,trainingSamples,raw_data/EMG-EPN612/testingJSON/user297/user297.json,idx_64
pinch,trainingSamples,raw_data/EMG-EPN612/testingJSON/user297/user297.json,idx_65
pinch,trainingSamples,raw_data/EMG-EPN612/testingJSON/user297/user297.json,idx_66
pinch,trainingSamples,raw_data/EMG-EPN612/testingJSON/user297/user297.json,idx_67
pinch,trainingSamples,raw_data/EMG-EPN612/testingJSON/user297/user297.json,idx_68
pinch,trainingSamples,raw_data/EMG-EPN612/testingJSON/user297/user297.json,idx_69
pinch,trainingSamples,raw_data/EMG-EPN612/testingJSON/user297/user297.json,idx_70
pinch,trainingSamples,raw_data/EMG-EPN612/testingJSON/user297/user297.json,idx_71
pinch,trainingSamples,raw_data/EMG-EPN612/testingJSON/user297/user297.json,idx_72
pinch,trainingSamples,raw_data/EMG-EPN612/testingJSON/user297/user297.json,idx_73
pinch,trainingSamples,raw_data/EMG-EPN612/testingJSON/user297/user297.json,idx_74
pinch,trainingSamples,raw_data/EMG-EPN612/testingJSON/user297/user297.json,idx_75
fist,trainingSamples,raw_data/EMG-EPN612/testingJSON/user297/user297.json,idx_76
fist,trainingSamples,raw_data/EMG-EPN612/testingJSON/user297/user297.json,idx_77
fist,trainingSamples,raw_data/EMG-EPN612/testingJSON/user297/user297.json,idx_78
fist,trainingSamples,raw_data/EMG-EPN612/testingJSON/user297/user297.json,idx_79
fist,trainingSamples,raw_data/EMG-EPN612/testingJSON/user297/user297.json,idx_80
fist,trainingSamples,raw_data/EMG-EPN612/testingJSON/user297/user297.json,idx_81
fist,trainingSamples,raw_data/EMG-EPN612/testingJSON/user297/user297.json,idx_82
fist,trainingSamples,raw_data/EMG-EPN612/testingJSON/user297/user297.json,idx_83
fist,trainingSamples,raw_data/EMG-EPN612/testingJSON/user297/user297.json,idx_84
fist,trainingSamples,raw_data/EMG-EPN612/testingJSON/user297/user297.json,idx_85
fist,trainingSamples,raw_data/EMG-EPN612/testingJSON/user297/user297.json,idx_86
fist,trainingSamples,raw_data/EMG-EPN612/testingJSON/user297/user297.json,idx_87
fist,trainingSamples,raw_data/EMG-EPN612/testingJSON/user297/user297.json,idx_88
fist,trainingSamples,raw_data/EMG-EPN612/testingJSON/user297/user297.json,idx_89
fist,trainingSamples,raw_data/EMG-EPN612/testingJSON/user297/user297.json,idx_90
fist,trainingSamples,raw_data/EMG-EPN612/testingJSON/user297/user297.json,idx_91
fist,trainingSamples,raw_data/EMG-EPN612/testingJSON/user297/user297.json,idx_92
fist,trainingSamples,raw_data/EMG-EPN612/testingJSON/user297/user297.json,idx_93
fist,trainingSamples,raw_data/EMG-EPN612/testingJSON/user297/user297.json,idx_94
fist,trainingSamples,raw_data/EMG-EPN612/testingJSON/user297/user297.json,idx_95
fist,trainingSamples,raw_data/EMG-EPN612/testingJSON/user297/user297.json,idx_96
fist,trainingSamples,raw_data/EMG-EPN612/testingJSON/user297/user297.json,idx_97
fist,trainingSamples,raw_data/EMG-EPN612/testingJSON/user297/user297.json,idx_98
fist,trainingSamples,raw_data/EMG-EPN612/testingJSON/user297/user297.json,idx_99
fist,trainingSamples,raw_data/EMG-EPN612/testingJSON/user297/user297.json,idx_100
waveOut,trainingSamples,raw_data/EMG-EPN612/testingJSON/user297/user297.json,idx_101
waveOut,trainingSamples,raw_data/EMG-EPN612/testingJSON/user297/user297.json,idx_102
waveOut,trainingSamples,raw_data/EMG-EPN612/testingJSON/user297/user297.json,idx_103
waveOut,trainingSamples,raw_data/EMG-EPN612/testingJSON/user297/user297.json,idx_104
waveOut,trainingSamples,raw_data/EMG-EPN612/testingJSON/user297/user297.json,idx_105
waveOut,trainingSamples,raw_data/EMG-EPN612/testingJSON/user297/user297.json,idx_106
waveOut,trainingSamples,raw_data/EMG-EPN612/testingJSON/user297/user297.json,idx_107
waveOut,trainingSamples,raw_data/EMG-EPN612/testingJSON/user297/user297.json,idx_108
waveOut,trainingSamples,raw_data/EMG-EPN612/testingJSON/user297/user297.json,idx_109
waveOut,trainingSamples,raw_data/EMG-EPN612/testingJSON/user297/user297.json,idx_110
waveOut,trainingSamples,raw_data/EMG-EPN612/testingJSON/user297/user297.json,idx_111
waveOut,trainingSamples,raw_data/EMG-EPN612/testingJSON/user297/user297.json,idx_112
waveOut,trainingSamples,raw_data/EMG-EPN612/testingJSON/user297/user297.json,idx_113
waveOut,trainingSamples,raw_data/EMG-EPN612/testingJSON/user297/user297.json,idx_114
waveOut,trainingSamples,raw_data/EMG-EPN612/testingJSON/user297/user297.json,idx_115
waveOut,trainingSamples,raw_data/EMG-EPN612/testingJSON/user297/user297.json,idx_116
waveOut,trainingSamples,raw_data/EMG-EPN612/testingJSON/user297/user297.json,idx_117
waveOut,trainingSamples,raw_data/EMG-EPN612/testingJSON/user297/user297.json,idx_118
waveOut,trainingSamples,raw_data/EMG-EPN612/testingJSON/user297/user297.json,idx_119
waveOut,trainingSamples,raw_data/EMG-EPN612/testingJSON/user297/user297.json,idx_120
waveOut,trainingSamples,raw_data/EMG-EPN612/testingJSON/user297/user297.json,idx_121
waveOut,trainingSamples,raw_data/EMG-EPN612/testingJSON/user297/user297.json,idx_122
waveOut,trainingSamples,raw_data/EMG-EPN612/testingJSON/user297/user297.json,idx_123
waveOut,trainingSamples,raw_data/EMG-EPN612/testingJSON/user297/user297.json,idx_124
waveOut,trainingSamples,raw_data/EMG-EPN612/testingJSON/user297/user297.json,idx_125
waveIn,trainingSamples,raw_data/EMG-EPN612/testingJSON/user297/user297.json,idx_126
waveIn,trainingSamples,raw_data/EMG-EPN612/testingJSON/user297/user297.json,idx_127
waveIn,trainingSamples,raw_data/EMG-EPN612/testingJSON/user297/user297.json,idx_128
waveIn,trainingSamples,raw_data/EMG-EPN612/testingJSON/user297/user297.json,idx_129
waveIn,trainingSamples,raw_data/EMG-EPN612/testingJSON/user297/user297.json,idx_130
waveIn,trainingSamples,raw_data/EMG-EPN612/testingJSON/user297/user297.json,idx_131
waveIn,trainingSamples,raw_data/EMG-EPN612/testingJSON/user297/user297.json,idx_132
waveIn,trainingSamples,raw_data/EMG-EPN612/testingJSON/user297/user297.json,idx_133
waveIn,trainingSamples,raw_data/EMG-EPN612/testingJSON/user297/user297.json,idx_134
waveIn,trainingSamples,raw_data/EMG-EPN612/testingJSON/user297/user297.json,idx_135
waveIn,trainingSamples,raw_data/EMG-EPN612/testingJSON/user297/user297.json,idx_136
waveIn,trainingSamples,raw_data/EMG-EPN612/testingJSON/user297/user297.json,idx_137
waveIn,trainingSamples,raw_data/EMG-EPN612/testingJSON/user297/user297.json,idx_138
waveIn,trainingSamples,raw_data/EMG-EPN612/testingJSON/user297/user297.json,idx_139
waveIn,trainingSamples,raw_data/EMG-EPN612/testingJSON/user297/user297.json,idx_140
waveIn,trainingSamples,raw_data/EMG-EPN612/testingJSON/user297/user297.json,idx_141
waveIn,trainingSamples,raw_data/EMG-EPN612/testingJSON/user297/user297.json,idx_142
waveIn,trainingSamples,raw_data/EMG-EPN612/testingJSON/user297/user297.json,idx_143
waveIn,trainingSamples,raw_data/EMG-EPN612/testingJSON/user297/user297.json,idx_144
waveIn,trainingSamples,raw_data/EMG-EPN612/testingJSON/user297/user297.json,idx_145
waveIn,trainingSamples,raw_data/EMG-EPN612/testingJSON/user297/user297.json,idx_146
waveIn,trainingSamples,raw_data/EMG-EPN612/testingJSON/user297/user297.json,idx_147
waveIn,trainingSamples,raw_data/EMG-EPN612/testingJSON/user297/user297.json,idx_148
waveIn,trainingSamples,raw_data/EMG-EPN612/testingJSON/user297/user297.json,idx_149
waveIn,trainingSamples,raw_data/EMG-EPN612/testingJSON/user297/user297.json,idx_150
noGesture,trainingSamples,raw_data/EMG-EPN612/testingJSON/user298/user298.json,idx_1
noGesture,trainingSamples,raw_data/EMG-EPN612/testingJSON/user298/user298.json,idx_2
noGesture,trainingSamples,raw_data/EMG-EPN612/testingJSON/user298/user298.json,idx_3
noGesture,trainingSamples,raw_data/EMG-EPN612/testingJSON/user298/user298.json,idx_4
noGesture,trainingSamples,raw_data/EMG-EPN612/testingJSON/user298/user298.json,idx_5
noGesture,trainingSamples,raw_data/EMG-EPN612/testingJSON/user298/user298.json,idx_6
noGesture,trainingSamples,raw_data/EMG-EPN612/testingJSON/user298/user298.json,idx_7
noGesture,trainingSamples,raw_data/EMG-EPN612/testingJSON/user298/user298.json,idx_8
noGesture,trainingSamples,raw_data/EMG-EPN612/testingJSON/user298/user298.json,idx_9
noGesture,trainingSamples,raw_data/EMG-EPN612/testingJSON/user298/user298.json,idx_10
noGesture,trainingSamples,raw_data/EMG-EPN612/testingJSON/user298/user298.json,idx_11
noGesture,trainingSamples,raw_data/EMG-EPN612/testingJSON/user298/user298.json,idx_12
noGesture,trainingSamples,raw_data/EMG-EPN612/testingJSON/user298/user298.json,idx_13
noGesture,trainingSamples,raw_data/EMG-EPN612/testingJSON/user298/user298.json,idx_14
noGesture,trainingSamples,raw_data/EMG-EPN612/testingJSON/user298/user298.json,idx_15
noGesture,trainingSamples,raw_data/EMG-EPN612/testingJSON/user298/user298.json,idx_16
noGesture,trainingSamples,raw_data/EMG-EPN612/testingJSON/user298/user298.json,idx_17
noGesture,trainingSamples,raw_data/EMG-EPN612/testingJSON/user298/user298.json,idx_18
noGesture,trainingSamples,raw_data/EMG-EPN612/testingJSON/user298/user298.json,idx_19
noGesture,trainingSamples,raw_data/EMG-EPN612/testingJSON/user298/user298.json,idx_20
noGesture,trainingSamples,raw_data/EMG-EPN612/testingJSON/user298/user298.json,idx_21
noGesture,trainingSamples,raw_data/EMG-EPN612/testingJSON/user298/user298.json,idx_22
noGesture,trainingSamples,raw_data/EMG-EPN612/testingJSON/user298/user298.json,idx_23
noGesture,trainingSamples,raw_data/EMG-EPN612/testingJSON/user298/user298.json,idx_24
noGesture,trainingSamples,raw_data/EMG-EPN612/testingJSON/user298/user298.json,idx_25
waveOut,trainingSamples,raw_data/EMG-EPN612/testingJSON/user298/user298.json,idx_26
waveOut,trainingSamples,raw_data/EMG-EPN612/testingJSON/user298/user298.json,idx_27
waveOut,trainingSamples,raw_data/EMG-EPN612/testingJSON/user298/user298.json,idx_28
waveOut,trainingSamples,raw_data/EMG-EPN612/testingJSON/user298/user298.json,idx_29
waveOut,trainingSamples,raw_data/EMG-EPN612/testingJSON/user298/user298.json,idx_30
waveOut,trainingSamples,raw_data/EMG-EPN612/testingJSON/user298/user298.json,idx_31
waveOut,trainingSamples,raw_data/EMG-EPN612/testingJSON/user298/user298.json,idx_32
waveOut,trainingSamples,raw_data/EMG-EPN612/testingJSON/user298/user298.json,idx_33
waveOut,trainingSamples,raw_data/EMG-EPN612/testingJSON/user298/user298.json,idx_34
waveOut,trainingSamples,raw_data/EMG-EPN612/testingJSON/user298/user298.json,idx_35
waveOut,trainingSamples,raw_data/EMG-EPN612/testingJSON/user298/user298.json,idx_36
waveOut,trainingSamples,raw_data/EMG-EPN612/testingJSON/user298/user298.json,idx_37
waveOut,trainingSamples,raw_data/EMG-EPN612/testingJSON/user298/user298.json,idx_38
waveOut,trainingSamples,raw_data/EMG-EPN612/testingJSON/user298/user298.json,idx_39
waveOut,trainingSamples,raw_data/EMG-EPN612/testingJSON/user298/user298.json,idx_40
waveOut,trainingSamples,raw_data/EMG-EPN612/testingJSON/user298/user298.json,idx_41
waveOut,trainingSamples,raw_data/EMG-EPN612/testingJSON/user298/user298.json,idx_42
waveOut,trainingSamples,raw_data/EMG-EPN612/testingJSON/user298/user298.json,idx_43
waveOut,trainingSamples,raw_data/EMG-EPN612/testingJSON/user298/user298.json,idx_44
waveOut,trainingSamples,raw_data/EMG-EPN612/testingJSON/user298/user298.json,idx_45
waveOut,trainingSamples,raw_data/EMG-EPN612/testingJSON/user298/user298.json,idx_46
waveOut,trainingSamples,raw_data/EMG-EPN612/testingJSON/user298/user298.json,idx_47
waveOut,trainingSamples,raw_data/EMG-EPN612/testingJSON/user298/user298.json,idx_48
waveOut,trainingSamples,raw_data/EMG-EPN612/testingJSON/user298/user298.json,idx_49
waveOut,trainingSamples,raw_data/EMG-EPN612/testingJSON/user298/user298.json,idx_50
pinch,trainingSamples,raw_data/EMG-EPN612/testingJSON/user298/user298.json,idx_51
pinch,trainingSamples,raw_data/EMG-EPN612/testingJSON/user298/user298.json,idx_52
pinch,trainingSamples,raw_data/EMG-EPN612/testingJSON/user298/user298.json,idx_53
pinch,trainingSamples,raw_data/EMG-EPN612/testingJSON/user298/user298.json,idx_54
pinch,trainingSamples,raw_data/EMG-EPN612/testingJSON/user298/user298.json,idx_55
pinch,trainingSamples,raw_data/EMG-EPN612/testingJSON/user298/user298.json,idx_56
pinch,trainingSamples,raw_data/EMG-EPN612/testingJSON/user298/user298.json,idx_57
pinch,trainingSamples,raw_data/EMG-EPN612/testingJSON/user298/user298.json,idx_58
pinch,trainingSamples,raw_data/EMG-EPN612/testingJSON/user298/user298.json,idx_59
pinch,trainingSamples,raw_data/EMG-EPN612/testingJSON/user298/user298.json,idx_60
pinch,trainingSamples,raw_data/EMG-EPN612/testingJSON/user298/user298.json,idx_61
pinch,trainingSamples,raw_data/EMG-EPN612/testingJSON/user298/user298.json,idx_62
pinch,trainingSamples,raw_data/EMG-EPN612/testingJSON/user298/user298.json,idx_63
pinch,trainingSamples,raw_data/EMG-EPN612/testingJSON/user298/user298.json,idx_64
pinch,trainingSamples,raw_data/EMG-EPN612/testingJSON/user298/user298.json,idx_65
pinch,trainingSamples,raw_data/EMG-EPN612/testingJSON/user298/user298.json,idx_66
pinch,trainingSamples,raw_data/EMG-EPN612/testingJSON/user298/user298.json,idx_67
pinch,trainingSamples,raw_data/EMG-EPN612/testingJSON/user298/user298.json,idx_68
pinch,trainingSamples,raw_data/EMG-EPN612/testingJSON/user298/user298.json,idx_69
pinch,trainingSamples,raw_data/EMG-EPN612/testingJSON/user298/user298.json,idx_70
pinch,trainingSamples,raw_data/EMG-EPN612/testingJSON/user298/user298.json,idx_71
pinch,trainingSamples,raw_data/EMG-EPN612/testingJSON/user298/user298.json,idx_72
pinch,trainingSamples,raw_data/EMG-EPN612/testingJSON/user298/user298.json,idx_73
pinch,trainingSamples,raw_data/EMG-EPN612/testingJSON/user298/user298.json,idx_74
pinch,trainingSamples,raw_data/EMG-EPN612/testingJSON/user298/user298.json,idx_75
fist,trainingSamples,raw_data/EMG-EPN612/testingJSON/user298/user298.json,idx_76
fist,trainingSamples,raw_data/EMG-EPN612/testingJSON/user298/user298.json,idx_77
fist,trainingSamples,raw_data/EMG-EPN612/testingJSON/user298/user298.json,idx_78
fist,trainingSamples,raw_data/EMG-EPN612/testingJSON/user298/user298.json,idx_79
fist,trainingSamples,raw_data/EMG-EPN612/testingJSON/user298/user298.json,idx_80
fist,trainingSamples,raw_data/EMG-EPN612/testingJSON/user298/user298.json,idx_81
fist,trainingSamples,raw_data/EMG-EPN612/testingJSON/user298/user298.json,idx_82
fist,trainingSamples,raw_data/EMG-EPN612/testingJSON/user298/user298.json,idx_83
fist,trainingSamples,raw_data/EMG-EPN612/testingJSON/user298/user298.json,idx_84
fist,trainingSamples,raw_data/EMG-EPN612/testingJSON/user298/user298.json,idx_85
fist,trainingSamples,raw_data/EMG-EPN612/testingJSON/user298/user298.json,idx_86
fist,trainingSamples,raw_data/EMG-EPN612/testingJSON/user298/user298.json,idx_87
fist,trainingSamples,raw_data/EMG-EPN612/testingJSON/user298/user298.json,idx_88
fist,trainingSamples,raw_data/EMG-EPN612/testingJSON/user298/user298.json,idx_89
fist,trainingSamples,raw_data/EMG-EPN612/testingJSON/user298/user298.json,idx_90
fist,trainingSamples,raw_data/EMG-EPN612/testingJSON/user298/user298.json,idx_91
fist,trainingSamples,raw_data/EMG-EPN612/testingJSON/user298/user298.json,idx_92
fist,trainingSamples,raw_data/EMG-EPN612/testingJSON/user298/user298.json,idx_93
fist,trainingSamples,raw_data/EMG-EPN612/testingJSON/user298/user298.json,idx_94
fist,trainingSamples,raw_data/EMG-EPN612/testingJSON/user298/user298.json,idx_95
fist,trainingSamples,raw_data/EMG-EPN612/testingJSON/user298/user298.json,idx_96
fist,trainingSamples,raw_data/EMG-EPN612/testingJSON/user298/user298.json,idx_97
fist,trainingSamples,raw_data/EMG-EPN612/testingJSON/user298/user298.json,idx_98
fist,trainingSamples,raw_data/EMG-EPN612/testingJSON/user298/user298.json,idx_99
fist,trainingSamples,raw_data/EMG-EPN612/testingJSON/user298/user298.json,idx_100
waveIn,trainingSamples,raw_data/EMG-EPN612/testingJSON/user298/user298.json,idx_101
waveIn,trainingSamples,raw_data/EMG-EPN612/testingJSON/user298/user298.json,idx_102
waveIn,trainingSamples,raw_data/EMG-EPN612/testingJSON/user298/user298.json,idx_103
waveIn,trainingSamples,raw_data/EMG-EPN612/testingJSON/user298/user298.json,idx_104
waveIn,trainingSamples,raw_data/EMG-EPN612/testingJSON/user298/user298.json,idx_105
waveIn,trainingSamples,raw_data/EMG-EPN612/testingJSON/user298/user298.json,idx_106
waveIn,trainingSamples,raw_data/EMG-EPN612/testingJSON/user298/user298.json,idx_107
waveIn,trainingSamples,raw_data/EMG-EPN612/testingJSON/user298/user298.json,idx_108
waveIn,trainingSamples,raw_data/EMG-EPN612/testingJSON/user298/user298.json,idx_109
waveIn,trainingSamples,raw_data/EMG-EPN612/testingJSON/user298/user298.json,idx_110
waveIn,trainingSamples,raw_data/EMG-EPN612/testingJSON/user298/user298.json,idx_111
waveIn,trainingSamples,raw_data/EMG-EPN612/testingJSON/user298/user298.json,idx_112
waveIn,trainingSamples,raw_data/EMG-EPN612/testingJSON/user298/user298.json,idx_113
waveIn,trainingSamples,raw_data/EMG-EPN612/testingJSON/user298/user298.json,idx_114
waveIn,trainingSamples,raw_data/EMG-EPN612/testingJSON/user298/user298.json,idx_115
waveIn,trainingSamples,raw_data/EMG-EPN612/testingJSON/user298/user298.json,idx_116
waveIn,trainingSamples,raw_data/EMG-EPN612/testingJSON/user298/user298.json,idx_117
waveIn,trainingSamples,raw_data/EMG-EPN612/testingJSON/user298/user298.json,idx_118
waveIn,trainingSamples,raw_data/EMG-EPN612/testingJSON/user298/user298.json,idx_119
waveIn,trainingSamples,raw_data/EMG-EPN612/testingJSON/user298/user298.json,idx_120
waveIn,trainingSamples,raw_data/EMG-EPN612/testingJSON/user298/user298.json,idx_121
waveIn,trainingSamples,raw_data/EMG-EPN612/testingJSON/user298/user298.json,idx_122
waveIn,trainingSamples,raw_data/EMG-EPN612/testingJSON/user298/user298.json,idx_123
waveIn,trainingSamples,raw_data/EMG-EPN612/testingJSON/user298/user298.json,idx_124
waveIn,trainingSamples,raw_data/EMG-EPN612/testingJSON/user298/user298.json,idx_125
open,trainingSamples,raw_data/EMG-EPN612/testingJSON/user298/user298.json,idx_126
open,trainingSamples,raw_data/EMG-EPN612/testingJSON/user298/user298.json,idx_127
open,trainingSamples,raw_data/EMG-EPN612/testingJSON/user298/user298.json,idx_128
open,trainingSamples,raw_data/EMG-EPN612/testingJSON/user298/user298.json,idx_129
open,trainingSamples,raw_data/EMG-EPN612/testingJSON/user298/user298.json,idx_130
open,trainingSamples,raw_data/EMG-EPN612/testingJSON/user298/user298.json,idx_131
open,trainingSamples,raw_data/EMG-EPN612/testingJSON/user298/user298.json,idx_132
open,trainingSamples,raw_data/EMG-EPN612/testingJSON/user298/user298.json,idx_133
open,trainingSamples,raw_data/EMG-EPN612/testingJSON/user298/user298.json,idx_134
open,trainingSamples,raw_data/EMG-EPN612/testingJSON/user298/user298.json,idx_135
open,trainingSamples,raw_data/EMG-EPN612/testingJSON/user298/user298.json,idx_136
open,trainingSamples,raw_data/EMG-EPN612/testingJSON/user298/user298.json,idx_137
open,trainingSamples,raw_data/EMG-EPN612/testingJSON/user298/user298.json,idx_138
open,trainingSamples,raw_data/EMG-EPN612/testingJSON/user298/user298.json,idx_139
open,trainingSamples,raw_data/EMG-EPN612/testingJSON/user298/user298.json,idx_140
open,trainingSamples,raw_data/EMG-EPN612/testingJSON/user298/user298.json,idx_141
open,trainingSamples,raw_data/EMG-EPN612/testingJSON/user298/user298.json,idx_142
open,trainingSamples,raw_data/EMG-EPN612/testingJSON/user298/user298.json,idx_143
open,trainingSamples,raw_data/EMG-EPN612/testingJSON/user298/user298.json,idx_144
open,trainingSamples,raw_data/EMG-EPN612/testingJSON/user298/user298.json,idx_145
open,trainingSamples,raw_data/EMG-EPN612/testingJSON/user298/user298.json,idx_146
open,trainingSamples,raw_data/EMG-EPN612/testingJSON/user298/user298.json,idx_147
open,trainingSamples,raw_data/EMG-EPN612/testingJSON/user298/user298.json,idx_148
open,trainingSamples,raw_data/EMG-EPN612/testingJSON/user298/user298.json,idx_149
open,trainingSamples,raw_data/EMG-EPN612/testingJSON/user298/user298.json,idx_150
noGesture,trainingSamples,raw_data/EMG-EPN612/testingJSON/user299/user299.json,idx_1
noGesture,trainingSamples,raw_data/EMG-EPN612/testingJSON/user299/user299.json,idx_2
noGesture,trainingSamples,raw_data/EMG-EPN612/testingJSON/user299/user299.json,idx_3
noGesture,trainingSamples,raw_data/EMG-EPN612/testingJSON/user299/user299.json,idx_4
noGesture,trainingSamples,raw_data/EMG-EPN612/testingJSON/user299/user299.json,idx_5
noGesture,trainingSamples,raw_data/EMG-EPN612/testingJSON/user299/user299.json,idx_6
noGesture,trainingSamples,raw_data/EMG-EPN612/testingJSON/user299/user299.json,idx_7
noGesture,trainingSamples,raw_data/EMG-EPN612/testingJSON/user299/user299.json,idx_8
noGesture,trainingSamples,raw_data/EMG-EPN612/testingJSON/user299/user299.json,idx_9
noGesture,trainingSamples,raw_data/EMG-EPN612/testingJSON/user299/user299.json,idx_10
noGesture,trainingSamples,raw_data/EMG-EPN612/testingJSON/user299/user299.json,idx_11
noGesture,trainingSamples,raw_data/EMG-EPN612/testingJSON/user299/user299.json,idx_12
noGesture,trainingSamples,raw_data/EMG-EPN612/testingJSON/user299/user299.json,idx_13
noGesture,trainingSamples,raw_data/EMG-EPN612/testingJSON/user299/user299.json,idx_14
noGesture,trainingSamples,raw_data/EMG-EPN612/testingJSON/user299/user299.json,idx_15
noGesture,trainingSamples,raw_data/EMG-EPN612/testingJSON/user299/user299.json,idx_16
noGesture,trainingSamples,raw_data/EMG-EPN612/testingJSON/user299/user299.json,idx_17
noGesture,trainingSamples,raw_data/EMG-EPN612/testingJSON/user299/user299.json,idx_18
noGesture,trainingSamples,raw_data/EMG-EPN612/testingJSON/user299/user299.json,idx_19
noGesture,trainingSamples,raw_data/EMG-EPN612/testingJSON/user299/user299.json,idx_20
noGesture,trainingSamples,raw_data/EMG-EPN612/testingJSON/user299/user299.json,idx_21
noGesture,trainingSamples,raw_data/EMG-EPN612/testingJSON/user299/user299.json,idx_22
noGesture,trainingSamples,raw_data/EMG-EPN612/testingJSON/user299/user299.json,idx_23
noGesture,trainingSamples,raw_data/EMG-EPN612/testingJSON/user299/user299.json,idx_24
noGesture,trainingSamples,raw_data/EMG-EPN612/testingJSON/user299/user299.json,idx_25
waveOut,trainingSamples,raw_data/EMG-EPN612/testingJSON/user299/user299.json,idx_26
waveOut,trainingSamples,raw_data/EMG-EPN612/testingJSON/user299/user299.json,idx_27
waveOut,trainingSamples,raw_data/EMG-EPN612/testingJSON/user299/user299.json,idx_28
waveOut,trainingSamples,raw_data/EMG-EPN612/testingJSON/user299/user299.json,idx_29
waveOut,trainingSamples,raw_data/EMG-EPN612/testingJSON/user299/user299.json,idx_30
waveOut,trainingSamples,raw_data/EMG-EPN612/testingJSON/user299/user299.json,idx_31
waveOut,trainingSamples,raw_data/EMG-EPN612/testingJSON/user299/user299.json,idx_32
waveOut,trainingSamples,raw_data/EMG-EPN612/testingJSON/user299/user299.json,idx_33
waveOut,trainingSamples,raw_data/EMG-EPN612/testingJSON/user299/user299.json,idx_34
waveOut,trainingSamples,raw_data/EMG-EPN612/testingJSON/user299/user299.json,idx_35
waveOut,trainingSamples,raw_data/EMG-EPN612/testingJSON/user299/user299.json,idx_36
waveOut,trainingSamples,raw_data/EMG-EPN612/testingJSON/user299/user299.json,idx_37
waveOut,trainingSamples,raw_data/EMG-EPN612/testingJSON/user299/user299.json,idx_38
waveOut,trainingSamples,raw_data/EMG-EPN612/testingJSON/user299/user299.json,idx_39
waveOut,trainingSamples,raw_data/EMG-EPN612/testingJSON/user299/user299.json,idx_40
waveOut,trainingSamples,raw_data/EMG-EPN612/testingJSON/user299/user299.json,idx_41
waveOut,trainingSamples,raw_data/EMG-EPN612/testingJSON/user299/user299.json,idx_42
waveOut,trainingSamples,raw_data/EMG-EPN612/testingJSON/user299/user299.json,idx_43
waveOut,trainingSamples,raw_data/EMG-EPN612/testingJSON/user299/user299.json,idx_44
waveOut,trainingSamples,raw_data/EMG-EPN612/testingJSON/user299/user299.json,idx_45
waveOut,trainingSamples,raw_data/EMG-EPN612/testingJSON/user299/user299.json,idx_46
waveOut,trainingSamples,raw_data/EMG-EPN612/testingJSON/user299/user299.json,idx_47
waveOut,trainingSamples,raw_data/EMG-EPN612/testingJSON/user299/user299.json,idx_48
waveOut,trainingSamples,raw_data/EMG-EPN612/testingJSON/user299/user299.json,idx_49
waveOut,trainingSamples,raw_data/EMG-EPN612/testingJSON/user299/user299.json,idx_50
pinch,trainingSamples,raw_data/EMG-EPN612/testingJSON/user299/user299.json,idx_51
pinch,trainingSamples,raw_data/EMG-EPN612/testingJSON/user299/user299.json,idx_52
pinch,trainingSamples,raw_data/EMG-EPN612/testingJSON/user299/user299.json,idx_53
pinch,trainingSamples,raw_data/EMG-EPN612/testingJSON/user299/user299.json,idx_54
pinch,trainingSamples,raw_data/EMG-EPN612/testingJSON/user299/user299.json,idx_55
pinch,trainingSamples,raw_data/EMG-EPN612/testingJSON/user299/user299.json,idx_56
pinch,trainingSamples,raw_data/EMG-EPN612/testingJSON/user299/user299.json,idx_57
pinch,trainingSamples,raw_data/EMG-EPN612/testingJSON/user299/user299.json,idx_58
pinch,trainingSamples,raw_data/EMG-EPN612/testingJSON/user299/user299.json,idx_59
pinch,trainingSamples,raw_data/EMG-EPN612/testingJSON/user299/user299.json,idx_60
pinch,trainingSamples,raw_data/EMG-EPN612/testingJSON/user299/user299.json,idx_61
pinch,trainingSamples,raw_data/EMG-EPN612/testingJSON/user299/user299.json,idx_62
pinch,trainingSamples,raw_data/EMG-EPN612/testingJSON/user299/user299.json,idx_63
pinch,trainingSamples,raw_data/EMG-EPN612/testingJSON/user299/user299.json,idx_64
pinch,trainingSamples,raw_data/EMG-EPN612/testingJSON/user299/user299.json,idx_65
pinch,trainingSamples,raw_data/EMG-EPN612/testingJSON/user299/user299.json,idx_66
pinch,trainingSamples,raw_data/EMG-EPN612/testingJSON/user299/user299.json,idx_67
pinch,trainingSamples,raw_data/EMG-EPN612/testingJSON/user299/user299.json,idx_68
pinch,trainingSamples,raw_data/EMG-EPN612/testingJSON/user299/user299.json,idx_69
pinch,trainingSamples,raw_data/EMG-EPN612/testingJSON/user299/user299.json,idx_70
pinch,trainingSamples,raw_data/EMG-EPN612/testingJSON/user299/user299.json,idx_71
pinch,trainingSamples,raw_data/EMG-EPN612/testingJSON/user299/user299.json,idx_72
pinch,trainingSamples,raw_data/EMG-EPN612/testingJSON/user299/user299.json,idx_73
pinch,trainingSamples,raw_data/EMG-EPN612/testingJSON/user299/user299.json,idx_74
pinch,trainingSamples,raw_data/EMG-EPN612/testingJSON/user299/user299.json,idx_75
fist,trainingSamples,raw_data/EMG-EPN612/testingJSON/user299/user299.json,idx_76
fist,trainingSamples,raw_data/EMG-EPN612/testingJSON/user299/user299.json,idx_77
fist,trainingSamples,raw_data/EMG-EPN612/testingJSON/user299/user299.json,idx_78
fist,trainingSamples,raw_data/EMG-EPN612/testingJSON/user299/user299.json,idx_79
fist,trainingSamples,raw_data/EMG-EPN612/testingJSON/user299/user299.json,idx_80
fist,trainingSamples,raw_data/EMG-EPN612/testingJSON/user299/user299.json,idx_81
fist,trainingSamples,raw_data/EMG-EPN612/testingJSON/user299/user299.json,idx_82
fist,trainingSamples,raw_data/EMG-EPN612/testingJSON/user299/user299.json,idx_83
fist,trainingSamples,raw_data/EMG-EPN612/testingJSON/user299/user299.json,idx_84
fist,trainingSamples,raw_data/EMG-EPN612/testingJSON/user299/user299.json,idx_85
fist,trainingSamples,raw_data/EMG-EPN612/testingJSON/user299/user299.json,idx_86
fist,trainingSamples,raw_data/EMG-EPN612/testingJSON/user299/user299.json,idx_87
fist,trainingSamples,raw_data/EMG-EPN612/testingJSON/user299/user299.json,idx_88
fist,trainingSamples,raw_data/EMG-EPN612/testingJSON/user299/user299.json,idx_89
fist,trainingSamples,raw_data/EMG-EPN612/testingJSON/user299/user299.json,idx_90
fist,trainingSamples,raw_data/EMG-EPN612/testingJSON/user299/user299.json,idx_91
fist,trainingSamples,raw_data/EMG-EPN612/testingJSON/user299/user299.json,idx_92
fist,trainingSamples,raw_data/EMG-EPN612/testingJSON/user299/user299.json,idx_93
fist,trainingSamples,raw_data/EMG-EPN612/testingJSON/user299/user299.json,idx_94
fist,trainingSamples,raw_data/EMG-EPN612/testingJSON/user299/user299.json,idx_95
fist,trainingSamples,raw_data/EMG-EPN612/testingJSON/user299/user299.json,idx_96
fist,trainingSamples,raw_data/EMG-EPN612/testingJSON/user299/user299.json,idx_97
fist,trainingSamples,raw_data/EMG-EPN612/testingJSON/user299/user299.json,idx_98
fist,trainingSamples,raw_data/EMG-EPN612/testingJSON/user299/user299.json,idx_99
fist,trainingSamples,raw_data/EMG-EPN612/testingJSON/user299/user299.json,idx_100
waveIn,trainingSamples,raw_data/EMG-EPN612/testingJSON/user299/user299.json,idx_101
waveIn,trainingSamples,raw_data/EMG-EPN612/testingJSON/user299/user299.json,idx_102
waveIn,trainingSamples,raw_data/EMG-EPN612/testingJSON/user299/user299.json,idx_103
waveIn,trainingSamples,raw_data/EMG-EPN612/testingJSON/user299/user299.json,idx_104
waveIn,trainingSamples,raw_data/EMG-EPN612/testingJSON/user299/user299.json,idx_105
waveIn,trainingSamples,raw_data/EMG-EPN612/testingJSON/user299/user299.json,idx_106
waveIn,trainingSamples,raw_data/EMG-EPN612/testingJSON/user299/user299.json,idx_107
waveIn,trainingSamples,raw_data/EMG-EPN612/testingJSON/user299/user299.json,idx_108
waveIn,trainingSamples,raw_data/EMG-EPN612/testingJSON/user299/user299.json,idx_109
waveIn,trainingSamples,raw_data/EMG-EPN612/testingJSON/user299/user299.json,idx_110
waveIn,trainingSamples,raw_data/EMG-EPN612/testingJSON/user299/user299.json,idx_111
waveIn,trainingSamples,raw_data/EMG-EPN612/testingJSON/user299/user299.json,idx_112
waveIn,trainingSamples,raw_data/EMG-EPN612/testingJSON/user299/user299.json,idx_113
waveIn,trainingSamples,raw_data/EMG-EPN612/testingJSON/user299/user299.json,idx_114
waveIn,trainingSamples,raw_data/EMG-EPN612/testingJSON/user299/user299.json,idx_115
waveIn,trainingSamples,raw_data/EMG-EPN612/testingJSON/user299/user299.json,idx_116
waveIn,trainingSamples,raw_data/EMG-EPN612/testingJSON/user299/user299.json,idx_117
waveIn,trainingSamples,raw_data/EMG-EPN612/testingJSON/user299/user299.json,idx_118
waveIn,trainingSamples,raw_data/EMG-EPN612/testingJSON/user299/user299.json,idx_119
waveIn,trainingSamples,raw_data/EMG-EPN612/testingJSON/user299/user299.json,idx_120
waveIn,trainingSamples,raw_data/EMG-EPN612/testingJSON/user299/user299.json,idx_121
waveIn,trainingSamples,raw_data/EMG-EPN612/testingJSON/user299/user299.json,idx_122
waveIn,trainingSamples,raw_data/EMG-EPN612/testingJSON/user299/user299.json,idx_123
waveIn,trainingSamples,raw_data/EMG-EPN612/testingJSON/user299/user299.json,idx_124
waveIn,trainingSamples,raw_data/EMG-EPN612/testingJSON/user299/user299.json,idx_125
open,trainingSamples,raw_data/EMG-EPN612/testingJSON/user299/user299.json,idx_126
open,trainingSamples,raw_data/EMG-EPN612/testingJSON/user299/user299.json,idx_127
open,trainingSamples,raw_data/EMG-EPN612/testingJSON/user299/user299.json,idx_128
open,trainingSamples,raw_data/EMG-EPN612/testingJSON/user299/user299.json,idx_129
open,trainingSamples,raw_data/EMG-EPN612/testingJSON/user299/user299.json,idx_130
open,trainingSamples,raw_data/EMG-EPN612/testingJSON/user299/user299.json,idx_131
open,trainingSamples,raw_data/EMG-EPN612/testingJSON/user299/user299.json,idx_132
open,trainingSamples,raw_data/EMG-EPN612/testingJSON/user299/user299.json,idx_133
open,trainingSamples,raw_data/EMG-EPN612/testingJSON/user299/user299.json,idx_134
open,trainingSamples,raw_data/EMG-EPN612/testingJSON/user299/user299.json,idx_135
open,trainingSamples,raw_data/EMG-EPN612/testingJSON/user299/user299.json,idx_136
open,trainingSamples,raw_data/EMG-EPN612/testingJSON/user299/user299.json,idx_137
open,trainingSamples,raw_data/EMG-EPN612/testingJSON/user299/user299.json,idx_138
open,trainingSamples,raw_data/EMG-EPN612/testingJSON/user299/user299.json,idx_139
open,trainingSamples,raw_data/EMG-EPN612/testingJSON/user299/user299.json,idx_140
open,trainingSamples,raw_data/EMG-EPN612/testingJSON/user299/user299.json,idx_141
open,trainingSamples,raw_data/EMG-EPN612/testingJSON/user299/user299.json,idx_142
open,trainingSamples,raw_data/EMG-EPN612/testingJSON/user299/user299.json,idx_143
open,trainingSamples,raw_data/EMG-EPN612/testingJSON/user299/user299.json,idx_144
open,trainingSamples,raw_data/EMG-EPN612/testingJSON/user299/user299.json,idx_145
open,trainingSamples,raw_data/EMG-EPN612/testingJSON/user299/user299.json,idx_146
open,trainingSamples,raw_data/EMG-EPN612/testingJSON/user299/user299.json,idx_147
open,trainingSamples,raw_data/EMG-EPN612/testingJSON/user299/user299.json,idx_148
open,trainingSamples,raw_data/EMG-EPN612/testingJSON/user299/user299.json,idx_149
open,trainingSamples,raw_data/EMG-EPN612/testingJSON/user299/user299.json,idx_150
noGesture,trainingSamples,raw_data/EMG-EPN612/testingJSON/user3/user3.json,idx_1
noGesture,trainingSamples,raw_data/EMG-EPN612/testingJSON/user3/user3.json,idx_2
noGesture,trainingSamples,raw_data/EMG-EPN612/testingJSON/user3/user3.json,idx_3
noGesture,trainingSamples,raw_data/EMG-EPN612/testingJSON/user3/user3.json,idx_4
noGesture,trainingSamples,raw_data/EMG-EPN612/testingJSON/user3/user3.json,idx_5
noGesture,trainingSamples,raw_data/EMG-EPN612/testingJSON/user3/user3.json,idx_6
noGesture,trainingSamples,raw_data/EMG-EPN612/testingJSON/user3/user3.json,idx_7
noGesture,trainingSamples,raw_data/EMG-EPN612/testingJSON/user3/user3.json,idx_8
noGesture,trainingSamples,raw_data/EMG-EPN612/testingJSON/user3/user3.json,idx_9
noGesture,trainingSamples,raw_data/EMG-EPN612/testingJSON/user3/user3.json,idx_10
noGesture,trainingSamples,raw_data/EMG-EPN612/testingJSON/user3/user3.json,idx_11
noGesture,trainingSamples,raw_data/EMG-EPN612/testingJSON/user3/user3.json,idx_12
noGesture,trainingSamples,raw_data/EMG-EPN612/testingJSON/user3/user3.json,idx_13
noGesture,trainingSamples,raw_data/EMG-EPN612/testingJSON/user3/user3.json,idx_14
noGesture,trainingSamples,raw_data/EMG-EPN612/testingJSON/user3/user3.json,idx_15
noGesture,trainingSamples,raw_data/EMG-EPN612/testingJSON/user3/user3.json,idx_16
noGesture,trainingSamples,raw_data/EMG-EPN612/testingJSON/user3/user3.json,idx_17
noGesture,trainingSamples,raw_data/EMG-EPN612/testingJSON/user3/user3.json,idx_18
noGesture,trainingSamples,raw_data/EMG-EPN612/testingJSON/user3/user3.json,idx_19
noGesture,trainingSamples,raw_data/EMG-EPN612/testingJSON/user3/user3.json,idx_20
noGesture,trainingSamples,raw_data/EMG-EPN612/testingJSON/user3/user3.json,idx_21
noGesture,trainingSamples,raw_data/EMG-EPN612/testingJSON/user3/user3.json,idx_22
noGesture,trainingSamples,raw_data/EMG-EPN612/testingJSON/user3/user3.json,idx_23
noGesture,trainingSamples,raw_data/EMG-EPN612/testingJSON/user3/user3.json,idx_24
noGesture,trainingSamples,raw_data/EMG-EPN612/testingJSON/user3/user3.json,idx_25
waveOut,trainingSamples,raw_data/EMG-EPN612/testingJSON/user3/user3.json,idx_26
waveOut,trainingSamples,raw_data/EMG-EPN612/testingJSON/user3/user3.json,idx_27
waveOut,trainingSamples,raw_data/EMG-EPN612/testingJSON/user3/user3.json,idx_28
waveOut,trainingSamples,raw_data/EMG-EPN612/testingJSON/user3/user3.json,idx_29
waveOut,trainingSamples,raw_data/EMG-EPN612/testingJSON/user3/user3.json,idx_30
waveOut,trainingSamples,raw_data/EMG-EPN612/testingJSON/user3/user3.json,idx_31
waveOut,trainingSamples,raw_data/EMG-EPN612/testingJSON/user3/user3.json,idx_32
waveOut,trainingSamples,raw_data/EMG-EPN612/testingJSON/user3/user3.json,idx_33
waveOut,trainingSamples,raw_data/EMG-EPN612/testingJSON/user3/user3.json,idx_34
waveOut,trainingSamples,raw_data/EMG-EPN612/testingJSON/user3/user3.json,idx_35
waveOut,trainingSamples,raw_data/EMG-EPN612/testingJSON/user3/user3.json,idx_36
waveOut,trainingSamples,raw_data/EMG-EPN612/testingJSON/user3/user3.json,idx_37
waveOut,trainingSamples,raw_data/EMG-EPN612/testingJSON/user3/user3.json,idx_38
waveOut,trainingSamples,raw_data/EMG-EPN612/testingJSON/user3/user3.json,idx_39
waveOut,trainingSamples,raw_data/EMG-EPN612/testingJSON/user3/user3.json,idx_40
waveOut,trainingSamples,raw_data/EMG-EPN612/testingJSON/user3/user3.json,idx_41
waveOut,trainingSamples,raw_data/EMG-EPN612/testingJSON/user3/user3.json,idx_42
waveOut,trainingSamples,raw_data/EMG-EPN612/testingJSON/user3/user3.json,idx_43
waveOut,trainingSamples,raw_data/EMG-EPN612/testingJSON/user3/user3.json,idx_44
waveOut,trainingSamples,raw_data/EMG-EPN612/testingJSON/user3/user3.json,idx_45
waveOut,trainingSamples,raw_data/EMG-EPN612/testingJSON/user3/user3.json,idx_46
waveOut,trainingSamples,raw_data/EMG-EPN612/testingJSON/user3/user3.json,idx_47
waveOut,trainingSamples,raw_data/EMG-EPN612/testingJSON/user3/user3.json,idx_48
waveOut,trainingSamples,raw_data/EMG-EPN612/testingJSON/user3/user3.json,idx_49
waveOut,trainingSamples,raw_data/EMG-EPN612/testingJSON/user3/user3.json,idx_50
pinch,trainingSamples,raw_data/EMG-EPN612/testingJSON/user3/user3.json,idx_51
pinch,trainingSamples,raw_data/EMG-EPN612/testingJSON/user3/user3.json,idx_52
pinch,trainingSamples,raw_data/EMG-EPN612/testingJSON/user3/user3.json,idx_53
pinch,trainingSamples,raw_data/EMG-EPN612/testingJSON/user3/user3.json,idx_54
pinch,trainingSamples,raw_data/EMG-EPN612/testingJSON/user3/user3.json,idx_55
pinch,trainingSamples,raw_data/EMG-EPN612/testingJSON/user3/user3.json,idx_56
pinch,trainingSamples,raw_data/EMG-EPN612/testingJSON/user3/user3.json,idx_57
pinch,trainingSamples,raw_data/EMG-EPN612/testingJSON/user3/user3.json,idx_58
pinch,trainingSamples,raw_data/EMG-EPN612/testingJSON/user3/user3.json,idx_59
pinch,trainingSamples,raw_data/EMG-EPN612/testingJSON/user3/user3.json,idx_60
pinch,trainingSamples,raw_data/EMG-EPN612/testingJSON/user3/user3.json,idx_61
pinch,trainingSamples,raw_data/EMG-EPN612/testingJSON/user3/user3.json,idx_62
pinch,trainingSamples,raw_data/EMG-EPN612/testingJSON/user3/user3.json,idx_63
pinch,trainingSamples,raw_data/EMG-EPN612/testingJSON/user3/user3.json,idx_64
pinch,trainingSamples,raw_data/EMG-EPN612/testingJSON/user3/user3.json,idx_65
pinch,trainingSamples,raw_data/EMG-EPN612/testingJSON/user3/user3.json,idx_66
pinch,trainingSamples,raw_data/EMG-EPN612/testingJSON/user3/user3.json,idx_67
pinch,trainingSamples,raw_data/EMG-EPN612/testingJSON/user3/user3.json,idx_68
pinch,trainingSamples,raw_data/EMG-EPN612/testingJSON/user3/user3.json,idx_69
pinch,trainingSamples,raw_data/EMG-EPN612/testingJSON/user3/user3.json,idx_70
pinch,trainingSamples,raw_data/EMG-EPN612/testingJSON/user3/user3.json,idx_71
pinch,trainingSamples,raw_data/EMG-EPN612/testingJSON/user3/user3.json,idx_72
pinch,trainingSamples,raw_data/EMG-EPN612/testingJSON/user3/user3.json,idx_73
pinch,trainingSamples,raw_data/EMG-EPN612/testingJSON/user3/user3.json,idx_74
pinch,trainingSamples,raw_data/EMG-EPN612/testingJSON/user3/user3.json,idx_75
fist,trainingSamples,raw_data/EMG-EPN612/testingJSON/user3/user3.json,idx_76
fist,trainingSamples,raw_data/EMG-EPN612/testingJSON/user3/user3.json,idx_77
fist,trainingSamples,raw_data/EMG-EPN612/testingJSON/user3/user3.json,idx_78
fist,trainingSamples,raw_data/EMG-EPN612/testingJSON/user3/user3.json,idx_79
fist,trainingSamples,raw_data/EMG-EPN612/testingJSON/user3/user3.json,idx_80
fist,trainingSamples,raw_data/EMG-EPN612/testingJSON/user3/user3.json,idx_81
fist,trainingSamples,raw_data/EMG-EPN612/testingJSON/user3/user3.json,idx_82
fist,trainingSamples,raw_data/EMG-EPN612/testingJSON/user3/user3.json,idx_83
fist,trainingSamples,raw_data/EMG-EPN612/testingJSON/user3/user3.json,idx_84
fist,trainingSamples,raw_data/EMG-EPN612/testingJSON/user3/user3.json,idx_85
fist,trainingSamples,raw_data/EMG-EPN612/testingJSON/user3/user3.json,idx_86
fist,trainingSamples,raw_data/EMG-EPN612/testingJSON/user3/user3.json,idx_87
fist,trainingSamples,raw_data/EMG-EPN612/testingJSON/user3/user3.json,idx_88
fist,trainingSamples,raw_data/EMG-EPN612/testingJSON/user3/user3.json,idx_89
fist,trainingSamples,raw_data/EMG-EPN612/testingJSON/user3/user3.json,idx_90
fist,trainingSamples,raw_data/EMG-EPN612/testingJSON/user3/user3.json,idx_91
fist,trainingSamples,raw_data/EMG-EPN612/testingJSON/user3/user3.json,idx_92
fist,trainingSamples,raw_data/EMG-EPN612/testingJSON/user3/user3.json,idx_93
fist,trainingSamples,raw_data/EMG-EPN612/testingJSON/user3/user3.json,idx_94
fist,trainingSamples,raw_data/EMG-EPN612/testingJSON/user3/user3.json,idx_95
fist,trainingSamples,raw_data/EMG-EPN612/testingJSON/user3/user3.json,idx_96
fist,trainingSamples,raw_data/EMG-EPN612/testingJSON/user3/user3.json,idx_97
fist,trainingSamples,raw_data/EMG-EPN612/testingJSON/user3/user3.json,idx_98
fist,trainingSamples,raw_data/EMG-EPN612/testingJSON/user3/user3.json,idx_99
fist,trainingSamples,raw_data/EMG-EPN612/testingJSON/user3/user3.json,idx_100
waveIn,trainingSamples,raw_data/EMG-EPN612/testingJSON/user3/user3.json,idx_101
waveIn,trainingSamples,raw_data/EMG-EPN612/testingJSON/user3/user3.json,idx_102
waveIn,trainingSamples,raw_data/EMG-EPN612/testingJSON/user3/user3.json,idx_103
waveIn,trainingSamples,raw_data/EMG-EPN612/testingJSON/user3/user3.json,idx_104
waveIn,trainingSamples,raw_data/EMG-EPN612/testingJSON/user3/user3.json,idx_105
waveIn,trainingSamples,raw_data/EMG-EPN612/testingJSON/user3/user3.json,idx_106
waveIn,trainingSamples,raw_data/EMG-EPN612/testingJSON/user3/user3.json,idx_107
waveIn,trainingSamples,raw_data/EMG-EPN612/testingJSON/user3/user3.json,idx_108
waveIn,trainingSamples,raw_data/EMG-EPN612/testingJSON/user3/user3.json,idx_109
waveIn,trainingSamples,raw_data/EMG-EPN612/testingJSON/user3/user3.json,idx_110
waveIn,trainingSamples,raw_data/EMG-EPN612/testingJSON/user3/user3.json,idx_111
waveIn,trainingSamples,raw_data/EMG-EPN612/testingJSON/user3/user3.json,idx_112
waveIn,trainingSamples,raw_data/EMG-EPN612/testingJSON/user3/user3.json,idx_113
waveIn,trainingSamples,raw_data/EMG-EPN612/testingJSON/user3/user3.json,idx_114
waveIn,trainingSamples,raw_data/EMG-EPN612/testingJSON/user3/user3.json,idx_115
waveIn,trainingSamples,raw_data/EMG-EPN612/testingJSON/user3/user3.json,idx_116
waveIn,trainingSamples,raw_data/EMG-EPN612/testingJSON/user3/user3.json,idx_117
waveIn,trainingSamples,raw_data/EMG-EPN612/testingJSON/user3/user3.json,idx_118
waveIn,trainingSamples,raw_data/EMG-EPN612/testingJSON/user3/user3.json,idx_119
waveIn,trainingSamples,raw_data/EMG-EPN612/testingJSON/user3/user3.json,idx_120
waveIn,trainingSamples,raw_data/EMG-EPN612/testingJSON/user3/user3.json,idx_121
waveIn,trainingSamples,raw_data/EMG-EPN612/testingJSON/user3/user3.json,idx_122
waveIn,trainingSamples,raw_data/EMG-EPN612/testingJSON/user3/user3.json,idx_123
waveIn,trainingSamples,raw_data/EMG-EPN612/testingJSON/user3/user3.json,idx_124
waveIn,trainingSamples,raw_data/EMG-EPN612/testingJSON/user3/user3.json,idx_125
open,trainingSamples,raw_data/EMG-EPN612/testingJSON/user3/user3.json,idx_126
open,trainingSamples,raw_data/EMG-EPN612/testingJSON/user3/user3.json,idx_127
open,trainingSamples,raw_data/EMG-EPN612/testingJSON/user3/user3.json,idx_128
open,trainingSamples,raw_data/EMG-EPN612/testingJSON/user3/user3.json,idx_129
open,trainingSamples,raw_data/EMG-EPN612/testingJSON/user3/user3.json,idx_130
open,trainingSamples,raw_data/EMG-EPN612/testingJSON/user3/user3.json,idx_131
open,trainingSamples,raw_data/EMG-EPN612/testingJSON/user3/user3.json,idx_132
open,trainingSamples,raw_data/EMG-EPN612/testingJSON/user3/user3.json,idx_133
open,trainingSamples,raw_data/EMG-EPN612/testingJSON/user3/user3.json,idx_134
open,trainingSamples,raw_data/EMG-EPN612/testingJSON/user3/user3.json,idx_135
open,trainingSamples,raw_data/EMG-EPN612/testingJSON/user3/user3.json,idx_136
open,trainingSamples,raw_data/EMG-EPN612/testingJSON/user3/user3.json,idx_137
open,trainingSamples,raw_data/EMG-EPN612/testingJSON/user3/user3.json,idx_138
open,trainingSamples,raw_data/EMG-EPN612/testingJSON/user3/user3.json,idx_139
open,trainingSamples,raw_data/EMG-EPN612/testingJSON/user3/user3.json,idx_140
open,trainingSamples,raw_data/EMG-EPN612/testingJSON/user3/user3.json,idx_141
open,trainingSamples,raw_data/EMG-EPN612/testingJSON/user3/user3.json,idx_142
open,trainingSamples,raw_data/EMG-EPN612/testingJSON/user3/user3.json,idx_143
open,trainingSamples,raw_data/EMG-EPN612/testingJSON/user3/user3.json,idx_144
open,trainingSamples,raw_data/EMG-EPN612/testingJSON/user3/user3.json,idx_145
open,trainingSamples,raw_data/EMG-EPN612/testingJSON/user3/user3.json,idx_146
open,trainingSamples,raw_data/EMG-EPN612/testingJSON/user3/user3.json,idx_147
open,trainingSamples,raw_data/EMG-EPN612/testingJSON/user3/user3.json,idx_148
open,trainingSamples,raw_data/EMG-EPN612/testingJSON/user3/user3.json,idx_149
open,trainingSamples,raw_data/EMG-EPN612/testingJSON/user3/user3.json,idx_150
noGesture,trainingSamples,raw_data/EMG-EPN612/testingJSON/user30/user30.json,idx_1
noGesture,trainingSamples,raw_data/EMG-EPN612/testingJSON/user30/user30.json,idx_2
noGesture,trainingSamples,raw_data/EMG-EPN612/testingJSON/user30/user30.json,idx_3
noGesture,trainingSamples,raw_data/EMG-EPN612/testingJSON/user30/user30.json,idx_4
noGesture,trainingSamples,raw_data/EMG-EPN612/testingJSON/user30/user30.json,idx_5
noGesture,trainingSamples,raw_data/EMG-EPN612/testingJSON/user30/user30.json,idx_6
noGesture,trainingSamples,raw_data/EMG-EPN612/testingJSON/user30/user30.json,idx_7
noGesture,trainingSamples,raw_data/EMG-EPN612/testingJSON/user30/user30.json,idx_8
noGesture,trainingSamples,raw_data/EMG-EPN612/testingJSON/user30/user30.json,idx_9
noGesture,trainingSamples,raw_data/EMG-EPN612/testingJSON/user30/user30.json,idx_10
noGesture,trainingSamples,raw_data/EMG-EPN612/testingJSON/user30/user30.json,idx_11
noGesture,trainingSamples,raw_data/EMG-EPN612/testingJSON/user30/user30.json,idx_12
noGesture,trainingSamples,raw_data/EMG-EPN612/testingJSON/user30/user30.json,idx_13
noGesture,trainingSamples,raw_data/EMG-EPN612/testingJSON/user30/user30.json,idx_14
noGesture,trainingSamples,raw_data/EMG-EPN612/testingJSON/user30/user30.json,idx_15
noGesture,trainingSamples,raw_data/EMG-EPN612/testingJSON/user30/user30.json,idx_16
noGesture,trainingSamples,raw_data/EMG-EPN612/testingJSON/user30/user30.json,idx_17
noGesture,trainingSamples,raw_data/EMG-EPN612/testingJSON/user30/user30.json,idx_18
noGesture,trainingSamples,raw_data/EMG-EPN612/testingJSON/user30/user30.json,idx_19
noGesture,trainingSamples,raw_data/EMG-EPN612/testingJSON/user30/user30.json,idx_20
noGesture,trainingSamples,raw_data/EMG-EPN612/testingJSON/user30/user30.json,idx_21
noGesture,trainingSamples,raw_data/EMG-EPN612/testingJSON/user30/user30.json,idx_22
noGesture,trainingSamples,raw_data/EMG-EPN612/testingJSON/user30/user30.json,idx_23
noGesture,trainingSamples,raw_data/EMG-EPN612/testingJSON/user30/user30.json,idx_24
noGesture,trainingSamples,raw_data/EMG-EPN612/testingJSON/user30/user30.json,idx_25
waveOut,trainingSamples,raw_data/EMG-EPN612/testingJSON/user30/user30.json,idx_26
waveOut,trainingSamples,raw_data/EMG-EPN612/testingJSON/user30/user30.json,idx_27
waveOut,trainingSamples,raw_data/EMG-EPN612/testingJSON/user30/user30.json,idx_28
waveOut,trainingSamples,raw_data/EMG-EPN612/testingJSON/user30/user30.json,idx_29
waveOut,trainingSamples,raw_data/EMG-EPN612/testingJSON/user30/user30.json,idx_30
waveOut,trainingSamples,raw_data/EMG-EPN612/testingJSON/user30/user30.json,idx_31
waveOut,trainingSamples,raw_data/EMG-EPN612/testingJSON/user30/user30.json,idx_32
waveOut,trainingSamples,raw_data/EMG-EPN612/testingJSON/user30/user30.json,idx_33
waveOut,trainingSamples,raw_data/EMG-EPN612/testingJSON/user30/user30.json,idx_34
waveOut,trainingSamples,raw_data/EMG-EPN612/testingJSON/user30/user30.json,idx_35
waveOut,trainingSamples,raw_data/EMG-EPN612/testingJSON/user30/user30.json,idx_36
waveOut,trainingSamples,raw_data/EMG-EPN612/testingJSON/user30/user30.json,idx_37
waveOut,trainingSamples,raw_data/EMG-EPN612/testingJSON/user30/user30.json,idx_38
waveOut,trainingSamples,raw_data/EMG-EPN612/testingJSON/user30/user30.json,idx_39
waveOut,trainingSamples,raw_data/EMG-EPN612/testingJSON/user30/user30.json,idx_40
waveOut,trainingSamples,raw_data/EMG-EPN612/testingJSON/user30/user30.json,idx_41
waveOut,trainingSamples,raw_data/EMG-EPN612/testingJSON/user30/user30.json,idx_42
waveOut,trainingSamples,raw_data/EMG-EPN612/testingJSON/user30/user30.json,idx_43
waveOut,trainingSamples,raw_data/EMG-EPN612/testingJSON/user30/user30.json,idx_44
waveOut,trainingSamples,raw_data/EMG-EPN612/testingJSON/user30/user30.json,idx_45
waveOut,trainingSamples,raw_data/EMG-EPN612/testingJSON/user30/user30.json,idx_46
waveOut,trainingSamples,raw_data/EMG-EPN612/testingJSON/user30/user30.json,idx_47
waveOut,trainingSamples,raw_data/EMG-EPN612/testingJSON/user30/user30.json,idx_48
waveOut,trainingSamples,raw_data/EMG-EPN612/testingJSON/user30/user30.json,idx_49
waveOut,trainingSamples,raw_data/EMG-EPN612/testingJSON/user30/user30.json,idx_50
pinch,trainingSamples,raw_data/EMG-EPN612/testingJSON/user30/user30.json,idx_51
pinch,trainingSamples,raw_data/EMG-EPN612/testingJSON/user30/user30.json,idx_52
pinch,trainingSamples,raw_data/EMG-EPN612/testingJSON/user30/user30.json,idx_53
pinch,trainingSamples,raw_data/EMG-EPN612/testingJSON/user30/user30.json,idx_54
pinch,trainingSamples,raw_data/EMG-EPN612/testingJSON/user30/user30.json,idx_55
pinch,trainingSamples,raw_data/EMG-EPN612/testingJSON/user30/user30.json,idx_56
pinch,trainingSamples,raw_data/EMG-EPN612/testingJSON/user30/user30.json,idx_57
pinch,trainingSamples,raw_data/EMG-EPN612/testingJSON/user30/user30.json,idx_58
pinch,trainingSamples,raw_data/EMG-EPN612/testingJSON/user30/user30.json,idx_59
pinch,trainingSamples,raw_data/EMG-EPN612/testingJSON/user30/user30.json,idx_60
pinch,trainingSamples,raw_data/EMG-EPN612/testingJSON/user30/user30.json,idx_61
pinch,trainingSamples,raw_data/EMG-EPN612/testingJSON/user30/user30.json,idx_62
pinch,trainingSamples,raw_data/EMG-EPN612/testingJSON/user30/user30.json,idx_63
pinch,trainingSamples,raw_data/EMG-EPN612/testingJSON/user30/user30.json,idx_64
pinch,trainingSamples,raw_data/EMG-EPN612/testingJSON/user30/user30.json,idx_65
pinch,trainingSamples,raw_data/EMG-EPN612/testingJSON/user30/user30.json,idx_66
pinch,trainingSamples,raw_data/EMG-EPN612/testingJSON/user30/user30.json,idx_67
pinch,trainingSamples,raw_data/EMG-EPN612/testingJSON/user30/user30.json,idx_68
pinch,trainingSamples,raw_data/EMG-EPN612/testingJSON/user30/user30.json,idx_69
pinch,trainingSamples,raw_data/EMG-EPN612/testingJSON/user30/user30.json,idx_70
pinch,trainingSamples,raw_data/EMG-EPN612/testingJSON/user30/user30.json,idx_71
pinch,trainingSamples,raw_data/EMG-EPN612/testingJSON/user30/user30.json,idx_72
pinch,trainingSamples,raw_data/EMG-EPN612/testingJSON/user30/user30.json,idx_73
pinch,trainingSamples,raw_data/EMG-EPN612/testingJSON/user30/user30.json,idx_74
pinch,trainingSamples,raw_data/EMG-EPN612/testingJSON/user30/user30.json,idx_75
fist,trainingSamples,raw_data/EMG-EPN612/testingJSON/user30/user30.json,idx_76
fist,trainingSamples,raw_data/EMG-EPN612/testingJSON/user30/user30.json,idx_77
fist,trainingSamples,raw_data/EMG-EPN612/testingJSON/user30/user30.json,idx_78
fist,trainingSamples,raw_data/EMG-EPN612/testingJSON/user30/user30.json,idx_79
fist,trainingSamples,raw_data/EMG-EPN612/testingJSON/user30/user30.json,idx_80
fist,trainingSamples,raw_data/EMG-EPN612/testingJSON/user30/user30.json,idx_81
fist,trainingSamples,raw_data/EMG-EPN612/testingJSON/user30/user30.json,idx_82
fist,trainingSamples,raw_data/EMG-EPN612/testingJSON/user30/user30.json,idx_83
fist,trainingSamples,raw_data/EMG-EPN612/testingJSON/user30/user30.json,idx_84
fist,trainingSamples,raw_data/EMG-EPN612/testingJSON/user30/user30.json,idx_85
fist,trainingSamples,raw_data/EMG-EPN612/testingJSON/user30/user30.json,idx_86
fist,trainingSamples,raw_data/EMG-EPN612/testingJSON/user30/user30.json,idx_87
fist,trainingSamples,raw_data/EMG-EPN612/testingJSON/user30/user30.json,idx_88
fist,trainingSamples,raw_data/EMG-EPN612/testingJSON/user30/user30.json,idx_89
fist,trainingSamples,raw_data/EMG-EPN612/testingJSON/user30/user30.json,idx_90
fist,trainingSamples,raw_data/EMG-EPN612/testingJSON/user30/user30.json,idx_91
fist,trainingSamples,raw_data/EMG-EPN612/testingJSON/user30/user30.json,idx_92
fist,trainingSamples,raw_data/EMG-EPN612/testingJSON/user30/user30.json,idx_93
fist,trainingSamples,raw_data/EMG-EPN612/testingJSON/user30/user30.json,idx_94
fist,trainingSamples,raw_data/EMG-EPN612/testingJSON/user30/user30.json,idx_95
fist,trainingSamples,raw_data/EMG-EPN612/testingJSON/user30/user30.json,idx_96
fist,trainingSamples,raw_data/EMG-EPN612/testingJSON/user30/user30.json,idx_97
fist,trainingSamples,raw_data/EMG-EPN612/testingJSON/user30/user30.json,idx_98
fist,trainingSamples,raw_data/EMG-EPN612/testingJSON/user30/user30.json,idx_99
fist,trainingSamples,raw_data/EMG-EPN612/testingJSON/user30/user30.json,idx_100
waveIn,trainingSamples,raw_data/EMG-EPN612/testingJSON/user30/user30.json,idx_101
waveIn,trainingSamples,raw_data/EMG-EPN612/testingJSON/user30/user30.json,idx_102
waveIn,trainingSamples,raw_data/EMG-EPN612/testingJSON/user30/user30.json,idx_103
waveIn,trainingSamples,raw_data/EMG-EPN612/testingJSON/user30/user30.json,idx_104
waveIn,trainingSamples,raw_data/EMG-EPN612/testingJSON/user30/user30.json,idx_105
waveIn,trainingSamples,raw_data/EMG-EPN612/testingJSON/user30/user30.json,idx_106
waveIn,trainingSamples,raw_data/EMG-EPN612/testingJSON/user30/user30.json,idx_107
waveIn,trainingSamples,raw_data/EMG-EPN612/testingJSON/user30/user30.json,idx_108
waveIn,trainingSamples,raw_data/EMG-EPN612/testingJSON/user30/user30.json,idx_109
waveIn,trainingSamples,raw_data/EMG-EPN612/testingJSON/user30/user30.json,idx_110
waveIn,trainingSamples,raw_data/EMG-EPN612/testingJSON/user30/user30.json,idx_111
waveIn,trainingSamples,raw_data/EMG-EPN612/testingJSON/user30/user30.json,idx_112
waveIn,trainingSamples,raw_data/EMG-EPN612/testingJSON/user30/user30.json,idx_113
waveIn,trainingSamples,raw_data/EMG-EPN612/testingJSON/user30/user30.json,idx_114
waveIn,trainingSamples,raw_data/EMG-EPN612/testingJSON/user30/user30.json,idx_115
waveIn,trainingSamples,raw_data/EMG-EPN612/testingJSON/user30/user30.json,idx_116
waveIn,trainingSamples,raw_data/EMG-EPN612/testingJSON/user30/user30.json,idx_117
waveIn,trainingSamples,raw_data/EMG-EPN612/testingJSON/user30/user30.json,idx_118
waveIn,trainingSamples,raw_data/EMG-EPN612/testingJSON/user30/user30.json,idx_119
waveIn,trainingSamples,raw_data/EMG-EPN612/testingJSON/user30/user30.json,idx_120
waveIn,trainingSamples,raw_data/EMG-EPN612/testingJSON/user30/user30.json,idx_121
waveIn,trainingSamples,raw_data/EMG-EPN612/testingJSON/user30/user30.json,idx_122
waveIn,trainingSamples,raw_data/EMG-EPN612/testingJSON/user30/user30.json,idx_123
waveIn,trainingSamples,raw_data/EMG-EPN612/testingJSON/user30/user30.json,idx_124
waveIn,trainingSamples,raw_data/EMG-EPN612/testingJSON/user30/user30.json,idx_125
open,trainingSamples,raw_data/EMG-EPN612/testingJSON/user30/user30.json,idx_126
open,trainingSamples,raw_data/EMG-EPN612/testingJSON/user30/user30.json,idx_127
open,trainingSamples,raw_data/EMG-EPN612/testingJSON/user30/user30.json,idx_128
open,trainingSamples,raw_data/EMG-EPN612/testingJSON/user30/user30.json,idx_129
open,trainingSamples,raw_data/EMG-EPN612/testingJSON/user30/user30.json,idx_130
open,trainingSamples,raw_data/EMG-EPN612/testingJSON/user30/user30.json,idx_131
open,trainingSamples,raw_data/EMG-EPN612/testingJSON/user30/user30.json,idx_132
open,trainingSamples,raw_data/EMG-EPN612/testingJSON/user30/user30.json,idx_133
open,trainingSamples,raw_data/EMG-EPN612/testingJSON/user30/user30.json,idx_134
open,trainingSamples,raw_data/EMG-EPN612/testingJSON/user30/user30.json,idx_135
open,trainingSamples,raw_data/EMG-EPN612/testingJSON/user30/user30.json,idx_136
open,trainingSamples,raw_data/EMG-EPN612/testingJSON/user30/user30.json,idx_137
open,trainingSamples,raw_data/EMG-EPN612/testingJSON/user30/user30.json,idx_138
open,trainingSamples,raw_data/EMG-EPN612/testingJSON/user30/user30.json,idx_139
open,trainingSamples,raw_data/EMG-EPN612/testingJSON/user30/user30.json,idx_140
open,trainingSamples,raw_data/EMG-EPN612/testingJSON/user30/user30.json,idx_141
open,trainingSamples,raw_data/EMG-EPN612/testingJSON/user30/user30.json,idx_142
open,trainingSamples,raw_data/EMG-EPN612/testingJSON/user30/user30.json,idx_143
open,trainingSamples,raw_data/EMG-EPN612/testingJSON/user30/user30.json,idx_144
open,trainingSamples,raw_data/EMG-EPN612/testingJSON/user30/user30.json,idx_145
open,trainingSamples,raw_data/EMG-EPN612/testingJSON/user30/user30.json,idx_146
open,trainingSamples,raw_data/EMG-EPN612/testingJSON/user30/user30.json,idx_147
open,trainingSamples,raw_data/EMG-EPN612/testingJSON/user30/user30.json,idx_148
open,trainingSamples,raw_data/EMG-EPN612/testingJSON/user30/user30.json,idx_149
open,trainingSamples,raw_data/EMG-EPN612/testingJSON/user30/user30.json,idx_150
noGesture,trainingSamples,raw_data/EMG-EPN612/testingJSON/user300/user300.json,idx_1
noGesture,trainingSamples,raw_data/EMG-EPN612/testingJSON/user300/user300.json,idx_2
noGesture,trainingSamples,raw_data/EMG-EPN612/testingJSON/user300/user300.json,idx_3
noGesture,trainingSamples,raw_data/EMG-EPN612/testingJSON/user300/user300.json,idx_4
noGesture,trainingSamples,raw_data/EMG-EPN612/testingJSON/user300/user300.json,idx_5
noGesture,trainingSamples,raw_data/EMG-EPN612/testingJSON/user300/user300.json,idx_6
noGesture,trainingSamples,raw_data/EMG-EPN612/testingJSON/user300/user300.json,idx_7
noGesture,trainingSamples,raw_data/EMG-EPN612/testingJSON/user300/user300.json,idx_8
noGesture,trainingSamples,raw_data/EMG-EPN612/testingJSON/user300/user300.json,idx_9
noGesture,trainingSamples,raw_data/EMG-EPN612/testingJSON/user300/user300.json,idx_10
noGesture,trainingSamples,raw_data/EMG-EPN612/testingJSON/user300/user300.json,idx_11
noGesture,trainingSamples,raw_data/EMG-EPN612/testingJSON/user300/user300.json,idx_12
noGesture,trainingSamples,raw_data/EMG-EPN612/testingJSON/user300/user300.json,idx_13
noGesture,trainingSamples,raw_data/EMG-EPN612/testingJSON/user300/user300.json,idx_14
noGesture,trainingSamples,raw_data/EMG-EPN612/testingJSON/user300/user300.json,idx_15
noGesture,trainingSamples,raw_data/EMG-EPN612/testingJSON/user300/user300.json,idx_16
noGesture,trainingSamples,raw_data/EMG-EPN612/testingJSON/user300/user300.json,idx_17
noGesture,trainingSamples,raw_data/EMG-EPN612/testingJSON/user300/user300.json,idx_18
noGesture,trainingSamples,raw_data/EMG-EPN612/testingJSON/user300/user300.json,idx_19
noGesture,trainingSamples,raw_data/EMG-EPN612/testingJSON/user300/user300.json,idx_20
noGesture,trainingSamples,raw_data/EMG-EPN612/testingJSON/user300/user300.json,idx_21
noGesture,trainingSamples,raw_data/EMG-EPN612/testingJSON/user300/user300.json,idx_22
noGesture,trainingSamples,raw_data/EMG-EPN612/testingJSON/user300/user300.json,idx_23
noGesture,trainingSamples,raw_data/EMG-EPN612/testingJSON/user300/user300.json,idx_24
noGesture,trainingSamples,raw_data/EMG-EPN612/testingJSON/user300/user300.json,idx_25
waveOut,trainingSamples,raw_data/EMG-EPN612/testingJSON/user300/user300.json,idx_26
waveOut,trainingSamples,raw_data/EMG-EPN612/testingJSON/user300/user300.json,idx_27
waveOut,trainingSamples,raw_data/EMG-EPN612/testingJSON/user300/user300.json,idx_28
waveOut,trainingSamples,raw_data/EMG-EPN612/testingJSON/user300/user300.json,idx_29
waveOut,trainingSamples,raw_data/EMG-EPN612/testingJSON/user300/user300.json,idx_30
waveOut,trainingSamples,raw_data/EMG-EPN612/testingJSON/user300/user300.json,idx_31
waveOut,trainingSamples,raw_data/EMG-EPN612/testingJSON/user300/user300.json,idx_32
waveOut,trainingSamples,raw_data/EMG-EPN612/testingJSON/user300/user300.json,idx_33
waveOut,trainingSamples,raw_data/EMG-EPN612/testingJSON/user300/user300.json,idx_34
waveOut,trainingSamples,raw_data/EMG-EPN612/testingJSON/user300/user300.json,idx_35
waveOut,trainingSamples,raw_data/EMG-EPN612/testingJSON/user300/user300.json,idx_36
waveOut,trainingSamples,raw_data/EMG-EPN612/testingJSON/user300/user300.json,idx_37
waveOut,trainingSamples,raw_data/EMG-EPN612/testingJSON/user300/user300.json,idx_38
waveOut,trainingSamples,raw_data/EMG-EPN612/testingJSON/user300/user300.json,idx_39
waveOut,trainingSamples,raw_data/EMG-EPN612/testingJSON/user300/user300.json,idx_40
waveOut,trainingSamples,raw_data/EMG-EPN612/testingJSON/user300/user300.json,idx_41
waveOut,trainingSamples,raw_data/EMG-EPN612/testingJSON/user300/user300.json,idx_42
waveOut,trainingSamples,raw_data/EMG-EPN612/testingJSON/user300/user300.json,idx_43
waveOut,trainingSamples,raw_data/EMG-EPN612/testingJSON/user300/user300.json,idx_44
waveOut,trainingSamples,raw_data/EMG-EPN612/testingJSON/user300/user300.json,idx_45
waveOut,trainingSamples,raw_data/EMG-EPN612/testingJSON/user300/user300.json,idx_46
waveOut,trainingSamples,raw_data/EMG-EPN612/testingJSON/user300/user300.json,idx_47
waveOut,trainingSamples,raw_data/EMG-EPN612/testingJSON/user300/user300.json,idx_48
waveOut,trainingSamples,raw_data/EMG-EPN612/testingJSON/user300/user300.json,idx_49
waveOut,trainingSamples,raw_data/EMG-EPN612/testingJSON/user300/user300.json,idx_50
pinch,trainingSamples,raw_data/EMG-EPN612/testingJSON/user300/user300.json,idx_51
pinch,trainingSamples,raw_data/EMG-EPN612/testingJSON/user300/user300.json,idx_52
pinch,trainingSamples,raw_data/EMG-EPN612/testingJSON/user300/user300.json,idx_53
pinch,trainingSamples,raw_data/EMG-EPN612/testingJSON/user300/user300.json,idx_54
pinch,trainingSamples,raw_data/EMG-EPN612/testingJSON/user300/user300.json,idx_55
pinch,trainingSamples,raw_data/EMG-EPN612/testingJSON/user300/user300.json,idx_56
pinch,trainingSamples,raw_data/EMG-EPN612/testingJSON/user300/user300.json,idx_57
pinch,trainingSamples,raw_data/EMG-EPN612/testingJSON/user300/user300.json,idx_58
pinch,trainingSamples,raw_data/EMG-EPN612/testingJSON/user300/user300.json,idx_59
pinch,trainingSamples,raw_data/EMG-EPN612/testingJSON/user300/user300.json,idx_60
pinch,trainingSamples,raw_data/EMG-EPN612/testingJSON/user300/user300.json,idx_61
pinch,trainingSamples,raw_data/EMG-EPN612/testingJSON/user300/user300.json,idx_62
pinch,trainingSamples,raw_data/EMG-EPN612/testingJSON/user300/user300.json,idx_63
pinch,trainingSamples,raw_data/EMG-EPN612/testingJSON/user300/user300.json,idx_64
pinch,trainingSamples,raw_data/EMG-EPN612/testingJSON/user300/user300.json,idx_65
pinch,trainingSamples,raw_data/EMG-EPN612/testingJSON/user300/user300.json,idx_66
pinch,trainingSamples,raw_data/EMG-EPN612/testingJSON/user300/user300.json,idx_67
pinch,trainingSamples,raw_data/EMG-EPN612/testingJSON/user300/user300.json,idx_68
pinch,trainingSamples,raw_data/EMG-EPN612/testingJSON/user300/user300.json,idx_69
pinch,trainingSamples,raw_data/EMG-EPN612/testingJSON/user300/user300.json,idx_70
pinch,trainingSamples,raw_data/EMG-EPN612/testingJSON/user300/user300.json,idx_71
pinch,trainingSamples,raw_data/EMG-EPN612/testingJSON/user300/user300.json,idx_72
pinch,trainingSamples,raw_data/EMG-EPN612/testingJSON/user300/user300.json,idx_73
pinch,trainingSamples,raw_data/EMG-EPN612/testingJSON/user300/user300.json,idx_74
pinch,trainingSamples,raw_data/EMG-EPN612/testingJSON/user300/user300.json,idx_75
fist,trainingSamples,raw_data/EMG-EPN612/testingJSON/user300/user300.json,idx_76
fist,trainingSamples,raw_data/EMG-EPN612/testingJSON/user300/user300.json,idx_77
fist,trainingSamples,raw_data/EMG-EPN612/testingJSON/user300/user300.json,idx_78
fist,trainingSamples,raw_data/EMG-EPN612/testingJSON/user300/user300.json,idx_79
fist,trainingSamples,raw_data/EMG-EPN612/testingJSON/user300/user300.json,idx_80
fist,trainingSamples,raw_data/EMG-EPN612/testingJSON/user300/user300.json,idx_81
fist,trainingSamples,raw_data/EMG-EPN612/testingJSON/user300/user300.json,idx_82
fist,trainingSamples,raw_data/EMG-EPN612/testingJSON/user300/user300.json,idx_83
fist,trainingSamples,raw_data/EMG-EPN612/testingJSON/user300/user300.json,idx_84
fist,trainingSamples,raw_data/EMG-EPN612/testingJSON/user300/user300.json,idx_85
fist,trainingSamples,raw_data/EMG-EPN612/testingJSON/user300/user300.json,idx_86
fist,trainingSamples,raw_data/EMG-EPN612/testingJSON/user300/user300.json,idx_87
fist,trainingSamples,raw_data/EMG-EPN612/testingJSON/user300/user300.json,idx_88
fist,trainingSamples,raw_data/EMG-EPN612/testingJSON/user300/user300.json,idx_89
fist,trainingSamples,raw_data/EMG-EPN612/testingJSON/user300/user300.json,idx_90
fist,trainingSamples,raw_data/EMG-EPN612/testingJSON/user300/user300.json,idx_91
fist,trainingSamples,raw_data/EMG-EPN612/testingJSON/user300/user300.json,idx_92
fist,trainingSamples,raw_data/EMG-EPN612/testingJSON/user300/user300.json,idx_93
fist,trainingSamples,raw_data/EMG-EPN612/testingJSON/user300/user300.json,idx_94
fist,trainingSamples,raw_data/EMG-EPN612/testingJSON/user300/user300.json,idx_95
fist,trainingSamples,raw_data/EMG-EPN612/testingJSON/user300/user300.json,idx_96
fist,trainingSamples,raw_data/EMG-EPN612/testingJSON/user300/user300.json,idx_97
fist,trainingSamples,raw_data/EMG-EPN612/testingJSON/user300/user300.json,idx_98
fist,trainingSamples,raw_data/EMG-EPN612/testingJSON/user300/user300.json,idx_99
fist,trainingSamples,raw_data/EMG-EPN612/testingJSON/user300/user300.json,idx_100
waveIn,trainingSamples,raw_data/EMG-EPN612/testingJSON/user300/user300.json,idx_101
waveIn,trainingSamples,raw_data/EMG-EPN612/testingJSON/user300/user300.json,idx_102
waveIn,trainingSamples,raw_data/EMG-EPN612/testingJSON/user300/user300.json,idx_103
waveIn,trainingSamples,raw_data/EMG-EPN612/testingJSON/user300/user300.json,idx_104
waveIn,trainingSamples,raw_data/EMG-EPN612/testingJSON/user300/user300.json,idx_105
waveIn,trainingSamples,raw_data/EMG-EPN612/testingJSON/user300/user300.json,idx_106
waveIn,trainingSamples,raw_data/EMG-EPN612/testingJSON/user300/user300.json,idx_107
waveIn,trainingSamples,raw_data/EMG-EPN612/testingJSON/user300/user300.json,idx_108
waveIn,trainingSamples,raw_data/EMG-EPN612/testingJSON/user300/user300.json,idx_109
waveIn,trainingSamples,raw_data/EMG-EPN612/testingJSON/user300/user300.json,idx_110
waveIn,trainingSamples,raw_data/EMG-EPN612/testingJSON/user300/user300.json,idx_111
waveIn,trainingSamples,raw_data/EMG-EPN612/testingJSON/user300/user300.json,idx_112
waveIn,trainingSamples,raw_data/EMG-EPN612/testingJSON/user300/user300.json,idx_113
waveIn,trainingSamples,raw_data/EMG-EPN612/testingJSON/user300/user300.json,idx_114
waveIn,trainingSamples,raw_data/EMG-EPN612/testingJSON/user300/user300.json,idx_115
waveIn,trainingSamples,raw_data/EMG-EPN612/testingJSON/user300/user300.json,idx_116
waveIn,trainingSamples,raw_data/EMG-EPN612/testingJSON/user300/user300.json,idx_117
waveIn,trainingSamples,raw_data/EMG-EPN612/testingJSON/user300/user300.json,idx_118
waveIn,trainingSamples,raw_data/EMG-EPN612/testingJSON/user300/user300.json,idx_119
waveIn,trainingSamples,raw_data/EMG-EPN612/testingJSON/user300/user300.json,idx_120
waveIn,trainingSamples,raw_data/EMG-EPN612/testingJSON/user300/user300.json,idx_121
waveIn,trainingSamples,raw_data/EMG-EPN612/testingJSON/user300/user300.json,idx_122
waveIn,trainingSamples,raw_data/EMG-EPN612/testingJSON/user300/user300.json,idx_123
waveIn,trainingSamples,raw_data/EMG-EPN612/testingJSON/user300/user300.json,idx_124
waveIn,trainingSamples,raw_data/EMG-EPN612/testingJSON/user300/user300.json,idx_125
open,trainingSamples,raw_data/EMG-EPN612/testingJSON/user300/user300.json,idx_126
open,trainingSamples,raw_data/EMG-EPN612/testingJSON/user300/user300.json,idx_127
open,trainingSamples,raw_data/EMG-EPN612/testingJSON/user300/user300.json,idx_128
open,trainingSamples,raw_data/EMG-EPN612/testingJSON/user300/user300.json,idx_129
open,trainingSamples,raw_data/EMG-EPN612/testingJSON/user300/user300.json,idx_130
open,trainingSamples,raw_data/EMG-EPN612/testingJSON/user300/user300.json,idx_131
open,trainingSamples,raw_data/EMG-EPN612/testingJSON/user300/user300.json,idx_132
open,trainingSamples,raw_data/EMG-EPN612/testingJSON/user300/user300.json,idx_133
open,trainingSamples,raw_data/EMG-EPN612/testingJSON/user300/user300.json,idx_134
open,trainingSamples,raw_data/EMG-EPN612/testingJSON/user300/user300.json,idx_135
open,trainingSamples,raw_data/EMG-EPN612/testingJSON/user300/user300.json,idx_136
open,trainingSamples,raw_data/EMG-EPN612/testingJSON/user300/user300.json,idx_137
open,trainingSamples,raw_data/EMG-EPN612/testingJSON/user300/user300.json,idx_138
open,trainingSamples,raw_data/EMG-EPN612/testingJSON/user300/user300.json,idx_139
open,trainingSamples,raw_data/EMG-EPN612/testingJSON/user300/user300.json,idx_140
open,trainingSamples,raw_data/EMG-EPN612/testingJSON/user300/user300.json,idx_141
open,trainingSamples,raw_data/EMG-EPN612/testingJSON/user300/user300.json,idx_142
open,trainingSamples,raw_data/EMG-EPN612/testingJSON/user300/user300.json,idx_143
open,trainingSamples,raw_data/EMG-EPN612/testingJSON/user300/user300.json,idx_144
open,trainingSamples,raw_data/EMG-EPN612/testingJSON/user300/user300.json,idx_145
open,trainingSamples,raw_data/EMG-EPN612/testingJSON/user300/user300.json,idx_146
open,trainingSamples,raw_data/EMG-EPN612/testingJSON/user300/user300.json,idx_147
open,trainingSamples,raw_data/EMG-EPN612/testingJSON/user300/user300.json,idx_148
open,trainingSamples,raw_data/EMG-EPN612/testingJSON/user300/user300.json,idx_149
open,trainingSamples,raw_data/EMG-EPN612/testingJSON/user300/user300.json,idx_150
noGesture,trainingSamples,raw_data/EMG-EPN612/testingJSON/user301/user301.json,idx_1
noGesture,trainingSamples,raw_data/EMG-EPN612/testingJSON/user301/user301.json,idx_2
noGesture,trainingSamples,raw_data/EMG-EPN612/testingJSON/user301/user301.json,idx_3
noGesture,trainingSamples,raw_data/EMG-EPN612/testingJSON/user301/user301.json,idx_4
noGesture,trainingSamples,raw_data/EMG-EPN612/testingJSON/user301/user301.json,idx_5
noGesture,trainingSamples,raw_data/EMG-EPN612/testingJSON/user301/user301.json,idx_6
noGesture,trainingSamples,raw_data/EMG-EPN612/testingJSON/user301/user301.json,idx_7
noGesture,trainingSamples,raw_data/EMG-EPN612/testingJSON/user301/user301.json,idx_8
noGesture,trainingSamples,raw_data/EMG-EPN612/testingJSON/user301/user301.json,idx_9
noGesture,trainingSamples,raw_data/EMG-EPN612/testingJSON/user301/user301.json,idx_10
noGesture,trainingSamples,raw_data/EMG-EPN612/testingJSON/user301/user301.json,idx_11
noGesture,trainingSamples,raw_data/EMG-EPN612/testingJSON/user301/user301.json,idx_12
noGesture,trainingSamples,raw_data/EMG-EPN612/testingJSON/user301/user301.json,idx_13
noGesture,trainingSamples,raw_data/EMG-EPN612/testingJSON/user301/user301.json,idx_14
noGesture,trainingSamples,raw_data/EMG-EPN612/testingJSON/user301/user301.json,idx_15
noGesture,trainingSamples,raw_data/EMG-EPN612/testingJSON/user301/user301.json,idx_16
noGesture,trainingSamples,raw_data/EMG-EPN612/testingJSON/user301/user301.json,idx_17
noGesture,trainingSamples,raw_data/EMG-EPN612/testingJSON/user301/user301.json,idx_18
noGesture,trainingSamples,raw_data/EMG-EPN612/testingJSON/user301/user301.json,idx_19
noGesture,trainingSamples,raw_data/EMG-EPN612/testingJSON/user301/user301.json,idx_20
noGesture,trainingSamples,raw_data/EMG-EPN612/testingJSON/user301/user301.json,idx_21
noGesture,trainingSamples,raw_data/EMG-EPN612/testingJSON/user301/user301.json,idx_22
noGesture,trainingSamples,raw_data/EMG-EPN612/testingJSON/user301/user301.json,idx_23
noGesture,trainingSamples,raw_data/EMG-EPN612/testingJSON/user301/user301.json,idx_24
noGesture,trainingSamples,raw_data/EMG-EPN612/testingJSON/user301/user301.json,idx_25
waveOut,trainingSamples,raw_data/EMG-EPN612/testingJSON/user301/user301.json,idx_26
waveOut,trainingSamples,raw_data/EMG-EPN612/testingJSON/user301/user301.json,idx_27
waveOut,trainingSamples,raw_data/EMG-EPN612/testingJSON/user301/user301.json,idx_28
waveOut,trainingSamples,raw_data/EMG-EPN612/testingJSON/user301/user301.json,idx_29
waveOut,trainingSamples,raw_data/EMG-EPN612/testingJSON/user301/user301.json,idx_30
waveOut,trainingSamples,raw_data/EMG-EPN612/testingJSON/user301/user301.json,idx_31
waveOut,trainingSamples,raw_data/EMG-EPN612/testingJSON/user301/user301.json,idx_32
waveOut,trainingSamples,raw_data/EMG-EPN612/testingJSON/user301/user301.json,idx_33
waveOut,trainingSamples,raw_data/EMG-EPN612/testingJSON/user301/user301.json,idx_34
waveOut,trainingSamples,raw_data/EMG-EPN612/testingJSON/user301/user301.json,idx_35
waveOut,trainingSamples,raw_data/EMG-EPN612/testingJSON/user301/user301.json,idx_36
waveOut,trainingSamples,raw_data/EMG-EPN612/testingJSON/user301/user301.json,idx_37
waveOut,trainingSamples,raw_data/EMG-EPN612/testingJSON/user301/user301.json,idx_38
waveOut,trainingSamples,raw_data/EMG-EPN612/testingJSON/user301/user301.json,idx_39
waveOut,trainingSamples,raw_data/EMG-EPN612/testingJSON/user301/user301.json,idx_40
waveOut,trainingSamples,raw_data/EMG-EPN612/testingJSON/user301/user301.json,idx_41
waveOut,trainingSamples,raw_data/EMG-EPN612/testingJSON/user301/user301.json,idx_42
waveOut,trainingSamples,raw_data/EMG-EPN612/testingJSON/user301/user301.json,idx_43
waveOut,trainingSamples,raw_data/EMG-EPN612/testingJSON/user301/user301.json,idx_44
waveOut,trainingSamples,raw_data/EMG-EPN612/testingJSON/user301/user301.json,idx_45
waveOut,trainingSamples,raw_data/EMG-EPN612/testingJSON/user301/user301.json,idx_46
waveOut,trainingSamples,raw_data/EMG-EPN612/testingJSON/user301/user301.json,idx_47
waveOut,trainingSamples,raw_data/EMG-EPN612/testingJSON/user301/user301.json,idx_48
waveOut,trainingSamples,raw_data/EMG-EPN612/testingJSON/user301/user301.json,idx_49
waveOut,trainingSamples,raw_data/EMG-EPN612/testingJSON/user301/user301.json,idx_50
pinch,trainingSamples,raw_data/EMG-EPN612/testingJSON/user301/user301.json,idx_51
pinch,trainingSamples,raw_data/EMG-EPN612/testingJSON/user301/user301.json,idx_52
pinch,trainingSamples,raw_data/EMG-EPN612/testingJSON/user301/user301.json,idx_53
pinch,trainingSamples,raw_data/EMG-EPN612/testingJSON/user301/user301.json,idx_54
pinch,trainingSamples,raw_data/EMG-EPN612/testingJSON/user301/user301.json,idx_55
pinch,trainingSamples,raw_data/EMG-EPN612/testingJSON/user301/user301.json,idx_56
pinch,trainingSamples,raw_data/EMG-EPN612/testingJSON/user301/user301.json,idx_57
pinch,trainingSamples,raw_data/EMG-EPN612/testingJSON/user301/user301.json,idx_58
pinch,trainingSamples,raw_data/EMG-EPN612/testingJSON/user301/user301.json,idx_59
pinch,trainingSamples,raw_data/EMG-EPN612/testingJSON/user301/user301.json,idx_60
pinch,trainingSamples,raw_data/EMG-EPN612/testingJSON/user301/user301.json,idx_61
pinch,trainingSamples,raw_data/EMG-EPN612/testingJSON/user301/user301.json,idx_62
pinch,trainingSamples,raw_data/EMG-EPN612/testingJSON/user301/user301.json,idx_63
pinch,trainingSamples,raw_data/EMG-EPN612/testingJSON/user301/user301.json,idx_64
pinch,trainingSamples,raw_data/EMG-EPN612/testingJSON/user301/user301.json,idx_65
pinch,trainingSamples,raw_data/EMG-EPN612/testingJSON/user301/user301.json,idx_66
pinch,trainingSamples,raw_data/EMG-EPN612/testingJSON/user301/user301.json,idx_67
pinch,trainingSamples,raw_data/EMG-EPN612/testingJSON/user301/user301.json,idx_68
pinch,trainingSamples,raw_data/EMG-EPN612/testingJSON/user301/user301.json,idx_69
pinch,trainingSamples,raw_data/EMG-EPN612/testingJSON/user301/user301.json,idx_70
pinch,trainingSamples,raw_data/EMG-EPN612/testingJSON/user301/user301.json,idx_71
pinch,trainingSamples,raw_data/EMG-EPN612/testingJSON/user301/user301.json,idx_72
pinch,trainingSamples,raw_data/EMG-EPN612/testingJSON/user301/user301.json,idx_73
pinch,trainingSamples,raw_data/EMG-EPN612/testingJSON/user301/user301.json,idx_74
pinch,trainingSamples,raw_data/EMG-EPN612/testingJSON/user301/user301.json,idx_75
fist,trainingSamples,raw_data/EMG-EPN612/testingJSON/user301/user301.json,idx_76
fist,trainingSamples,raw_data/EMG-EPN612/testingJSON/user301/user301.json,idx_77
fist,trainingSamples,raw_data/EMG-EPN612/testingJSON/user301/user301.json,idx_78
fist,trainingSamples,raw_data/EMG-EPN612/testingJSON/user301/user301.json,idx_79
fist,trainingSamples,raw_data/EMG-EPN612/testingJSON/user301/user301.json,idx_80
fist,trainingSamples,raw_data/EMG-EPN612/testingJSON/user301/user301.json,idx_81
fist,trainingSamples,raw_data/EMG-EPN612/testingJSON/user301/user301.json,idx_82
fist,trainingSamples,raw_data/EMG-EPN612/testingJSON/user301/user301.json,idx_83
fist,trainingSamples,raw_data/EMG-EPN612/testingJSON/user301/user301.json,idx_84
fist,trainingSamples,raw_data/EMG-EPN612/testingJSON/user301/user301.json,idx_85
fist,trainingSamples,raw_data/EMG-EPN612/testingJSON/user301/user301.json,idx_86
fist,trainingSamples,raw_data/EMG-EPN612/testingJSON/user301/user301.json,idx_87
fist,trainingSamples,raw_data/EMG-EPN612/testingJSON/user301/user301.json,idx_88
fist,trainingSamples,raw_data/EMG-EPN612/testingJSON/user301/user301.json,idx_89
fist,trainingSamples,raw_data/EMG-EPN612/testingJSON/user301/user301.json,idx_90
fist,trainingSamples,raw_data/EMG-EPN612/testingJSON/user301/user301.json,idx_91
fist,trainingSamples,raw_data/EMG-EPN612/testingJSON/user301/user301.json,idx_92
fist,trainingSamples,raw_data/EMG-EPN612/testingJSON/user301/user301.json,idx_93
fist,trainingSamples,raw_data/EMG-EPN612/testingJSON/user301/user301.json,idx_94
fist,trainingSamples,raw_data/EMG-EPN612/testingJSON/user301/user301.json,idx_95
fist,trainingSamples,raw_data/EMG-EPN612/testingJSON/user301/user301.json,idx_96
fist,trainingSamples,raw_data/EMG-EPN612/testingJSON/user301/user301.json,idx_97
fist,trainingSamples,raw_data/EMG-EPN612/testingJSON/user301/user301.json,idx_98
fist,trainingSamples,raw_data/EMG-EPN612/testingJSON/user301/user301.json,idx_99
fist,trainingSamples,raw_data/EMG-EPN612/testingJSON/user301/user301.json,idx_100
waveIn,trainingSamples,raw_data/EMG-EPN612/testingJSON/user301/user301.json,idx_101
waveIn,trainingSamples,raw_data/EMG-EPN612/testingJSON/user301/user301.json,idx_102
waveIn,trainingSamples,raw_data/EMG-EPN612/testingJSON/user301/user301.json,idx_103
waveIn,trainingSamples,raw_data/EMG-EPN612/testingJSON/user301/user301.json,idx_104
waveIn,trainingSamples,raw_data/EMG-EPN612/testingJSON/user301/user301.json,idx_105
waveIn,trainingSamples,raw_data/EMG-EPN612/testingJSON/user301/user301.json,idx_106
waveIn,trainingSamples,raw_data/EMG-EPN612/testingJSON/user301/user301.json,idx_107
waveIn,trainingSamples,raw_data/EMG-EPN612/testingJSON/user301/user301.json,idx_108
waveIn,trainingSamples,raw_data/EMG-EPN612/testingJSON/user301/user301.json,idx_109
waveIn,trainingSamples,raw_data/EMG-EPN612/testingJSON/user301/user301.json,idx_110
waveIn,trainingSamples,raw_data/EMG-EPN612/testingJSON/user301/user301.json,idx_111
waveIn,trainingSamples,raw_data/EMG-EPN612/testingJSON/user301/user301.json,idx_112
waveIn,trainingSamples,raw_data/EMG-EPN612/testingJSON/user301/user301.json,idx_113
waveIn,trainingSamples,raw_data/EMG-EPN612/testingJSON/user301/user301.json,idx_114
waveIn,trainingSamples,raw_data/EMG-EPN612/testingJSON/user301/user301.json,idx_115
waveIn,trainingSamples,raw_data/EMG-EPN612/testingJSON/user301/user301.json,idx_116
waveIn,trainingSamples,raw_data/EMG-EPN612/testingJSON/user301/user301.json,idx_117
waveIn,trainingSamples,raw_data/EMG-EPN612/testingJSON/user301/user301.json,idx_118
waveIn,trainingSamples,raw_data/EMG-EPN612/testingJSON/user301/user301.json,idx_119
waveIn,trainingSamples,raw_data/EMG-EPN612/testingJSON/user301/user301.json,idx_120
waveIn,trainingSamples,raw_data/EMG-EPN612/testingJSON/user301/user301.json,idx_121
waveIn,trainingSamples,raw_data/EMG-EPN612/testingJSON/user301/user301.json,idx_122
waveIn,trainingSamples,raw_data/EMG-EPN612/testingJSON/user301/user301.json,idx_123
waveIn,trainingSamples,raw_data/EMG-EPN612/testingJSON/user301/user301.json,idx_124
waveIn,trainingSamples,raw_data/EMG-EPN612/testingJSON/user301/user301.json,idx_125
open,trainingSamples,raw_data/EMG-EPN612/testingJSON/user301/user301.json,idx_126
open,trainingSamples,raw_data/EMG-EPN612/testingJSON/user301/user301.json,idx_127
open,trainingSamples,raw_data/EMG-EPN612/testingJSON/user301/user301.json,idx_128
open,trainingSamples,raw_data/EMG-EPN612/testingJSON/user301/user301.json,idx_129
open,trainingSamples,raw_data/EMG-EPN612/testingJSON/user301/user301.json,idx_130
open,trainingSamples,raw_data/EMG-EPN612/testingJSON/user301/user301.json,idx_131
open,trainingSamples,raw_data/EMG-EPN612/testingJSON/user301/user301.json,idx_132
open,trainingSamples,raw_data/EMG-EPN612/testingJSON/user301/user301.json,idx_133
open,trainingSamples,raw_data/EMG-EPN612/testingJSON/user301/user301.json,idx_134
open,trainingSamples,raw_data/EMG-EPN612/testingJSON/user301/user301.json,idx_135
open,trainingSamples,raw_data/EMG-EPN612/testingJSON/user301/user301.json,idx_136
open,trainingSamples,raw_data/EMG-EPN612/testingJSON/user301/user301.json,idx_137
open,trainingSamples,raw_data/EMG-EPN612/testingJSON/user301/user301.json,idx_138
open,trainingSamples,raw_data/EMG-EPN612/testingJSON/user301/user301.json,idx_139
open,trainingSamples,raw_data/EMG-EPN612/testingJSON/user301/user301.json,idx_140
open,trainingSamples,raw_data/EMG-EPN612/testingJSON/user301/user301.json,idx_141
open,trainingSamples,raw_data/EMG-EPN612/testingJSON/user301/user301.json,idx_142
open,trainingSamples,raw_data/EMG-EPN612/testingJSON/user301/user301.json,idx_143
open,trainingSamples,raw_data/EMG-EPN612/testingJSON/user301/user301.json,idx_144
open,trainingSamples,raw_data/EMG-EPN612/testingJSON/user301/user301.json,idx_145
open,trainingSamples,raw_data/EMG-EPN612/testingJSON/user301/user301.json,idx_146
open,trainingSamples,raw_data/EMG-EPN612/testingJSON/user301/user301.json,idx_147
open,trainingSamples,raw_data/EMG-EPN612/testingJSON/user301/user301.json,idx_148
open,trainingSamples,raw_data/EMG-EPN612/testingJSON/user301/user301.json,idx_149
open,trainingSamples,raw_data/EMG-EPN612/testingJSON/user301/user301.json,idx_150
noGesture,trainingSamples,raw_data/EMG-EPN612/testingJSON/user302/user302.json,idx_1
noGesture,trainingSamples,raw_data/EMG-EPN612/testingJSON/user302/user302.json,idx_2
noGesture,trainingSamples,raw_data/EMG-EPN612/testingJSON/user302/user302.json,idx_3
noGesture,trainingSamples,raw_data/EMG-EPN612/testingJSON/user302/user302.json,idx_4
noGesture,trainingSamples,raw_data/EMG-EPN612/testingJSON/user302/user302.json,idx_5
noGesture,trainingSamples,raw_data/EMG-EPN612/testingJSON/user302/user302.json,idx_6
noGesture,trainingSamples,raw_data/EMG-EPN612/testingJSON/user302/user302.json,idx_7
noGesture,trainingSamples,raw_data/EMG-EPN612/testingJSON/user302/user302.json,idx_8
noGesture,trainingSamples,raw_data/EMG-EPN612/testingJSON/user302/user302.json,idx_9
noGesture,trainingSamples,raw_data/EMG-EPN612/testingJSON/user302/user302.json,idx_10
noGesture,trainingSamples,raw_data/EMG-EPN612/testingJSON/user302/user302.json,idx_11
noGesture,trainingSamples,raw_data/EMG-EPN612/testingJSON/user302/user302.json,idx_12
noGesture,trainingSamples,raw_data/EMG-EPN612/testingJSON/user302/user302.json,idx_13
noGesture,trainingSamples,raw_data/EMG-EPN612/testingJSON/user302/user302.json,idx_14
noGesture,trainingSamples,raw_data/EMG-EPN612/testingJSON/user302/user302.json,idx_15
noGesture,trainingSamples,raw_data/EMG-EPN612/testingJSON/user302/user302.json,idx_16
noGesture,trainingSamples,raw_data/EMG-EPN612/testingJSON/user302/user302.json,idx_17
noGesture,trainingSamples,raw_data/EMG-EPN612/testingJSON/user302/user302.json,idx_18
noGesture,trainingSamples,raw_data/EMG-EPN612/testingJSON/user302/user302.json,idx_19
noGesture,trainingSamples,raw_data/EMG-EPN612/testingJSON/user302/user302.json,idx_20
noGesture,trainingSamples,raw_data/EMG-EPN612/testingJSON/user302/user302.json,idx_21
noGesture,trainingSamples,raw_data/EMG-EPN612/testingJSON/user302/user302.json,idx_22
noGesture,trainingSamples,raw_data/EMG-EPN612/testingJSON/user302/user302.json,idx_23
noGesture,trainingSamples,raw_data/EMG-EPN612/testingJSON/user302/user302.json,idx_24
noGesture,trainingSamples,raw_data/EMG-EPN612/testingJSON/user302/user302.json,idx_25
waveIn,trainingSamples,raw_data/EMG-EPN612/testingJSON/user302/user302.json,idx_26
waveIn,trainingSamples,raw_data/EMG-EPN612/testingJSON/user302/user302.json,idx_27
waveIn,trainingSamples,raw_data/EMG-EPN612/testingJSON/user302/user302.json,idx_28
waveIn,trainingSamples,raw_data/EMG-EPN612/testingJSON/user302/user302.json,idx_29
waveIn,trainingSamples,raw_data/EMG-EPN612/testingJSON/user302/user302.json,idx_30
waveIn,trainingSamples,raw_data/EMG-EPN612/testingJSON/user302/user302.json,idx_31
waveIn,trainingSamples,raw_data/EMG-EPN612/testingJSON/user302/user302.json,idx_32
waveIn,trainingSamples,raw_data/EMG-EPN612/testingJSON/user302/user302.json,idx_33
waveIn,trainingSamples,raw_data/EMG-EPN612/testingJSON/user302/user302.json,idx_34
waveIn,trainingSamples,raw_data/EMG-EPN612/testingJSON/user302/user302.json,idx_35
waveIn,trainingSamples,raw_data/EMG-EPN612/testingJSON/user302/user302.json,idx_36
waveIn,trainingSamples,raw_data/EMG-EPN612/testingJSON/user302/user302.json,idx_37
waveIn,trainingSamples,raw_data/EMG-EPN612/testingJSON/user302/user302.json,idx_38
waveIn,trainingSamples,raw_data/EMG-EPN612/testingJSON/user302/user302.json,idx_39
waveIn,trainingSamples,raw_data/EMG-EPN612/testingJSON/user302/user302.json,idx_40
waveIn,trainingSamples,raw_data/EMG-EPN612/testingJSON/user302/user302.json,idx_41
waveIn,trainingSamples,raw_data/EMG-EPN612/testingJSON/user302/user302.json,idx_42
waveIn,trainingSamples,raw_data/EMG-EPN612/testingJSON/user302/user302.json,idx_43
waveIn,trainingSamples,raw_data/EMG-EPN612/testingJSON/user302/user302.json,idx_44
waveIn,trainingSamples,raw_data/EMG-EPN612/testingJSON/user302/user302.json,idx_45
waveIn,trainingSamples,raw_data/EMG-EPN612/testingJSON/user302/user302.json,idx_46
waveIn,trainingSamples,raw_data/EMG-EPN612/testingJSON/user302/user302.json,idx_47
waveIn,trainingSamples,raw_data/EMG-EPN612/testingJSON/user302/user302.json,idx_48
waveIn,trainingSamples,raw_data/EMG-EPN612/testingJSON/user302/user302.json,idx_49
waveIn,trainingSamples,raw_data/EMG-EPN612/testingJSON/user302/user302.json,idx_50
fist,trainingSamples,raw_data/EMG-EPN612/testingJSON/user302/user302.json,idx_51
fist,trainingSamples,raw_data/EMG-EPN612/testingJSON/user302/user302.json,idx_52
fist,trainingSamples,raw_data/EMG-EPN612/testingJSON/user302/user302.json,idx_53
fist,trainingSamples,raw_data/EMG-EPN612/testingJSON/user302/user302.json,idx_54
fist,trainingSamples,raw_data/EMG-EPN612/testingJSON/user302/user302.json,idx_55
fist,trainingSamples,raw_data/EMG-EPN612/testingJSON/user302/user302.json,idx_56
fist,trainingSamples,raw_data/EMG-EPN612/testingJSON/user302/user302.json,idx_57
fist,trainingSamples,raw_data/EMG-EPN612/testingJSON/user302/user302.json,idx_58
fist,trainingSamples,raw_data/EMG-EPN612/testingJSON/user302/user302.json,idx_59
fist,trainingSamples,raw_data/EMG-EPN612/testingJSON/user302/user302.json,idx_60
fist,trainingSamples,raw_data/EMG-EPN612/testingJSON/user302/user302.json,idx_61
fist,trainingSamples,raw_data/EMG-EPN612/testingJSON/user302/user302.json,idx_62
fist,trainingSamples,raw_data/EMG-EPN612/testingJSON/user302/user302.json,idx_63
fist,trainingSamples,raw_data/EMG-EPN612/testingJSON/user302/user302.json,idx_64
fist,trainingSamples,raw_data/EMG-EPN612/testingJSON/user302/user302.json,idx_65
fist,trainingSamples,raw_data/EMG-EPN612/testingJSON/user302/user302.json,idx_66
fist,trainingSamples,raw_data/EMG-EPN612/testingJSON/user302/user302.json,idx_67
fist,trainingSamples,raw_data/EMG-EPN612/testingJSON/user302/user302.json,idx_68
fist,trainingSamples,raw_data/EMG-EPN612/testingJSON/user302/user302.json,idx_69
fist,trainingSamples,raw_data/EMG-EPN612/testingJSON/user302/user302.json,idx_70
fist,trainingSamples,raw_data/EMG-EPN612/testingJSON/user302/user302.json,idx_71
fist,trainingSamples,raw_data/EMG-EPN612/testingJSON/user302/user302.json,idx_72
fist,trainingSamples,raw_data/EMG-EPN612/testingJSON/user302/user302.json,idx_73
fist,trainingSamples,raw_data/EMG-EPN612/testingJSON/user302/user302.json,idx_74
fist,trainingSamples,raw_data/EMG-EPN612/testingJSON/user302/user302.json,idx_75
pinch,trainingSamples,raw_data/EMG-EPN612/testingJSON/user302/user302.json,idx_76
pinch,trainingSamples,raw_data/EMG-EPN612/testingJSON/user302/user302.json,idx_77
pinch,trainingSamples,raw_data/EMG-EPN612/testingJSON/user302/user302.json,idx_78
pinch,trainingSamples,raw_data/EMG-EPN612/testingJSON/user302/user302.json,idx_79
pinch,trainingSamples,raw_data/EMG-EPN612/testingJSON/user302/user302.json,idx_80
pinch,trainingSamples,raw_data/EMG-EPN612/testingJSON/user302/user302.json,idx_81
pinch,trainingSamples,raw_data/EMG-EPN612/testingJSON/user302/user302.json,idx_82
pinch,trainingSamples,raw_data/EMG-EPN612/testingJSON/user302/user302.json,idx_83
pinch,trainingSamples,raw_data/EMG-EPN612/testingJSON/user302/user302.json,idx_84
pinch,trainingSamples,raw_data/EMG-EPN612/testingJSON/user302/user302.json,idx_85
pinch,trainingSamples,raw_data/EMG-EPN612/testingJSON/user302/user302.json,idx_86
pinch,trainingSamples,raw_data/EMG-EPN612/testingJSON/user302/user302.json,idx_87
pinch,trainingSamples,raw_data/EMG-EPN612/testingJSON/user302/user302.json,idx_88
pinch,trainingSamples,raw_data/EMG-EPN612/testingJSON/user302/user302.json,idx_89
pinch,trainingSamples,raw_data/EMG-EPN612/testingJSON/user302/user302.json,idx_90
pinch,trainingSamples,raw_data/EMG-EPN612/testingJSON/user302/user302.json,idx_91
pinch,trainingSamples,raw_data/EMG-EPN612/testingJSON/user302/user302.json,idx_92
pinch,trainingSamples,raw_data/EMG-EPN612/testingJSON/user302/user302.json,idx_93
pinch,trainingSamples,raw_data/EMG-EPN612/testingJSON/user302/user302.json,idx_94
pinch,trainingSamples,raw_data/EMG-EPN612/testingJSON/user302/user302.json,idx_95
pinch,trainingSamples,raw_data/EMG-EPN612/testingJSON/user302/user302.json,idx_96
pinch,trainingSamples,raw_data/EMG-EPN612/testingJSON/user302/user302.json,idx_97
pinch,trainingSamples,raw_data/EMG-EPN612/testingJSON/user302/user302.json,idx_98
pinch,trainingSamples,raw_data/EMG-EPN612/testingJSON/user302/user302.json,idx_99
pinch,trainingSamples,raw_data/EMG-EPN612/testingJSON/user302/user302.json,idx_100
waveOut,trainingSamples,raw_data/EMG-EPN612/testingJSON/user302/user302.json,idx_101
waveOut,trainingSamples,raw_data/EMG-EPN612/testingJSON/user302/user302.json,idx_102
waveOut,trainingSamples,raw_data/EMG-EPN612/testingJSON/user302/user302.json,idx_103
waveOut,trainingSamples,raw_data/EMG-EPN612/testingJSON/user302/user302.json,idx_104
waveOut,trainingSamples,raw_data/EMG-EPN612/testingJSON/user302/user302.json,idx_105
waveOut,trainingSamples,raw_data/EMG-EPN612/testingJSON/user302/user302.json,idx_106
waveOut,trainingSamples,raw_data/EMG-EPN612/testingJSON/user302/user302.json,idx_107
waveOut,trainingSamples,raw_data/EMG-EPN612/testingJSON/user302/user302.json,idx_108
waveOut,trainingSamples,raw_data/EMG-EPN612/testingJSON/user302/user302.json,idx_109
waveOut,trainingSamples,raw_data/EMG-EPN612/testingJSON/user302/user302.json,idx_110
waveOut,trainingSamples,raw_data/EMG-EPN612/testingJSON/user302/user302.json,idx_111
waveOut,trainingSamples,raw_data/EMG-EPN612/testingJSON/user302/user302.json,idx_112
waveOut,trainingSamples,raw_data/EMG-EPN612/testingJSON/user302/user302.json,idx_113
waveOut,trainingSamples,raw_data/EMG-EPN612/testingJSON/user302/user302.json,idx_114
waveOut,trainingSamples,raw_data/EMG-EPN612/testingJSON/user302/user302.json,idx_115
waveOut,trainingSamples,raw_data/EMG-EPN612/testingJSON/user302/user302.json,idx_116
waveOut,trainingSamples,raw_data/EMG-EPN612/testingJSON/user302/user302.json,idx_117
waveOut,trainingSamples,raw_data/EMG-EPN612/testingJSON/user302/user302.json,idx_118
waveOut,trainingSamples,raw_data/EMG-EPN612/testingJSON/user302/user302.json,idx_119
waveOut,trainingSamples,raw_data/EMG-EPN612/testingJSON/user302/user302.json,idx_120
waveOut,trainingSamples,raw_data/EMG-EPN612/testingJSON/user302/user302.json,idx_121
waveOut,trainingSamples,raw_data/EMG-EPN612/testingJSON/user302/user302.json,idx_122
waveOut,trainingSamples,raw_data/EMG-EPN612/testingJSON/user302/user302.json,idx_123
waveOut,trainingSamples,raw_data/EMG-EPN612/testingJSON/user302/user302.json,idx_124
waveOut,trainingSamples,raw_data/EMG-EPN612/testingJSON/user302/user302.json,idx_125
open,trainingSamples,raw_data/EMG-EPN612/testingJSON/user302/user302.json,idx_126
open,trainingSamples,raw_data/EMG-EPN612/testingJSON/user302/user302.json,idx_127
open,trainingSamples,raw_data/EMG-EPN612/testingJSON/user302/user302.json,idx_128
open,trainingSamples,raw_data/EMG-EPN612/testingJSON/user302/user302.json,idx_129
open,trainingSamples,raw_data/EMG-EPN612/testingJSON/user302/user302.json,idx_130
open,trainingSamples,raw_data/EMG-EPN612/testingJSON/user302/user302.json,idx_131
open,trainingSamples,raw_data/EMG-EPN612/testingJSON/user302/user302.json,idx_132
open,trainingSamples,raw_data/EMG-EPN612/testingJSON/user302/user302.json,idx_133
open,trainingSamples,raw_data/EMG-EPN612/testingJSON/user302/user302.json,idx_134
open,trainingSamples,raw_data/EMG-EPN612/testingJSON/user302/user302.json,idx_135
open,trainingSamples,raw_data/EMG-EPN612/testingJSON/user302/user302.json,idx_136
open,trainingSamples,raw_data/EMG-EPN612/testingJSON/user302/user302.json,idx_137
open,trainingSamples,raw_data/EMG-EPN612/testingJSON/user302/user302.json,idx_138
open,trainingSamples,raw_data/EMG-EPN612/testingJSON/user302/user302.json,idx_139
open,trainingSamples,raw_data/EMG-EPN612/testingJSON/user302/user302.json,idx_140
open,trainingSamples,raw_data/EMG-EPN612/testingJSON/user302/user302.json,idx_141
open,trainingSamples,raw_data/EMG-EPN612/testingJSON/user302/user302.json,idx_142
open,trainingSamples,raw_data/EMG-EPN612/testingJSON/user302/user302.json,idx_143
open,trainingSamples,raw_data/EMG-EPN612/testingJSON/user302/user302.json,idx_144
open,trainingSamples,raw_data/EMG-EPN612/testingJSON/user302/user302.json,idx_145
open,trainingSamples,raw_data/EMG-EPN612/testingJSON/user302/user302.json,idx_146
open,trainingSamples,raw_data/EMG-EPN612/testingJSON/user302/user302.json,idx_147
open,trainingSamples,raw_data/EMG-EPN612/testingJSON/user302/user302.json,idx_148
open,trainingSamples,raw_data/EMG-EPN612/testingJSON/user302/user302.json,idx_149
open,trainingSamples,raw_data/EMG-EPN612/testingJSON/user302/user302.json,idx_150
noGesture,trainingSamples,raw_data/EMG-EPN612/testingJSON/user303/user303.json,idx_1
noGesture,trainingSamples,raw_data/EMG-EPN612/testingJSON/user303/user303.json,idx_2
noGesture,trainingSamples,raw_data/EMG-EPN612/testingJSON/user303/user303.json,idx_3
noGesture,trainingSamples,raw_data/EMG-EPN612/testingJSON/user303/user303.json,idx_4
noGesture,trainingSamples,raw_data/EMG-EPN612/testingJSON/user303/user303.json,idx_5
noGesture,trainingSamples,raw_data/EMG-EPN612/testingJSON/user303/user303.json,idx_6
noGesture,trainingSamples,raw_data/EMG-EPN612/testingJSON/user303/user303.json,idx_7
noGesture,trainingSamples,raw_data/EMG-EPN612/testingJSON/user303/user303.json,idx_8
noGesture,trainingSamples,raw_data/EMG-EPN612/testingJSON/user303/user303.json,idx_9
noGesture,trainingSamples,raw_data/EMG-EPN612/testingJSON/user303/user303.json,idx_10
noGesture,trainingSamples,raw_data/EMG-EPN612/testingJSON/user303/user303.json,idx_11
noGesture,trainingSamples,raw_data/EMG-EPN612/testingJSON/user303/user303.json,idx_12
noGesture,trainingSamples,raw_data/EMG-EPN612/testingJSON/user303/user303.json,idx_13
noGesture,trainingSamples,raw_data/EMG-EPN612/testingJSON/user303/user303.json,idx_14
noGesture,trainingSamples,raw_data/EMG-EPN612/testingJSON/user303/user303.json,idx_15
noGesture,trainingSamples,raw_data/EMG-EPN612/testingJSON/user303/user303.json,idx_16
noGesture,trainingSamples,raw_data/EMG-EPN612/testingJSON/user303/user303.json,idx_17
noGesture,trainingSamples,raw_data/EMG-EPN612/testingJSON/user303/user303.json,idx_18
noGesture,trainingSamples,raw_data/EMG-EPN612/testingJSON/user303/user303.json,idx_19
noGesture,trainingSamples,raw_data/EMG-EPN612/testingJSON/user303/user303.json,idx_20
noGesture,trainingSamples,raw_data/EMG-EPN612/testingJSON/user303/user303.json,idx_21
noGesture,trainingSamples,raw_data/EMG-EPN612/testingJSON/user303/user303.json,idx_22
noGesture,trainingSamples,raw_data/EMG-EPN612/testingJSON/user303/user303.json,idx_23
noGesture,trainingSamples,raw_data/EMG-EPN612/testingJSON/user303/user303.json,idx_24
noGesture,trainingSamples,raw_data/EMG-EPN612/testingJSON/user303/user303.json,idx_25
fist,trainingSamples,raw_data/EMG-EPN612/testingJSON/user303/user303.json,idx_26
fist,trainingSamples,raw_data/EMG-EPN612/testingJSON/user303/user303.json,idx_27
fist,trainingSamples,raw_data/EMG-EPN612/testingJSON/user303/user303.json,idx_28
fist,trainingSamples,raw_data/EMG-EPN612/testingJSON/user303/user303.json,idx_29
fist,trainingSamples,raw_data/EMG-EPN612/testingJSON/user303/user303.json,idx_30
fist,trainingSamples,raw_data/EMG-EPN612/testingJSON/user303/user303.json,idx_31
fist,trainingSamples,raw_data/EMG-EPN612/testingJSON/user303/user303.json,idx_32
fist,trainingSamples,raw_data/EMG-EPN612/testingJSON/user303/user303.json,idx_33
fist,trainingSamples,raw_data/EMG-EPN612/testingJSON/user303/user303.json,idx_34
fist,trainingSamples,raw_data/EMG-EPN612/testingJSON/user303/user303.json,idx_35
fist,trainingSamples,raw_data/EMG-EPN612/testingJSON/user303/user303.json,idx_36
fist,trainingSamples,raw_data/EMG-EPN612/testingJSON/user303/user303.json,idx_37
fist,trainingSamples,raw_data/EMG-EPN612/testingJSON/user303/user303.json,idx_38
fist,trainingSamples,raw_data/EMG-EPN612/testingJSON/user303/user303.json,idx_39
fist,trainingSamples,raw_data/EMG-EPN612/testingJSON/user303/user303.json,idx_40
fist,trainingSamples,raw_data/EMG-EPN612/testingJSON/user303/user303.json,idx_41
fist,trainingSamples,raw_data/EMG-EPN612/testingJSON/user303/user303.json,idx_42
fist,trainingSamples,raw_data/EMG-EPN612/testingJSON/user303/user303.json,idx_43
fist,trainingSamples,raw_data/EMG-EPN612/testingJSON/user303/user303.json,idx_44
fist,trainingSamples,raw_data/EMG-EPN612/testingJSON/user303/user303.json,idx_45
fist,trainingSamples,raw_data/EMG-EPN612/testingJSON/user303/user303.json,idx_46
fist,trainingSamples,raw_data/EMG-EPN612/testingJSON/user303/user303.json,idx_47
fist,trainingSamples,raw_data/EMG-EPN612/testingJSON/user303/user303.json,idx_48
fist,trainingSamples,raw_data/EMG-EPN612/testingJSON/user303/user303.json,idx_49
fist,trainingSamples,raw_data/EMG-EPN612/testingJSON/user303/user303.json,idx_50
waveOut,trainingSamples,raw_data/EMG-EPN612/testingJSON/user303/user303.json,idx_51
waveOut,trainingSamples,raw_data/EMG-EPN612/testingJSON/user303/user303.json,idx_52
waveOut,trainingSamples,raw_data/EMG-EPN612/testingJSON/user303/user303.json,idx_53
waveOut,trainingSamples,raw_data/EMG-EPN612/testingJSON/user303/user303.json,idx_54
waveOut,trainingSamples,raw_data/EMG-EPN612/testingJSON/user303/user303.json,idx_55
waveOut,trainingSamples,raw_data/EMG-EPN612/testingJSON/user303/user303.json,idx_56
waveOut,trainingSamples,raw_data/EMG-EPN612/testingJSON/user303/user303.json,idx_57
waveOut,trainingSamples,raw_data/EMG-EPN612/testingJSON/user303/user303.json,idx_58
waveOut,trainingSamples,raw_data/EMG-EPN612/testingJSON/user303/user303.json,idx_59
waveOut,trainingSamples,raw_data/EMG-EPN612/testingJSON/user303/user303.json,idx_60
waveOut,trainingSamples,raw_data/EMG-EPN612/testingJSON/user303/user303.json,idx_61
waveOut,trainingSamples,raw_data/EMG-EPN612/testingJSON/user303/user303.json,idx_62
waveOut,trainingSamples,raw_data/EMG-EPN612/testingJSON/user303/user303.json,idx_63
waveOut,trainingSamples,raw_data/EMG-EPN612/testingJSON/user303/user303.json,idx_64
waveOut,trainingSamples,raw_data/EMG-EPN612/testingJSON/user303/user303.json,idx_65
waveOut,trainingSamples,raw_data/EMG-EPN612/testingJSON/user303/user303.json,idx_66
waveOut,trainingSamples,raw_data/EMG-EPN612/testingJSON/user303/user303.json,idx_67
waveOut,trainingSamples,raw_data/EMG-EPN612/testingJSON/user303/user303.json,idx_68
waveOut,trainingSamples,raw_data/EMG-EPN612/testingJSON/user303/user303.json,idx_69
waveOut,trainingSamples,raw_data/EMG-EPN612/testingJSON/user303/user303.json,idx_70
waveOut,trainingSamples,raw_data/EMG-EPN612/testingJSON/user303/user303.json,idx_71
waveOut,trainingSamples,raw_data/EMG-EPN612/testingJSON/user303/user303.json,idx_72
waveOut,trainingSamples,raw_data/EMG-EPN612/testingJSON/user303/user303.json,idx_73
waveOut,trainingSamples,raw_data/EMG-EPN612/testingJSON/user303/user303.json,idx_74
waveOut,trainingSamples,raw_data/EMG-EPN612/testingJSON/user303/user303.json,idx_75
open,trainingSamples,raw_data/EMG-EPN612/testingJSON/user303/user303.json,idx_76
open,trainingSamples,raw_data/EMG-EPN612/testingJSON/user303/user303.json,idx_77
open,trainingSamples,raw_data/EMG-EPN612/testingJSON/user303/user303.json,idx_78
open,trainingSamples,raw_data/EMG-EPN612/testingJSON/user303/user303.json,idx_79
open,trainingSamples,raw_data/EMG-EPN612/testingJSON/user303/user303.json,idx_80
open,trainingSamples,raw_data/EMG-EPN612/testingJSON/user303/user303.json,idx_81
open,trainingSamples,raw_data/EMG-EPN612/testingJSON/user303/user303.json,idx_82
open,trainingSamples,raw_data/EMG-EPN612/testingJSON/user303/user303.json,idx_83
open,trainingSamples,raw_data/EMG-EPN612/testingJSON/user303/user303.json,idx_84
open,trainingSamples,raw_data/EMG-EPN612/testingJSON/user303/user303.json,idx_85
open,trainingSamples,raw_data/EMG-EPN612/testingJSON/user303/user303.json,idx_86
open,trainingSamples,raw_data/EMG-EPN612/testingJSON/user303/user303.json,idx_87
open,trainingSamples,raw_data/EMG-EPN612/testingJSON/user303/user303.json,idx_88
open,trainingSamples,raw_data/EMG-EPN612/testingJSON/user303/user303.json,idx_89
open,trainingSamples,raw_data/EMG-EPN612/testingJSON/user303/user303.json,idx_90
open,trainingSamples,raw_data/EMG-EPN612/testingJSON/user303/user303.json,idx_91
open,trainingSamples,raw_data/EMG-EPN612/testingJSON/user303/user303.json,idx_92
open,trainingSamples,raw_data/EMG-EPN612/testingJSON/user303/user303.json,idx_93
open,trainingSamples,raw_data/EMG-EPN612/testingJSON/user303/user303.json,idx_94
open,trainingSamples,raw_data/EMG-EPN612/testingJSON/user303/user303.json,idx_95
open,trainingSamples,raw_data/EMG-EPN612/testingJSON/user303/user303.json,idx_96
open,trainingSamples,raw_data/EMG-EPN612/testingJSON/user303/user303.json,idx_97
open,trainingSamples,raw_data/EMG-EPN612/testingJSON/user303/user303.json,idx_98
open,trainingSamples,raw_data/EMG-EPN612/testingJSON/user303/user303.json,idx_99
open,trainingSamples,raw_data/EMG-EPN612/testingJSON/user303/user303.json,idx_100
waveIn,trainingSamples,raw_data/EMG-EPN612/testingJSON/user303/user303.json,idx_101
waveIn,trainingSamples,raw_data/EMG-EPN612/testingJSON/user303/user303.json,idx_102
waveIn,trainingSamples,raw_data/EMG-EPN612/testingJSON/user303/user303.json,idx_103
waveIn,trainingSamples,raw_data/EMG-EPN612/testingJSON/user303/user303.json,idx_104
waveIn,trainingSamples,raw_data/EMG-EPN612/testingJSON/user303/user303.json,idx_105
waveIn,trainingSamples,raw_data/EMG-EPN612/testingJSON/user303/user303.json,idx_106
waveIn,trainingSamples,raw_data/EMG-EPN612/testingJSON/user303/user303.json,idx_107
waveIn,trainingSamples,raw_data/EMG-EPN612/testingJSON/user303/user303.json,idx_108
waveIn,trainingSamples,raw_data/EMG-EPN612/testingJSON/user303/user303.json,idx_109
waveIn,trainingSamples,raw_data/EMG-EPN612/testingJSON/user303/user303.json,idx_110
waveIn,trainingSamples,raw_data/EMG-EPN612/testingJSON/user303/user303.json,idx_111
waveIn,trainingSamples,raw_data/EMG-EPN612/testingJSON/user303/user303.json,idx_112
waveIn,trainingSamples,raw_data/EMG-EPN612/testingJSON/user303/user303.json,idx_113
waveIn,trainingSamples,raw_data/EMG-EPN612/testingJSON/user303/user303.json,idx_114
waveIn,trainingSamples,raw_data/EMG-EPN612/testingJSON/user303/user303.json,idx_115
waveIn,trainingSamples,raw_data/EMG-EPN612/testingJSON/user303/user303.json,idx_116
waveIn,trainingSamples,raw_data/EMG-EPN612/testingJSON/user303/user303.json,idx_117
waveIn,trainingSamples,raw_data/EMG-EPN612/testingJSON/user303/user303.json,idx_118
waveIn,trainingSamples,raw_data/EMG-EPN612/testingJSON/user303/user303.json,idx_119
waveIn,trainingSamples,raw_data/EMG-EPN612/testingJSON/user303/user303.json,idx_120
waveIn,trainingSamples,raw_data/EMG-EPN612/testingJSON/user303/user303.json,idx_121
waveIn,trainingSamples,raw_data/EMG-EPN612/testingJSON/user303/user303.json,idx_122
waveIn,trainingSamples,raw_data/EMG-EPN612/testingJSON/user303/user303.json,idx_123
waveIn,trainingSamples,raw_data/EMG-EPN612/testingJSON/user303/user303.json,idx_124
waveIn,trainingSamples,raw_data/EMG-EPN612/testingJSON/user303/user303.json,idx_125
pinch,trainingSamples,raw_data/EMG-EPN612/testingJSON/user303/user303.json,idx_126
pinch,trainingSamples,raw_data/EMG-EPN612/testingJSON/user303/user303.json,idx_127
pinch,trainingSamples,raw_data/EMG-EPN612/testingJSON/user303/user303.json,idx_128
pinch,trainingSamples,raw_data/EMG-EPN612/testingJSON/user303/user303.json,idx_129
pinch,trainingSamples,raw_data/EMG-EPN612/testingJSON/user303/user303.json,idx_130
pinch,trainingSamples,raw_data/EMG-EPN612/testingJSON/user303/user303.json,idx_131
pinch,trainingSamples,raw_data/EMG-EPN612/testingJSON/user303/user303.json,idx_132
pinch,trainingSamples,raw_data/EMG-EPN612/testingJSON/user303/user303.json,idx_133
pinch,trainingSamples,raw_data/EMG-EPN612/testingJSON/user303/user303.json,idx_134
pinch,trainingSamples,raw_data/EMG-EPN612/testingJSON/user303/user303.json,idx_135
pinch,trainingSamples,raw_data/EMG-EPN612/testingJSON/user303/user303.json,idx_136
pinch,trainingSamples,raw_data/EMG-EPN612/testingJSON/user303/user303.json,idx_137
pinch,trainingSamples,raw_data/EMG-EPN612/testingJSON/user303/user303.json,idx_138
pinch,trainingSamples,raw_data/EMG-EPN612/testingJSON/user303/user303.json,idx_139
pinch,trainingSamples,raw_data/EMG-EPN612/testingJSON/user303/user303.json,idx_140
pinch,trainingSamples,raw_data/EMG-EPN612/testingJSON/user303/user303.json,idx_141
pinch,trainingSamples,raw_data/EMG-EPN612/testingJSON/user303/user303.json,idx_142
pinch,trainingSamples,raw_data/EMG-EPN612/testingJSON/user303/user303.json,idx_143
pinch,trainingSamples,raw_data/EMG-EPN612/testingJSON/user303/user303.json,idx_144
pinch,trainingSamples,raw_data/EMG-EPN612/testingJSON/user303/user303.json,idx_145
pinch,trainingSamples,raw_data/EMG-EPN612/testingJSON/user303/user303.json,idx_146
pinch,trainingSamples,raw_data/EMG-EPN612/testingJSON/user303/user303.json,idx_147
pinch,trainingSamples,raw_data/EMG-EPN612/testingJSON/user303/user303.json,idx_148
pinch,trainingSamples,raw_data/EMG-EPN612/testingJSON/user303/user303.json,idx_149
pinch,trainingSamples,raw_data/EMG-EPN612/testingJSON/user303/user303.json,idx_150
noGesture,trainingSamples,raw_data/EMG-EPN612/testingJSON/user304/user304.json,idx_1
noGesture,trainingSamples,raw_data/EMG-EPN612/testingJSON/user304/user304.json,idx_2
noGesture,trainingSamples,raw_data/EMG-EPN612/testingJSON/user304/user304.json,idx_3
noGesture,trainingSamples,raw_data/EMG-EPN612/testingJSON/user304/user304.json,idx_4
noGesture,trainingSamples,raw_data/EMG-EPN612/testingJSON/user304/user304.json,idx_5
noGesture,trainingSamples,raw_data/EMG-EPN612/testingJSON/user304/user304.json,idx_6
noGesture,trainingSamples,raw_data/EMG-EPN612/testingJSON/user304/user304.json,idx_7
noGesture,trainingSamples,raw_data/EMG-EPN612/testingJSON/user304/user304.json,idx_8
noGesture,trainingSamples,raw_data/EMG-EPN612/testingJSON/user304/user304.json,idx_9
noGesture,trainingSamples,raw_data/EMG-EPN612/testingJSON/user304/user304.json,idx_10
noGesture,trainingSamples,raw_data/EMG-EPN612/testingJSON/user304/user304.json,idx_11
noGesture,trainingSamples,raw_data/EMG-EPN612/testingJSON/user304/user304.json,idx_12
noGesture,trainingSamples,raw_data/EMG-EPN612/testingJSON/user304/user304.json,idx_13
noGesture,trainingSamples,raw_data/EMG-EPN612/testingJSON/user304/user304.json,idx_14
noGesture,trainingSamples,raw_data/EMG-EPN612/testingJSON/user304/user304.json,idx_15
noGesture,trainingSamples,raw_data/EMG-EPN612/testingJSON/user304/user304.json,idx_16
noGesture,trainingSamples,raw_data/EMG-EPN612/testingJSON/user304/user304.json,idx_17
noGesture,trainingSamples,raw_data/EMG-EPN612/testingJSON/user304/user304.json,idx_18
noGesture,trainingSamples,raw_data/EMG-EPN612/testingJSON/user304/user304.json,idx_19
noGesture,trainingSamples,raw_data/EMG-EPN612/testingJSON/user304/user304.json,idx_20
noGesture,trainingSamples,raw_data/EMG-EPN612/testingJSON/user304/user304.json,idx_21
noGesture,trainingSamples,raw_data/EMG-EPN612/testingJSON/user304/user304.json,idx_22
noGesture,trainingSamples,raw_data/EMG-EPN612/testingJSON/user304/user304.json,idx_23
noGesture,trainingSamples,raw_data/EMG-EPN612/testingJSON/user304/user304.json,idx_24
noGesture,trainingSamples,raw_data/EMG-EPN612/testingJSON/user304/user304.json,idx_25
fist,trainingSamples,raw_data/EMG-EPN612/testingJSON/user304/user304.json,idx_26
fist,trainingSamples,raw_data/EMG-EPN612/testingJSON/user304/user304.json,idx_27
fist,trainingSamples,raw_data/EMG-EPN612/testingJSON/user304/user304.json,idx_28
fist,trainingSamples,raw_data/EMG-EPN612/testingJSON/user304/user304.json,idx_29
fist,trainingSamples,raw_data/EMG-EPN612/testingJSON/user304/user304.json,idx_30
fist,trainingSamples,raw_data/EMG-EPN612/testingJSON/user304/user304.json,idx_31
fist,trainingSamples,raw_data/EMG-EPN612/testingJSON/user304/user304.json,idx_32
fist,trainingSamples,raw_data/EMG-EPN612/testingJSON/user304/user304.json,idx_33
fist,trainingSamples,raw_data/EMG-EPN612/testingJSON/user304/user304.json,idx_34
fist,trainingSamples,raw_data/EMG-EPN612/testingJSON/user304/user304.json,idx_35
fist,trainingSamples,raw_data/EMG-EPN612/testingJSON/user304/user304.json,idx_36
fist,trainingSamples,raw_data/EMG-EPN612/testingJSON/user304/user304.json,idx_37
fist,trainingSamples,raw_data/EMG-EPN612/testingJSON/user304/user304.json,idx_38
fist,trainingSamples,raw_data/EMG-EPN612/testingJSON/user304/user304.json,idx_39
fist,trainingSamples,raw_data/EMG-EPN612/testingJSON/user304/user304.json,idx_40
fist,trainingSamples,raw_data/EMG-EPN612/testingJSON/user304/user304.json,idx_41
fist,trainingSamples,raw_data/EMG-EPN612/testingJSON/user304/user304.json,idx_42
fist,trainingSamples,raw_data/EMG-EPN612/testingJSON/user304/user304.json,idx_43
fist,trainingSamples,raw_data/EMG-EPN612/testingJSON/user304/user304.json,idx_44
fist,trainingSamples,raw_data/EMG-EPN612/testingJSON/user304/user304.json,idx_45
fist,trainingSamples,raw_data/EMG-EPN612/testingJSON/user304/user304.json,idx_46
fist,trainingSamples,raw_data/EMG-EPN612/testingJSON/user304/user304.json,idx_47
fist,trainingSamples,raw_data/EMG-EPN612/testingJSON/user304/user304.json,idx_48
fist,trainingSamples,raw_data/EMG-EPN612/testingJSON/user304/user304.json,idx_49
fist,trainingSamples,raw_data/EMG-EPN612/testingJSON/user304/user304.json,idx_50
waveOut,trainingSamples,raw_data/EMG-EPN612/testingJSON/user304/user304.json,idx_51
waveOut,trainingSamples,raw_data/EMG-EPN612/testingJSON/user304/user304.json,idx_52
waveOut,trainingSamples,raw_data/EMG-EPN612/testingJSON/user304/user304.json,idx_53
waveOut,trainingSamples,raw_data/EMG-EPN612/testingJSON/user304/user304.json,idx_54
waveOut,trainingSamples,raw_data/EMG-EPN612/testingJSON/user304/user304.json,idx_55
waveOut,trainingSamples,raw_data/EMG-EPN612/testingJSON/user304/user304.json,idx_56
waveOut,trainingSamples,raw_data/EMG-EPN612/testingJSON/user304/user304.json,idx_57
waveOut,trainingSamples,raw_data/EMG-EPN612/testingJSON/user304/user304.json,idx_58
waveOut,trainingSamples,raw_data/EMG-EPN612/testingJSON/user304/user304.json,idx_59
waveOut,trainingSamples,raw_data/EMG-EPN612/testingJSON/user304/user304.json,idx_60
waveOut,trainingSamples,raw_data/EMG-EPN612/testingJSON/user304/user304.json,idx_61
waveOut,trainingSamples,raw_data/EMG-EPN612/testingJSON/user304/user304.json,idx_62
waveOut,trainingSamples,raw_data/EMG-EPN612/testingJSON/user304/user304.json,idx_63
waveOut,trainingSamples,raw_data/EMG-EPN612/testingJSON/user304/user304.json,idx_64
waveOut,trainingSamples,raw_data/EMG-EPN612/testingJSON/user304/user304.json,idx_65
waveOut,trainingSamples,raw_data/EMG-EPN612/testingJSON/user304/user304.json,idx_66
waveOut,trainingSamples,raw_data/EMG-EPN612/testingJSON/user304/user304.json,idx_67
waveOut,trainingSamples,raw_data/EMG-EPN612/testingJSON/user304/user304.json,idx_68
waveOut,trainingSamples,raw_data/EMG-EPN612/testingJSON/user304/user304.json,idx_69
waveOut,trainingSamples,raw_data/EMG-EPN612/testingJSON/user304/user304.json,idx_70
waveOut,trainingSamples,raw_data/EMG-EPN612/testingJSON/user304/user304.json,idx_71
waveOut,trainingSamples,raw_data/EMG-EPN612/testingJSON/user304/user304.json,idx_72
waveOut,trainingSamples,raw_data/EMG-EPN612/testingJSON/user304/user304.json,idx_73
waveOut,trainingSamples,raw_data/EMG-EPN612/testingJSON/user304/user304.json,idx_74
waveOut,trainingSamples,raw_data/EMG-EPN612/testingJSON/user304/user304.json,idx_75
open,trainingSamples,raw_data/EMG-EPN612/testingJSON/user304/user304.json,idx_76
open,trainingSamples,raw_data/EMG-EPN612/testingJSON/user304/user304.json,idx_77
open,trainingSamples,raw_data/EMG-EPN612/testingJSON/user304/user304.json,idx_78
open,trainingSamples,raw_data/EMG-EPN612/testingJSON/user304/user304.json,idx_79
open,trainingSamples,raw_data/EMG-EPN612/testingJSON/user304/user304.json,idx_80
open,trainingSamples,raw_data/EMG-EPN612/testingJSON/user304/user304.json,idx_81
open,trainingSamples,raw_data/EMG-EPN612/testingJSON/user304/user304.json,idx_82
open,trainingSamples,raw_data/EMG-EPN612/testingJSON/user304/user304.json,idx_83
open,trainingSamples,raw_data/EMG-EPN612/testingJSON/user304/user304.json,idx_84
open,trainingSamples,raw_data/EMG-EPN612/testingJSON/user304/user304.json,idx_85
open,trainingSamples,raw_data/EMG-EPN612/testingJSON/user304/user304.json,idx_86
open,trainingSamples,raw_data/EMG-EPN612/testingJSON/user304/user304.json,idx_87
open,trainingSamples,raw_data/EMG-EPN612/testingJSON/user304/user304.json,idx_88
open,trainingSamples,raw_data/EMG-EPN612/testingJSON/user304/user304.json,idx_89
open,trainingSamples,raw_data/EMG-EPN612/testingJSON/user304/user304.json,idx_90
open,trainingSamples,raw_data/EMG-EPN612/testingJSON/user304/user304.json,idx_91
open,trainingSamples,raw_data/EMG-EPN612/testingJSON/user304/user304.json,idx_92
open,trainingSamples,raw_data/EMG-EPN612/testingJSON/user304/user304.json,idx_93
open,trainingSamples,raw_data/EMG-EPN612/testingJSON/user304/user304.json,idx_94
open,trainingSamples,raw_data/EMG-EPN612/testingJSON/user304/user304.json,idx_95
open,trainingSamples,raw_data/EMG-EPN612/testingJSON/user304/user304.json,idx_96
open,trainingSamples,raw_data/EMG-EPN612/testingJSON/user304/user304.json,idx_97
open,trainingSamples,raw_data/EMG-EPN612/testingJSON/user304/user304.json,idx_98
open,trainingSamples,raw_data/EMG-EPN612/testingJSON/user304/user304.json,idx_99
open,trainingSamples,raw_data/EMG-EPN612/testingJSON/user304/user304.json,idx_100
waveIn,trainingSamples,raw_data/EMG-EPN612/testingJSON/user304/user304.json,idx_101
waveIn,trainingSamples,raw_data/EMG-EPN612/testingJSON/user304/user304.json,idx_102
waveIn,trainingSamples,raw_data/EMG-EPN612/testingJSON/user304/user304.json,idx_103
waveIn,trainingSamples,raw_data/EMG-EPN612/testingJSON/user304/user304.json,idx_104
waveIn,trainingSamples,raw_data/EMG-EPN612/testingJSON/user304/user304.json,idx_105
waveIn,trainingSamples,raw_data/EMG-EPN612/testingJSON/user304/user304.json,idx_106
waveIn,trainingSamples,raw_data/EMG-EPN612/testingJSON/user304/user304.json,idx_107
waveIn,trainingSamples,raw_data/EMG-EPN612/testingJSON/user304/user304.json,idx_108
waveIn,trainingSamples,raw_data/EMG-EPN612/testingJSON/user304/user304.json,idx_109
waveIn,trainingSamples,raw_data/EMG-EPN612/testingJSON/user304/user304.json,idx_110
waveIn,trainingSamples,raw_data/EMG-EPN612/testingJSON/user304/user304.json,idx_111
waveIn,trainingSamples,raw_data/EMG-EPN612/testingJSON/user304/user304.json,idx_112
waveIn,trainingSamples,raw_data/EMG-EPN612/testingJSON/user304/user304.json,idx_113
waveIn,trainingSamples,raw_data/EMG-EPN612/testingJSON/user304/user304.json,idx_114
waveIn,trainingSamples,raw_data/EMG-EPN612/testingJSON/user304/user304.json,idx_115
waveIn,trainingSamples,raw_data/EMG-EPN612/testingJSON/user304/user304.json,idx_116
waveIn,trainingSamples,raw_data/EMG-EPN612/testingJSON/user304/user304.json,idx_117
waveIn,trainingSamples,raw_data/EMG-EPN612/testingJSON/user304/user304.json,idx_118
waveIn,trainingSamples,raw_data/EMG-EPN612/testingJSON/user304/user304.json,idx_119
waveIn,trainingSamples,raw_data/EMG-EPN612/testingJSON/user304/user304.json,idx_120
waveIn,trainingSamples,raw_data/EMG-EPN612/testingJSON/user304/user304.json,idx_121
waveIn,trainingSamples,raw_data/EMG-EPN612/testingJSON/user304/user304.json,idx_122
waveIn,trainingSamples,raw_data/EMG-EPN612/testingJSON/user304/user304.json,idx_123
waveIn,trainingSamples,raw_data/EMG-EPN612/testingJSON/user304/user304.json,idx_124
waveIn,trainingSamples,raw_data/EMG-EPN612/testingJSON/user304/user304.json,idx_125
pinch,trainingSamples,raw_data/EMG-EPN612/testingJSON/user304/user304.json,idx_126
pinch,trainingSamples,raw_data/EMG-EPN612/testingJSON/user304/user304.json,idx_127
pinch,trainingSamples,raw_data/EMG-EPN612/testingJSON/user304/user304.json,idx_128
pinch,trainingSamples,raw_data/EMG-EPN612/testingJSON/user304/user304.json,idx_129
pinch,trainingSamples,raw_data/EMG-EPN612/testingJSON/user304/user304.json,idx_130
pinch,trainingSamples,raw_data/EMG-EPN612/testingJSON/user304/user304.json,idx_131
pinch,trainingSamples,raw_data/EMG-EPN612/testingJSON/user304/user304.json,idx_132
pinch,trainingSamples,raw_data/EMG-EPN612/testingJSON/user304/user304.json,idx_133
pinch,trainingSamples,raw_data/EMG-EPN612/testingJSON/user304/user304.json,idx_134
pinch,trainingSamples,raw_data/EMG-EPN612/testingJSON/user304/user304.json,idx_135
pinch,trainingSamples,raw_data/EMG-EPN612/testingJSON/user304/user304.json,idx_136
pinch,trainingSamples,raw_data/EMG-EPN612/testingJSON/user304/user304.json,idx_137
pinch,trainingSamples,raw_data/EMG-EPN612/testingJSON/user304/user304.json,idx_138
pinch,trainingSamples,raw_data/EMG-EPN612/testingJSON/user304/user304.json,idx_139
pinch,trainingSamples,raw_data/EMG-EPN612/testingJSON/user304/user304.json,idx_140
pinch,trainingSamples,raw_data/EMG-EPN612/testingJSON/user304/user304.json,idx_141
pinch,trainingSamples,raw_data/EMG-EPN612/testingJSON/user304/user304.json,idx_142
pinch,trainingSamples,raw_data/EMG-EPN612/testingJSON/user304/user304.json,idx_143
pinch,trainingSamples,raw_data/EMG-EPN612/testingJSON/user304/user304.json,idx_144
pinch,trainingSamples,raw_data/EMG-EPN612/testingJSON/user304/user304.json,idx_145
pinch,trainingSamples,raw_data/EMG-EPN612/testingJSON/user304/user304.json,idx_146
pinch,trainingSamples,raw_data/EMG-EPN612/testingJSON/user304/user304.json,idx_147
pinch,trainingSamples,raw_data/EMG-EPN612/testingJSON/user304/user304.json,idx_148
pinch,trainingSamples,raw_data/EMG-EPN612/testingJSON/user304/user304.json,idx_149
pinch,trainingSamples,raw_data/EMG-EPN612/testingJSON/user304/user304.json,idx_150
noGesture,trainingSamples,raw_data/EMG-EPN612/testingJSON/user305/user305.json,idx_1
noGesture,trainingSamples,raw_data/EMG-EPN612/testingJSON/user305/user305.json,idx_2
noGesture,trainingSamples,raw_data/EMG-EPN612/testingJSON/user305/user305.json,idx_3
noGesture,trainingSamples,raw_data/EMG-EPN612/testingJSON/user305/user305.json,idx_4
noGesture,trainingSamples,raw_data/EMG-EPN612/testingJSON/user305/user305.json,idx_5
noGesture,trainingSamples,raw_data/EMG-EPN612/testingJSON/user305/user305.json,idx_6
noGesture,trainingSamples,raw_data/EMG-EPN612/testingJSON/user305/user305.json,idx_7
noGesture,trainingSamples,raw_data/EMG-EPN612/testingJSON/user305/user305.json,idx_8
noGesture,trainingSamples,raw_data/EMG-EPN612/testingJSON/user305/user305.json,idx_9
noGesture,trainingSamples,raw_data/EMG-EPN612/testingJSON/user305/user305.json,idx_10
noGesture,trainingSamples,raw_data/EMG-EPN612/testingJSON/user305/user305.json,idx_11
noGesture,trainingSamples,raw_data/EMG-EPN612/testingJSON/user305/user305.json,idx_12
noGesture,trainingSamples,raw_data/EMG-EPN612/testingJSON/user305/user305.json,idx_13
noGesture,trainingSamples,raw_data/EMG-EPN612/testingJSON/user305/user305.json,idx_14
noGesture,trainingSamples,raw_data/EMG-EPN612/testingJSON/user305/user305.json,idx_15
noGesture,trainingSamples,raw_data/EMG-EPN612/testingJSON/user305/user305.json,idx_16
noGesture,trainingSamples,raw_data/EMG-EPN612/testingJSON/user305/user305.json,idx_17
noGesture,trainingSamples,raw_data/EMG-EPN612/testingJSON/user305/user305.json,idx_18
noGesture,trainingSamples,raw_data/EMG-EPN612/testingJSON/user305/user305.json,idx_19
noGesture,trainingSamples,raw_data/EMG-EPN612/testingJSON/user305/user305.json,idx_20
noGesture,trainingSamples,raw_data/EMG-EPN612/testingJSON/user305/user305.json,idx_21
noGesture,trainingSamples,raw_data/EMG-EPN612/testingJSON/user305/user305.json,idx_22
noGesture,trainingSamples,raw_data/EMG-EPN612/testingJSON/user305/user305.json,idx_23
noGesture,trainingSamples,raw_data/EMG-EPN612/testingJSON/user305/user305.json,idx_24
noGesture,trainingSamples,raw_data/EMG-EPN612/testingJSON/user305/user305.json,idx_25
waveOut,trainingSamples,raw_data/EMG-EPN612/testingJSON/user305/user305.json,idx_26
waveOut,trainingSamples,raw_data/EMG-EPN612/testingJSON/user305/user305.json,idx_27
waveOut,trainingSamples,raw_data/EMG-EPN612/testingJSON/user305/user305.json,idx_28
waveOut,trainingSamples,raw_data/EMG-EPN612/testingJSON/user305/user305.json,idx_29
waveOut,trainingSamples,raw_data/EMG-EPN612/testingJSON/user305/user305.json,idx_30
waveOut,trainingSamples,raw_data/EMG-EPN612/testingJSON/user305/user305.json,idx_31
waveOut,trainingSamples,raw_data/EMG-EPN612/testingJSON/user305/user305.json,idx_32
waveOut,trainingSamples,raw_data/EMG-EPN612/testingJSON/user305/user305.json,idx_33
waveOut,trainingSamples,raw_data/EMG-EPN612/testingJSON/user305/user305.json,idx_34
waveOut,trainingSamples,raw_data/EMG-EPN612/testingJSON/user305/user305.json,idx_35
waveOut,trainingSamples,raw_data/EMG-EPN612/testingJSON/user305/user305.json,idx_36
waveOut,trainingSamples,raw_data/EMG-EPN612/testingJSON/user305/user305.json,idx_37
waveOut,trainingSamples,raw_data/EMG-EPN612/testingJSON/user305/user305.json,idx_38
waveOut,trainingSamples,raw_data/EMG-EPN612/testingJSON/user305/user305.json,idx_39
waveOut,trainingSamples,raw_data/EMG-EPN612/testingJSON/user305/user305.json,idx_40
waveOut,trainingSamples,raw_data/EMG-EPN612/testingJSON/user305/user305.json,idx_41
waveOut,trainingSamples,raw_data/EMG-EPN612/testingJSON/user305/user305.json,idx_42
waveOut,trainingSamples,raw_data/EMG-EPN612/testingJSON/user305/user305.json,idx_43
waveOut,trainingSamples,raw_data/EMG-EPN612/testingJSON/user305/user305.json,idx_44
waveOut,trainingSamples,raw_data/EMG-EPN612/testingJSON/user305/user305.json,idx_45
waveOut,trainingSamples,raw_data/EMG-EPN612/testingJSON/user305/user305.json,idx_46
waveOut,trainingSamples,raw_data/EMG-EPN612/testingJSON/user305/user305.json,idx_47
waveOut,trainingSamples,raw_data/EMG-EPN612/testingJSON/user305/user305.json,idx_48
waveOut,trainingSamples,raw_data/EMG-EPN612/testingJSON/user305/user305.json,idx_49
waveOut,trainingSamples,raw_data/EMG-EPN612/testingJSON/user305/user305.json,idx_50
pinch,trainingSamples,raw_data/EMG-EPN612/testingJSON/user305/user305.json,idx_51
pinch,trainingSamples,raw_data/EMG-EPN612/testingJSON/user305/user305.json,idx_52
pinch,trainingSamples,raw_data/EMG-EPN612/testingJSON/user305/user305.json,idx_53
pinch,trainingSamples,raw_data/EMG-EPN612/testingJSON/user305/user305.json,idx_54
pinch,trainingSamples,raw_data/EMG-EPN612/testingJSON/user305/user305.json,idx_55
pinch,trainingSamples,raw_data/EMG-EPN612/testingJSON/user305/user305.json,idx_56
pinch,trainingSamples,raw_data/EMG-EPN612/testingJSON/user305/user305.json,idx_57
pinch,trainingSamples,raw_data/EMG-EPN612/testingJSON/user305/user305.json,idx_58
pinch,trainingSamples,raw_data/EMG-EPN612/testingJSON/user305/user305.json,idx_59
pinch,trainingSamples,raw_data/EMG-EPN612/testingJSON/user305/user305.json,idx_60
pinch,trainingSamples,raw_data/EMG-EPN612/testingJSON/user305/user305.json,idx_61
pinch,trainingSamples,raw_data/EMG-EPN612/testingJSON/user305/user305.json,idx_62
pinch,trainingSamples,raw_data/EMG-EPN612/testingJSON/user305/user305.json,idx_63
pinch,trainingSamples,raw_data/EMG-EPN612/testingJSON/user305/user305.json,idx_64
pinch,trainingSamples,raw_data/EMG-EPN612/testingJSON/user305/user305.json,idx_65
pinch,trainingSamples,raw_data/EMG-EPN612/testingJSON/user305/user305.json,idx_66
pinch,trainingSamples,raw_data/EMG-EPN612/testingJSON/user305/user305.json,idx_67
pinch,trainingSamples,raw_data/EMG-EPN612/testingJSON/user305/user305.json,idx_68
pinch,trainingSamples,raw_data/EMG-EPN612/testingJSON/user305/user305.json,idx_69
pinch,trainingSamples,raw_data/EMG-EPN612/testingJSON/user305/user305.json,idx_70
pinch,trainingSamples,raw_data/EMG-EPN612/testingJSON/user305/user305.json,idx_71
pinch,trainingSamples,raw_data/EMG-EPN612/testingJSON/user305/user305.json,idx_72
pinch,trainingSamples,raw_data/EMG-EPN612/testingJSON/user305/user305.json,idx_73
pinch,trainingSamples,raw_data/EMG-EPN612/testingJSON/user305/user305.json,idx_74
pinch,trainingSamples,raw_data/EMG-EPN612/testingJSON/user305/user305.json,idx_75
fist,trainingSamples,raw_data/EMG-EPN612/testingJSON/user305/user305.json,idx_76
fist,trainingSamples,raw_data/EMG-EPN612/testingJSON/user305/user305.json,idx_77
fist,trainingSamples,raw_data/EMG-EPN612/testingJSON/user305/user305.json,idx_78
fist,trainingSamples,raw_data/EMG-EPN612/testingJSON/user305/user305.json,idx_79
fist,trainingSamples,raw_data/EMG-EPN612/testingJSON/user305/user305.json,idx_80
fist,trainingSamples,raw_data/EMG-EPN612/testingJSON/user305/user305.json,idx_81
fist,trainingSamples,raw_data/EMG-EPN612/testingJSON/user305/user305.json,idx_82
fist,trainingSamples,raw_data/EMG-EPN612/testingJSON/user305/user305.json,idx_83
fist,trainingSamples,raw_data/EMG-EPN612/testingJSON/user305/user305.json,idx_84
fist,trainingSamples,raw_data/EMG-EPN612/testingJSON/user305/user305.json,idx_85
fist,trainingSamples,raw_data/EMG-EPN612/testingJSON/user305/user305.json,idx_86
fist,trainingSamples,raw_data/EMG-EPN612/testingJSON/user305/user305.json,idx_87
fist,trainingSamples,raw_data/EMG-EPN612/testingJSON/user305/user305.json,idx_88
fist,trainingSamples,raw_data/EMG-EPN612/testingJSON/user305/user305.json,idx_89
fist,trainingSamples,raw_data/EMG-EPN612/testingJSON/user305/user305.json,idx_90
fist,trainingSamples,raw_data/EMG-EPN612/testingJSON/user305/user305.json,idx_91
fist,trainingSamples,raw_data/EMG-EPN612/testingJSON/user305/user305.json,idx_92
fist,trainingSamples,raw_data/EMG-EPN612/testingJSON/user305/user305.json,idx_93
fist,trainingSamples,raw_data/EMG-EPN612/testingJSON/user305/user305.json,idx_94
fist,trainingSamples,raw_data/EMG-EPN612/testingJSON/user305/user305.json,idx_95
fist,trainingSamples,raw_data/EMG-EPN612/testingJSON/user305/user305.json,idx_96
fist,trainingSamples,raw_data/EMG-EPN612/testingJSON/user305/user305.json,idx_97
fist,trainingSamples,raw_data/EMG-EPN612/testingJSON/user305/user305.json,idx_98
fist,trainingSamples,raw_data/EMG-EPN612/testingJSON/user305/user305.json,idx_99
fist,trainingSamples,raw_data/EMG-EPN612/testingJSON/user305/user305.json,idx_100
waveIn,trainingSamples,raw_data/EMG-EPN612/testingJSON/user305/user305.json,idx_101
waveIn,trainingSamples,raw_data/EMG-EPN612/testingJSON/user305/user305.json,idx_102
waveIn,trainingSamples,raw_data/EMG-EPN612/testingJSON/user305/user305.json,idx_103
waveIn,trainingSamples,raw_data/EMG-EPN612/testingJSON/user305/user305.json,idx_104
waveIn,trainingSamples,raw_data/EMG-EPN612/testingJSON/user305/user305.json,idx_105
waveIn,trainingSamples,raw_data/EMG-EPN612/testingJSON/user305/user305.json,idx_106
waveIn,trainingSamples,raw_data/EMG-EPN612/testingJSON/user305/user305.json,idx_107
waveIn,trainingSamples,raw_data/EMG-EPN612/testingJSON/user305/user305.json,idx_108
waveIn,trainingSamples,raw_data/EMG-EPN612/testingJSON/user305/user305.json,idx_109
waveIn,trainingSamples,raw_data/EMG-EPN612/testingJSON/user305/user305.json,idx_110
waveIn,trainingSamples,raw_data/EMG-EPN612/testingJSON/user305/user305.json,idx_111
waveIn,trainingSamples,raw_data/EMG-EPN612/testingJSON/user305/user305.json,idx_112
waveIn,trainingSamples,raw_data/EMG-EPN612/testingJSON/user305/user305.json,idx_113
waveIn,trainingSamples,raw_data/EMG-EPN612/testingJSON/user305/user305.json,idx_114
waveIn,trainingSamples,raw_data/EMG-EPN612/testingJSON/user305/user305.json,idx_115
waveIn,trainingSamples,raw_data/EMG-EPN612/testingJSON/user305/user305.json,idx_116
waveIn,trainingSamples,raw_data/EMG-EPN612/testingJSON/user305/user305.json,idx_117
waveIn,trainingSamples,raw_data/EMG-EPN612/testingJSON/user305/user305.json,idx_118
waveIn,trainingSamples,raw_data/EMG-EPN612/testingJSON/user305/user305.json,idx_119
waveIn,trainingSamples,raw_data/EMG-EPN612/testingJSON/user305/user305.json,idx_120
waveIn,trainingSamples,raw_data/EMG-EPN612/testingJSON/user305/user305.json,idx_121
waveIn,trainingSamples,raw_data/EMG-EPN612/testingJSON/user305/user305.json,idx_122
waveIn,trainingSamples,raw_data/EMG-EPN612/testingJSON/user305/user305.json,idx_123
waveIn,trainingSamples,raw_data/EMG-EPN612/testingJSON/user305/user305.json,idx_124
waveIn,trainingSamples,raw_data/EMG-EPN612/testingJSON/user305/user305.json,idx_125
open,trainingSamples,raw_data/EMG-EPN612/testingJSON/user305/user305.json,idx_126
open,trainingSamples,raw_data/EMG-EPN612/testingJSON/user305/user305.json,idx_127
open,trainingSamples,raw_data/EMG-EPN612/testingJSON/user305/user305.json,idx_128
open,trainingSamples,raw_data/EMG-EPN612/testingJSON/user305/user305.json,idx_129
open,trainingSamples,raw_data/EMG-EPN612/testingJSON/user305/user305.json,idx_130
open,trainingSamples,raw_data/EMG-EPN612/testingJSON/user305/user305.json,idx_131
open,trainingSamples,raw_data/EMG-EPN612/testingJSON/user305/user305.json,idx_132
open,trainingSamples,raw_data/EMG-EPN612/testingJSON/user305/user305.json,idx_133
open,trainingSamples,raw_data/EMG-EPN612/testingJSON/user305/user305.json,idx_134
open,trainingSamples,raw_data/EMG-EPN612/testingJSON/user305/user305.json,idx_135
open,trainingSamples,raw_data/EMG-EPN612/testingJSON/user305/user305.json,idx_136
open,trainingSamples,raw_data/EMG-EPN612/testingJSON/user305/user305.json,idx_137
open,trainingSamples,raw_data/EMG-EPN612/testingJSON/user305/user305.json,idx_138
open,trainingSamples,raw_data/EMG-EPN612/testingJSON/user305/user305.json,idx_139
open,trainingSamples,raw_data/EMG-EPN612/testingJSON/user305/user305.json,idx_140
open,trainingSamples,raw_data/EMG-EPN612/testingJSON/user305/user305.json,idx_141
open,trainingSamples,raw_data/EMG-EPN612/testingJSON/user305/user305.json,idx_142
open,trainingSamples,raw_data/EMG-EPN612/testingJSON/user305/user305.json,idx_143
open,trainingSamples,raw_data/EMG-EPN612/testingJSON/user305/user305.json,idx_144
open,trainingSamples,raw_data/EMG-EPN612/testingJSON/user305/user305.json,idx_145
open,trainingSamples,raw_data/EMG-EPN612/testingJSON/user305/user305.json,idx_146
open,trainingSamples,raw_data/EMG-EPN612/testingJSON/user305/user305.json,idx_147
open,trainingSamples,raw_data/EMG-EPN612/testingJSON/user305/user305.json,idx_148
open,trainingSamples,raw_data/EMG-EPN612/testingJSON/user305/user305.json,idx_149
open,trainingSamples,raw_data/EMG-EPN612/testingJSON/user305/user305.json,idx_150
noGesture,trainingSamples,raw_data/EMG-EPN612/testingJSON/user306/user306.json,idx_1
noGesture,trainingSamples,raw_data/EMG-EPN612/testingJSON/user306/user306.json,idx_2
noGesture,trainingSamples,raw_data/EMG-EPN612/testingJSON/user306/user306.json,idx_3
noGesture,trainingSamples,raw_data/EMG-EPN612/testingJSON/user306/user306.json,idx_4
noGesture,trainingSamples,raw_data/EMG-EPN612/testingJSON/user306/user306.json,idx_5
noGesture,trainingSamples,raw_data/EMG-EPN612/testingJSON/user306/user306.json,idx_6
noGesture,trainingSamples,raw_data/EMG-EPN612/testingJSON/user306/user306.json,idx_7
noGesture,trainingSamples,raw_data/EMG-EPN612/testingJSON/user306/user306.json,idx_8
noGesture,trainingSamples,raw_data/EMG-EPN612/testingJSON/user306/user306.json,idx_9
noGesture,trainingSamples,raw_data/EMG-EPN612/testingJSON/user306/user306.json,idx_10
noGesture,trainingSamples,raw_data/EMG-EPN612/testingJSON/user306/user306.json,idx_11
noGesture,trainingSamples,raw_data/EMG-EPN612/testingJSON/user306/user306.json,idx_12
noGesture,trainingSamples,raw_data/EMG-EPN612/testingJSON/user306/user306.json,idx_13
noGesture,trainingSamples,raw_data/EMG-EPN612/testingJSON/user306/user306.json,idx_14
noGesture,trainingSamples,raw_data/EMG-EPN612/testingJSON/user306/user306.json,idx_15
noGesture,trainingSamples,raw_data/EMG-EPN612/testingJSON/user306/user306.json,idx_16
noGesture,trainingSamples,raw_data/EMG-EPN612/testingJSON/user306/user306.json,idx_17
noGesture,trainingSamples,raw_data/EMG-EPN612/testingJSON/user306/user306.json,idx_18
noGesture,trainingSamples,raw_data/EMG-EPN612/testingJSON/user306/user306.json,idx_19
noGesture,trainingSamples,raw_data/EMG-EPN612/testingJSON/user306/user306.json,idx_20
noGesture,trainingSamples,raw_data/EMG-EPN612/testingJSON/user306/user306.json,idx_21
noGesture,trainingSamples,raw_data/EMG-EPN612/testingJSON/user306/user306.json,idx_22
noGesture,trainingSamples,raw_data/EMG-EPN612/testingJSON/user306/user306.json,idx_23
noGesture,trainingSamples,raw_data/EMG-EPN612/testingJSON/user306/user306.json,idx_24
noGesture,trainingSamples,raw_data/EMG-EPN612/testingJSON/user306/user306.json,idx_25
waveOut,trainingSamples,raw_data/EMG-EPN612/testingJSON/user306/user306.json,idx_26
waveOut,trainingSamples,raw_data/EMG-EPN612/testingJSON/user306/user306.json,idx_27
waveOut,trainingSamples,raw_data/EMG-EPN612/testingJSON/user306/user306.json,idx_28
waveOut,trainingSamples,raw_data/EMG-EPN612/testingJSON/user306/user306.json,idx_29
waveOut,trainingSamples,raw_data/EMG-EPN612/testingJSON/user306/user306.json,idx_30
waveOut,trainingSamples,raw_data/EMG-EPN612/testingJSON/user306/user306.json,idx_31
waveOut,trainingSamples,raw_data/EMG-EPN612/testingJSON/user306/user306.json,idx_32
waveOut,trainingSamples,raw_data/EMG-EPN612/testingJSON/user306/user306.json,idx_33
waveOut,trainingSamples,raw_data/EMG-EPN612/testingJSON/user306/user306.json,idx_34
waveOut,trainingSamples,raw_data/EMG-EPN612/testingJSON/user306/user306.json,idx_35
waveOut,trainingSamples,raw_data/EMG-EPN612/testingJSON/user306/user306.json,idx_36
waveOut,trainingSamples,raw_data/EMG-EPN612/testingJSON/user306/user306.json,idx_37
waveOut,trainingSamples,raw_data/EMG-EPN612/testingJSON/user306/user306.json,idx_38
waveOut,trainingSamples,raw_data/EMG-EPN612/testingJSON/user306/user306.json,idx_39
waveOut,trainingSamples,raw_data/EMG-EPN612/testingJSON/user306/user306.json,idx_40
waveOut,trainingSamples,raw_data/EMG-EPN612/testingJSON/user306/user306.json,idx_41
waveOut,trainingSamples,raw_data/EMG-EPN612/testingJSON/user306/user306.json,idx_42
waveOut,trainingSamples,raw_data/EMG-EPN612/testingJSON/user306/user306.json,idx_43
waveOut,trainingSamples,raw_data/EMG-EPN612/testingJSON/user306/user306.json,idx_44
waveOut,trainingSamples,raw_data/EMG-EPN612/testingJSON/user306/user306.json,idx_45
waveOut,trainingSamples,raw_data/EMG-EPN612/testingJSON/user306/user306.json,idx_46
waveOut,trainingSamples,raw_data/EMG-EPN612/testingJSON/user306/user306.json,idx_47
waveOut,trainingSamples,raw_data/EMG-EPN612/testingJSON/user306/user306.json,idx_48
waveOut,trainingSamples,raw_data/EMG-EPN612/testingJSON/user306/user306.json,idx_49
waveOut,trainingSamples,raw_data/EMG-EPN612/testingJSON/user306/user306.json,idx_50
pinch,trainingSamples,raw_data/EMG-EPN612/testingJSON/user306/user306.json,idx_51
pinch,trainingSamples,raw_data/EMG-EPN612/testingJSON/user306/user306.json,idx_52
pinch,trainingSamples,raw_data/EMG-EPN612/testingJSON/user306/user306.json,idx_53
pinch,trainingSamples,raw_data/EMG-EPN612/testingJSON/user306/user306.json,idx_54
pinch,trainingSamples,raw_data/EMG-EPN612/testingJSON/user306/user306.json,idx_55
pinch,trainingSamples,raw_data/EMG-EPN612/testingJSON/user306/user306.json,idx_56
pinch,trainingSamples,raw_data/EMG-EPN612/testingJSON/user306/user306.json,idx_57
pinch,trainingSamples,raw_data/EMG-EPN612/testingJSON/user306/user306.json,idx_58
pinch,trainingSamples,raw_data/EMG-EPN612/testingJSON/user306/user306.json,idx_59
pinch,trainingSamples,raw_data/EMG-EPN612/testingJSON/user306/user306.json,idx_60
pinch,trainingSamples,raw_data/EMG-EPN612/testingJSON/user306/user306.json,idx_61
pinch,trainingSamples,raw_data/EMG-EPN612/testingJSON/user306/user306.json,idx_62
pinch,trainingSamples,raw_data/EMG-EPN612/testingJSON/user306/user306.json,idx_63
pinch,trainingSamples,raw_data/EMG-EPN612/testingJSON/user306/user306.json,idx_64
pinch,trainingSamples,raw_data/EMG-EPN612/testingJSON/user306/user306.json,idx_65
pinch,trainingSamples,raw_data/EMG-EPN612/testingJSON/user306/user306.json,idx_66
pinch,trainingSamples,raw_data/EMG-EPN612/testingJSON/user306/user306.json,idx_67
pinch,trainingSamples,raw_data/EMG-EPN612/testingJSON/user306/user306.json,idx_68
pinch,trainingSamples,raw_data/EMG-EPN612/testingJSON/user306/user306.json,idx_69
pinch,trainingSamples,raw_data/EMG-EPN612/testingJSON/user306/user306.json,idx_70
pinch,trainingSamples,raw_data/EMG-EPN612/testingJSON/user306/user306.json,idx_71
pinch,trainingSamples,raw_data/EMG-EPN612/testingJSON/user306/user306.json,idx_72
pinch,trainingSamples,raw_data/EMG-EPN612/testingJSON/user306/user306.json,idx_73
pinch,trainingSamples,raw_data/EMG-EPN612/testingJSON/user306/user306.json,idx_74
pinch,trainingSamples,raw_data/EMG-EPN612/testingJSON/user306/user306.json,idx_75
fist,trainingSamples,raw_data/EMG-EPN612/testingJSON/user306/user306.json,idx_76
fist,trainingSamples,raw_data/EMG-EPN612/testingJSON/user306/user306.json,idx_77
fist,trainingSamples,raw_data/EMG-EPN612/testingJSON/user306/user306.json,idx_78
fist,trainingSamples,raw_data/EMG-EPN612/testingJSON/user306/user306.json,idx_79
fist,trainingSamples,raw_data/EMG-EPN612/testingJSON/user306/user306.json,idx_80
fist,trainingSamples,raw_data/EMG-EPN612/testingJSON/user306/user306.json,idx_81
fist,trainingSamples,raw_data/EMG-EPN612/testingJSON/user306/user306.json,idx_82
fist,trainingSamples,raw_data/EMG-EPN612/testingJSON/user306/user306.json,idx_83
fist,trainingSamples,raw_data/EMG-EPN612/testingJSON/user306/user306.json,idx_84
fist,trainingSamples,raw_data/EMG-EPN612/testingJSON/user306/user306.json,idx_85
fist,trainingSamples,raw_data/EMG-EPN612/testingJSON/user306/user306.json,idx_86
fist,trainingSamples,raw_data/EMG-EPN612/testingJSON/user306/user306.json,idx_87
fist,trainingSamples,raw_data/EMG-EPN612/testingJSON/user306/user306.json,idx_88
fist,trainingSamples,raw_data/EMG-EPN612/testingJSON/user306/user306.json,idx_89
fist,trainingSamples,raw_data/EMG-EPN612/testingJSON/user306/user306.json,idx_90
fist,trainingSamples,raw_data/EMG-EPN612/testingJSON/user306/user306.json,idx_91
fist,trainingSamples,raw_data/EMG-EPN612/testingJSON/user306/user306.json,idx_92
fist,trainingSamples,raw_data/EMG-EPN612/testingJSON/user306/user306.json,idx_93
fist,trainingSamples,raw_data/EMG-EPN612/testingJSON/user306/user306.json,idx_94
fist,trainingSamples,raw_data/EMG-EPN612/testingJSON/user306/user306.json,idx_95
fist,trainingSamples,raw_data/EMG-EPN612/testingJSON/user306/user306.json,idx_96
fist,trainingSamples,raw_data/EMG-EPN612/testingJSON/user306/user306.json,idx_97
fist,trainingSamples,raw_data/EMG-EPN612/testingJSON/user306/user306.json,idx_98
fist,trainingSamples,raw_data/EMG-EPN612/testingJSON/user306/user306.json,idx_99
fist,trainingSamples,raw_data/EMG-EPN612/testingJSON/user306/user306.json,idx_100
waveIn,trainingSamples,raw_data/EMG-EPN612/testingJSON/user306/user306.json,idx_101
waveIn,trainingSamples,raw_data/EMG-EPN612/testingJSON/user306/user306.json,idx_102
waveIn,trainingSamples,raw_data/EMG-EPN612/testingJSON/user306/user306.json,idx_103
waveIn,trainingSamples,raw_data/EMG-EPN612/testingJSON/user306/user306.json,idx_104
waveIn,trainingSamples,raw_data/EMG-EPN612/testingJSON/user306/user306.json,idx_105
waveIn,trainingSamples,raw_data/EMG-EPN612/testingJSON/user306/user306.json,idx_106
waveIn,trainingSamples,raw_data/EMG-EPN612/testingJSON/user306/user306.json,idx_107
waveIn,trainingSamples,raw_data/EMG-EPN612/testingJSON/user306/user306.json,idx_108
waveIn,trainingSamples,raw_data/EMG-EPN612/testingJSON/user306/user306.json,idx_109
waveIn,trainingSamples,raw_data/EMG-EPN612/testingJSON/user306/user306.json,idx_110
waveIn,trainingSamples,raw_data/EMG-EPN612/testingJSON/user306/user306.json,idx_111
waveIn,trainingSamples,raw_data/EMG-EPN612/testingJSON/user306/user306.json,idx_112
waveIn,trainingSamples,raw_data/EMG-EPN612/testingJSON/user306/user306.json,idx_113
waveIn,trainingSamples,raw_data/EMG-EPN612/testingJSON/user306/user306.json,idx_114
waveIn,trainingSamples,raw_data/EMG-EPN612/testingJSON/user306/user306.json,idx_115
waveIn,trainingSamples,raw_data/EMG-EPN612/testingJSON/user306/user306.json,idx_116
waveIn,trainingSamples,raw_data/EMG-EPN612/testingJSON/user306/user306.json,idx_117
waveIn,trainingSamples,raw_data/EMG-EPN612/testingJSON/user306/user306.json,idx_118
waveIn,trainingSamples,raw_data/EMG-EPN612/testingJSON/user306/user306.json,idx_119
waveIn,trainingSamples,raw_data/EMG-EPN612/testingJSON/user306/user306.json,idx_120
waveIn,trainingSamples,raw_data/EMG-EPN612/testingJSON/user306/user306.json,idx_121
waveIn,trainingSamples,raw_data/EMG-EPN612/testingJSON/user306/user306.json,idx_122
waveIn,trainingSamples,raw_data/EMG-EPN612/testingJSON/user306/user306.json,idx_123
waveIn,trainingSamples,raw_data/EMG-EPN612/testingJSON/user306/user306.json,idx_124
waveIn,trainingSamples,raw_data/EMG-EPN612/testingJSON/user306/user306.json,idx_125
open,trainingSamples,raw_data/EMG-EPN612/testingJSON/user306/user306.json,idx_126
open,trainingSamples,raw_data/EMG-EPN612/testingJSON/user306/user306.json,idx_127
open,trainingSamples,raw_data/EMG-EPN612/testingJSON/user306/user306.json,idx_128
open,trainingSamples,raw_data/EMG-EPN612/testingJSON/user306/user306.json,idx_129
open,trainingSamples,raw_data/EMG-EPN612/testingJSON/user306/user306.json,idx_130
open,trainingSamples,raw_data/EMG-EPN612/testingJSON/user306/user306.json,idx_131
open,trainingSamples,raw_data/EMG-EPN612/testingJSON/user306/user306.json,idx_132
open,trainingSamples,raw_data/EMG-EPN612/testingJSON/user306/user306.json,idx_133
open,trainingSamples,raw_data/EMG-EPN612/testingJSON/user306/user306.json,idx_134
open,trainingSamples,raw_data/EMG-EPN612/testingJSON/user306/user306.json,idx_135
open,trainingSamples,raw_data/EMG-EPN612/testingJSON/user306/user306.json,idx_136
open,trainingSamples,raw_data/EMG-EPN612/testingJSON/user306/user306.json,idx_137
open,trainingSamples,raw_data/EMG-EPN612/testingJSON/user306/user306.json,idx_138
open,trainingSamples,raw_data/EMG-EPN612/testingJSON/user306/user306.json,idx_139
open,trainingSamples,raw_data/EMG-EPN612/testingJSON/user306/user306.json,idx_140
open,trainingSamples,raw_data/EMG-EPN612/testingJSON/user306/user306.json,idx_141
open,trainingSamples,raw_data/EMG-EPN612/testingJSON/user306/user306.json,idx_142
open,trainingSamples,raw_data/EMG-EPN612/testingJSON/user306/user306.json,idx_143
open,trainingSamples,raw_data/EMG-EPN612/testingJSON/user306/user306.json,idx_144
open,trainingSamples,raw_data/EMG-EPN612/testingJSON/user306/user306.json,idx_145
open,trainingSamples,raw_data/EMG-EPN612/testingJSON/user306/user306.json,idx_146
open,trainingSamples,raw_data/EMG-EPN612/testingJSON/user306/user306.json,idx_147
open,trainingSamples,raw_data/EMG-EPN612/testingJSON/user306/user306.json,idx_148
open,trainingSamples,raw_data/EMG-EPN612/testingJSON/user306/user306.json,idx_149
open,trainingSamples,raw_data/EMG-EPN612/testingJSON/user306/user306.json,idx_150
noGesture,trainingSamples,raw_data/EMG-EPN612/testingJSON/user31/user31.json,idx_1
noGesture,trainingSamples,raw_data/EMG-EPN612/testingJSON/user31/user31.json,idx_2
noGesture,trainingSamples,raw_data/EMG-EPN612/testingJSON/user31/user31.json,idx_3
noGesture,trainingSamples,raw_data/EMG-EPN612/testingJSON/user31/user31.json,idx_4
noGesture,trainingSamples,raw_data/EMG-EPN612/testingJSON/user31/user31.json,idx_5
noGesture,trainingSamples,raw_data/EMG-EPN612/testingJSON/user31/user31.json,idx_6
noGesture,trainingSamples,raw_data/EMG-EPN612/testingJSON/user31/user31.json,idx_7
noGesture,trainingSamples,raw_data/EMG-EPN612/testingJSON/user31/user31.json,idx_8
noGesture,trainingSamples,raw_data/EMG-EPN612/testingJSON/user31/user31.json,idx_9
noGesture,trainingSamples,raw_data/EMG-EPN612/testingJSON/user31/user31.json,idx_10
noGesture,trainingSamples,raw_data/EMG-EPN612/testingJSON/user31/user31.json,idx_11
noGesture,trainingSamples,raw_data/EMG-EPN612/testingJSON/user31/user31.json,idx_12
noGesture,trainingSamples,raw_data/EMG-EPN612/testingJSON/user31/user31.json,idx_13
noGesture,trainingSamples,raw_data/EMG-EPN612/testingJSON/user31/user31.json,idx_14
noGesture,trainingSamples,raw_data/EMG-EPN612/testingJSON/user31/user31.json,idx_15
noGesture,trainingSamples,raw_data/EMG-EPN612/testingJSON/user31/user31.json,idx_16
noGesture,trainingSamples,raw_data/EMG-EPN612/testingJSON/user31/user31.json,idx_17
noGesture,trainingSamples,raw_data/EMG-EPN612/testingJSON/user31/user31.json,idx_18
noGesture,trainingSamples,raw_data/EMG-EPN612/testingJSON/user31/user31.json,idx_19
noGesture,trainingSamples,raw_data/EMG-EPN612/testingJSON/user31/user31.json,idx_20
noGesture,trainingSamples,raw_data/EMG-EPN612/testingJSON/user31/user31.json,idx_21
noGesture,trainingSamples,raw_data/EMG-EPN612/testingJSON/user31/user31.json,idx_22
noGesture,trainingSamples,raw_data/EMG-EPN612/testingJSON/user31/user31.json,idx_23
noGesture,trainingSamples,raw_data/EMG-EPN612/testingJSON/user31/user31.json,idx_24
noGesture,trainingSamples,raw_data/EMG-EPN612/testingJSON/user31/user31.json,idx_25
waveIn,trainingSamples,raw_data/EMG-EPN612/testingJSON/user31/user31.json,idx_26
waveIn,trainingSamples,raw_data/EMG-EPN612/testingJSON/user31/user31.json,idx_27
waveIn,trainingSamples,raw_data/EMG-EPN612/testingJSON/user31/user31.json,idx_28
waveIn,trainingSamples,raw_data/EMG-EPN612/testingJSON/user31/user31.json,idx_29
waveIn,trainingSamples,raw_data/EMG-EPN612/testingJSON/user31/user31.json,idx_30
waveIn,trainingSamples,raw_data/EMG-EPN612/testingJSON/user31/user31.json,idx_31
waveIn,trainingSamples,raw_data/EMG-EPN612/testingJSON/user31/user31.json,idx_32
waveIn,trainingSamples,raw_data/EMG-EPN612/testingJSON/user31/user31.json,idx_33
waveIn,trainingSamples,raw_data/EMG-EPN612/testingJSON/user31/user31.json,idx_34
waveIn,trainingSamples,raw_data/EMG-EPN612/testingJSON/user31/user31.json,idx_35
waveIn,trainingSamples,raw_data/EMG-EPN612/testingJSON/user31/user31.json,idx_36
waveIn,trainingSamples,raw_data/EMG-EPN612/testingJSON/user31/user31.json,idx_37
waveIn,trainingSamples,raw_data/EMG-EPN612/testingJSON/user31/user31.json,idx_38
waveIn,trainingSamples,raw_data/EMG-EPN612/testingJSON/user31/user31.json,idx_39
waveIn,trainingSamples,raw_data/EMG-EPN612/testingJSON/user31/user31.json,idx_40
waveIn,trainingSamples,raw_data/EMG-EPN612/testingJSON/user31/user31.json,idx_41
waveIn,trainingSamples,raw_data/EMG-EPN612/testingJSON/user31/user31.json,idx_42
waveIn,trainingSamples,raw_data/EMG-EPN612/testingJSON/user31/user31.json,idx_43
waveIn,trainingSamples,raw_data/EMG-EPN612/testingJSON/user31/user31.json,idx_44
waveIn,trainingSamples,raw_data/EMG-EPN612/testingJSON/user31/user31.json,idx_45
waveIn,trainingSamples,raw_data/EMG-EPN612/testingJSON/user31/user31.json,idx_46
waveIn,trainingSamples,raw_data/EMG-EPN612/testingJSON/user31/user31.json,idx_47
waveIn,trainingSamples,raw_data/EMG-EPN612/testingJSON/user31/user31.json,idx_48
waveIn,trainingSamples,raw_data/EMG-EPN612/testingJSON/user31/user31.json,idx_49
waveIn,trainingSamples,raw_data/EMG-EPN612/testingJSON/user31/user31.json,idx_50
open,trainingSamples,raw_data/EMG-EPN612/testingJSON/user31/user31.json,idx_51
open,trainingSamples,raw_data/EMG-EPN612/testingJSON/user31/user31.json,idx_52
open,trainingSamples,raw_data/EMG-EPN612/testingJSON/user31/user31.json,idx_53
open,trainingSamples,raw_data/EMG-EPN612/testingJSON/user31/user31.json,idx_54
open,trainingSamples,raw_data/EMG-EPN612/testingJSON/user31/user31.json,idx_55
open,trainingSamples,raw_data/EMG-EPN612/testingJSON/user31/user31.json,idx_56
open,trainingSamples,raw_data/EMG-EPN612/testingJSON/user31/user31.json,idx_57
open,trainingSamples,raw_data/EMG-EPN612/testingJSON/user31/user31.json,idx_58
open,trainingSamples,raw_data/EMG-EPN612/testingJSON/user31/user31.json,idx_59
open,trainingSamples,raw_data/EMG-EPN612/testingJSON/user31/user31.json,idx_60
open,trainingSamples,raw_data/EMG-EPN612/testingJSON/user31/user31.json,idx_61
open,trainingSamples,raw_data/EMG-EPN612/testingJSON/user31/user31.json,idx_62
open,trainingSamples,raw_data/EMG-EPN612/testingJSON/user31/user31.json,idx_63
open,trainingSamples,raw_data/EMG-EPN612/testingJSON/user31/user31.json,idx_64
open,trainingSamples,raw_data/EMG-EPN612/testingJSON/user31/user31.json,idx_65
open,trainingSamples,raw_data/EMG-EPN612/testingJSON/user31/user31.json,idx_66
open,trainingSamples,raw_data/EMG-EPN612/testingJSON/user31/user31.json,idx_67
open,trainingSamples,raw_data/EMG-EPN612/testingJSON/user31/user31.json,idx_68
open,trainingSamples,raw_data/EMG-EPN612/testingJSON/user31/user31.json,idx_69
open,trainingSamples,raw_data/EMG-EPN612/testingJSON/user31/user31.json,idx_70
open,trainingSamples,raw_data/EMG-EPN612/testingJSON/user31/user31.json,idx_71
open,trainingSamples,raw_data/EMG-EPN612/testingJSON/user31/user31.json,idx_72
open,trainingSamples,raw_data/EMG-EPN612/testingJSON/user31/user31.json,idx_73
open,trainingSamples,raw_data/EMG-EPN612/testingJSON/user31/user31.json,idx_74
open,trainingSamples,raw_data/EMG-EPN612/testingJSON/user31/user31.json,idx_75
pinch,trainingSamples,raw_data/EMG-EPN612/testingJSON/user31/user31.json,idx_76
pinch,trainingSamples,raw_data/EMG-EPN612/testingJSON/user31/user31.json,idx_77
pinch,trainingSamples,raw_data/EMG-EPN612/testingJSON/user31/user31.json,idx_78
pinch,trainingSamples,raw_data/EMG-EPN612/testingJSON/user31/user31.json,idx_79
pinch,trainingSamples,raw_data/EMG-EPN612/testingJSON/user31/user31.json,idx_80
pinch,trainingSamples,raw_data/EMG-EPN612/testingJSON/user31/user31.json,idx_81
pinch,trainingSamples,raw_data/EMG-EPN612/testingJSON/user31/user31.json,idx_82
pinch,trainingSamples,raw_data/EMG-EPN612/testingJSON/user31/user31.json,idx_83
pinch,trainingSamples,raw_data/EMG-EPN612/testingJSON/user31/user31.json,idx_84
pinch,trainingSamples,raw_data/EMG-EPN612/testingJSON/user31/user31.json,idx_85
pinch,trainingSamples,raw_data/EMG-EPN612/testingJSON/user31/user31.json,idx_86
pinch,trainingSamples,raw_data/EMG-EPN612/testingJSON/user31/user31.json,idx_87
pinch,trainingSamples,raw_data/EMG-EPN612/testingJSON/user31/user31.json,idx_88
pinch,trainingSamples,raw_data/EMG-EPN612/testingJSON/user31/user31.json,idx_89
pinch,trainingSamples,raw_data/EMG-EPN612/testingJSON/user31/user31.json,idx_90
pinch,trainingSamples,raw_data/EMG-EPN612/testingJSON/user31/user31.json,idx_91
pinch,trainingSamples,raw_data/EMG-EPN612/testingJSON/user31/user31.json,idx_92
pinch,trainingSamples,raw_data/EMG-EPN612/testingJSON/user31/user31.json,idx_93
pinch,trainingSamples,raw_data/EMG-EPN612/testingJSON/user31/user31.json,idx_94
pinch,trainingSamples,raw_data/EMG-EPN612/testingJSON/user31/user31.json,idx_95
pinch,trainingSamples,raw_data/EMG-EPN612/testingJSON/user31/user31.json,idx_96
pinch,trainingSamples,raw_data/EMG-EPN612/testingJSON/user31/user31.json,idx_97
pinch,trainingSamples,raw_data/EMG-EPN612/testingJSON/user31/user31.json,idx_98
pinch,trainingSamples,raw_data/EMG-EPN612/testingJSON/user31/user31.json,idx_99
pinch,trainingSamples,raw_data/EMG-EPN612/testingJSON/user31/user31.json,idx_100
waveOut,trainingSamples,raw_data/EMG-EPN612/testingJSON/user31/user31.json,idx_101
waveOut,trainingSamples,raw_data/EMG-EPN612/testingJSON/user31/user31.json,idx_102
waveOut,trainingSamples,raw_data/EMG-EPN612/testingJSON/user31/user31.json,idx_103
waveOut,trainingSamples,raw_data/EMG-EPN612/testingJSON/user31/user31.json,idx_104
waveOut,trainingSamples,raw_data/EMG-EPN612/testingJSON/user31/user31.json,idx_105
waveOut,trainingSamples,raw_data/EMG-EPN612/testingJSON/user31/user31.json,idx_106
waveOut,trainingSamples,raw_data/EMG-EPN612/testingJSON/user31/user31.json,idx_107
waveOut,trainingSamples,raw_data/EMG-EPN612/testingJSON/user31/user31.json,idx_108
waveOut,trainingSamples,raw_data/EMG-EPN612/testingJSON/user31/user31.json,idx_109
waveOut,trainingSamples,raw_data/EMG-EPN612/testingJSON/user31/user31.json,idx_110
waveOut,trainingSamples,raw_data/EMG-EPN612/testingJSON/user31/user31.json,idx_111
waveOut,trainingSamples,raw_data/EMG-EPN612/testingJSON/user31/user31.json,idx_112
waveOut,trainingSamples,raw_data/EMG-EPN612/testingJSON/user31/user31.json,idx_113
waveOut,trainingSamples,raw_data/EMG-EPN612/testingJSON/user31/user31.json,idx_114
waveOut,trainingSamples,raw_data/EMG-EPN612/testingJSON/user31/user31.json,idx_115
waveOut,trainingSamples,raw_data/EMG-EPN612/testingJSON/user31/user31.json,idx_116
waveOut,trainingSamples,raw_data/EMG-EPN612/testingJSON/user31/user31.json,idx_117
waveOut,trainingSamples,raw_data/EMG-EPN612/testingJSON/user31/user31.json,idx_118
waveOut,trainingSamples,raw_data/EMG-EPN612/testingJSON/user31/user31.json,idx_119
waveOut,trainingSamples,raw_data/EMG-EPN612/testingJSON/user31/user31.json,idx_120
waveOut,trainingSamples,raw_data/EMG-EPN612/testingJSON/user31/user31.json,idx_121
waveOut,trainingSamples,raw_data/EMG-EPN612/testingJSON/user31/user31.json,idx_122
waveOut,trainingSamples,raw_data/EMG-EPN612/testingJSON/user31/user31.json,idx_123
waveOut,trainingSamples,raw_data/EMG-EPN612/testingJSON/user31/user31.json,idx_124
waveOut,trainingSamples,raw_data/EMG-EPN612/testingJSON/user31/user31.json,idx_125
fist,trainingSamples,raw_data/EMG-EPN612/testingJSON/user31/user31.json,idx_126
fist,trainingSamples,raw_data/EMG-EPN612/testingJSON/user31/user31.json,idx_127
fist,trainingSamples,raw_data/EMG-EPN612/testingJSON/user31/user31.json,idx_128
fist,trainingSamples,raw_data/EMG-EPN612/testingJSON/user31/user31.json,idx_129
fist,trainingSamples,raw_data/EMG-EPN612/testingJSON/user31/user31.json,idx_130
fist,trainingSamples,raw_data/EMG-EPN612/testingJSON/user31/user31.json,idx_131
fist,trainingSamples,raw_data/EMG-EPN612/testingJSON/user31/user31.json,idx_132
fist,trainingSamples,raw_data/EMG-EPN612/testingJSON/user31/user31.json,idx_133
fist,trainingSamples,raw_data/EMG-EPN612/testingJSON/user31/user31.json,idx_134
fist,trainingSamples,raw_data/EMG-EPN612/testingJSON/user31/user31.json,idx_135
fist,trainingSamples,raw_data/EMG-EPN612/testingJSON/user31/user31.json,idx_136
fist,trainingSamples,raw_data/EMG-EPN612/testingJSON/user31/user31.json,idx_137
fist,trainingSamples,raw_data/EMG-EPN612/testingJSON/user31/user31.json,idx_138
fist,trainingSamples,raw_data/EMG-EPN612/testingJSON/user31/user31.json,idx_139
fist,trainingSamples,raw_data/EMG-EPN612/testingJSON/user31/user31.json,idx_140
fist,trainingSamples,raw_data/EMG-EPN612/testingJSON/user31/user31.json,idx_141
fist,trainingSamples,raw_data/EMG-EPN612/testingJSON/user31/user31.json,idx_142
fist,trainingSamples,raw_data/EMG-EPN612/testingJSON/user31/user31.json,idx_143
fist,trainingSamples,raw_data/EMG-EPN612/testingJSON/user31/user31.json,idx_144
fist,trainingSamples,raw_data/EMG-EPN612/testingJSON/user31/user31.json,idx_145
fist,trainingSamples,raw_data/EMG-EPN612/testingJSON/user31/user31.json,idx_146
fist,trainingSamples,raw_data/EMG-EPN612/testingJSON/user31/user31.json,idx_147
fist,trainingSamples,raw_data/EMG-EPN612/testingJSON/user31/user31.json,idx_148
fist,trainingSamples,raw_data/EMG-EPN612/testingJSON/user31/user31.json,idx_149
fist,trainingSamples,raw_data/EMG-EPN612/testingJSON/user31/user31.json,idx_150
noGesture,trainingSamples,raw_data/EMG-EPN612/testingJSON/user32/user32.json,idx_1
noGesture,trainingSamples,raw_data/EMG-EPN612/testingJSON/user32/user32.json,idx_2
noGesture,trainingSamples,raw_data/EMG-EPN612/testingJSON/user32/user32.json,idx_3
noGesture,trainingSamples,raw_data/EMG-EPN612/testingJSON/user32/user32.json,idx_4
noGesture,trainingSamples,raw_data/EMG-EPN612/testingJSON/user32/user32.json,idx_5
noGesture,trainingSamples,raw_data/EMG-EPN612/testingJSON/user32/user32.json,idx_6
noGesture,trainingSamples,raw_data/EMG-EPN612/testingJSON/user32/user32.json,idx_7
noGesture,trainingSamples,raw_data/EMG-EPN612/testingJSON/user32/user32.json,idx_8
noGesture,trainingSamples,raw_data/EMG-EPN612/testingJSON/user32/user32.json,idx_9
noGesture,trainingSamples,raw_data/EMG-EPN612/testingJSON/user32/user32.json,idx_10
noGesture,trainingSamples,raw_data/EMG-EPN612/testingJSON/user32/user32.json,idx_11
noGesture,trainingSamples,raw_data/EMG-EPN612/testingJSON/user32/user32.json,idx_12
noGesture,trainingSamples,raw_data/EMG-EPN612/testingJSON/user32/user32.json,idx_13
noGesture,trainingSamples,raw_data/EMG-EPN612/testingJSON/user32/user32.json,idx_14
noGesture,trainingSamples,raw_data/EMG-EPN612/testingJSON/user32/user32.json,idx_15
noGesture,trainingSamples,raw_data/EMG-EPN612/testingJSON/user32/user32.json,idx_16
noGesture,trainingSamples,raw_data/EMG-EPN612/testingJSON/user32/user32.json,idx_17
noGesture,trainingSamples,raw_data/EMG-EPN612/testingJSON/user32/user32.json,idx_18
noGesture,trainingSamples,raw_data/EMG-EPN612/testingJSON/user32/user32.json,idx_19
noGesture,trainingSamples,raw_data/EMG-EPN612/testingJSON/user32/user32.json,idx_20
noGesture,trainingSamples,raw_data/EMG-EPN612/testingJSON/user32/user32.json,idx_21
noGesture,trainingSamples,raw_data/EMG-EPN612/testingJSON/user32/user32.json,idx_22
noGesture,trainingSamples,raw_data/EMG-EPN612/testingJSON/user32/user32.json,idx_23
noGesture,trainingSamples,raw_data/EMG-EPN612/testingJSON/user32/user32.json,idx_24
noGesture,trainingSamples,raw_data/EMG-EPN612/testingJSON/user32/user32.json,idx_25
waveOut,trainingSamples,raw_data/EMG-EPN612/testingJSON/user32/user32.json,idx_26
waveOut,trainingSamples,raw_data/EMG-EPN612/testingJSON/user32/user32.json,idx_27
waveOut,trainingSamples,raw_data/EMG-EPN612/testingJSON/user32/user32.json,idx_28
waveOut,trainingSamples,raw_data/EMG-EPN612/testingJSON/user32/user32.json,idx_29
waveOut,trainingSamples,raw_data/EMG-EPN612/testingJSON/user32/user32.json,idx_30
waveOut,trainingSamples,raw_data/EMG-EPN612/testingJSON/user32/user32.json,idx_31
waveOut,trainingSamples,raw_data/EMG-EPN612/testingJSON/user32/user32.json,idx_32
waveOut,trainingSamples,raw_data/EMG-EPN612/testingJSON/user32/user32.json,idx_33
waveOut,trainingSamples,raw_data/EMG-EPN612/testingJSON/user32/user32.json,idx_34
waveOut,trainingSamples,raw_data/EMG-EPN612/testingJSON/user32/user32.json,idx_35
waveOut,trainingSamples,raw_data/EMG-EPN612/testingJSON/user32/user32.json,idx_36
waveOut,trainingSamples,raw_data/EMG-EPN612/testingJSON/user32/user32.json,idx_37
waveOut,trainingSamples,raw_data/EMG-EPN612/testingJSON/user32/user32.json,idx_38
waveOut,trainingSamples,raw_data/EMG-EPN612/testingJSON/user32/user32.json,idx_39
waveOut,trainingSamples,raw_data/EMG-EPN612/testingJSON/user32/user32.json,idx_40
waveOut,trainingSamples,raw_data/EMG-EPN612/testingJSON/user32/user32.json,idx_41
waveOut,trainingSamples,raw_data/EMG-EPN612/testingJSON/user32/user32.json,idx_42
waveOut,trainingSamples,raw_data/EMG-EPN612/testingJSON/user32/user32.json,idx_43
waveOut,trainingSamples,raw_data/EMG-EPN612/testingJSON/user32/user32.json,idx_44
waveOut,trainingSamples,raw_data/EMG-EPN612/testingJSON/user32/user32.json,idx_45
waveOut,trainingSamples,raw_data/EMG-EPN612/testingJSON/user32/user32.json,idx_46
waveOut,trainingSamples,raw_data/EMG-EPN612/testingJSON/user32/user32.json,idx_47
waveOut,trainingSamples,raw_data/EMG-EPN612/testingJSON/user32/user32.json,idx_48
waveOut,trainingSamples,raw_data/EMG-EPN612/testingJSON/user32/user32.json,idx_49
waveOut,trainingSamples,raw_data/EMG-EPN612/testingJSON/user32/user32.json,idx_50
pinch,trainingSamples,raw_data/EMG-EPN612/testingJSON/user32/user32.json,idx_51
pinch,trainingSamples,raw_data/EMG-EPN612/testingJSON/user32/user32.json,idx_52
pinch,trainingSamples,raw_data/EMG-EPN612/testingJSON/user32/user32.json,idx_53
pinch,trainingSamples,raw_data/EMG-EPN612/testingJSON/user32/user32.json,idx_54
pinch,trainingSamples,raw_data/EMG-EPN612/testingJSON/user32/user32.json,idx_55
pinch,trainingSamples,raw_data/EMG-EPN612/testingJSON/user32/user32.json,idx_56
pinch,trainingSamples,raw_data/EMG-EPN612/testingJSON/user32/user32.json,idx_57
pinch,trainingSamples,raw_data/EMG-EPN612/testingJSON/user32/user32.json,idx_58
pinch,trainingSamples,raw_data/EMG-EPN612/testingJSON/user32/user32.json,idx_59
pinch,trainingSamples,raw_data/EMG-EPN612/testingJSON/user32/user32.json,idx_60
pinch,trainingSamples,raw_data/EMG-EPN612/testingJSON/user32/user32.json,idx_61
pinch,trainingSamples,raw_data/EMG-EPN612/testingJSON/user32/user32.json,idx_62
pinch,trainingSamples,raw_data/EMG-EPN612/testingJSON/user32/user32.json,idx_63
pinch,trainingSamples,raw_data/EMG-EPN612/testingJSON/user32/user32.json,idx_64
pinch,trainingSamples,raw_data/EMG-EPN612/testingJSON/user32/user32.json,idx_65
pinch,trainingSamples,raw_data/EMG-EPN612/testingJSON/user32/user32.json,idx_66
pinch,trainingSamples,raw_data/EMG-EPN612/testingJSON/user32/user32.json,idx_67
pinch,trainingSamples,raw_data/EMG-EPN612/testingJSON/user32/user32.json,idx_68
pinch,trainingSamples,raw_data/EMG-EPN612/testingJSON/user32/user32.json,idx_69
pinch,trainingSamples,raw_data/EMG-EPN612/testingJSON/user32/user32.json,idx_70
pinch,trainingSamples,raw_data/EMG-EPN612/testingJSON/user32/user32.json,idx_71
pinch,trainingSamples,raw_data/EMG-EPN612/testingJSON/user32/user32.json,idx_72
pinch,trainingSamples,raw_data/EMG-EPN612/testingJSON/user32/user32.json,idx_73
pinch,trainingSamples,raw_data/EMG-EPN612/testingJSON/user32/user32.json,idx_74
pinch,trainingSamples,raw_data/EMG-EPN612/testingJSON/user32/user32.json,idx_75
fist,trainingSamples,raw_data/EMG-EPN612/testingJSON/user32/user32.json,idx_76
fist,trainingSamples,raw_data/EMG-EPN612/testingJSON/user32/user32.json,idx_77
fist,trainingSamples,raw_data/EMG-EPN612/testingJSON/user32/user32.json,idx_78
fist,trainingSamples,raw_data/EMG-EPN612/testingJSON/user32/user32.json,idx_79
fist,trainingSamples,raw_data/EMG-EPN612/testingJSON/user32/user32.json,idx_80
fist,trainingSamples,raw_data/EMG-EPN612/testingJSON/user32/user32.json,idx_81
fist,trainingSamples,raw_data/EMG-EPN612/testingJSON/user32/user32.json,idx_82
fist,trainingSamples,raw_data/EMG-EPN612/testingJSON/user32/user32.json,idx_83
fist,trainingSamples,raw_data/EMG-EPN612/testingJSON/user32/user32.json,idx_84
fist,trainingSamples,raw_data/EMG-EPN612/testingJSON/user32/user32.json,idx_85
fist,trainingSamples,raw_data/EMG-EPN612/testingJSON/user32/user32.json,idx_86
fist,trainingSamples,raw_data/EMG-EPN612/testingJSON/user32/user32.json,idx_87
fist,trainingSamples,raw_data/EMG-EPN612/testingJSON/user32/user32.json,idx_88
fist,trainingSamples,raw_data/EMG-EPN612/testingJSON/user32/user32.json,idx_89
fist,trainingSamples,raw_data/EMG-EPN612/testingJSON/user32/user32.json,idx_90
fist,trainingSamples,raw_data/EMG-EPN612/testingJSON/user32/user32.json,idx_91
fist,trainingSamples,raw_data/EMG-EPN612/testingJSON/user32/user32.json,idx_92
fist,trainingSamples,raw_data/EMG-EPN612/testingJSON/user32/user32.json,idx_93
fist,trainingSamples,raw_data/EMG-EPN612/testingJSON/user32/user32.json,idx_94
fist,trainingSamples,raw_data/EMG-EPN612/testingJSON/user32/user32.json,idx_95
fist,trainingSamples,raw_data/EMG-EPN612/testingJSON/user32/user32.json,idx_96
fist,trainingSamples,raw_data/EMG-EPN612/testingJSON/user32/user32.json,idx_97
fist,trainingSamples,raw_data/EMG-EPN612/testingJSON/user32/user32.json,idx_98
fist,trainingSamples,raw_data/EMG-EPN612/testingJSON/user32/user32.json,idx_99
fist,trainingSamples,raw_data/EMG-EPN612/testingJSON/user32/user32.json,idx_100
waveIn,trainingSamples,raw_data/EMG-EPN612/testingJSON/user32/user32.json,idx_101
waveIn,trainingSamples,raw_data/EMG-EPN612/testingJSON/user32/user32.json,idx_102
waveIn,trainingSamples,raw_data/EMG-EPN612/testingJSON/user32/user32.json,idx_103
waveIn,trainingSamples,raw_data/EMG-EPN612/testingJSON/user32/user32.json,idx_104
waveIn,trainingSamples,raw_data/EMG-EPN612/testingJSON/user32/user32.json,idx_105
waveIn,trainingSamples,raw_data/EMG-EPN612/testingJSON/user32/user32.json,idx_106
waveIn,trainingSamples,raw_data/EMG-EPN612/testingJSON/user32/user32.json,idx_107
waveIn,trainingSamples,raw_data/EMG-EPN612/testingJSON/user32/user32.json,idx_108
waveIn,trainingSamples,raw_data/EMG-EPN612/testingJSON/user32/user32.json,idx_109
waveIn,trainingSamples,raw_data/EMG-EPN612/testingJSON/user32/user32.json,idx_110
waveIn,trainingSamples,raw_data/EMG-EPN612/testingJSON/user32/user32.json,idx_111
waveIn,trainingSamples,raw_data/EMG-EPN612/testingJSON/user32/user32.json,idx_112
waveIn,trainingSamples,raw_data/EMG-EPN612/testingJSON/user32/user32.json,idx_113
waveIn,trainingSamples,raw_data/EMG-EPN612/testingJSON/user32/user32.json,idx_114
waveIn,trainingSamples,raw_data/EMG-EPN612/testingJSON/user32/user32.json,idx_115
waveIn,trainingSamples,raw_data/EMG-EPN612/testingJSON/user32/user32.json,idx_116
waveIn,trainingSamples,raw_data/EMG-EPN612/testingJSON/user32/user32.json,idx_117
waveIn,trainingSamples,raw_data/EMG-EPN612/testingJSON/user32/user32.json,idx_118
waveIn,trainingSamples,raw_data/EMG-EPN612/testingJSON/user32/user32.json,idx_119
waveIn,trainingSamples,raw_data/EMG-EPN612/testingJSON/user32/user32.json,idx_120
waveIn,trainingSamples,raw_data/EMG-EPN612/testingJSON/user32/user32.json,idx_121
waveIn,trainingSamples,raw_data/EMG-EPN612/testingJSON/user32/user32.json,idx_122
waveIn,trainingSamples,raw_data/EMG-EPN612/testingJSON/user32/user32.json,idx_123
waveIn,trainingSamples,raw_data/EMG-EPN612/testingJSON/user32/user32.json,idx_124
waveIn,trainingSamples,raw_data/EMG-EPN612/testingJSON/user32/user32.json,idx_125
open,trainingSamples,raw_data/EMG-EPN612/testingJSON/user32/user32.json,idx_126
open,trainingSamples,raw_data/EMG-EPN612/testingJSON/user32/user32.json,idx_127
open,trainingSamples,raw_data/EMG-EPN612/testingJSON/user32/user32.json,idx_128
open,trainingSamples,raw_data/EMG-EPN612/testingJSON/user32/user32.json,idx_129
open,trainingSamples,raw_data/EMG-EPN612/testingJSON/user32/user32.json,idx_130
open,trainingSamples,raw_data/EMG-EPN612/testingJSON/user32/user32.json,idx_131
open,trainingSamples,raw_data/EMG-EPN612/testingJSON/user32/user32.json,idx_132
open,trainingSamples,raw_data/EMG-EPN612/testingJSON/user32/user32.json,idx_133
open,trainingSamples,raw_data/EMG-EPN612/testingJSON/user32/user32.json,idx_134
open,trainingSamples,raw_data/EMG-EPN612/testingJSON/user32/user32.json,idx_135
open,trainingSamples,raw_data/EMG-EPN612/testingJSON/user32/user32.json,idx_136
open,trainingSamples,raw_data/EMG-EPN612/testingJSON/user32/user32.json,idx_137
open,trainingSamples,raw_data/EMG-EPN612/testingJSON/user32/user32.json,idx_138
open,trainingSamples,raw_data/EMG-EPN612/testingJSON/user32/user32.json,idx_139
open,trainingSamples,raw_data/EMG-EPN612/testingJSON/user32/user32.json,idx_140
open,trainingSamples,raw_data/EMG-EPN612/testingJSON/user32/user32.json,idx_141
open,trainingSamples,raw_data/EMG-EPN612/testingJSON/user32/user32.json,idx_142
open,trainingSamples,raw_data/EMG-EPN612/testingJSON/user32/user32.json,idx_143
open,trainingSamples,raw_data/EMG-EPN612/testingJSON/user32/user32.json,idx_144
open,trainingSamples,raw_data/EMG-EPN612/testingJSON/user32/user32.json,idx_145
open,trainingSamples,raw_data/EMG-EPN612/testingJSON/user32/user32.json,idx_146
open,trainingSamples,raw_data/EMG-EPN612/testingJSON/user32/user32.json,idx_147
open,trainingSamples,raw_data/EMG-EPN612/testingJSON/user32/user32.json,idx_148
open,trainingSamples,raw_data/EMG-EPN612/testingJSON/user32/user32.json,idx_149
open,trainingSamples,raw_data/EMG-EPN612/testingJSON/user32/user32.json,idx_150
noGesture,trainingSamples,raw_data/EMG-EPN612/testingJSON/user33/user33.json,idx_1
noGesture,trainingSamples,raw_data/EMG-EPN612/testingJSON/user33/user33.json,idx_2
noGesture,trainingSamples,raw_data/EMG-EPN612/testingJSON/user33/user33.json,idx_3
noGesture,trainingSamples,raw_data/EMG-EPN612/testingJSON/user33/user33.json,idx_4
noGesture,trainingSamples,raw_data/EMG-EPN612/testingJSON/user33/user33.json,idx_5
noGesture,trainingSamples,raw_data/EMG-EPN612/testingJSON/user33/user33.json,idx_6
noGesture,trainingSamples,raw_data/EMG-EPN612/testingJSON/user33/user33.json,idx_7
noGesture,trainingSamples,raw_data/EMG-EPN612/testingJSON/user33/user33.json,idx_8
noGesture,trainingSamples,raw_data/EMG-EPN612/testingJSON/user33/user33.json,idx_9
noGesture,trainingSamples,raw_data/EMG-EPN612/testingJSON/user33/user33.json,idx_10
noGesture,trainingSamples,raw_data/EMG-EPN612/testingJSON/user33/user33.json,idx_11
noGesture,trainingSamples,raw_data/EMG-EPN612/testingJSON/user33/user33.json,idx_12
noGesture,trainingSamples,raw_data/EMG-EPN612/testingJSON/user33/user33.json,idx_13
noGesture,trainingSamples,raw_data/EMG-EPN612/testingJSON/user33/user33.json,idx_14
noGesture,trainingSamples,raw_data/EMG-EPN612/testingJSON/user33/user33.json,idx_15
noGesture,trainingSamples,raw_data/EMG-EPN612/testingJSON/user33/user33.json,idx_16
noGesture,trainingSamples,raw_data/EMG-EPN612/testingJSON/user33/user33.json,idx_17
noGesture,trainingSamples,raw_data/EMG-EPN612/testingJSON/user33/user33.json,idx_18
noGesture,trainingSamples,raw_data/EMG-EPN612/testingJSON/user33/user33.json,idx_19
noGesture,trainingSamples,raw_data/EMG-EPN612/testingJSON/user33/user33.json,idx_20
noGesture,trainingSamples,raw_data/EMG-EPN612/testingJSON/user33/user33.json,idx_21
noGesture,trainingSamples,raw_data/EMG-EPN612/testingJSON/user33/user33.json,idx_22
noGesture,trainingSamples,raw_data/EMG-EPN612/testingJSON/user33/user33.json,idx_23
noGesture,trainingSamples,raw_data/EMG-EPN612/testingJSON/user33/user33.json,idx_24
noGesture,trainingSamples,raw_data/EMG-EPN612/testingJSON/user33/user33.json,idx_25
fist,trainingSamples,raw_data/EMG-EPN612/testingJSON/user33/user33.json,idx_26
fist,trainingSamples,raw_data/EMG-EPN612/testingJSON/user33/user33.json,idx_27
fist,trainingSamples,raw_data/EMG-EPN612/testingJSON/user33/user33.json,idx_28
fist,trainingSamples,raw_data/EMG-EPN612/testingJSON/user33/user33.json,idx_29
fist,trainingSamples,raw_data/EMG-EPN612/testingJSON/user33/user33.json,idx_30
fist,trainingSamples,raw_data/EMG-EPN612/testingJSON/user33/user33.json,idx_31
fist,trainingSamples,raw_data/EMG-EPN612/testingJSON/user33/user33.json,idx_32
fist,trainingSamples,raw_data/EMG-EPN612/testingJSON/user33/user33.json,idx_33
fist,trainingSamples,raw_data/EMG-EPN612/testingJSON/user33/user33.json,idx_34
fist,trainingSamples,raw_data/EMG-EPN612/testingJSON/user33/user33.json,idx_35
fist,trainingSamples,raw_data/EMG-EPN612/testingJSON/user33/user33.json,idx_36
fist,trainingSamples,raw_data/EMG-EPN612/testingJSON/user33/user33.json,idx_37
fist,trainingSamples,raw_data/EMG-EPN612/testingJSON/user33/user33.json,idx_38
fist,trainingSamples,raw_data/EMG-EPN612/testingJSON/user33/user33.json,idx_39
fist,trainingSamples,raw_data/EMG-EPN612/testingJSON/user33/user33.json,idx_40
fist,trainingSamples,raw_data/EMG-EPN612/testingJSON/user33/user33.json,idx_41
fist,trainingSamples,raw_data/EMG-EPN612/testingJSON/user33/user33.json,idx_42
fist,trainingSamples,raw_data/EMG-EPN612/testingJSON/user33/user33.json,idx_43
fist,trainingSamples,raw_data/EMG-EPN612/testingJSON/user33/user33.json,idx_44
fist,trainingSamples,raw_data/EMG-EPN612/testingJSON/user33/user33.json,idx_45
fist,trainingSamples,raw_data/EMG-EPN612/testingJSON/user33/user33.json,idx_46
fist,trainingSamples,raw_data/EMG-EPN612/testingJSON/user33/user33.json,idx_47
fist,trainingSamples,raw_data/EMG-EPN612/testingJSON/user33/user33.json,idx_48
fist,trainingSamples,raw_data/EMG-EPN612/testingJSON/user33/user33.json,idx_49
fist,trainingSamples,raw_data/EMG-EPN612/testingJSON/user33/user33.json,idx_50
open,trainingSamples,raw_data/EMG-EPN612/testingJSON/user33/user33.json,idx_51
open,trainingSamples,raw_data/EMG-EPN612/testingJSON/user33/user33.json,idx_52
open,trainingSamples,raw_data/EMG-EPN612/testingJSON/user33/user33.json,idx_53
open,trainingSamples,raw_data/EMG-EPN612/testingJSON/user33/user33.json,idx_54
open,trainingSamples,raw_data/EMG-EPN612/testingJSON/user33/user33.json,idx_55
open,trainingSamples,raw_data/EMG-EPN612/testingJSON/user33/user33.json,idx_56
open,trainingSamples,raw_data/EMG-EPN612/testingJSON/user33/user33.json,idx_57
open,trainingSamples,raw_data/EMG-EPN612/testingJSON/user33/user33.json,idx_58
open,trainingSamples,raw_data/EMG-EPN612/testingJSON/user33/user33.json,idx_59
open,trainingSamples,raw_data/EMG-EPN612/testingJSON/user33/user33.json,idx_60
open,trainingSamples,raw_data/EMG-EPN612/testingJSON/user33/user33.json,idx_61
open,trainingSamples,raw_data/EMG-EPN612/testingJSON/user33/user33.json,idx_62
open,trainingSamples,raw_data/EMG-EPN612/testingJSON/user33/user33.json,idx_63
open,trainingSamples,raw_data/EMG-EPN612/testingJSON/user33/user33.json,idx_64
open,trainingSamples,raw_data/EMG-EPN612/testingJSON/user33/user33.json,idx_65
open,trainingSamples,raw_data/EMG-EPN612/testingJSON/user33/user33.json,idx_66
open,trainingSamples,raw_data/EMG-EPN612/testingJSON/user33/user33.json,idx_67
open,trainingSamples,raw_data/EMG-EPN612/testingJSON/user33/user33.json,idx_68
open,trainingSamples,raw_data/EMG-EPN612/testingJSON/user33/user33.json,idx_69
open,trainingSamples,raw_data/EMG-EPN612/testingJSON/user33/user33.json,idx_70
open,trainingSamples,raw_data/EMG-EPN612/testingJSON/user33/user33.json,idx_71
open,trainingSamples,raw_data/EMG-EPN612/testingJSON/user33/user33.json,idx_72
open,trainingSamples,raw_data/EMG-EPN612/testingJSON/user33/user33.json,idx_73
open,trainingSamples,raw_data/EMG-EPN612/testingJSON/user33/user33.json,idx_74
open,trainingSamples,raw_data/EMG-EPN612/testingJSON/user33/user33.json,idx_75
waveIn,trainingSamples,raw_data/EMG-EPN612/testingJSON/user33/user33.json,idx_76
waveIn,trainingSamples,raw_data/EMG-EPN612/testingJSON/user33/user33.json,idx_77
waveIn,trainingSamples,raw_data/EMG-EPN612/testingJSON/user33/user33.json,idx_78
waveIn,trainingSamples,raw_data/EMG-EPN612/testingJSON/user33/user33.json,idx_79
waveIn,trainingSamples,raw_data/EMG-EPN612/testingJSON/user33/user33.json,idx_80
waveIn,trainingSamples,raw_data/EMG-EPN612/testingJSON/user33/user33.json,idx_81
waveIn,trainingSamples,raw_data/EMG-EPN612/testingJSON/user33/user33.json,idx_82
waveIn,trainingSamples,raw_data/EMG-EPN612/testingJSON/user33/user33.json,idx_83
waveIn,trainingSamples,raw_data/EMG-EPN612/testingJSON/user33/user33.json,idx_84
waveIn,trainingSamples,raw_data/EMG-EPN612/testingJSON/user33/user33.json,idx_85
waveIn,trainingSamples,raw_data/EMG-EPN612/testingJSON/user33/user33.json,idx_86
waveIn,trainingSamples,raw_data/EMG-EPN612/testingJSON/user33/user33.json,idx_87
waveIn,trainingSamples,raw_data/EMG-EPN612/testingJSON/user33/user33.json,idx_88
waveIn,trainingSamples,raw_data/EMG-EPN612/testingJSON/user33/user33.json,idx_89
waveIn,trainingSamples,raw_data/EMG-EPN612/testingJSON/user33/user33.json,idx_90
waveIn,trainingSamples,raw_data/EMG-EPN612/testingJSON/user33/user33.json,idx_91
waveIn,trainingSamples,raw_data/EMG-EPN612/testingJSON/user33/user33.json,idx_92
waveIn,trainingSamples,raw_data/EMG-EPN612/testingJSON/user33/user33.json,idx_93
waveIn,trainingSamples,raw_data/EMG-EPN612/testingJSON/user33/user33.json,idx_94
waveIn,trainingSamples,raw_data/EMG-EPN612/testingJSON/user33/user33.json,idx_95
waveIn,trainingSamples,raw_data/EMG-EPN612/testingJSON/user33/user33.json,idx_96
waveIn,trainingSamples,raw_data/EMG-EPN612/testingJSON/user33/user33.json,idx_97
waveIn,trainingSamples,raw_data/EMG-EPN612/testingJSON/user33/user33.json,idx_98
waveIn,trainingSamples,raw_data/EMG-EPN612/testingJSON/user33/user33.json,idx_99
waveIn,trainingSamples,raw_data/EMG-EPN612/testingJSON/user33/user33.json,idx_100
pinch,trainingSamples,raw_data/EMG-EPN612/testingJSON/user33/user33.json,idx_101
pinch,trainingSamples,raw_data/EMG-EPN612/testingJSON/user33/user33.json,idx_102
pinch,trainingSamples,raw_data/EMG-EPN612/testingJSON/user33/user33.json,idx_103
pinch,trainingSamples,raw_data/EMG-EPN612/testingJSON/user33/user33.json,idx_104
pinch,trainingSamples,raw_data/EMG-EPN612/testingJSON/user33/user33.json,idx_105
pinch,trainingSamples,raw_data/EMG-EPN612/testingJSON/user33/user33.json,idx_106
pinch,trainingSamples,raw_data/EMG-EPN612/testingJSON/user33/user33.json,idx_107
pinch,trainingSamples,raw_data/EMG-EPN612/testingJSON/user33/user33.json,idx_108
pinch,trainingSamples,raw_data/EMG-EPN612/testingJSON/user33/user33.json,idx_109
pinch,trainingSamples,raw_data/EMG-EPN612/testingJSON/user33/user33.json,idx_110
pinch,trainingSamples,raw_data/EMG-EPN612/testingJSON/user33/user33.json,idx_111
pinch,trainingSamples,raw_data/EMG-EPN612/testingJSON/user33/user33.json,idx_112
pinch,trainingSamples,raw_data/EMG-EPN612/testingJSON/user33/user33.json,idx_113
pinch,trainingSamples,raw_data/EMG-EPN612/testingJSON/user33/user33.json,idx_114
pinch,trainingSamples,raw_data/EMG-EPN612/testingJSON/user33/user33.json,idx_115
pinch,trainingSamples,raw_data/EMG-EPN612/testingJSON/user33/user33.json,idx_116
pinch,trainingSamples,raw_data/EMG-EPN612/testingJSON/user33/user33.json,idx_117
pinch,trainingSamples,raw_data/EMG-EPN612/testingJSON/user33/user33.json,idx_118
pinch,trainingSamples,raw_data/EMG-EPN612/testingJSON/user33/user33.json,idx_119
pinch,trainingSamples,raw_data/EMG-EPN612/testingJSON/user33/user33.json,idx_120
pinch,trainingSamples,raw_data/EMG-EPN612/testingJSON/user33/user33.json,idx_121
pinch,trainingSamples,raw_data/EMG-EPN612/testingJSON/user33/user33.json,idx_122
pinch,trainingSamples,raw_data/EMG-EPN612/testingJSON/user33/user33.json,idx_123
pinch,trainingSamples,raw_data/EMG-EPN612/testingJSON/user33/user33.json,idx_124
pinch,trainingSamples,raw_data/EMG-EPN612/testingJSON/user33/user33.json,idx_125
waveOut,trainingSamples,raw_data/EMG-EPN612/testingJSON/user33/user33.json,idx_126
waveOut,trainingSamples,raw_data/EMG-EPN612/testingJSON/user33/user33.json,idx_127
waveOut,trainingSamples,raw_data/EMG-EPN612/testingJSON/user33/user33.json,idx_128
waveOut,trainingSamples,raw_data/EMG-EPN612/testingJSON/user33/user33.json,idx_129
waveOut,trainingSamples,raw_data/EMG-EPN612/testingJSON/user33/user33.json,idx_130
waveOut,trainingSamples,raw_data/EMG-EPN612/testingJSON/user33/user33.json,idx_131
waveOut,trainingSamples,raw_data/EMG-EPN612/testingJSON/user33/user33.json,idx_132
waveOut,trainingSamples,raw_data/EMG-EPN612/testingJSON/user33/user33.json,idx_133
waveOut,trainingSamples,raw_data/EMG-EPN612/testingJSON/user33/user33.json,idx_134
waveOut,trainingSamples,raw_data/EMG-EPN612/testingJSON/user33/user33.json,idx_135
waveOut,trainingSamples,raw_data/EMG-EPN612/testingJSON/user33/user33.json,idx_136
waveOut,trainingSamples,raw_data/EMG-EPN612/testingJSON/user33/user33.json,idx_137
waveOut,trainingSamples,raw_data/EMG-EPN612/testingJSON/user33/user33.json,idx_138
waveOut,trainingSamples,raw_data/EMG-EPN612/testingJSON/user33/user33.json,idx_139
waveOut,trainingSamples,raw_data/EMG-EPN612/testingJSON/user33/user33.json,idx_140
waveOut,trainingSamples,raw_data/EMG-EPN612/testingJSON/user33/user33.json,idx_141
waveOut,trainingSamples,raw_data/EMG-EPN612/testingJSON/user33/user33.json,idx_142
waveOut,trainingSamples,raw_data/EMG-EPN612/testingJSON/user33/user33.json,idx_143
waveOut,trainingSamples,raw_data/EMG-EPN612/testingJSON/user33/user33.json,idx_144
waveOut,trainingSamples,raw_data/EMG-EPN612/testingJSON/user33/user33.json,idx_145
waveOut,trainingSamples,raw_data/EMG-EPN612/testingJSON/user33/user33.json,idx_146
waveOut,trainingSamples,raw_data/EMG-EPN612/testingJSON/user33/user33.json,idx_147
waveOut,trainingSamples,raw_data/EMG-EPN612/testingJSON/user33/user33.json,idx_148
waveOut,trainingSamples,raw_data/EMG-EPN612/testingJSON/user33/user33.json,idx_149
waveOut,trainingSamples,raw_data/EMG-EPN612/testingJSON/user33/user33.json,idx_150
noGesture,trainingSamples,raw_data/EMG-EPN612/testingJSON/user34/user34.json,idx_1
noGesture,trainingSamples,raw_data/EMG-EPN612/testingJSON/user34/user34.json,idx_2
noGesture,trainingSamples,raw_data/EMG-EPN612/testingJSON/user34/user34.json,idx_3
noGesture,trainingSamples,raw_data/EMG-EPN612/testingJSON/user34/user34.json,idx_4
noGesture,trainingSamples,raw_data/EMG-EPN612/testingJSON/user34/user34.json,idx_5
noGesture,trainingSamples,raw_data/EMG-EPN612/testingJSON/user34/user34.json,idx_6
noGesture,trainingSamples,raw_data/EMG-EPN612/testingJSON/user34/user34.json,idx_7
noGesture,trainingSamples,raw_data/EMG-EPN612/testingJSON/user34/user34.json,idx_8
noGesture,trainingSamples,raw_data/EMG-EPN612/testingJSON/user34/user34.json,idx_9
noGesture,trainingSamples,raw_data/EMG-EPN612/testingJSON/user34/user34.json,idx_10
noGesture,trainingSamples,raw_data/EMG-EPN612/testingJSON/user34/user34.json,idx_11
noGesture,trainingSamples,raw_data/EMG-EPN612/testingJSON/user34/user34.json,idx_12
noGesture,trainingSamples,raw_data/EMG-EPN612/testingJSON/user34/user34.json,idx_13
noGesture,trainingSamples,raw_data/EMG-EPN612/testingJSON/user34/user34.json,idx_14
noGesture,trainingSamples,raw_data/EMG-EPN612/testingJSON/user34/user34.json,idx_15
noGesture,trainingSamples,raw_data/EMG-EPN612/testingJSON/user34/user34.json,idx_16
noGesture,trainingSamples,raw_data/EMG-EPN612/testingJSON/user34/user34.json,idx_17
noGesture,trainingSamples,raw_data/EMG-EPN612/testingJSON/user34/user34.json,idx_18
noGesture,trainingSamples,raw_data/EMG-EPN612/testingJSON/user34/user34.json,idx_19
noGesture,trainingSamples,raw_data/EMG-EPN612/testingJSON/user34/user34.json,idx_20
noGesture,trainingSamples,raw_data/EMG-EPN612/testingJSON/user34/user34.json,idx_21
noGesture,trainingSamples,raw_data/EMG-EPN612/testingJSON/user34/user34.json,idx_22
noGesture,trainingSamples,raw_data/EMG-EPN612/testingJSON/user34/user34.json,idx_23
noGesture,trainingSamples,raw_data/EMG-EPN612/testingJSON/user34/user34.json,idx_24
noGesture,trainingSamples,raw_data/EMG-EPN612/testingJSON/user34/user34.json,idx_25
waveOut,trainingSamples,raw_data/EMG-EPN612/testingJSON/user34/user34.json,idx_26
waveOut,trainingSamples,raw_data/EMG-EPN612/testingJSON/user34/user34.json,idx_27
waveOut,trainingSamples,raw_data/EMG-EPN612/testingJSON/user34/user34.json,idx_28
waveOut,trainingSamples,raw_data/EMG-EPN612/testingJSON/user34/user34.json,idx_29
waveOut,trainingSamples,raw_data/EMG-EPN612/testingJSON/user34/user34.json,idx_30
waveOut,trainingSamples,raw_data/EMG-EPN612/testingJSON/user34/user34.json,idx_31
waveOut,trainingSamples,raw_data/EMG-EPN612/testingJSON/user34/user34.json,idx_32
waveOut,trainingSamples,raw_data/EMG-EPN612/testingJSON/user34/user34.json,idx_33
waveOut,trainingSamples,raw_data/EMG-EPN612/testingJSON/user34/user34.json,idx_34
waveOut,trainingSamples,raw_data/EMG-EPN612/testingJSON/user34/user34.json,idx_35
waveOut,trainingSamples,raw_data/EMG-EPN612/testingJSON/user34/user34.json,idx_36
waveOut,trainingSamples,raw_data/EMG-EPN612/testingJSON/user34/user34.json,idx_37
waveOut,trainingSamples,raw_data/EMG-EPN612/testingJSON/user34/user34.json,idx_38
waveOut,trainingSamples,raw_data/EMG-EPN612/testingJSON/user34/user34.json,idx_39
waveOut,trainingSamples,raw_data/EMG-EPN612/testingJSON/user34/user34.json,idx_40
waveOut,trainingSamples,raw_data/EMG-EPN612/testingJSON/user34/user34.json,idx_41
waveOut,trainingSamples,raw_data/EMG-EPN612/testingJSON/user34/user34.json,idx_42
waveOut,trainingSamples,raw_data/EMG-EPN612/testingJSON/user34/user34.json,idx_43
waveOut,trainingSamples,raw_data/EMG-EPN612/testingJSON/user34/user34.json,idx_44
waveOut,trainingSamples,raw_data/EMG-EPN612/testingJSON/user34/user34.json,idx_45
waveOut,trainingSamples,raw_data/EMG-EPN612/testingJSON/user34/user34.json,idx_46
waveOut,trainingSamples,raw_data/EMG-EPN612/testingJSON/user34/user34.json,idx_47
waveOut,trainingSamples,raw_data/EMG-EPN612/testingJSON/user34/user34.json,idx_48
waveOut,trainingSamples,raw_data/EMG-EPN612/testingJSON/user34/user34.json,idx_49
waveOut,trainingSamples,raw_data/EMG-EPN612/testingJSON/user34/user34.json,idx_50
pinch,trainingSamples,raw_data/EMG-EPN612/testingJSON/user34/user34.json,idx_51
pinch,trainingSamples,raw_data/EMG-EPN612/testingJSON/user34/user34.json,idx_52
pinch,trainingSamples,raw_data/EMG-EPN612/testingJSON/user34/user34.json,idx_53
pinch,trainingSamples,raw_data/EMG-EPN612/testingJSON/user34/user34.json,idx_54
pinch,trainingSamples,raw_data/EMG-EPN612/testingJSON/user34/user34.json,idx_55
pinch,trainingSamples,raw_data/EMG-EPN612/testingJSON/user34/user34.json,idx_56
pinch,trainingSamples,raw_data/EMG-EPN612/testingJSON/user34/user34.json,idx_57
pinch,trainingSamples,raw_data/EMG-EPN612/testingJSON/user34/user34.json,idx_58
pinch,trainingSamples,raw_data/EMG-EPN612/testingJSON/user34/user34.json,idx_59
pinch,trainingSamples,raw_data/EMG-EPN612/testingJSON/user34/user34.json,idx_60
pinch,trainingSamples,raw_data/EMG-EPN612/testingJSON/user34/user34.json,idx_61
pinch,trainingSamples,raw_data/EMG-EPN612/testingJSON/user34/user34.json,idx_62
pinch,trainingSamples,raw_data/EMG-EPN612/testingJSON/user34/user34.json,idx_63
pinch,trainingSamples,raw_data/EMG-EPN612/testingJSON/user34/user34.json,idx_64
pinch,trainingSamples,raw_data/EMG-EPN612/testingJSON/user34/user34.json,idx_65
pinch,trainingSamples,raw_data/EMG-EPN612/testingJSON/user34/user34.json,idx_66
pinch,trainingSamples,raw_data/EMG-EPN612/testingJSON/user34/user34.json,idx_67
pinch,trainingSamples,raw_data/EMG-EPN612/testingJSON/user34/user34.json,idx_68
pinch,trainingSamples,raw_data/EMG-EPN612/testingJSON/user34/user34.json,idx_69
pinch,trainingSamples,raw_data/EMG-EPN612/testingJSON/user34/user34.json,idx_70
pinch,trainingSamples,raw_data/EMG-EPN612/testingJSON/user34/user34.json,idx_71
pinch,trainingSamples,raw_data/EMG-EPN612/testingJSON/user34/user34.json,idx_72
pinch,trainingSamples,raw_data/EMG-EPN612/testingJSON/user34/user34.json,idx_73
pinch,trainingSamples,raw_data/EMG-EPN612/testingJSON/user34/user34.json,idx_74
pinch,trainingSamples,raw_data/EMG-EPN612/testingJSON/user34/user34.json,idx_75
fist,trainingSamples,raw_data/EMG-EPN612/testingJSON/user34/user34.json,idx_76
fist,trainingSamples,raw_data/EMG-EPN612/testingJSON/user34/user34.json,idx_77
fist,trainingSamples,raw_data/EMG-EPN612/testingJSON/user34/user34.json,idx_78
fist,trainingSamples,raw_data/EMG-EPN612/testingJSON/user34/user34.json,idx_79
fist,trainingSamples,raw_data/EMG-EPN612/testingJSON/user34/user34.json,idx_80
fist,trainingSamples,raw_data/EMG-EPN612/testingJSON/user34/user34.json,idx_81
fist,trainingSamples,raw_data/EMG-EPN612/testingJSON/user34/user34.json,idx_82
fist,trainingSamples,raw_data/EMG-EPN612/testingJSON/user34/user34.json,idx_83
fist,trainingSamples,raw_data/EMG-EPN612/testingJSON/user34/user34.json,idx_84
fist,trainingSamples,raw_data/EMG-EPN612/testingJSON/user34/user34.json,idx_85
fist,trainingSamples,raw_data/EMG-EPN612/testingJSON/user34/user34.json,idx_86
fist,trainingSamples,raw_data/EMG-EPN612/testingJSON/user34/user34.json,idx_87
fist,trainingSamples,raw_data/EMG-EPN612/testingJSON/user34/user34.json,idx_88
fist,trainingSamples,raw_data/EMG-EPN612/testingJSON/user34/user34.json,idx_89
fist,trainingSamples,raw_data/EMG-EPN612/testingJSON/user34/user34.json,idx_90
fist,trainingSamples,raw_data/EMG-EPN612/testingJSON/user34/user34.json,idx_91
fist,trainingSamples,raw_data/EMG-EPN612/testingJSON/user34/user34.json,idx_92
fist,trainingSamples,raw_data/EMG-EPN612/testingJSON/user34/user34.json,idx_93
fist,trainingSamples,raw_data/EMG-EPN612/testingJSON/user34/user34.json,idx_94
fist,trainingSamples,raw_data/EMG-EPN612/testingJSON/user34/user34.json,idx_95
fist,trainingSamples,raw_data/EMG-EPN612/testingJSON/user34/user34.json,idx_96
fist,trainingSamples,raw_data/EMG-EPN612/testingJSON/user34/user34.json,idx_97
fist,trainingSamples,raw_data/EMG-EPN612/testingJSON/user34/user34.json,idx_98
fist,trainingSamples,raw_data/EMG-EPN612/testingJSON/user34/user34.json,idx_99
fist,trainingSamples,raw_data/EMG-EPN612/testingJSON/user34/user34.json,idx_100
waveIn,trainingSamples,raw_data/EMG-EPN612/testingJSON/user34/user34.json,idx_101
waveIn,trainingSamples,raw_data/EMG-EPN612/testingJSON/user34/user34.json,idx_102
waveIn,trainingSamples,raw_data/EMG-EPN612/testingJSON/user34/user34.json,idx_103
waveIn,trainingSamples,raw_data/EMG-EPN612/testingJSON/user34/user34.json,idx_104
waveIn,trainingSamples,raw_data/EMG-EPN612/testingJSON/user34/user34.json,idx_105
waveIn,trainingSamples,raw_data/EMG-EPN612/testingJSON/user34/user34.json,idx_106
waveIn,trainingSamples,raw_data/EMG-EPN612/testingJSON/user34/user34.json,idx_107
waveIn,trainingSamples,raw_data/EMG-EPN612/testingJSON/user34/user34.json,idx_108
waveIn,trainingSamples,raw_data/EMG-EPN612/testingJSON/user34/user34.json,idx_109
waveIn,trainingSamples,raw_data/EMG-EPN612/testingJSON/user34/user34.json,idx_110
waveIn,trainingSamples,raw_data/EMG-EPN612/testingJSON/user34/user34.json,idx_111
waveIn,trainingSamples,raw_data/EMG-EPN612/testingJSON/user34/user34.json,idx_112
waveIn,trainingSamples,raw_data/EMG-EPN612/testingJSON/user34/user34.json,idx_113
waveIn,trainingSamples,raw_data/EMG-EPN612/testingJSON/user34/user34.json,idx_114
waveIn,trainingSamples,raw_data/EMG-EPN612/testingJSON/user34/user34.json,idx_115
waveIn,trainingSamples,raw_data/EMG-EPN612/testingJSON/user34/user34.json,idx_116
waveIn,trainingSamples,raw_data/EMG-EPN612/testingJSON/user34/user34.json,idx_117
waveIn,trainingSamples,raw_data/EMG-EPN612/testingJSON/user34/user34.json,idx_118
waveIn,trainingSamples,raw_data/EMG-EPN612/testingJSON/user34/user34.json,idx_119
waveIn,trainingSamples,raw_data/EMG-EPN612/testingJSON/user34/user34.json,idx_120
waveIn,trainingSamples,raw_data/EMG-EPN612/testingJSON/user34/user34.json,idx_121
waveIn,trainingSamples,raw_data/EMG-EPN612/testingJSON/user34/user34.json,idx_122
waveIn,trainingSamples,raw_data/EMG-EPN612/testingJSON/user34/user34.json,idx_123
waveIn,trainingSamples,raw_data/EMG-EPN612/testingJSON/user34/user34.json,idx_124
waveIn,trainingSamples,raw_data/EMG-EPN612/testingJSON/user34/user34.json,idx_125
open,trainingSamples,raw_data/EMG-EPN612/testingJSON/user34/user34.json,idx_126
open,trainingSamples,raw_data/EMG-EPN612/testingJSON/user34/user34.json,idx_127
open,trainingSamples,raw_data/EMG-EPN612/testingJSON/user34/user34.json,idx_128
open,trainingSamples,raw_data/EMG-EPN612/testingJSON/user34/user34.json,idx_129
open,trainingSamples,raw_data/EMG-EPN612/testingJSON/user34/user34.json,idx_130
open,trainingSamples,raw_data/EMG-EPN612/testingJSON/user34/user34.json,idx_131
open,trainingSamples,raw_data/EMG-EPN612/testingJSON/user34/user34.json,idx_132
open,trainingSamples,raw_data/EMG-EPN612/testingJSON/user34/user34.json,idx_133
open,trainingSamples,raw_data/EMG-EPN612/testingJSON/user34/user34.json,idx_134
open,trainingSamples,raw_data/EMG-EPN612/testingJSON/user34/user34.json,idx_135
open,trainingSamples,raw_data/EMG-EPN612/testingJSON/user34/user34.json,idx_136
open,trainingSamples,raw_data/EMG-EPN612/testingJSON/user34/user34.json,idx_137
open,trainingSamples,raw_data/EMG-EPN612/testingJSON/user34/user34.json,idx_138
open,trainingSamples,raw_data/EMG-EPN612/testingJSON/user34/user34.json,idx_139
open,trainingSamples,raw_data/EMG-EPN612/testingJSON/user34/user34.json,idx_140
open,trainingSamples,raw_data/EMG-EPN612/testingJSON/user34/user34.json,idx_141
open,trainingSamples,raw_data/EMG-EPN612/testingJSON/user34/user34.json,idx_142
open,trainingSamples,raw_data/EMG-EPN612/testingJSON/user34/user34.json,idx_143
open,trainingSamples,raw_data/EMG-EPN612/testingJSON/user34/user34.json,idx_144
open,trainingSamples,raw_data/EMG-EPN612/testingJSON/user34/user34.json,idx_145
open,trainingSamples,raw_data/EMG-EPN612/testingJSON/user34/user34.json,idx_146
open,trainingSamples,raw_data/EMG-EPN612/testingJSON/user34/user34.json,idx_147
open,trainingSamples,raw_data/EMG-EPN612/testingJSON/user34/user34.json,idx_148
open,trainingSamples,raw_data/EMG-EPN612/testingJSON/user34/user34.json,idx_149
open,trainingSamples,raw_data/EMG-EPN612/testingJSON/user34/user34.json,idx_150
noGesture,trainingSamples,raw_data/EMG-EPN612/testingJSON/user35/user35.json,idx_1
noGesture,trainingSamples,raw_data/EMG-EPN612/testingJSON/user35/user35.json,idx_2
noGesture,trainingSamples,raw_data/EMG-EPN612/testingJSON/user35/user35.json,idx_3
noGesture,trainingSamples,raw_data/EMG-EPN612/testingJSON/user35/user35.json,idx_4
noGesture,trainingSamples,raw_data/EMG-EPN612/testingJSON/user35/user35.json,idx_5
noGesture,trainingSamples,raw_data/EMG-EPN612/testingJSON/user35/user35.json,idx_6
noGesture,trainingSamples,raw_data/EMG-EPN612/testingJSON/user35/user35.json,idx_7
noGesture,trainingSamples,raw_data/EMG-EPN612/testingJSON/user35/user35.json,idx_8
noGesture,trainingSamples,raw_data/EMG-EPN612/testingJSON/user35/user35.json,idx_9
noGesture,trainingSamples,raw_data/EMG-EPN612/testingJSON/user35/user35.json,idx_10
noGesture,trainingSamples,raw_data/EMG-EPN612/testingJSON/user35/user35.json,idx_11
noGesture,trainingSamples,raw_data/EMG-EPN612/testingJSON/user35/user35.json,idx_12
noGesture,trainingSamples,raw_data/EMG-EPN612/testingJSON/user35/user35.json,idx_13
noGesture,trainingSamples,raw_data/EMG-EPN612/testingJSON/user35/user35.json,idx_14
noGesture,trainingSamples,raw_data/EMG-EPN612/testingJSON/user35/user35.json,idx_15
noGesture,trainingSamples,raw_data/EMG-EPN612/testingJSON/user35/user35.json,idx_16
noGesture,trainingSamples,raw_data/EMG-EPN612/testingJSON/user35/user35.json,idx_17
noGesture,trainingSamples,raw_data/EMG-EPN612/testingJSON/user35/user35.json,idx_18
noGesture,trainingSamples,raw_data/EMG-EPN612/testingJSON/user35/user35.json,idx_19
noGesture,trainingSamples,raw_data/EMG-EPN612/testingJSON/user35/user35.json,idx_20
noGesture,trainingSamples,raw_data/EMG-EPN612/testingJSON/user35/user35.json,idx_21
noGesture,trainingSamples,raw_data/EMG-EPN612/testingJSON/user35/user35.json,idx_22
noGesture,trainingSamples,raw_data/EMG-EPN612/testingJSON/user35/user35.json,idx_23
noGesture,trainingSamples,raw_data/EMG-EPN612/testingJSON/user35/user35.json,idx_24
noGesture,trainingSamples,raw_data/EMG-EPN612/testingJSON/user35/user35.json,idx_25
waveOut,trainingSamples,raw_data/EMG-EPN612/testingJSON/user35/user35.json,idx_26
waveOut,trainingSamples,raw_data/EMG-EPN612/testingJSON/user35/user35.json,idx_27
waveOut,trainingSamples,raw_data/EMG-EPN612/testingJSON/user35/user35.json,idx_28
waveOut,trainingSamples,raw_data/EMG-EPN612/testingJSON/user35/user35.json,idx_29
waveOut,trainingSamples,raw_data/EMG-EPN612/testingJSON/user35/user35.json,idx_30
waveOut,trainingSamples,raw_data/EMG-EPN612/testingJSON/user35/user35.json,idx_31
waveOut,trainingSamples,raw_data/EMG-EPN612/testingJSON/user35/user35.json,idx_32
waveOut,trainingSamples,raw_data/EMG-EPN612/testingJSON/user35/user35.json,idx_33
waveOut,trainingSamples,raw_data/EMG-EPN612/testingJSON/user35/user35.json,idx_34
waveOut,trainingSamples,raw_data/EMG-EPN612/testingJSON/user35/user35.json,idx_35
waveOut,trainingSamples,raw_data/EMG-EPN612/testingJSON/user35/user35.json,idx_36
waveOut,trainingSamples,raw_data/EMG-EPN612/testingJSON/user35/user35.json,idx_37
waveOut,trainingSamples,raw_data/EMG-EPN612/testingJSON/user35/user35.json,idx_38
waveOut,trainingSamples,raw_data/EMG-EPN612/testingJSON/user35/user35.json,idx_39
waveOut,trainingSamples,raw_data/EMG-EPN612/testingJSON/user35/user35.json,idx_40
waveOut,trainingSamples,raw_data/EMG-EPN612/testingJSON/user35/user35.json,idx_41
waveOut,trainingSamples,raw_data/EMG-EPN612/testingJSON/user35/user35.json,idx_42
waveOut,trainingSamples,raw_data/EMG-EPN612/testingJSON/user35/user35.json,idx_43
waveOut,trainingSamples,raw_data/EMG-EPN612/testingJSON/user35/user35.json,idx_44
waveOut,trainingSamples,raw_data/EMG-EPN612/testingJSON/user35/user35.json,idx_45
waveOut,trainingSamples,raw_data/EMG-EPN612/testingJSON/user35/user35.json,idx_46
waveOut,trainingSamples,raw_data/EMG-EPN612/testingJSON/user35/user35.json,idx_47
waveOut,trainingSamples,raw_data/EMG-EPN612/testingJSON/user35/user35.json,idx_48
waveOut,trainingSamples,raw_data/EMG-EPN612/testingJSON/user35/user35.json,idx_49
waveOut,trainingSamples,raw_data/EMG-EPN612/testingJSON/user35/user35.json,idx_50
pinch,trainingSamples,raw_data/EMG-EPN612/testingJSON/user35/user35.json,idx_51
pinch,trainingSamples,raw_data/EMG-EPN612/testingJSON/user35/user35.json,idx_52
pinch,trainingSamples,raw_data/EMG-EPN612/testingJSON/user35/user35.json,idx_53
pinch,trainingSamples,raw_data/EMG-EPN612/testingJSON/user35/user35.json,idx_54
pinch,trainingSamples,raw_data/EMG-EPN612/testingJSON/user35/user35.json,idx_55
pinch,trainingSamples,raw_data/EMG-EPN612/testingJSON/user35/user35.json,idx_56
pinch,trainingSamples,raw_data/EMG-EPN612/testingJSON/user35/user35.json,idx_57
pinch,trainingSamples,raw_data/EMG-EPN612/testingJSON/user35/user35.json,idx_58
pinch,trainingSamples,raw_data/EMG-EPN612/testingJSON/user35/user35.json,idx_59
pinch,trainingSamples,raw_data/EMG-EPN612/testingJSON/user35/user35.json,idx_60
pinch,trainingSamples,raw_data/EMG-EPN612/testingJSON/user35/user35.json,idx_61
pinch,trainingSamples,raw_data/EMG-EPN612/testingJSON/user35/user35.json,idx_62
pinch,trainingSamples,raw_data/EMG-EPN612/testingJSON/user35/user35.json,idx_63
pinch,trainingSamples,raw_data/EMG-EPN612/testingJSON/user35/user35.json,idx_64
pinch,trainingSamples,raw_data/EMG-EPN612/testingJSON/user35/user35.json,idx_65
pinch,trainingSamples,raw_data/EMG-EPN612/testingJSON/user35/user35.json,idx_66
pinch,trainingSamples,raw_data/EMG-EPN612/testingJSON/user35/user35.json,idx_67
pinch,trainingSamples,raw_data/EMG-EPN612/testingJSON/user35/user35.json,idx_68
pinch,trainingSamples,raw_data/EMG-EPN612/testingJSON/user35/user35.json,idx_69
pinch,trainingSamples,raw_data/EMG-EPN612/testingJSON/user35/user35.json,idx_70
pinch,trainingSamples,raw_data/EMG-EPN612/testingJSON/user35/user35.json,idx_71
pinch,trainingSamples,raw_data/EMG-EPN612/testingJSON/user35/user35.json,idx_72
pinch,trainingSamples,raw_data/EMG-EPN612/testingJSON/user35/user35.json,idx_73
pinch,trainingSamples,raw_data/EMG-EPN612/testingJSON/user35/user35.json,idx_74
pinch,trainingSamples,raw_data/EMG-EPN612/testingJSON/user35/user35.json,idx_75
fist,trainingSamples,raw_data/EMG-EPN612/testingJSON/user35/user35.json,idx_76
fist,trainingSamples,raw_data/EMG-EPN612/testingJSON/user35/user35.json,idx_77
fist,trainingSamples,raw_data/EMG-EPN612/testingJSON/user35/user35.json,idx_78
fist,trainingSamples,raw_data/EMG-EPN612/testingJSON/user35/user35.json,idx_79
fist,trainingSamples,raw_data/EMG-EPN612/testingJSON/user35/user35.json,idx_80
fist,trainingSamples,raw_data/EMG-EPN612/testingJSON/user35/user35.json,idx_81
fist,trainingSamples,raw_data/EMG-EPN612/testingJSON/user35/user35.json,idx_82
fist,trainingSamples,raw_data/EMG-EPN612/testingJSON/user35/user35.json,idx_83
fist,trainingSamples,raw_data/EMG-EPN612/testingJSON/user35/user35.json,idx_84
fist,trainingSamples,raw_data/EMG-EPN612/testingJSON/user35/user35.json,idx_85
fist,trainingSamples,raw_data/EMG-EPN612/testingJSON/user35/user35.json,idx_86
fist,trainingSamples,raw_data/EMG-EPN612/testingJSON/user35/user35.json,idx_87
fist,trainingSamples,raw_data/EMG-EPN612/testingJSON/user35/user35.json,idx_88
fist,trainingSamples,raw_data/EMG-EPN612/testingJSON/user35/user35.json,idx_89
fist,trainingSamples,raw_data/EMG-EPN612/testingJSON/user35/user35.json,idx_90
fist,trainingSamples,raw_data/EMG-EPN612/testingJSON/user35/user35.json,idx_91
fist,trainingSamples,raw_data/EMG-EPN612/testingJSON/user35/user35.json,idx_92
fist,trainingSamples,raw_data/EMG-EPN612/testingJSON/user35/user35.json,idx_93
fist,trainingSamples,raw_data/EMG-EPN612/testingJSON/user35/user35.json,idx_94
fist,trainingSamples,raw_data/EMG-EPN612/testingJSON/user35/user35.json,idx_95
fist,trainingSamples,raw_data/EMG-EPN612/testingJSON/user35/user35.json,idx_96
fist,trainingSamples,raw_data/EMG-EPN612/testingJSON/user35/user35.json,idx_97
fist,trainingSamples,raw_data/EMG-EPN612/testingJSON/user35/user35.json,idx_98
fist,trainingSamples,raw_data/EMG-EPN612/testingJSON/user35/user35.json,idx_99
fist,trainingSamples,raw_data/EMG-EPN612/testingJSON/user35/user35.json,idx_100
waveIn,trainingSamples,raw_data/EMG-EPN612/testingJSON/user35/user35.json,idx_101
waveIn,trainingSamples,raw_data/EMG-EPN612/testingJSON/user35/user35.json,idx_102
waveIn,trainingSamples,raw_data/EMG-EPN612/testingJSON/user35/user35.json,idx_103
waveIn,trainingSamples,raw_data/EMG-EPN612/testingJSON/user35/user35.json,idx_104
waveIn,trainingSamples,raw_data/EMG-EPN612/testingJSON/user35/user35.json,idx_105
waveIn,trainingSamples,raw_data/EMG-EPN612/testingJSON/user35/user35.json,idx_106
waveIn,trainingSamples,raw_data/EMG-EPN612/testingJSON/user35/user35.json,idx_107
waveIn,trainingSamples,raw_data/EMG-EPN612/testingJSON/user35/user35.json,idx_108
waveIn,trainingSamples,raw_data/EMG-EPN612/testingJSON/user35/user35.json,idx_109
waveIn,trainingSamples,raw_data/EMG-EPN612/testingJSON/user35/user35.json,idx_110
waveIn,trainingSamples,raw_data/EMG-EPN612/testingJSON/user35/user35.json,idx_111
waveIn,trainingSamples,raw_data/EMG-EPN612/testingJSON/user35/user35.json,idx_112
waveIn,trainingSamples,raw_data/EMG-EPN612/testingJSON/user35/user35.json,idx_113
waveIn,trainingSamples,raw_data/EMG-EPN612/testingJSON/user35/user35.json,idx_114
waveIn,trainingSamples,raw_data/EMG-EPN612/testingJSON/user35/user35.json,idx_115
waveIn,trainingSamples,raw_data/EMG-EPN612/testingJSON/user35/user35.json,idx_116
waveIn,trainingSamples,raw_data/EMG-EPN612/testingJSON/user35/user35.json,idx_117
waveIn,trainingSamples,raw_data/EMG-EPN612/testingJSON/user35/user35.json,idx_118
waveIn,trainingSamples,raw_data/EMG-EPN612/testingJSON/user35/user35.json,idx_119
waveIn,trainingSamples,raw_data/EMG-EPN612/testingJSON/user35/user35.json,idx_120
waveIn,trainingSamples,raw_data/EMG-EPN612/testingJSON/user35/user35.json,idx_121
waveIn,trainingSamples,raw_data/EMG-EPN612/testingJSON/user35/user35.json,idx_122
waveIn,trainingSamples,raw_data/EMG-EPN612/testingJSON/user35/user35.json,idx_123
waveIn,trainingSamples,raw_data/EMG-EPN612/testingJSON/user35/user35.json,idx_124
waveIn,trainingSamples,raw_data/EMG-EPN612/testingJSON/user35/user35.json,idx_125
open,trainingSamples,raw_data/EMG-EPN612/testingJSON/user35/user35.json,idx_126
open,trainingSamples,raw_data/EMG-EPN612/testingJSON/user35/user35.json,idx_127
open,trainingSamples,raw_data/EMG-EPN612/testingJSON/user35/user35.json,idx_128
open,trainingSamples,raw_data/EMG-EPN612/testingJSON/user35/user35.json,idx_129
open,trainingSamples,raw_data/EMG-EPN612/testingJSON/user35/user35.json,idx_130
open,trainingSamples,raw_data/EMG-EPN612/testingJSON/user35/user35.json,idx_131
open,trainingSamples,raw_data/EMG-EPN612/testingJSON/user35/user35.json,idx_132
open,trainingSamples,raw_data/EMG-EPN612/testingJSON/user35/user35.json,idx_133
open,trainingSamples,raw_data/EMG-EPN612/testingJSON/user35/user35.json,idx_134
open,trainingSamples,raw_data/EMG-EPN612/testingJSON/user35/user35.json,idx_135
open,trainingSamples,raw_data/EMG-EPN612/testingJSON/user35/user35.json,idx_136
open,trainingSamples,raw_data/EMG-EPN612/testingJSON/user35/user35.json,idx_137
open,trainingSamples,raw_data/EMG-EPN612/testingJSON/user35/user35.json,idx_138
open,trainingSamples,raw_data/EMG-EPN612/testingJSON/user35/user35.json,idx_139
open,trainingSamples,raw_data/EMG-EPN612/testingJSON/user35/user35.json,idx_140
open,trainingSamples,raw_data/EMG-EPN612/testingJSON/user35/user35.json,idx_141
open,trainingSamples,raw_data/EMG-EPN612/testingJSON/user35/user35.json,idx_142
open,trainingSamples,raw_data/EMG-EPN612/testingJSON/user35/user35.json,idx_143
open,trainingSamples,raw_data/EMG-EPN612/testingJSON/user35/user35.json,idx_144
open,trainingSamples,raw_data/EMG-EPN612/testingJSON/user35/user35.json,idx_145
open,trainingSamples,raw_data/EMG-EPN612/testingJSON/user35/user35.json,idx_146
open,trainingSamples,raw_data/EMG-EPN612/testingJSON/user35/user35.json,idx_147
open,trainingSamples,raw_data/EMG-EPN612/testingJSON/user35/user35.json,idx_148
open,trainingSamples,raw_data/EMG-EPN612/testingJSON/user35/user35.json,idx_149
open,trainingSamples,raw_data/EMG-EPN612/testingJSON/user35/user35.json,idx_150
noGesture,trainingSamples,raw_data/EMG-EPN612/testingJSON/user36/user36.json,idx_1
noGesture,trainingSamples,raw_data/EMG-EPN612/testingJSON/user36/user36.json,idx_2
noGesture,trainingSamples,raw_data/EMG-EPN612/testingJSON/user36/user36.json,idx_3
noGesture,trainingSamples,raw_data/EMG-EPN612/testingJSON/user36/user36.json,idx_4
noGesture,trainingSamples,raw_data/EMG-EPN612/testingJSON/user36/user36.json,idx_5
noGesture,trainingSamples,raw_data/EMG-EPN612/testingJSON/user36/user36.json,idx_6
noGesture,trainingSamples,raw_data/EMG-EPN612/testingJSON/user36/user36.json,idx_7
noGesture,trainingSamples,raw_data/EMG-EPN612/testingJSON/user36/user36.json,idx_8
noGesture,trainingSamples,raw_data/EMG-EPN612/testingJSON/user36/user36.json,idx_9
noGesture,trainingSamples,raw_data/EMG-EPN612/testingJSON/user36/user36.json,idx_10
noGesture,trainingSamples,raw_data/EMG-EPN612/testingJSON/user36/user36.json,idx_11
noGesture,trainingSamples,raw_data/EMG-EPN612/testingJSON/user36/user36.json,idx_12
noGesture,trainingSamples,raw_data/EMG-EPN612/testingJSON/user36/user36.json,idx_13
noGesture,trainingSamples,raw_data/EMG-EPN612/testingJSON/user36/user36.json,idx_14
noGesture,trainingSamples,raw_data/EMG-EPN612/testingJSON/user36/user36.json,idx_15
noGesture,trainingSamples,raw_data/EMG-EPN612/testingJSON/user36/user36.json,idx_16
noGesture,trainingSamples,raw_data/EMG-EPN612/testingJSON/user36/user36.json,idx_17
noGesture,trainingSamples,raw_data/EMG-EPN612/testingJSON/user36/user36.json,idx_18
noGesture,trainingSamples,raw_data/EMG-EPN612/testingJSON/user36/user36.json,idx_19
noGesture,trainingSamples,raw_data/EMG-EPN612/testingJSON/user36/user36.json,idx_20
noGesture,trainingSamples,raw_data/EMG-EPN612/testingJSON/user36/user36.json,idx_21
noGesture,trainingSamples,raw_data/EMG-EPN612/testingJSON/user36/user36.json,idx_22
noGesture,trainingSamples,raw_data/EMG-EPN612/testingJSON/user36/user36.json,idx_23
noGesture,trainingSamples,raw_data/EMG-EPN612/testingJSON/user36/user36.json,idx_24
noGesture,trainingSamples,raw_data/EMG-EPN612/testingJSON/user36/user36.json,idx_25
waveOut,trainingSamples,raw_data/EMG-EPN612/testingJSON/user36/user36.json,idx_26
waveOut,trainingSamples,raw_data/EMG-EPN612/testingJSON/user36/user36.json,idx_27
waveOut,trainingSamples,raw_data/EMG-EPN612/testingJSON/user36/user36.json,idx_28
waveOut,trainingSamples,raw_data/EMG-EPN612/testingJSON/user36/user36.json,idx_29
waveOut,trainingSamples,raw_data/EMG-EPN612/testingJSON/user36/user36.json,idx_30
waveOut,trainingSamples,raw_data/EMG-EPN612/testingJSON/user36/user36.json,idx_31
waveOut,trainingSamples,raw_data/EMG-EPN612/testingJSON/user36/user36.json,idx_32
waveOut,trainingSamples,raw_data/EMG-EPN612/testingJSON/user36/user36.json,idx_33
waveOut,trainingSamples,raw_data/EMG-EPN612/testingJSON/user36/user36.json,idx_34
waveOut,trainingSamples,raw_data/EMG-EPN612/testingJSON/user36/user36.json,idx_35
waveOut,trainingSamples,raw_data/EMG-EPN612/testingJSON/user36/user36.json,idx_36
waveOut,trainingSamples,raw_data/EMG-EPN612/testingJSON/user36/user36.json,idx_37
waveOut,trainingSamples,raw_data/EMG-EPN612/testingJSON/user36/user36.json,idx_38
waveOut,trainingSamples,raw_data/EMG-EPN612/testingJSON/user36/user36.json,idx_39
waveOut,trainingSamples,raw_data/EMG-EPN612/testingJSON/user36/user36.json,idx_40
waveOut,trainingSamples,raw_data/EMG-EPN612/testingJSON/user36/user36.json,idx_41
waveOut,trainingSamples,raw_data/EMG-EPN612/testingJSON/user36/user36.json,idx_42
waveOut,trainingSamples,raw_data/EMG-EPN612/testingJSON/user36/user36.json,idx_43
waveOut,trainingSamples,raw_data/EMG-EPN612/testingJSON/user36/user36.json,idx_44
waveOut,trainingSamples,raw_data/EMG-EPN612/testingJSON/user36/user36.json,idx_45
waveOut,trainingSamples,raw_data/EMG-EPN612/testingJSON/user36/user36.json,idx_46
waveOut,trainingSamples,raw_data/EMG-EPN612/testingJSON/user36/user36.json,idx_47
waveOut,trainingSamples,raw_data/EMG-EPN612/testingJSON/user36/user36.json,idx_48
waveOut,trainingSamples,raw_data/EMG-EPN612/testingJSON/user36/user36.json,idx_49
waveOut,trainingSamples,raw_data/EMG-EPN612/testingJSON/user36/user36.json,idx_50
pinch,trainingSamples,raw_data/EMG-EPN612/testingJSON/user36/user36.json,idx_51
pinch,trainingSamples,raw_data/EMG-EPN612/testingJSON/user36/user36.json,idx_52
pinch,trainingSamples,raw_data/EMG-EPN612/testingJSON/user36/user36.json,idx_53
pinch,trainingSamples,raw_data/EMG-EPN612/testingJSON/user36/user36.json,idx_54
pinch,trainingSamples,raw_data/EMG-EPN612/testingJSON/user36/user36.json,idx_55
pinch,trainingSamples,raw_data/EMG-EPN612/testingJSON/user36/user36.json,idx_56
pinch,trainingSamples,raw_data/EMG-EPN612/testingJSON/user36/user36.json,idx_57
pinch,trainingSamples,raw_data/EMG-EPN612/testingJSON/user36/user36.json,idx_58
pinch,trainingSamples,raw_data/EMG-EPN612/testingJSON/user36/user36.json,idx_59
pinch,trainingSamples,raw_data/EMG-EPN612/testingJSON/user36/user36.json,idx_60
pinch,trainingSamples,raw_data/EMG-EPN612/testingJSON/user36/user36.json,idx_61
pinch,trainingSamples,raw_data/EMG-EPN612/testingJSON/user36/user36.json,idx_62
pinch,trainingSamples,raw_data/EMG-EPN612/testingJSON/user36/user36.json,idx_63
pinch,trainingSamples,raw_data/EMG-EPN612/testingJSON/user36/user36.json,idx_64
pinch,trainingSamples,raw_data/EMG-EPN612/testingJSON/user36/user36.json,idx_65
pinch,trainingSamples,raw_data/EMG-EPN612/testingJSON/user36/user36.json,idx_66
pinch,trainingSamples,raw_data/EMG-EPN612/testingJSON/user36/user36.json,idx_67
pinch,trainingSamples,raw_data/EMG-EPN612/testingJSON/user36/user36.json,idx_68
pinch,trainingSamples,raw_data/EMG-EPN612/testingJSON/user36/user36.json,idx_69
pinch,trainingSamples,raw_data/EMG-EPN612/testingJSON/user36/user36.json,idx_70
pinch,trainingSamples,raw_data/EMG-EPN612/testingJSON/user36/user36.json,idx_71
pinch,trainingSamples,raw_data/EMG-EPN612/testingJSON/user36/user36.json,idx_72
pinch,trainingSamples,raw_data/EMG-EPN612/testingJSON/user36/user36.json,idx_73
pinch,trainingSamples,raw_data/EMG-EPN612/testingJSON/user36/user36.json,idx_74
pinch,trainingSamples,raw_data/EMG-EPN612/testingJSON/user36/user36.json,idx_75
fist,trainingSamples,raw_data/EMG-EPN612/testingJSON/user36/user36.json,idx_76
fist,trainingSamples,raw_data/EMG-EPN612/testingJSON/user36/user36.json,idx_77
fist,trainingSamples,raw_data/EMG-EPN612/testingJSON/user36/user36.json,idx_78
fist,trainingSamples,raw_data/EMG-EPN612/testingJSON/user36/user36.json,idx_79
fist,trainingSamples,raw_data/EMG-EPN612/testingJSON/user36/user36.json,idx_80
fist,trainingSamples,raw_data/EMG-EPN612/testingJSON/user36/user36.json,idx_81
fist,trainingSamples,raw_data/EMG-EPN612/testingJSON/user36/user36.json,idx_82
fist,trainingSamples,raw_data/EMG-EPN612/testingJSON/user36/user36.json,idx_83
fist,trainingSamples,raw_data/EMG-EPN612/testingJSON/user36/user36.json,idx_84
fist,trainingSamples,raw_data/EMG-EPN612/testingJSON/user36/user36.json,idx_85
fist,trainingSamples,raw_data/EMG-EPN612/testingJSON/user36/user36.json,idx_86
fist,trainingSamples,raw_data/EMG-EPN612/testingJSON/user36/user36.json,idx_87
fist,trainingSamples,raw_data/EMG-EPN612/testingJSON/user36/user36.json,idx_88
fist,trainingSamples,raw_data/EMG-EPN612/testingJSON/user36/user36.json,idx_89
fist,trainingSamples,raw_data/EMG-EPN612/testingJSON/user36/user36.json,idx_90
fist,trainingSamples,raw_data/EMG-EPN612/testingJSON/user36/user36.json,idx_91
fist,trainingSamples,raw_data/EMG-EPN612/testingJSON/user36/user36.json,idx_92
fist,trainingSamples,raw_data/EMG-EPN612/testingJSON/user36/user36.json,idx_93
fist,trainingSamples,raw_data/EMG-EPN612/testingJSON/user36/user36.json,idx_94
fist,trainingSamples,raw_data/EMG-EPN612/testingJSON/user36/user36.json,idx_95
fist,trainingSamples,raw_data/EMG-EPN612/testingJSON/user36/user36.json,idx_96
fist,trainingSamples,raw_data/EMG-EPN612/testingJSON/user36/user36.json,idx_97
fist,trainingSamples,raw_data/EMG-EPN612/testingJSON/user36/user36.json,idx_98
fist,trainingSamples,raw_data/EMG-EPN612/testingJSON/user36/user36.json,idx_99
fist,trainingSamples,raw_data/EMG-EPN612/testingJSON/user36/user36.json,idx_100
waveIn,trainingSamples,raw_data/EMG-EPN612/testingJSON/user36/user36.json,idx_101
waveIn,trainingSamples,raw_data/EMG-EPN612/testingJSON/user36/user36.json,idx_102
waveIn,trainingSamples,raw_data/EMG-EPN612/testingJSON/user36/user36.json,idx_103
waveIn,trainingSamples,raw_data/EMG-EPN612/testingJSON/user36/user36.json,idx_104
waveIn,trainingSamples,raw_data/EMG-EPN612/testingJSON/user36/user36.json,idx_105
waveIn,trainingSamples,raw_data/EMG-EPN612/testingJSON/user36/user36.json,idx_106
waveIn,trainingSamples,raw_data/EMG-EPN612/testingJSON/user36/user36.json,idx_107
waveIn,trainingSamples,raw_data/EMG-EPN612/testingJSON/user36/user36.json,idx_108
waveIn,trainingSamples,raw_data/EMG-EPN612/testingJSON/user36/user36.json,idx_109
waveIn,trainingSamples,raw_data/EMG-EPN612/testingJSON/user36/user36.json,idx_110
waveIn,trainingSamples,raw_data/EMG-EPN612/testingJSON/user36/user36.json,idx_111
waveIn,trainingSamples,raw_data/EMG-EPN612/testingJSON/user36/user36.json,idx_112
waveIn,trainingSamples,raw_data/EMG-EPN612/testingJSON/user36/user36.json,idx_113
waveIn,trainingSamples,raw_data/EMG-EPN612/testingJSON/user36/user36.json,idx_114
waveIn,trainingSamples,raw_data/EMG-EPN612/testingJSON/user36/user36.json,idx_115
waveIn,trainingSamples,raw_data/EMG-EPN612/testingJSON/user36/user36.json,idx_116
waveIn,trainingSamples,raw_data/EMG-EPN612/testingJSON/user36/user36.json,idx_117
waveIn,trainingSamples,raw_data/EMG-EPN612/testingJSON/user36/user36.json,idx_118
waveIn,trainingSamples,raw_data/EMG-EPN612/testingJSON/user36/user36.json,idx_119
waveIn,trainingSamples,raw_data/EMG-EPN612/testingJSON/user36/user36.json,idx_120
waveIn,trainingSamples,raw_data/EMG-EPN612/testingJSON/user36/user36.json,idx_121
waveIn,trainingSamples,raw_data/EMG-EPN612/testingJSON/user36/user36.json,idx_122
waveIn,trainingSamples,raw_data/EMG-EPN612/testingJSON/user36/user36.json,idx_123
waveIn,trainingSamples,raw_data/EMG-EPN612/testingJSON/user36/user36.json,idx_124
waveIn,trainingSamples,raw_data/EMG-EPN612/testingJSON/user36/user36.json,idx_125
open,trainingSamples,raw_data/EMG-EPN612/testingJSON/user36/user36.json,idx_126
open,trainingSamples,raw_data/EMG-EPN612/testingJSON/user36/user36.json,idx_127
open,trainingSamples,raw_data/EMG-EPN612/testingJSON/user36/user36.json,idx_128
open,trainingSamples,raw_data/EMG-EPN612/testingJSON/user36/user36.json,idx_129
open,trainingSamples,raw_data/EMG-EPN612/testingJSON/user36/user36.json,idx_130
open,trainingSamples,raw_data/EMG-EPN612/testingJSON/user36/user36.json,idx_131
open,trainingSamples,raw_data/EMG-EPN612/testingJSON/user36/user36.json,idx_132
open,trainingSamples,raw_data/EMG-EPN612/testingJSON/user36/user36.json,idx_133
open,trainingSamples,raw_data/EMG-EPN612/testingJSON/user36/user36.json,idx_134
open,trainingSamples,raw_data/EMG-EPN612/testingJSON/user36/user36.json,idx_135
open,trainingSamples,raw_data/EMG-EPN612/testingJSON/user36/user36.json,idx_136
open,trainingSamples,raw_data/EMG-EPN612/testingJSON/user36/user36.json,idx_137
open,trainingSamples,raw_data/EMG-EPN612/testingJSON/user36/user36.json,idx_138
open,trainingSamples,raw_data/EMG-EPN612/testingJSON/user36/user36.json,idx_139
open,trainingSamples,raw_data/EMG-EPN612/testingJSON/user36/user36.json,idx_140
open,trainingSamples,raw_data/EMG-EPN612/testingJSON/user36/user36.json,idx_141
open,trainingSamples,raw_data/EMG-EPN612/testingJSON/user36/user36.json,idx_142
open,trainingSamples,raw_data/EMG-EPN612/testingJSON/user36/user36.json,idx_143
open,trainingSamples,raw_data/EMG-EPN612/testingJSON/user36/user36.json,idx_144
open,trainingSamples,raw_data/EMG-EPN612/testingJSON/user36/user36.json,idx_145
open,trainingSamples,raw_data/EMG-EPN612/testingJSON/user36/user36.json,idx_146
open,trainingSamples,raw_data/EMG-EPN612/testingJSON/user36/user36.json,idx_147
open,trainingSamples,raw_data/EMG-EPN612/testingJSON/user36/user36.json,idx_148
open,trainingSamples,raw_data/EMG-EPN612/testingJSON/user36/user36.json,idx_149
open,trainingSamples,raw_data/EMG-EPN612/testingJSON/user36/user36.json,idx_150
noGesture,trainingSamples,raw_data/EMG-EPN612/testingJSON/user37/user37.json,idx_1
noGesture,trainingSamples,raw_data/EMG-EPN612/testingJSON/user37/user37.json,idx_2
noGesture,trainingSamples,raw_data/EMG-EPN612/testingJSON/user37/user37.json,idx_3
noGesture,trainingSamples,raw_data/EMG-EPN612/testingJSON/user37/user37.json,idx_4
noGesture,trainingSamples,raw_data/EMG-EPN612/testingJSON/user37/user37.json,idx_5
noGesture,trainingSamples,raw_data/EMG-EPN612/testingJSON/user37/user37.json,idx_6
noGesture,trainingSamples,raw_data/EMG-EPN612/testingJSON/user37/user37.json,idx_7
noGesture,trainingSamples,raw_data/EMG-EPN612/testingJSON/user37/user37.json,idx_8
noGesture,trainingSamples,raw_data/EMG-EPN612/testingJSON/user37/user37.json,idx_9
noGesture,trainingSamples,raw_data/EMG-EPN612/testingJSON/user37/user37.json,idx_10
noGesture,trainingSamples,raw_data/EMG-EPN612/testingJSON/user37/user37.json,idx_11
noGesture,trainingSamples,raw_data/EMG-EPN612/testingJSON/user37/user37.json,idx_12
noGesture,trainingSamples,raw_data/EMG-EPN612/testingJSON/user37/user37.json,idx_13
noGesture,trainingSamples,raw_data/EMG-EPN612/testingJSON/user37/user37.json,idx_14
noGesture,trainingSamples,raw_data/EMG-EPN612/testingJSON/user37/user37.json,idx_15
noGesture,trainingSamples,raw_data/EMG-EPN612/testingJSON/user37/user37.json,idx_16
noGesture,trainingSamples,raw_data/EMG-EPN612/testingJSON/user37/user37.json,idx_17
noGesture,trainingSamples,raw_data/EMG-EPN612/testingJSON/user37/user37.json,idx_18
noGesture,trainingSamples,raw_data/EMG-EPN612/testingJSON/user37/user37.json,idx_19
noGesture,trainingSamples,raw_data/EMG-EPN612/testingJSON/user37/user37.json,idx_20
noGesture,trainingSamples,raw_data/EMG-EPN612/testingJSON/user37/user37.json,idx_21
noGesture,trainingSamples,raw_data/EMG-EPN612/testingJSON/user37/user37.json,idx_22
noGesture,trainingSamples,raw_data/EMG-EPN612/testingJSON/user37/user37.json,idx_23
noGesture,trainingSamples,raw_data/EMG-EPN612/testingJSON/user37/user37.json,idx_24
noGesture,trainingSamples,raw_data/EMG-EPN612/testingJSON/user37/user37.json,idx_25
fist,trainingSamples,raw_data/EMG-EPN612/testingJSON/user37/user37.json,idx_26
fist,trainingSamples,raw_data/EMG-EPN612/testingJSON/user37/user37.json,idx_27
fist,trainingSamples,raw_data/EMG-EPN612/testingJSON/user37/user37.json,idx_28
fist,trainingSamples,raw_data/EMG-EPN612/testingJSON/user37/user37.json,idx_29
fist,trainingSamples,raw_data/EMG-EPN612/testingJSON/user37/user37.json,idx_30
fist,trainingSamples,raw_data/EMG-EPN612/testingJSON/user37/user37.json,idx_31
fist,trainingSamples,raw_data/EMG-EPN612/testingJSON/user37/user37.json,idx_32
fist,trainingSamples,raw_data/EMG-EPN612/testingJSON/user37/user37.json,idx_33
fist,trainingSamples,raw_data/EMG-EPN612/testingJSON/user37/user37.json,idx_34
fist,trainingSamples,raw_data/EMG-EPN612/testingJSON/user37/user37.json,idx_35
fist,trainingSamples,raw_data/EMG-EPN612/testingJSON/user37/user37.json,idx_36
fist,trainingSamples,raw_data/EMG-EPN612/testingJSON/user37/user37.json,idx_37
fist,trainingSamples,raw_data/EMG-EPN612/testingJSON/user37/user37.json,idx_38
fist,trainingSamples,raw_data/EMG-EPN612/testingJSON/user37/user37.json,idx_39
fist,trainingSamples,raw_data/EMG-EPN612/testingJSON/user37/user37.json,idx_40
fist,trainingSamples,raw_data/EMG-EPN612/testingJSON/user37/user37.json,idx_41
fist,trainingSamples,raw_data/EMG-EPN612/testingJSON/user37/user37.json,idx_42
fist,trainingSamples,raw_data/EMG-EPN612/testingJSON/user37/user37.json,idx_43
fist,trainingSamples,raw_data/EMG-EPN612/testingJSON/user37/user37.json,idx_44
fist,trainingSamples,raw_data/EMG-EPN612/testingJSON/user37/user37.json,idx_45
fist,trainingSamples,raw_data/EMG-EPN612/testingJSON/user37/user37.json,idx_46
fist,trainingSamples,raw_data/EMG-EPN612/testingJSON/user37/user37.json,idx_47
fist,trainingSamples,raw_data/EMG-EPN612/testingJSON/user37/user37.json,idx_48
fist,trainingSamples,raw_data/EMG-EPN612/testingJSON/user37/user37.json,idx_49
fist,trainingSamples,raw_data/EMG-EPN612/testingJSON/user37/user37.json,idx_50
open,trainingSamples,raw_data/EMG-EPN612/testingJSON/user37/user37.json,idx_51
open,trainingSamples,raw_data/EMG-EPN612/testingJSON/user37/user37.json,idx_52
open,trainingSamples,raw_data/EMG-EPN612/testingJSON/user37/user37.json,idx_53
open,trainingSamples,raw_data/EMG-EPN612/testingJSON/user37/user37.json,idx_54
open,trainingSamples,raw_data/EMG-EPN612/testingJSON/user37/user37.json,idx_55
open,trainingSamples,raw_data/EMG-EPN612/testingJSON/user37/user37.json,idx_56
open,trainingSamples,raw_data/EMG-EPN612/testingJSON/user37/user37.json,idx_57
open,trainingSamples,raw_data/EMG-EPN612/testingJSON/user37/user37.json,idx_58
open,trainingSamples,raw_data/EMG-EPN612/testingJSON/user37/user37.json,idx_59
open,trainingSamples,raw_data/EMG-EPN612/testingJSON/user37/user37.json,idx_60
open,trainingSamples,raw_data/EMG-EPN612/testingJSON/user37/user37.json,idx_61
open,trainingSamples,raw_data/EMG-EPN612/testingJSON/user37/user37.json,idx_62
open,trainingSamples,raw_data/EMG-EPN612/testingJSON/user37/user37.json,idx_63
open,trainingSamples,raw_data/EMG-EPN612/testingJSON/user37/user37.json,idx_64
open,trainingSamples,raw_data/EMG-EPN612/testingJSON/user37/user37.json,idx_65
open,trainingSamples,raw_data/EMG-EPN612/testingJSON/user37/user37.json,idx_66
open,trainingSamples,raw_data/EMG-EPN612/testingJSON/user37/user37.json,idx_67
open,trainingSamples,raw_data/EMG-EPN612/testingJSON/user37/user37.json,idx_68
open,trainingSamples,raw_data/EMG-EPN612/testingJSON/user37/user37.json,idx_69
open,trainingSamples,raw_data/EMG-EPN612/testingJSON/user37/user37.json,idx_70
open,trainingSamples,raw_data/EMG-EPN612/testingJSON/user37/user37.json,idx_71
open,trainingSamples,raw_data/EMG-EPN612/testingJSON/user37/user37.json,idx_72
open,trainingSamples,raw_data/EMG-EPN612/testingJSON/user37/user37.json,idx_73
open,trainingSamples,raw_data/EMG-EPN612/testingJSON/user37/user37.json,idx_74
open,trainingSamples,raw_data/EMG-EPN612/testingJSON/user37/user37.json,idx_75
waveOut,trainingSamples,raw_data/EMG-EPN612/testingJSON/user37/user37.json,idx_76
waveOut,trainingSamples,raw_data/EMG-EPN612/testingJSON/user37/user37.json,idx_77
waveOut,trainingSamples,raw_data/EMG-EPN612/testingJSON/user37/user37.json,idx_78
waveOut,trainingSamples,raw_data/EMG-EPN612/testingJSON/user37/user37.json,idx_79
waveOut,trainingSamples,raw_data/EMG-EPN612/testingJSON/user37/user37.json,idx_80
waveOut,trainingSamples,raw_data/EMG-EPN612/testingJSON/user37/user37.json,idx_81
waveOut,trainingSamples,raw_data/EMG-EPN612/testingJSON/user37/user37.json,idx_82
waveOut,trainingSamples,raw_data/EMG-EPN612/testingJSON/user37/user37.json,idx_83
waveOut,trainingSamples,raw_data/EMG-EPN612/testingJSON/user37/user37.json,idx_84
waveOut,trainingSamples,raw_data/EMG-EPN612/testingJSON/user37/user37.json,idx_85
waveOut,trainingSamples,raw_data/EMG-EPN612/testingJSON/user37/user37.json,idx_86
waveOut,trainingSamples,raw_data/EMG-EPN612/testingJSON/user37/user37.json,idx_87
waveOut,trainingSamples,raw_data/EMG-EPN612/testingJSON/user37/user37.json,idx_88
waveOut,trainingSamples,raw_data/EMG-EPN612/testingJSON/user37/user37.json,idx_89
waveOut,trainingSamples,raw_data/EMG-EPN612/testingJSON/user37/user37.json,idx_90
waveOut,trainingSamples,raw_data/EMG-EPN612/testingJSON/user37/user37.json,idx_91
waveOut,trainingSamples,raw_data/EMG-EPN612/testingJSON/user37/user37.json,idx_92
waveOut,trainingSamples,raw_data/EMG-EPN612/testingJSON/user37/user37.json,idx_93
waveOut,trainingSamples,raw_data/EMG-EPN612/testingJSON/user37/user37.json,idx_94
waveOut,trainingSamples,raw_data/EMG-EPN612/testingJSON/user37/user37.json,idx_95
waveOut,trainingSamples,raw_data/EMG-EPN612/testingJSON/user37/user37.json,idx_96
waveOut,trainingSamples,raw_data/EMG-EPN612/testingJSON/user37/user37.json,idx_97
waveOut,trainingSamples,raw_data/EMG-EPN612/testingJSON/user37/user37.json,idx_98
waveOut,trainingSamples,raw_data/EMG-EPN612/testingJSON/user37/user37.json,idx_99
waveOut,trainingSamples,raw_data/EMG-EPN612/testingJSON/user37/user37.json,idx_100
waveIn,trainingSamples,raw_data/EMG-EPN612/testingJSON/user37/user37.json,idx_101
waveIn,trainingSamples,raw_data/EMG-EPN612/testingJSON/user37/user37.json,idx_102
waveIn,trainingSamples,raw_data/EMG-EPN612/testingJSON/user37/user37.json,idx_103
waveIn,trainingSamples,raw_data/EMG-EPN612/testingJSON/user37/user37.json,idx_104
waveIn,trainingSamples,raw_data/EMG-EPN612/testingJSON/user37/user37.json,idx_105
waveIn,trainingSamples,raw_data/EMG-EPN612/testingJSON/user37/user37.json,idx_106
waveIn,trainingSamples,raw_data/EMG-EPN612/testingJSON/user37/user37.json,idx_107
waveIn,trainingSamples,raw_data/EMG-EPN612/testingJSON/user37/user37.json,idx_108
waveIn,trainingSamples,raw_data/EMG-EPN612/testingJSON/user37/user37.json,idx_109
waveIn,trainingSamples,raw_data/EMG-EPN612/testingJSON/user37/user37.json,idx_110
waveIn,trainingSamples,raw_data/EMG-EPN612/testingJSON/user37/user37.json,idx_111
waveIn,trainingSamples,raw_data/EMG-EPN612/testingJSON/user37/user37.json,idx_112
waveIn,trainingSamples,raw_data/EMG-EPN612/testingJSON/user37/user37.json,idx_113
waveIn,trainingSamples,raw_data/EMG-EPN612/testingJSON/user37/user37.json,idx_114
waveIn,trainingSamples,raw_data/EMG-EPN612/testingJSON/user37/user37.json,idx_115
waveIn,trainingSamples,raw_data/EMG-EPN612/testingJSON/user37/user37.json,idx_116
waveIn,trainingSamples,raw_data/EMG-EPN612/testingJSON/user37/user37.json,idx_117
waveIn,trainingSamples,raw_data/EMG-EPN612/testingJSON/user37/user37.json,idx_118
waveIn,trainingSamples,raw_data/EMG-EPN612/testingJSON/user37/user37.json,idx_119
waveIn,trainingSamples,raw_data/EMG-EPN612/testingJSON/user37/user37.json,idx_120
waveIn,trainingSamples,raw_data/EMG-EPN612/testingJSON/user37/user37.json,idx_121
waveIn,trainingSamples,raw_data/EMG-EPN612/testingJSON/user37/user37.json,idx_122
waveIn,trainingSamples,raw_data/EMG-EPN612/testingJSON/user37/user37.json,idx_123
waveIn,trainingSamples,raw_data/EMG-EPN612/testingJSON/user37/user37.json,idx_124
waveIn,trainingSamples,raw_data/EMG-EPN612/testingJSON/user37/user37.json,idx_125
pinch,trainingSamples,raw_data/EMG-EPN612/testingJSON/user37/user37.json,idx_126
pinch,trainingSamples,raw_data/EMG-EPN612/testingJSON/user37/user37.json,idx_127
pinch,trainingSamples,raw_data/EMG-EPN612/testingJSON/user37/user37.json,idx_128
pinch,trainingSamples,raw_data/EMG-EPN612/testingJSON/user37/user37.json,idx_129
pinch,trainingSamples,raw_data/EMG-EPN612/testingJSON/user37/user37.json,idx_130
pinch,trainingSamples,raw_data/EMG-EPN612/testingJSON/user37/user37.json,idx_131
pinch,trainingSamples,raw_data/EMG-EPN612/testingJSON/user37/user37.json,idx_132
pinch,trainingSamples,raw_data/EMG-EPN612/testingJSON/user37/user37.json,idx_133
pinch,trainingSamples,raw_data/EMG-EPN612/testingJSON/user37/user37.json,idx_134
pinch,trainingSamples,raw_data/EMG-EPN612/testingJSON/user37/user37.json,idx_135
pinch,trainingSamples,raw_data/EMG-EPN612/testingJSON/user37/user37.json,idx_136
pinch,trainingSamples,raw_data/EMG-EPN612/testingJSON/user37/user37.json,idx_137
pinch,trainingSamples,raw_data/EMG-EPN612/testingJSON/user37/user37.json,idx_138
pinch,trainingSamples,raw_data/EMG-EPN612/testingJSON/user37/user37.json,idx_139
pinch,trainingSamples,raw_data/EMG-EPN612/testingJSON/user37/user37.json,idx_140
pinch,trainingSamples,raw_data/EMG-EPN612/testingJSON/user37/user37.json,idx_141
pinch,trainingSamples,raw_data/EMG-EPN612/testingJSON/user37/user37.json,idx_142
pinch,trainingSamples,raw_data/EMG-EPN612/testingJSON/user37/user37.json,idx_143
pinch,trainingSamples,raw_data/EMG-EPN612/testingJSON/user37/user37.json,idx_144
pinch,trainingSamples,raw_data/EMG-EPN612/testingJSON/user37/user37.json,idx_145
pinch,trainingSamples,raw_data/EMG-EPN612/testingJSON/user37/user37.json,idx_146
pinch,trainingSamples,raw_data/EMG-EPN612/testingJSON/user37/user37.json,idx_147
pinch,trainingSamples,raw_data/EMG-EPN612/testingJSON/user37/user37.json,idx_148
pinch,trainingSamples,raw_data/EMG-EPN612/testingJSON/user37/user37.json,idx_149
pinch,trainingSamples,raw_data/EMG-EPN612/testingJSON/user37/user37.json,idx_150
noGesture,trainingSamples,raw_data/EMG-EPN612/testingJSON/user38/user38.json,idx_1
noGesture,trainingSamples,raw_data/EMG-EPN612/testingJSON/user38/user38.json,idx_2
noGesture,trainingSamples,raw_data/EMG-EPN612/testingJSON/user38/user38.json,idx_3
noGesture,trainingSamples,raw_data/EMG-EPN612/testingJSON/user38/user38.json,idx_4
noGesture,trainingSamples,raw_data/EMG-EPN612/testingJSON/user38/user38.json,idx_5
noGesture,trainingSamples,raw_data/EMG-EPN612/testingJSON/user38/user38.json,idx_6
noGesture,trainingSamples,raw_data/EMG-EPN612/testingJSON/user38/user38.json,idx_7
noGesture,trainingSamples,raw_data/EMG-EPN612/testingJSON/user38/user38.json,idx_8
noGesture,trainingSamples,raw_data/EMG-EPN612/testingJSON/user38/user38.json,idx_9
noGesture,trainingSamples,raw_data/EMG-EPN612/testingJSON/user38/user38.json,idx_10
noGesture,trainingSamples,raw_data/EMG-EPN612/testingJSON/user38/user38.json,idx_11
noGesture,trainingSamples,raw_data/EMG-EPN612/testingJSON/user38/user38.json,idx_12
noGesture,trainingSamples,raw_data/EMG-EPN612/testingJSON/user38/user38.json,idx_13
noGesture,trainingSamples,raw_data/EMG-EPN612/testingJSON/user38/user38.json,idx_14
noGesture,trainingSamples,raw_data/EMG-EPN612/testingJSON/user38/user38.json,idx_15
noGesture,trainingSamples,raw_data/EMG-EPN612/testingJSON/user38/user38.json,idx_16
noGesture,trainingSamples,raw_data/EMG-EPN612/testingJSON/user38/user38.json,idx_17
noGesture,trainingSamples,raw_data/EMG-EPN612/testingJSON/user38/user38.json,idx_18
noGesture,trainingSamples,raw_data/EMG-EPN612/testingJSON/user38/user38.json,idx_19
noGesture,trainingSamples,raw_data/EMG-EPN612/testingJSON/user38/user38.json,idx_20
noGesture,trainingSamples,raw_data/EMG-EPN612/testingJSON/user38/user38.json,idx_21
noGesture,trainingSamples,raw_data/EMG-EPN612/testingJSON/user38/user38.json,idx_22
noGesture,trainingSamples,raw_data/EMG-EPN612/testingJSON/user38/user38.json,idx_23
noGesture,trainingSamples,raw_data/EMG-EPN612/testingJSON/user38/user38.json,idx_24
noGesture,trainingSamples,raw_data/EMG-EPN612/testingJSON/user38/user38.json,idx_25
open,trainingSamples,raw_data/EMG-EPN612/testingJSON/user38/user38.json,idx_26
open,trainingSamples,raw_data/EMG-EPN612/testingJSON/user38/user38.json,idx_27
open,trainingSamples,raw_data/EMG-EPN612/testingJSON/user38/user38.json,idx_28
open,trainingSamples,raw_data/EMG-EPN612/testingJSON/user38/user38.json,idx_29
open,trainingSamples,raw_data/EMG-EPN612/testingJSON/user38/user38.json,idx_30
open,trainingSamples,raw_data/EMG-EPN612/testingJSON/user38/user38.json,idx_31
open,trainingSamples,raw_data/EMG-EPN612/testingJSON/user38/user38.json,idx_32
open,trainingSamples,raw_data/EMG-EPN612/testingJSON/user38/user38.json,idx_33
open,trainingSamples,raw_data/EMG-EPN612/testingJSON/user38/user38.json,idx_34
open,trainingSamples,raw_data/EMG-EPN612/testingJSON/user38/user38.json,idx_35
open,trainingSamples,raw_data/EMG-EPN612/testingJSON/user38/user38.json,idx_36
open,trainingSamples,raw_data/EMG-EPN612/testingJSON/user38/user38.json,idx_37
open,trainingSamples,raw_data/EMG-EPN612/testingJSON/user38/user38.json,idx_38
open,trainingSamples,raw_data/EMG-EPN612/testingJSON/user38/user38.json,idx_39
open,trainingSamples,raw_data/EMG-EPN612/testingJSON/user38/user38.json,idx_40
open,trainingSamples,raw_data/EMG-EPN612/testingJSON/user38/user38.json,idx_41
open,trainingSamples,raw_data/EMG-EPN612/testingJSON/user38/user38.json,idx_42
open,trainingSamples,raw_data/EMG-EPN612/testingJSON/user38/user38.json,idx_43
open,trainingSamples,raw_data/EMG-EPN612/testingJSON/user38/user38.json,idx_44
open,trainingSamples,raw_data/EMG-EPN612/testingJSON/user38/user38.json,idx_45
open,trainingSamples,raw_data/EMG-EPN612/testingJSON/user38/user38.json,idx_46
open,trainingSamples,raw_data/EMG-EPN612/testingJSON/user38/user38.json,idx_47
open,trainingSamples,raw_data/EMG-EPN612/testingJSON/user38/user38.json,idx_48
open,trainingSamples,raw_data/EMG-EPN612/testingJSON/user38/user38.json,idx_49
open,trainingSamples,raw_data/EMG-EPN612/testingJSON/user38/user38.json,idx_50
pinch,trainingSamples,raw_data/EMG-EPN612/testingJSON/user38/user38.json,idx_51
pinch,trainingSamples,raw_data/EMG-EPN612/testingJSON/user38/user38.json,idx_52
pinch,trainingSamples,raw_data/EMG-EPN612/testingJSON/user38/user38.json,idx_53
pinch,trainingSamples,raw_data/EMG-EPN612/testingJSON/user38/user38.json,idx_54
pinch,trainingSamples,raw_data/EMG-EPN612/testingJSON/user38/user38.json,idx_55
pinch,trainingSamples,raw_data/EMG-EPN612/testingJSON/user38/user38.json,idx_56
pinch,trainingSamples,raw_data/EMG-EPN612/testingJSON/user38/user38.json,idx_57
pinch,trainingSamples,raw_data/EMG-EPN612/testingJSON/user38/user38.json,idx_58
pinch,trainingSamples,raw_data/EMG-EPN612/testingJSON/user38/user38.json,idx_59
pinch,trainingSamples,raw_data/EMG-EPN612/testingJSON/user38/user38.json,idx_60
pinch,trainingSamples,raw_data/EMG-EPN612/testingJSON/user38/user38.json,idx_61
pinch,trainingSamples,raw_data/EMG-EPN612/testingJSON/user38/user38.json,idx_62
pinch,trainingSamples,raw_data/EMG-EPN612/testingJSON/user38/user38.json,idx_63
pinch,trainingSamples,raw_data/EMG-EPN612/testingJSON/user38/user38.json,idx_64
pinch,trainingSamples,raw_data/EMG-EPN612/testingJSON/user38/user38.json,idx_65
pinch,trainingSamples,raw_data/EMG-EPN612/testingJSON/user38/user38.json,idx_66
pinch,trainingSamples,raw_data/EMG-EPN612/testingJSON/user38/user38.json,idx_67
pinch,trainingSamples,raw_data/EMG-EPN612/testingJSON/user38/user38.json,idx_68
pinch,trainingSamples,raw_data/EMG-EPN612/testingJSON/user38/user38.json,idx_69
pinch,trainingSamples,raw_data/EMG-EPN612/testingJSON/user38/user38.json,idx_70
pinch,trainingSamples,raw_data/EMG-EPN612/testingJSON/user38/user38.json,idx_71
pinch,trainingSamples,raw_data/EMG-EPN612/testingJSON/user38/user38.json,idx_72
pinch,trainingSamples,raw_data/EMG-EPN612/testingJSON/user38/user38.json,idx_73
pinch,trainingSamples,raw_data/EMG-EPN612/testingJSON/user38/user38.json,idx_74
pinch,trainingSamples,raw_data/EMG-EPN612/testingJSON/user38/user38.json,idx_75
fist,trainingSamples,raw_data/EMG-EPN612/testingJSON/user38/user38.json,idx_76
fist,trainingSamples,raw_data/EMG-EPN612/testingJSON/user38/user38.json,idx_77
fist,trainingSamples,raw_data/EMG-EPN612/testingJSON/user38/user38.json,idx_78
fist,trainingSamples,raw_data/EMG-EPN612/testingJSON/user38/user38.json,idx_79
fist,trainingSamples,raw_data/EMG-EPN612/testingJSON/user38/user38.json,idx_80
fist,trainingSamples,raw_data/EMG-EPN612/testingJSON/user38/user38.json,idx_81
fist,trainingSamples,raw_data/EMG-EPN612/testingJSON/user38/user38.json,idx_82
fist,trainingSamples,raw_data/EMG-EPN612/testingJSON/user38/user38.json,idx_83
fist,trainingSamples,raw_data/EMG-EPN612/testingJSON/user38/user38.json,idx_84
fist,trainingSamples,raw_data/EMG-EPN612/testingJSON/user38/user38.json,idx_85
fist,trainingSamples,raw_data/EMG-EPN612/testingJSON/user38/user38.json,idx_86
fist,trainingSamples,raw_data/EMG-EPN612/testingJSON/user38/user38.json,idx_87
fist,trainingSamples,raw_data/EMG-EPN612/testingJSON/user38/user38.json,idx_88
fist,trainingSamples,raw_data/EMG-EPN612/testingJSON/user38/user38.json,idx_89
fist,trainingSamples,raw_data/EMG-EPN612/testingJSON/user38/user38.json,idx_90
fist,trainingSamples,raw_data/EMG-EPN612/testingJSON/user38/user38.json,idx_91
fist,trainingSamples,raw_data/EMG-EPN612/testingJSON/user38/user38.json,idx_92
fist,trainingSamples,raw_data/EMG-EPN612/testingJSON/user38/user38.json,idx_93
fist,trainingSamples,raw_data/EMG-EPN612/testingJSON/user38/user38.json,idx_94
fist,trainingSamples,raw_data/EMG-EPN612/testingJSON/user38/user38.json,idx_95
fist,trainingSamples,raw_data/EMG-EPN612/testingJSON/user38/user38.json,idx_96
fist,trainingSamples,raw_data/EMG-EPN612/testingJSON/user38/user38.json,idx_97
fist,trainingSamples,raw_data/EMG-EPN612/testingJSON/user38/user38.json,idx_98
fist,trainingSamples,raw_data/EMG-EPN612/testingJSON/user38/user38.json,idx_99
fist,trainingSamples,raw_data/EMG-EPN612/testingJSON/user38/user38.json,idx_100
waveOut,trainingSamples,raw_data/EMG-EPN612/testingJSON/user38/user38.json,idx_101
waveOut,trainingSamples,raw_data/EMG-EPN612/testingJSON/user38/user38.json,idx_102
waveOut,trainingSamples,raw_data/EMG-EPN612/testingJSON/user38/user38.json,idx_103
waveOut,trainingSamples,raw_data/EMG-EPN612/testingJSON/user38/user38.json,idx_104
waveOut,trainingSamples,raw_data/EMG-EPN612/testingJSON/user38/user38.json,idx_105
waveOut,trainingSamples,raw_data/EMG-EPN612/testingJSON/user38/user38.json,idx_106
waveOut,trainingSamples,raw_data/EMG-EPN612/testingJSON/user38/user38.json,idx_107
waveOut,trainingSamples,raw_data/EMG-EPN612/testingJSON/user38/user38.json,idx_108
waveOut,trainingSamples,raw_data/EMG-EPN612/testingJSON/user38/user38.json,idx_109
waveOut,trainingSamples,raw_data/EMG-EPN612/testingJSON/user38/user38.json,idx_110
waveOut,trainingSamples,raw_data/EMG-EPN612/testingJSON/user38/user38.json,idx_111
waveOut,trainingSamples,raw_data/EMG-EPN612/testingJSON/user38/user38.json,idx_112
waveOut,trainingSamples,raw_data/EMG-EPN612/testingJSON/user38/user38.json,idx_113
waveOut,trainingSamples,raw_data/EMG-EPN612/testingJSON/user38/user38.json,idx_114
waveOut,trainingSamples,raw_data/EMG-EPN612/testingJSON/user38/user38.json,idx_115
waveOut,trainingSamples,raw_data/EMG-EPN612/testingJSON/user38/user38.json,idx_116
waveOut,trainingSamples,raw_data/EMG-EPN612/testingJSON/user38/user38.json,idx_117
waveOut,trainingSamples,raw_data/EMG-EPN612/testingJSON/user38/user38.json,idx_118
waveOut,trainingSamples,raw_data/EMG-EPN612/testingJSON/user38/user38.json,idx_119
waveOut,trainingSamples,raw_data/EMG-EPN612/testingJSON/user38/user38.json,idx_120
waveOut,trainingSamples,raw_data/EMG-EPN612/testingJSON/user38/user38.json,idx_121
waveOut,trainingSamples,raw_data/EMG-EPN612/testingJSON/user38/user38.json,idx_122
waveOut,trainingSamples,raw_data/EMG-EPN612/testingJSON/user38/user38.json,idx_123
waveOut,trainingSamples,raw_data/EMG-EPN612/testingJSON/user38/user38.json,idx_124
waveOut,trainingSamples,raw_data/EMG-EPN612/testingJSON/user38/user38.json,idx_125
waveIn,trainingSamples,raw_data/EMG-EPN612/testingJSON/user38/user38.json,idx_126
waveIn,trainingSamples,raw_data/EMG-EPN612/testingJSON/user38/user38.json,idx_127
waveIn,trainingSamples,raw_data/EMG-EPN612/testingJSON/user38/user38.json,idx_128
waveIn,trainingSamples,raw_data/EMG-EPN612/testingJSON/user38/user38.json,idx_129
waveIn,trainingSamples,raw_data/EMG-EPN612/testingJSON/user38/user38.json,idx_130
waveIn,trainingSamples,raw_data/EMG-EPN612/testingJSON/user38/user38.json,idx_131
waveIn,trainingSamples,raw_data/EMG-EPN612/testingJSON/user38/user38.json,idx_132
waveIn,trainingSamples,raw_data/EMG-EPN612/testingJSON/user38/user38.json,idx_133
waveIn,trainingSamples,raw_data/EMG-EPN612/testingJSON/user38/user38.json,idx_134
waveIn,trainingSamples,raw_data/EMG-EPN612/testingJSON/user38/user38.json,idx_135
waveIn,trainingSamples,raw_data/EMG-EPN612/testingJSON/user38/user38.json,idx_136
waveIn,trainingSamples,raw_data/EMG-EPN612/testingJSON/user38/user38.json,idx_137
waveIn,trainingSamples,raw_data/EMG-EPN612/testingJSON/user38/user38.json,idx_138
waveIn,trainingSamples,raw_data/EMG-EPN612/testingJSON/user38/user38.json,idx_139
waveIn,trainingSamples,raw_data/EMG-EPN612/testingJSON/user38/user38.json,idx_140
waveIn,trainingSamples,raw_data/EMG-EPN612/testingJSON/user38/user38.json,idx_141
waveIn,trainingSamples,raw_data/EMG-EPN612/testingJSON/user38/user38.json,idx_142
waveIn,trainingSamples,raw_data/EMG-EPN612/testingJSON/user38/user38.json,idx_143
waveIn,trainingSamples,raw_data/EMG-EPN612/testingJSON/user38/user38.json,idx_144
waveIn,trainingSamples,raw_data/EMG-EPN612/testingJSON/user38/user38.json,idx_145
waveIn,trainingSamples,raw_data/EMG-EPN612/testingJSON/user38/user38.json,idx_146
waveIn,trainingSamples,raw_data/EMG-EPN612/testingJSON/user38/user38.json,idx_147
waveIn,trainingSamples,raw_data/EMG-EPN612/testingJSON/user38/user38.json,idx_148
waveIn,trainingSamples,raw_data/EMG-EPN612/testingJSON/user38/user38.json,idx_149
waveIn,trainingSamples,raw_data/EMG-EPN612/testingJSON/user38/user38.json,idx_150
noGesture,trainingSamples,raw_data/EMG-EPN612/testingJSON/user39/user39.json,idx_1
noGesture,trainingSamples,raw_data/EMG-EPN612/testingJSON/user39/user39.json,idx_2
noGesture,trainingSamples,raw_data/EMG-EPN612/testingJSON/user39/user39.json,idx_3
noGesture,trainingSamples,raw_data/EMG-EPN612/testingJSON/user39/user39.json,idx_4
noGesture,trainingSamples,raw_data/EMG-EPN612/testingJSON/user39/user39.json,idx_5
noGesture,trainingSamples,raw_data/EMG-EPN612/testingJSON/user39/user39.json,idx_6
noGesture,trainingSamples,raw_data/EMG-EPN612/testingJSON/user39/user39.json,idx_7
noGesture,trainingSamples,raw_data/EMG-EPN612/testingJSON/user39/user39.json,idx_8
noGesture,trainingSamples,raw_data/EMG-EPN612/testingJSON/user39/user39.json,idx_9
noGesture,trainingSamples,raw_data/EMG-EPN612/testingJSON/user39/user39.json,idx_10
noGesture,trainingSamples,raw_data/EMG-EPN612/testingJSON/user39/user39.json,idx_11
noGesture,trainingSamples,raw_data/EMG-EPN612/testingJSON/user39/user39.json,idx_12
noGesture,trainingSamples,raw_data/EMG-EPN612/testingJSON/user39/user39.json,idx_13
noGesture,trainingSamples,raw_data/EMG-EPN612/testingJSON/user39/user39.json,idx_14
noGesture,trainingSamples,raw_data/EMG-EPN612/testingJSON/user39/user39.json,idx_15
noGesture,trainingSamples,raw_data/EMG-EPN612/testingJSON/user39/user39.json,idx_16
noGesture,trainingSamples,raw_data/EMG-EPN612/testingJSON/user39/user39.json,idx_17
noGesture,trainingSamples,raw_data/EMG-EPN612/testingJSON/user39/user39.json,idx_18
noGesture,trainingSamples,raw_data/EMG-EPN612/testingJSON/user39/user39.json,idx_19
noGesture,trainingSamples,raw_data/EMG-EPN612/testingJSON/user39/user39.json,idx_20
noGesture,trainingSamples,raw_data/EMG-EPN612/testingJSON/user39/user39.json,idx_21
noGesture,trainingSamples,raw_data/EMG-EPN612/testingJSON/user39/user39.json,idx_22
noGesture,trainingSamples,raw_data/EMG-EPN612/testingJSON/user39/user39.json,idx_23
noGesture,trainingSamples,raw_data/EMG-EPN612/testingJSON/user39/user39.json,idx_24
noGesture,trainingSamples,raw_data/EMG-EPN612/testingJSON/user39/user39.json,idx_25
waveOut,trainingSamples,raw_data/EMG-EPN612/testingJSON/user39/user39.json,idx_26
waveOut,trainingSamples,raw_data/EMG-EPN612/testingJSON/user39/user39.json,idx_27
waveOut,trainingSamples,raw_data/EMG-EPN612/testingJSON/user39/user39.json,idx_28
waveOut,trainingSamples,raw_data/EMG-EPN612/testingJSON/user39/user39.json,idx_29
waveOut,trainingSamples,raw_data/EMG-EPN612/testingJSON/user39/user39.json,idx_30
waveOut,trainingSamples,raw_data/EMG-EPN612/testingJSON/user39/user39.json,idx_31
waveOut,trainingSamples,raw_data/EMG-EPN612/testingJSON/user39/user39.json,idx_32
waveOut,trainingSamples,raw_data/EMG-EPN612/testingJSON/user39/user39.json,idx_33
waveOut,trainingSamples,raw_data/EMG-EPN612/testingJSON/user39/user39.json,idx_34
waveOut,trainingSamples,raw_data/EMG-EPN612/testingJSON/user39/user39.json,idx_35
waveOut,trainingSamples,raw_data/EMG-EPN612/testingJSON/user39/user39.json,idx_36
waveOut,trainingSamples,raw_data/EMG-EPN612/testingJSON/user39/user39.json,idx_37
waveOut,trainingSamples,raw_data/EMG-EPN612/testingJSON/user39/user39.json,idx_38
waveOut,trainingSamples,raw_data/EMG-EPN612/testingJSON/user39/user39.json,idx_39
waveOut,trainingSamples,raw_data/EMG-EPN612/testingJSON/user39/user39.json,idx_40
waveOut,trainingSamples,raw_data/EMG-EPN612/testingJSON/user39/user39.json,idx_41
waveOut,trainingSamples,raw_data/EMG-EPN612/testingJSON/user39/user39.json,idx_42
waveOut,trainingSamples,raw_data/EMG-EPN612/testingJSON/user39/user39.json,idx_43
waveOut,trainingSamples,raw_data/EMG-EPN612/testingJSON/user39/user39.json,idx_44
waveOut,trainingSamples,raw_data/EMG-EPN612/testingJSON/user39/user39.json,idx_45
waveOut,trainingSamples,raw_data/EMG-EPN612/testingJSON/user39/user39.json,idx_46
waveOut,trainingSamples,raw_data/EMG-EPN612/testingJSON/user39/user39.json,idx_47
waveOut,trainingSamples,raw_data/EMG-EPN612/testingJSON/user39/user39.json,idx_48
waveOut,trainingSamples,raw_data/EMG-EPN612/testingJSON/user39/user39.json,idx_49
waveOut,trainingSamples,raw_data/EMG-EPN612/testingJSON/user39/user39.json,idx_50
pinch,trainingSamples,raw_data/EMG-EPN612/testingJSON/user39/user39.json,idx_51
pinch,trainingSamples,raw_data/EMG-EPN612/testingJSON/user39/user39.json,idx_52
pinch,trainingSamples,raw_data/EMG-EPN612/testingJSON/user39/user39.json,idx_53
pinch,trainingSamples,raw_data/EMG-EPN612/testingJSON/user39/user39.json,idx_54
pinch,trainingSamples,raw_data/EMG-EPN612/testingJSON/user39/user39.json,idx_55
pinch,trainingSamples,raw_data/EMG-EPN612/testingJSON/user39/user39.json,idx_56
pinch,trainingSamples,raw_data/EMG-EPN612/testingJSON/user39/user39.json,idx_57
pinch,trainingSamples,raw_data/EMG-EPN612/testingJSON/user39/user39.json,idx_58
pinch,trainingSamples,raw_data/EMG-EPN612/testingJSON/user39/user39.json,idx_59
pinch,trainingSamples,raw_data/EMG-EPN612/testingJSON/user39/user39.json,idx_60
pinch,trainingSamples,raw_data/EMG-EPN612/testingJSON/user39/user39.json,idx_61
pinch,trainingSamples,raw_data/EMG-EPN612/testingJSON/user39/user39.json,idx_62
pinch,trainingSamples,raw_data/EMG-EPN612/testingJSON/user39/user39.json,idx_63
pinch,trainingSamples,raw_data/EMG-EPN612/testingJSON/user39/user39.json,idx_64
pinch,trainingSamples,raw_data/EMG-EPN612/testingJSON/user39/user39.json,idx_65
pinch,trainingSamples,raw_data/EMG-EPN612/testingJSON/user39/user39.json,idx_66
pinch,trainingSamples,raw_data/EMG-EPN612/testingJSON/user39/user39.json,idx_67
pinch,trainingSamples,raw_data/EMG-EPN612/testingJSON/user39/user39.json,idx_68
pinch,trainingSamples,raw_data/EMG-EPN612/testingJSON/user39/user39.json,idx_69
pinch,trainingSamples,raw_data/EMG-EPN612/testingJSON/user39/user39.json,idx_70
pinch,trainingSamples,raw_data/EMG-EPN612/testingJSON/user39/user39.json,idx_71
pinch,trainingSamples,raw_data/EMG-EPN612/testingJSON/user39/user39.json,idx_72
pinch,trainingSamples,raw_data/EMG-EPN612/testingJSON/user39/user39.json,idx_73
pinch,trainingSamples,raw_data/EMG-EPN612/testingJSON/user39/user39.json,idx_74
pinch,trainingSamples,raw_data/EMG-EPN612/testingJSON/user39/user39.json,idx_75
fist,trainingSamples,raw_data/EMG-EPN612/testingJSON/user39/user39.json,idx_76
fist,trainingSamples,raw_data/EMG-EPN612/testingJSON/user39/user39.json,idx_77
fist,trainingSamples,raw_data/EMG-EPN612/testingJSON/user39/user39.json,idx_78
fist,trainingSamples,raw_data/EMG-EPN612/testingJSON/user39/user39.json,idx_79
fist,trainingSamples,raw_data/EMG-EPN612/testingJSON/user39/user39.json,idx_80
fist,trainingSamples,raw_data/EMG-EPN612/testingJSON/user39/user39.json,idx_81
fist,trainingSamples,raw_data/EMG-EPN612/testingJSON/user39/user39.json,idx_82
fist,trainingSamples,raw_data/EMG-EPN612/testingJSON/user39/user39.json,idx_83
fist,trainingSamples,raw_data/EMG-EPN612/testingJSON/user39/user39.json,idx_84
fist,trainingSamples,raw_data/EMG-EPN612/testingJSON/user39/user39.json,idx_85
fist,trainingSamples,raw_data/EMG-EPN612/testingJSON/user39/user39.json,idx_86
fist,trainingSamples,raw_data/EMG-EPN612/testingJSON/user39/user39.json,idx_87
fist,trainingSamples,raw_data/EMG-EPN612/testingJSON/user39/user39.json,idx_88
fist,trainingSamples,raw_data/EMG-EPN612/testingJSON/user39/user39.json,idx_89
fist,trainingSamples,raw_data/EMG-EPN612/testingJSON/user39/user39.json,idx_90
fist,trainingSamples,raw_data/EMG-EPN612/testingJSON/user39/user39.json,idx_91
fist,trainingSamples,raw_data/EMG-EPN612/testingJSON/user39/user39.json,idx_92
fist,trainingSamples,raw_data/EMG-EPN612/testingJSON/user39/user39.json,idx_93
fist,trainingSamples,raw_data/EMG-EPN612/testingJSON/user39/user39.json,idx_94
fist,trainingSamples,raw_data/EMG-EPN612/testingJSON/user39/user39.json,idx_95
fist,trainingSamples,raw_data/EMG-EPN612/testingJSON/user39/user39.json,idx_96
fist,trainingSamples,raw_data/EMG-EPN612/testingJSON/user39/user39.json,idx_97
fist,trainingSamples,raw_data/EMG-EPN612/testingJSON/user39/user39.json,idx_98
fist,trainingSamples,raw_data/EMG-EPN612/testingJSON/user39/user39.json,idx_99
fist,trainingSamples,raw_data/EMG-EPN612/testingJSON/user39/user39.json,idx_100
waveIn,trainingSamples,raw_data/EMG-EPN612/testingJSON/user39/user39.json,idx_101
waveIn,trainingSamples,raw_data/EMG-EPN612/testingJSON/user39/user39.json,idx_102
waveIn,trainingSamples,raw_data/EMG-EPN612/testingJSON/user39/user39.json,idx_103
waveIn,trainingSamples,raw_data/EMG-EPN612/testingJSON/user39/user39.json,idx_104
waveIn,trainingSamples,raw_data/EMG-EPN612/testingJSON/user39/user39.json,idx_105
waveIn,trainingSamples,raw_data/EMG-EPN612/testingJSON/user39/user39.json,idx_106
waveIn,trainingSamples,raw_data/EMG-EPN612/testingJSON/user39/user39.json,idx_107
waveIn,trainingSamples,raw_data/EMG-EPN612/testingJSON/user39/user39.json,idx_108
waveIn,trainingSamples,raw_data/EMG-EPN612/testingJSON/user39/user39.json,idx_109
waveIn,trainingSamples,raw_data/EMG-EPN612/testingJSON/user39/user39.json,idx_110
waveIn,trainingSamples,raw_data/EMG-EPN612/testingJSON/user39/user39.json,idx_111
waveIn,trainingSamples,raw_data/EMG-EPN612/testingJSON/user39/user39.json,idx_112
waveIn,trainingSamples,raw_data/EMG-EPN612/testingJSON/user39/user39.json,idx_113
waveIn,trainingSamples,raw_data/EMG-EPN612/testingJSON/user39/user39.json,idx_114
waveIn,trainingSamples,raw_data/EMG-EPN612/testingJSON/user39/user39.json,idx_115
waveIn,trainingSamples,raw_data/EMG-EPN612/testingJSON/user39/user39.json,idx_116
waveIn,trainingSamples,raw_data/EMG-EPN612/testingJSON/user39/user39.json,idx_117
waveIn,trainingSamples,raw_data/EMG-EPN612/testingJSON/user39/user39.json,idx_118
waveIn,trainingSamples,raw_data/EMG-EPN612/testingJSON/user39/user39.json,idx_119
waveIn,trainingSamples,raw_data/EMG-EPN612/testingJSON/user39/user39.json,idx_120
waveIn,trainingSamples,raw_data/EMG-EPN612/testingJSON/user39/user39.json,idx_121
waveIn,trainingSamples,raw_data/EMG-EPN612/testingJSON/user39/user39.json,idx_122
waveIn,trainingSamples,raw_data/EMG-EPN612/testingJSON/user39/user39.json,idx_123
waveIn,trainingSamples,raw_data/EMG-EPN612/testingJSON/user39/user39.json,idx_124
waveIn,trainingSamples,raw_data/EMG-EPN612/testingJSON/user39/user39.json,idx_125
open,trainingSamples,raw_data/EMG-EPN612/testingJSON/user39/user39.json,idx_126
open,trainingSamples,raw_data/EMG-EPN612/testingJSON/user39/user39.json,idx_127
open,trainingSamples,raw_data/EMG-EPN612/testingJSON/user39/user39.json,idx_128
open,trainingSamples,raw_data/EMG-EPN612/testingJSON/user39/user39.json,idx_129
open,trainingSamples,raw_data/EMG-EPN612/testingJSON/user39/user39.json,idx_130
open,trainingSamples,raw_data/EMG-EPN612/testingJSON/user39/user39.json,idx_131
open,trainingSamples,raw_data/EMG-EPN612/testingJSON/user39/user39.json,idx_132
open,trainingSamples,raw_data/EMG-EPN612/testingJSON/user39/user39.json,idx_133
open,trainingSamples,raw_data/EMG-EPN612/testingJSON/user39/user39.json,idx_134
open,trainingSamples,raw_data/EMG-EPN612/testingJSON/user39/user39.json,idx_135
open,trainingSamples,raw_data/EMG-EPN612/testingJSON/user39/user39.json,idx_136
open,trainingSamples,raw_data/EMG-EPN612/testingJSON/user39/user39.json,idx_137
open,trainingSamples,raw_data/EMG-EPN612/testingJSON/user39/user39.json,idx_138
open,trainingSamples,raw_data/EMG-EPN612/testingJSON/user39/user39.json,idx_139
open,trainingSamples,raw_data/EMG-EPN612/testingJSON/user39/user39.json,idx_140
open,trainingSamples,raw_data/EMG-EPN612/testingJSON/user39/user39.json,idx_141
open,trainingSamples,raw_data/EMG-EPN612/testingJSON/user39/user39.json,idx_142
open,trainingSamples,raw_data/EMG-EPN612/testingJSON/user39/user39.json,idx_143
open,trainingSamples,raw_data/EMG-EPN612/testingJSON/user39/user39.json,idx_144
open,trainingSamples,raw_data/EMG-EPN612/testingJSON/user39/user39.json,idx_145
open,trainingSamples,raw_data/EMG-EPN612/testingJSON/user39/user39.json,idx_146
open,trainingSamples,raw_data/EMG-EPN612/testingJSON/user39/user39.json,idx_147
open,trainingSamples,raw_data/EMG-EPN612/testingJSON/user39/user39.json,idx_148
open,trainingSamples,raw_data/EMG-EPN612/testingJSON/user39/user39.json,idx_149
open,trainingSamples,raw_data/EMG-EPN612/testingJSON/user39/user39.json,idx_150
noGesture,trainingSamples,raw_data/EMG-EPN612/testingJSON/user4/user4.json,idx_1
noGesture,trainingSamples,raw_data/EMG-EPN612/testingJSON/user4/user4.json,idx_2
noGesture,trainingSamples,raw_data/EMG-EPN612/testingJSON/user4/user4.json,idx_3
noGesture,trainingSamples,raw_data/EMG-EPN612/testingJSON/user4/user4.json,idx_4
noGesture,trainingSamples,raw_data/EMG-EPN612/testingJSON/user4/user4.json,idx_5
noGesture,trainingSamples,raw_data/EMG-EPN612/testingJSON/user4/user4.json,idx_6
noGesture,trainingSamples,raw_data/EMG-EPN612/testingJSON/user4/user4.json,idx_7
noGesture,trainingSamples,raw_data/EMG-EPN612/testingJSON/user4/user4.json,idx_8
noGesture,trainingSamples,raw_data/EMG-EPN612/testingJSON/user4/user4.json,idx_9
noGesture,trainingSamples,raw_data/EMG-EPN612/testingJSON/user4/user4.json,idx_10
noGesture,trainingSamples,raw_data/EMG-EPN612/testingJSON/user4/user4.json,idx_11
noGesture,trainingSamples,raw_data/EMG-EPN612/testingJSON/user4/user4.json,idx_12
noGesture,trainingSamples,raw_data/EMG-EPN612/testingJSON/user4/user4.json,idx_13
noGesture,trainingSamples,raw_data/EMG-EPN612/testingJSON/user4/user4.json,idx_14
noGesture,trainingSamples,raw_data/EMG-EPN612/testingJSON/user4/user4.json,idx_15
noGesture,trainingSamples,raw_data/EMG-EPN612/testingJSON/user4/user4.json,idx_16
noGesture,trainingSamples,raw_data/EMG-EPN612/testingJSON/user4/user4.json,idx_17
noGesture,trainingSamples,raw_data/EMG-EPN612/testingJSON/user4/user4.json,idx_18
noGesture,trainingSamples,raw_data/EMG-EPN612/testingJSON/user4/user4.json,idx_19
noGesture,trainingSamples,raw_data/EMG-EPN612/testingJSON/user4/user4.json,idx_20
noGesture,trainingSamples,raw_data/EMG-EPN612/testingJSON/user4/user4.json,idx_21
noGesture,trainingSamples,raw_data/EMG-EPN612/testingJSON/user4/user4.json,idx_22
noGesture,trainingSamples,raw_data/EMG-EPN612/testingJSON/user4/user4.json,idx_23
noGesture,trainingSamples,raw_data/EMG-EPN612/testingJSON/user4/user4.json,idx_24
noGesture,trainingSamples,raw_data/EMG-EPN612/testingJSON/user4/user4.json,idx_25
waveIn,trainingSamples,raw_data/EMG-EPN612/testingJSON/user4/user4.json,idx_26
waveIn,trainingSamples,raw_data/EMG-EPN612/testingJSON/user4/user4.json,idx_27
waveIn,trainingSamples,raw_data/EMG-EPN612/testingJSON/user4/user4.json,idx_28
waveIn,trainingSamples,raw_data/EMG-EPN612/testingJSON/user4/user4.json,idx_29
waveIn,trainingSamples,raw_data/EMG-EPN612/testingJSON/user4/user4.json,idx_30
waveIn,trainingSamples,raw_data/EMG-EPN612/testingJSON/user4/user4.json,idx_31
waveIn,trainingSamples,raw_data/EMG-EPN612/testingJSON/user4/user4.json,idx_32
waveIn,trainingSamples,raw_data/EMG-EPN612/testingJSON/user4/user4.json,idx_33
waveIn,trainingSamples,raw_data/EMG-EPN612/testingJSON/user4/user4.json,idx_34
waveIn,trainingSamples,raw_data/EMG-EPN612/testingJSON/user4/user4.json,idx_35
waveIn,trainingSamples,raw_data/EMG-EPN612/testingJSON/user4/user4.json,idx_36
waveIn,trainingSamples,raw_data/EMG-EPN612/testingJSON/user4/user4.json,idx_37
waveIn,trainingSamples,raw_data/EMG-EPN612/testingJSON/user4/user4.json,idx_38
waveIn,trainingSamples,raw_data/EMG-EPN612/testingJSON/user4/user4.json,idx_39
waveIn,trainingSamples,raw_data/EMG-EPN612/testingJSON/user4/user4.json,idx_40
waveIn,trainingSamples,raw_data/EMG-EPN612/testingJSON/user4/user4.json,idx_41
waveIn,trainingSamples,raw_data/EMG-EPN612/testingJSON/user4/user4.json,idx_42
waveIn,trainingSamples,raw_data/EMG-EPN612/testingJSON/user4/user4.json,idx_43
waveIn,trainingSamples,raw_data/EMG-EPN612/testingJSON/user4/user4.json,idx_44
waveIn,trainingSamples,raw_data/EMG-EPN612/testingJSON/user4/user4.json,idx_45
waveIn,trainingSamples,raw_data/EMG-EPN612/testingJSON/user4/user4.json,idx_46
waveIn,trainingSamples,raw_data/EMG-EPN612/testingJSON/user4/user4.json,idx_47
waveIn,trainingSamples,raw_data/EMG-EPN612/testingJSON/user4/user4.json,idx_48
waveIn,trainingSamples,raw_data/EMG-EPN612/testingJSON/user4/user4.json,idx_49
waveIn,trainingSamples,raw_data/EMG-EPN612/testingJSON/user4/user4.json,idx_50
fist,trainingSamples,raw_data/EMG-EPN612/testingJSON/user4/user4.json,idx_51
fist,trainingSamples,raw_data/EMG-EPN612/testingJSON/user4/user4.json,idx_52
fist,trainingSamples,raw_data/EMG-EPN612/testingJSON/user4/user4.json,idx_53
fist,trainingSamples,raw_data/EMG-EPN612/testingJSON/user4/user4.json,idx_54
fist,trainingSamples,raw_data/EMG-EPN612/testingJSON/user4/user4.json,idx_55
fist,trainingSamples,raw_data/EMG-EPN612/testingJSON/user4/user4.json,idx_56
fist,trainingSamples,raw_data/EMG-EPN612/testingJSON/user4/user4.json,idx_57
fist,trainingSamples,raw_data/EMG-EPN612/testingJSON/user4/user4.json,idx_58
fist,trainingSamples,raw_data/EMG-EPN612/testingJSON/user4/user4.json,idx_59
fist,trainingSamples,raw_data/EMG-EPN612/testingJSON/user4/user4.json,idx_60
fist,trainingSamples,raw_data/EMG-EPN612/testingJSON/user4/user4.json,idx_61
fist,trainingSamples,raw_data/EMG-EPN612/testingJSON/user4/user4.json,idx_62
fist,trainingSamples,raw_data/EMG-EPN612/testingJSON/user4/user4.json,idx_63
fist,trainingSamples,raw_data/EMG-EPN612/testingJSON/user4/user4.json,idx_64
fist,trainingSamples,raw_data/EMG-EPN612/testingJSON/user4/user4.json,idx_65
fist,trainingSamples,raw_data/EMG-EPN612/testingJSON/user4/user4.json,idx_66
fist,trainingSamples,raw_data/EMG-EPN612/testingJSON/user4/user4.json,idx_67
fist,trainingSamples,raw_data/EMG-EPN612/testingJSON/user4/user4.json,idx_68
fist,trainingSamples,raw_data/EMG-EPN612/testingJSON/user4/user4.json,idx_69
fist,trainingSamples,raw_data/EMG-EPN612/testingJSON/user4/user4.json,idx_70
fist,trainingSamples,raw_data/EMG-EPN612/testingJSON/user4/user4.json,idx_71
fist,trainingSamples,raw_data/EMG-EPN612/testingJSON/user4/user4.json,idx_72
fist,trainingSamples,raw_data/EMG-EPN612/testingJSON/user4/user4.json,idx_73
fist,trainingSamples,raw_data/EMG-EPN612/testingJSON/user4/user4.json,idx_74
fist,trainingSamples,raw_data/EMG-EPN612/testingJSON/user4/user4.json,idx_75
pinch,trainingSamples,raw_data/EMG-EPN612/testingJSON/user4/user4.json,idx_76
pinch,trainingSamples,raw_data/EMG-EPN612/testingJSON/user4/user4.json,idx_77
pinch,trainingSamples,raw_data/EMG-EPN612/testingJSON/user4/user4.json,idx_78
pinch,trainingSamples,raw_data/EMG-EPN612/testingJSON/user4/user4.json,idx_79
pinch,trainingSamples,raw_data/EMG-EPN612/testingJSON/user4/user4.json,idx_80
pinch,trainingSamples,raw_data/EMG-EPN612/testingJSON/user4/user4.json,idx_81
pinch,trainingSamples,raw_data/EMG-EPN612/testingJSON/user4/user4.json,idx_82
pinch,trainingSamples,raw_data/EMG-EPN612/testingJSON/user4/user4.json,idx_83
pinch,trainingSamples,raw_data/EMG-EPN612/testingJSON/user4/user4.json,idx_84
pinch,trainingSamples,raw_data/EMG-EPN612/testingJSON/user4/user4.json,idx_85
pinch,trainingSamples,raw_data/EMG-EPN612/testingJSON/user4/user4.json,idx_86
pinch,trainingSamples,raw_data/EMG-EPN612/testingJSON/user4/user4.json,idx_87
pinch,trainingSamples,raw_data/EMG-EPN612/testingJSON/user4/user4.json,idx_88
pinch,trainingSamples,raw_data/EMG-EPN612/testingJSON/user4/user4.json,idx_89
pinch,trainingSamples,raw_data/EMG-EPN612/testingJSON/user4/user4.json,idx_90
pinch,trainingSamples,raw_data/EMG-EPN612/testingJSON/user4/user4.json,idx_91
pinch,trainingSamples,raw_data/EMG-EPN612/testingJSON/user4/user4.json,idx_92
pinch,trainingSamples,raw_data/EMG-EPN612/testingJSON/user4/user4.json,idx_93
pinch,trainingSamples,raw_data/EMG-EPN612/testingJSON/user4/user4.json,idx_94
pinch,trainingSamples,raw_data/EMG-EPN612/testingJSON/user4/user4.json,idx_95
pinch,trainingSamples,raw_data/EMG-EPN612/testingJSON/user4/user4.json,idx_96
pinch,trainingSamples,raw_data/EMG-EPN612/testingJSON/user4/user4.json,idx_97
pinch,trainingSamples,raw_data/EMG-EPN612/testingJSON/user4/user4.json,idx_98
pinch,trainingSamples,raw_data/EMG-EPN612/testingJSON/user4/user4.json,idx_99
pinch,trainingSamples,raw_data/EMG-EPN612/testingJSON/user4/user4.json,idx_100
waveOut,trainingSamples,raw_data/EMG-EPN612/testingJSON/user4/user4.json,idx_101
waveOut,trainingSamples,raw_data/EMG-EPN612/testingJSON/user4/user4.json,idx_102
waveOut,trainingSamples,raw_data/EMG-EPN612/testingJSON/user4/user4.json,idx_103
waveOut,trainingSamples,raw_data/EMG-EPN612/testingJSON/user4/user4.json,idx_104
waveOut,trainingSamples,raw_data/EMG-EPN612/testingJSON/user4/user4.json,idx_105
waveOut,trainingSamples,raw_data/EMG-EPN612/testingJSON/user4/user4.json,idx_106
waveOut,trainingSamples,raw_data/EMG-EPN612/testingJSON/user4/user4.json,idx_107
waveOut,trainingSamples,raw_data/EMG-EPN612/testingJSON/user4/user4.json,idx_108
waveOut,trainingSamples,raw_data/EMG-EPN612/testingJSON/user4/user4.json,idx_109
waveOut,trainingSamples,raw_data/EMG-EPN612/testingJSON/user4/user4.json,idx_110
waveOut,trainingSamples,raw_data/EMG-EPN612/testingJSON/user4/user4.json,idx_111
waveOut,trainingSamples,raw_data/EMG-EPN612/testingJSON/user4/user4.json,idx_112
waveOut,trainingSamples,raw_data/EMG-EPN612/testingJSON/user4/user4.json,idx_113
waveOut,trainingSamples,raw_data/EMG-EPN612/testingJSON/user4/user4.json,idx_114
waveOut,trainingSamples,raw_data/EMG-EPN612/testingJSON/user4/user4.json,idx_115
waveOut,trainingSamples,raw_data/EMG-EPN612/testingJSON/user4/user4.json,idx_116
waveOut,trainingSamples,raw_data/EMG-EPN612/testingJSON/user4/user4.json,idx_117
waveOut,trainingSamples,raw_data/EMG-EPN612/testingJSON/user4/user4.json,idx_118
waveOut,trainingSamples,raw_data/EMG-EPN612/testingJSON/user4/user4.json,idx_119
waveOut,trainingSamples,raw_data/EMG-EPN612/testingJSON/user4/user4.json,idx_120
waveOut,trainingSamples,raw_data/EMG-EPN612/testingJSON/user4/user4.json,idx_121
waveOut,trainingSamples,raw_data/EMG-EPN612/testingJSON/user4/user4.json,idx_122
waveOut,trainingSamples,raw_data/EMG-EPN612/testingJSON/user4/user4.json,idx_123
waveOut,trainingSamples,raw_data/EMG-EPN612/testingJSON/user4/user4.json,idx_124
waveOut,trainingSamples,raw_data/EMG-EPN612/testingJSON/user4/user4.json,idx_125
open,trainingSamples,raw_data/EMG-EPN612/testingJSON/user4/user4.json,idx_126
open,trainingSamples,raw_data/EMG-EPN612/testingJSON/user4/user4.json,idx_127
open,trainingSamples,raw_data/EMG-EPN612/testingJSON/user4/user4.json,idx_128
open,trainingSamples,raw_data/EMG-EPN612/testingJSON/user4/user4.json,idx_129
open,trainingSamples,raw_data/EMG-EPN612/testingJSON/user4/user4.json,idx_130
open,trainingSamples,raw_data/EMG-EPN612/testingJSON/user4/user4.json,idx_131
open,trainingSamples,raw_data/EMG-EPN612/testingJSON/user4/user4.json,idx_132
open,trainingSamples,raw_data/EMG-EPN612/testingJSON/user4/user4.json,idx_133
open,trainingSamples,raw_data/EMG-EPN612/testingJSON/user4/user4.json,idx_134
open,trainingSamples,raw_data/EMG-EPN612/testingJSON/user4/user4.json,idx_135
open,trainingSamples,raw_data/EMG-EPN612/testingJSON/user4/user4.json,idx_136
open,trainingSamples,raw_data/EMG-EPN612/testingJSON/user4/user4.json,idx_137
open,trainingSamples,raw_data/EMG-EPN612/testingJSON/user4/user4.json,idx_138
open,trainingSamples,raw_data/EMG-EPN612/testingJSON/user4/user4.json,idx_139
open,trainingSamples,raw_data/EMG-EPN612/testingJSON/user4/user4.json,idx_140
open,trainingSamples,raw_data/EMG-EPN612/testingJSON/user4/user4.json,idx_141
open,trainingSamples,raw_data/EMG-EPN612/testingJSON/user4/user4.json,idx_142
open,trainingSamples,raw_data/EMG-EPN612/testingJSON/user4/user4.json,idx_143
open,trainingSamples,raw_data/EMG-EPN612/testingJSON/user4/user4.json,idx_144
open,trainingSamples,raw_data/EMG-EPN612/testingJSON/user4/user4.json,idx_145
open,trainingSamples,raw_data/EMG-EPN612/testingJSON/user4/user4.json,idx_146
open,trainingSamples,raw_data/EMG-EPN612/testingJSON/user4/user4.json,idx_147
open,trainingSamples,raw_data/EMG-EPN612/testingJSON/user4/user4.json,idx_148
open,trainingSamples,raw_data/EMG-EPN612/testingJSON/user4/user4.json,idx_149
open,trainingSamples,raw_data/EMG-EPN612/testingJSON/user4/user4.json,idx_150
noGesture,trainingSamples,raw_data/EMG-EPN612/testingJSON/user40/user40.json,idx_1
noGesture,trainingSamples,raw_data/EMG-EPN612/testingJSON/user40/user40.json,idx_2
noGesture,trainingSamples,raw_data/EMG-EPN612/testingJSON/user40/user40.json,idx_3
noGesture,trainingSamples,raw_data/EMG-EPN612/testingJSON/user40/user40.json,idx_4
noGesture,trainingSamples,raw_data/EMG-EPN612/testingJSON/user40/user40.json,idx_5
noGesture,trainingSamples,raw_data/EMG-EPN612/testingJSON/user40/user40.json,idx_6
noGesture,trainingSamples,raw_data/EMG-EPN612/testingJSON/user40/user40.json,idx_7
noGesture,trainingSamples,raw_data/EMG-EPN612/testingJSON/user40/user40.json,idx_8
noGesture,trainingSamples,raw_data/EMG-EPN612/testingJSON/user40/user40.json,idx_9
noGesture,trainingSamples,raw_data/EMG-EPN612/testingJSON/user40/user40.json,idx_10
noGesture,trainingSamples,raw_data/EMG-EPN612/testingJSON/user40/user40.json,idx_11
noGesture,trainingSamples,raw_data/EMG-EPN612/testingJSON/user40/user40.json,idx_12
noGesture,trainingSamples,raw_data/EMG-EPN612/testingJSON/user40/user40.json,idx_13
noGesture,trainingSamples,raw_data/EMG-EPN612/testingJSON/user40/user40.json,idx_14
noGesture,trainingSamples,raw_data/EMG-EPN612/testingJSON/user40/user40.json,idx_15
noGesture,trainingSamples,raw_data/EMG-EPN612/testingJSON/user40/user40.json,idx_16
noGesture,trainingSamples,raw_data/EMG-EPN612/testingJSON/user40/user40.json,idx_17
noGesture,trainingSamples,raw_data/EMG-EPN612/testingJSON/user40/user40.json,idx_18
noGesture,trainingSamples,raw_data/EMG-EPN612/testingJSON/user40/user40.json,idx_19
noGesture,trainingSamples,raw_data/EMG-EPN612/testingJSON/user40/user40.json,idx_20
noGesture,trainingSamples,raw_data/EMG-EPN612/testingJSON/user40/user40.json,idx_21
noGesture,trainingSamples,raw_data/EMG-EPN612/testingJSON/user40/user40.json,idx_22
noGesture,trainingSamples,raw_data/EMG-EPN612/testingJSON/user40/user40.json,idx_23
noGesture,trainingSamples,raw_data/EMG-EPN612/testingJSON/user40/user40.json,idx_24
noGesture,trainingSamples,raw_data/EMG-EPN612/testingJSON/user40/user40.json,idx_25
waveOut,trainingSamples,raw_data/EMG-EPN612/testingJSON/user40/user40.json,idx_26
waveOut,trainingSamples,raw_data/EMG-EPN612/testingJSON/user40/user40.json,idx_27
waveOut,trainingSamples,raw_data/EMG-EPN612/testingJSON/user40/user40.json,idx_28
waveOut,trainingSamples,raw_data/EMG-EPN612/testingJSON/user40/user40.json,idx_29
waveOut,trainingSamples,raw_data/EMG-EPN612/testingJSON/user40/user40.json,idx_30
waveOut,trainingSamples,raw_data/EMG-EPN612/testingJSON/user40/user40.json,idx_31
waveOut,trainingSamples,raw_data/EMG-EPN612/testingJSON/user40/user40.json,idx_32
waveOut,trainingSamples,raw_data/EMG-EPN612/testingJSON/user40/user40.json,idx_33
waveOut,trainingSamples,raw_data/EMG-EPN612/testingJSON/user40/user40.json,idx_34
waveOut,trainingSamples,raw_data/EMG-EPN612/testingJSON/user40/user40.json,idx_35
waveOut,trainingSamples,raw_data/EMG-EPN612/testingJSON/user40/user40.json,idx_36
waveOut,trainingSamples,raw_data/EMG-EPN612/testingJSON/user40/user40.json,idx_37
waveOut,trainingSamples,raw_data/EMG-EPN612/testingJSON/user40/user40.json,idx_38
waveOut,trainingSamples,raw_data/EMG-EPN612/testingJSON/user40/user40.json,idx_39
waveOut,trainingSamples,raw_data/EMG-EPN612/testingJSON/user40/user40.json,idx_40
waveOut,trainingSamples,raw_data/EMG-EPN612/testingJSON/user40/user40.json,idx_41
waveOut,trainingSamples,raw_data/EMG-EPN612/testingJSON/user40/user40.json,idx_42
waveOut,trainingSamples,raw_data/EMG-EPN612/testingJSON/user40/user40.json,idx_43
waveOut,trainingSamples,raw_data/EMG-EPN612/testingJSON/user40/user40.json,idx_44
waveOut,trainingSamples,raw_data/EMG-EPN612/testingJSON/user40/user40.json,idx_45
waveOut,trainingSamples,raw_data/EMG-EPN612/testingJSON/user40/user40.json,idx_46
waveOut,trainingSamples,raw_data/EMG-EPN612/testingJSON/user40/user40.json,idx_47
waveOut,trainingSamples,raw_data/EMG-EPN612/testingJSON/user40/user40.json,idx_48
waveOut,trainingSamples,raw_data/EMG-EPN612/testingJSON/user40/user40.json,idx_49
waveOut,trainingSamples,raw_data/EMG-EPN612/testingJSON/user40/user40.json,idx_50
pinch,trainingSamples,raw_data/EMG-EPN612/testingJSON/user40/user40.json,idx_51
pinch,trainingSamples,raw_data/EMG-EPN612/testingJSON/user40/user40.json,idx_52
pinch,trainingSamples,raw_data/EMG-EPN612/testingJSON/user40/user40.json,idx_53
pinch,trainingSamples,raw_data/EMG-EPN612/testingJSON/user40/user40.json,idx_54
pinch,trainingSamples,raw_data/EMG-EPN612/testingJSON/user40/user40.json,idx_55
pinch,trainingSamples,raw_data/EMG-EPN612/testingJSON/user40/user40.json,idx_56
pinch,trainingSamples,raw_data/EMG-EPN612/testingJSON/user40/user40.json,idx_57
pinch,trainingSamples,raw_data/EMG-EPN612/testingJSON/user40/user40.json,idx_58
pinch,trainingSamples,raw_data/EMG-EPN612/testingJSON/user40/user40.json,idx_59
pinch,trainingSamples,raw_data/EMG-EPN612/testingJSON/user40/user40.json,idx_60
pinch,trainingSamples,raw_data/EMG-EPN612/testingJSON/user40/user40.json,idx_61
pinch,trainingSamples,raw_data/EMG-EPN612/testingJSON/user40/user40.json,idx_62
pinch,trainingSamples,raw_data/EMG-EPN612/testingJSON/user40/user40.json,idx_63
pinch,trainingSamples,raw_data/EMG-EPN612/testingJSON/user40/user40.json,idx_64
pinch,trainingSamples,raw_data/EMG-EPN612/testingJSON/user40/user40.json,idx_65
pinch,trainingSamples,raw_data/EMG-EPN612/testingJSON/user40/user40.json,idx_66
pinch,trainingSamples,raw_data/EMG-EPN612/testingJSON/user40/user40.json,idx_67
pinch,trainingSamples,raw_data/EMG-EPN612/testingJSON/user40/user40.json,idx_68
pinch,trainingSamples,raw_data/EMG-EPN612/testingJSON/user40/user40.json,idx_69
pinch,trainingSamples,raw_data/EMG-EPN612/testingJSON/user40/user40.json,idx_70
pinch,trainingSamples,raw_data/EMG-EPN612/testingJSON/user40/user40.json,idx_71
pinch,trainingSamples,raw_data/EMG-EPN612/testingJSON/user40/user40.json,idx_72
pinch,trainingSamples,raw_data/EMG-EPN612/testingJSON/user40/user40.json,idx_73
pinch,trainingSamples,raw_data/EMG-EPN612/testingJSON/user40/user40.json,idx_74
pinch,trainingSamples,raw_data/EMG-EPN612/testingJSON/user40/user40.json,idx_75
fist,trainingSamples,raw_data/EMG-EPN612/testingJSON/user40/user40.json,idx_76
fist,trainingSamples,raw_data/EMG-EPN612/testingJSON/user40/user40.json,idx_77
fist,trainingSamples,raw_data/EMG-EPN612/testingJSON/user40/user40.json,idx_78
fist,trainingSamples,raw_data/EMG-EPN612/testingJSON/user40/user40.json,idx_79
fist,trainingSamples,raw_data/EMG-EPN612/testingJSON/user40/user40.json,idx_80
fist,trainingSamples,raw_data/EMG-EPN612/testingJSON/user40/user40.json,idx_81
fist,trainingSamples,raw_data/EMG-EPN612/testingJSON/user40/user40.json,idx_82
fist,trainingSamples,raw_data/EMG-EPN612/testingJSON/user40/user40.json,idx_83
fist,trainingSamples,raw_data/EMG-EPN612/testingJSON/user40/user40.json,idx_84
fist,trainingSamples,raw_data/EMG-EPN612/testingJSON/user40/user40.json,idx_85
fist,trainingSamples,raw_data/EMG-EPN612/testingJSON/user40/user40.json,idx_86
fist,trainingSamples,raw_data/EMG-EPN612/testingJSON/user40/user40.json,idx_87
fist,trainingSamples,raw_data/EMG-EPN612/testingJSON/user40/user40.json,idx_88
fist,trainingSamples,raw_data/EMG-EPN612/testingJSON/user40/user40.json,idx_89
fist,trainingSamples,raw_data/EMG-EPN612/testingJSON/user40/user40.json,idx_90
fist,trainingSamples,raw_data/EMG-EPN612/testingJSON/user40/user40.json,idx_91
fist,trainingSamples,raw_data/EMG-EPN612/testingJSON/user40/user40.json,idx_92
fist,trainingSamples,raw_data/EMG-EPN612/testingJSON/user40/user40.json,idx_93
fist,trainingSamples,raw_data/EMG-EPN612/testingJSON/user40/user40.json,idx_94
fist,trainingSamples,raw_data/EMG-EPN612/testingJSON/user40/user40.json,idx_95
fist,trainingSamples,raw_data/EMG-EPN612/testingJSON/user40/user40.json,idx_96
fist,trainingSamples,raw_data/EMG-EPN612/testingJSON/user40/user40.json,idx_97
fist,trainingSamples,raw_data/EMG-EPN612/testingJSON/user40/user40.json,idx_98
fist,trainingSamples,raw_data/EMG-EPN612/testingJSON/user40/user40.json,idx_99
fist,trainingSamples,raw_data/EMG-EPN612/testingJSON/user40/user40.json,idx_100
waveIn,trainingSamples,raw_data/EMG-EPN612/testingJSON/user40/user40.json,idx_101
waveIn,trainingSamples,raw_data/EMG-EPN612/testingJSON/user40/user40.json,idx_102
waveIn,trainingSamples,raw_data/EMG-EPN612/testingJSON/user40/user40.json,idx_103
waveIn,trainingSamples,raw_data/EMG-EPN612/testingJSON/user40/user40.json,idx_104
waveIn,trainingSamples,raw_data/EMG-EPN612/testingJSON/user40/user40.json,idx_105
waveIn,trainingSamples,raw_data/EMG-EPN612/testingJSON/user40/user40.json,idx_106
waveIn,trainingSamples,raw_data/EMG-EPN612/testingJSON/user40/user40.json,idx_107
waveIn,trainingSamples,raw_data/EMG-EPN612/testingJSON/user40/user40.json,idx_108
waveIn,trainingSamples,raw_data/EMG-EPN612/testingJSON/user40/user40.json,idx_109
waveIn,trainingSamples,raw_data/EMG-EPN612/testingJSON/user40/user40.json,idx_110
waveIn,trainingSamples,raw_data/EMG-EPN612/testingJSON/user40/user40.json,idx_111
waveIn,trainingSamples,raw_data/EMG-EPN612/testingJSON/user40/user40.json,idx_112
waveIn,trainingSamples,raw_data/EMG-EPN612/testingJSON/user40/user40.json,idx_113
waveIn,trainingSamples,raw_data/EMG-EPN612/testingJSON/user40/user40.json,idx_114
waveIn,trainingSamples,raw_data/EMG-EPN612/testingJSON/user40/user40.json,idx_115
waveIn,trainingSamples,raw_data/EMG-EPN612/testingJSON/user40/user40.json,idx_116
waveIn,trainingSamples,raw_data/EMG-EPN612/testingJSON/user40/user40.json,idx_117
waveIn,trainingSamples,raw_data/EMG-EPN612/testingJSON/user40/user40.json,idx_118
waveIn,trainingSamples,raw_data/EMG-EPN612/testingJSON/user40/user40.json,idx_119
waveIn,trainingSamples,raw_data/EMG-EPN612/testingJSON/user40/user40.json,idx_120
waveIn,trainingSamples,raw_data/EMG-EPN612/testingJSON/user40/user40.json,idx_121
waveIn,trainingSamples,raw_data/EMG-EPN612/testingJSON/user40/user40.json,idx_122
waveIn,trainingSamples,raw_data/EMG-EPN612/testingJSON/user40/user40.json,idx_123
waveIn,trainingSamples,raw_data/EMG-EPN612/testingJSON/user40/user40.json,idx_124
waveIn,trainingSamples,raw_data/EMG-EPN612/testingJSON/user40/user40.json,idx_125
open,trainingSamples,raw_data/EMG-EPN612/testingJSON/user40/user40.json,idx_126
open,trainingSamples,raw_data/EMG-EPN612/testingJSON/user40/user40.json,idx_127
open,trainingSamples,raw_data/EMG-EPN612/testingJSON/user40/user40.json,idx_128
open,trainingSamples,raw_data/EMG-EPN612/testingJSON/user40/user40.json,idx_129
open,trainingSamples,raw_data/EMG-EPN612/testingJSON/user40/user40.json,idx_130
open,trainingSamples,raw_data/EMG-EPN612/testingJSON/user40/user40.json,idx_131
open,trainingSamples,raw_data/EMG-EPN612/testingJSON/user40/user40.json,idx_132
open,trainingSamples,raw_data/EMG-EPN612/testingJSON/user40/user40.json,idx_133
open,trainingSamples,raw_data/EMG-EPN612/testingJSON/user40/user40.json,idx_134
open,trainingSamples,raw_data/EMG-EPN612/testingJSON/user40/user40.json,idx_135
open,trainingSamples,raw_data/EMG-EPN612/testingJSON/user40/user40.json,idx_136
open,trainingSamples,raw_data/EMG-EPN612/testingJSON/user40/user40.json,idx_137
open,trainingSamples,raw_data/EMG-EPN612/testingJSON/user40/user40.json,idx_138
open,trainingSamples,raw_data/EMG-EPN612/testingJSON/user40/user40.json,idx_139
open,trainingSamples,raw_data/EMG-EPN612/testingJSON/user40/user40.json,idx_140
open,trainingSamples,raw_data/EMG-EPN612/testingJSON/user40/user40.json,idx_141
open,trainingSamples,raw_data/EMG-EPN612/testingJSON/user40/user40.json,idx_142
open,trainingSamples,raw_data/EMG-EPN612/testingJSON/user40/user40.json,idx_143
open,trainingSamples,raw_data/EMG-EPN612/testingJSON/user40/user40.json,idx_144
open,trainingSamples,raw_data/EMG-EPN612/testingJSON/user40/user40.json,idx_145
open,trainingSamples,raw_data/EMG-EPN612/testingJSON/user40/user40.json,idx_146
open,trainingSamples,raw_data/EMG-EPN612/testingJSON/user40/user40.json,idx_147
open,trainingSamples,raw_data/EMG-EPN612/testingJSON/user40/user40.json,idx_148
open,trainingSamples,raw_data/EMG-EPN612/testingJSON/user40/user40.json,idx_149
open,trainingSamples,raw_data/EMG-EPN612/testingJSON/user40/user40.json,idx_150
noGesture,trainingSamples,raw_data/EMG-EPN612/testingJSON/user41/user41.json,idx_1
noGesture,trainingSamples,raw_data/EMG-EPN612/testingJSON/user41/user41.json,idx_2
noGesture,trainingSamples,raw_data/EMG-EPN612/testingJSON/user41/user41.json,idx_3
noGesture,trainingSamples,raw_data/EMG-EPN612/testingJSON/user41/user41.json,idx_4
noGesture,trainingSamples,raw_data/EMG-EPN612/testingJSON/user41/user41.json,idx_5
noGesture,trainingSamples,raw_data/EMG-EPN612/testingJSON/user41/user41.json,idx_6
noGesture,trainingSamples,raw_data/EMG-EPN612/testingJSON/user41/user41.json,idx_7
noGesture,trainingSamples,raw_data/EMG-EPN612/testingJSON/user41/user41.json,idx_8
noGesture,trainingSamples,raw_data/EMG-EPN612/testingJSON/user41/user41.json,idx_9
noGesture,trainingSamples,raw_data/EMG-EPN612/testingJSON/user41/user41.json,idx_10
noGesture,trainingSamples,raw_data/EMG-EPN612/testingJSON/user41/user41.json,idx_11
noGesture,trainingSamples,raw_data/EMG-EPN612/testingJSON/user41/user41.json,idx_12
noGesture,trainingSamples,raw_data/EMG-EPN612/testingJSON/user41/user41.json,idx_13
noGesture,trainingSamples,raw_data/EMG-EPN612/testingJSON/user41/user41.json,idx_14
noGesture,trainingSamples,raw_data/EMG-EPN612/testingJSON/user41/user41.json,idx_15
noGesture,trainingSamples,raw_data/EMG-EPN612/testingJSON/user41/user41.json,idx_16
noGesture,trainingSamples,raw_data/EMG-EPN612/testingJSON/user41/user41.json,idx_17
noGesture,trainingSamples,raw_data/EMG-EPN612/testingJSON/user41/user41.json,idx_18
noGesture,trainingSamples,raw_data/EMG-EPN612/testingJSON/user41/user41.json,idx_19
noGesture,trainingSamples,raw_data/EMG-EPN612/testingJSON/user41/user41.json,idx_20
noGesture,trainingSamples,raw_data/EMG-EPN612/testingJSON/user41/user41.json,idx_21
noGesture,trainingSamples,raw_data/EMG-EPN612/testingJSON/user41/user41.json,idx_22
noGesture,trainingSamples,raw_data/EMG-EPN612/testingJSON/user41/user41.json,idx_23
noGesture,trainingSamples,raw_data/EMG-EPN612/testingJSON/user41/user41.json,idx_24
noGesture,trainingSamples,raw_data/EMG-EPN612/testingJSON/user41/user41.json,idx_25
waveOut,trainingSamples,raw_data/EMG-EPN612/testingJSON/user41/user41.json,idx_26
waveOut,trainingSamples,raw_data/EMG-EPN612/testingJSON/user41/user41.json,idx_27
waveOut,trainingSamples,raw_data/EMG-EPN612/testingJSON/user41/user41.json,idx_28
waveOut,trainingSamples,raw_data/EMG-EPN612/testingJSON/user41/user41.json,idx_29
waveOut,trainingSamples,raw_data/EMG-EPN612/testingJSON/user41/user41.json,idx_30
waveOut,trainingSamples,raw_data/EMG-EPN612/testingJSON/user41/user41.json,idx_31
waveOut,trainingSamples,raw_data/EMG-EPN612/testingJSON/user41/user41.json,idx_32
waveOut,trainingSamples,raw_data/EMG-EPN612/testingJSON/user41/user41.json,idx_33
waveOut,trainingSamples,raw_data/EMG-EPN612/testingJSON/user41/user41.json,idx_34
waveOut,trainingSamples,raw_data/EMG-EPN612/testingJSON/user41/user41.json,idx_35
waveOut,trainingSamples,raw_data/EMG-EPN612/testingJSON/user41/user41.json,idx_36
waveOut,trainingSamples,raw_data/EMG-EPN612/testingJSON/user41/user41.json,idx_37
waveOut,trainingSamples,raw_data/EMG-EPN612/testingJSON/user41/user41.json,idx_38
waveOut,trainingSamples,raw_data/EMG-EPN612/testingJSON/user41/user41.json,idx_39
waveOut,trainingSamples,raw_data/EMG-EPN612/testingJSON/user41/user41.json,idx_40
waveOut,trainingSamples,raw_data/EMG-EPN612/testingJSON/user41/user41.json,idx_41
waveOut,trainingSamples,raw_data/EMG-EPN612/testingJSON/user41/user41.json,idx_42
waveOut,trainingSamples,raw_data/EMG-EPN612/testingJSON/user41/user41.json,idx_43
waveOut,trainingSamples,raw_data/EMG-EPN612/testingJSON/user41/user41.json,idx_44
waveOut,trainingSamples,raw_data/EMG-EPN612/testingJSON/user41/user41.json,idx_45
waveOut,trainingSamples,raw_data/EMG-EPN612/testingJSON/user41/user41.json,idx_46
waveOut,trainingSamples,raw_data/EMG-EPN612/testingJSON/user41/user41.json,idx_47
waveOut,trainingSamples,raw_data/EMG-EPN612/testingJSON/user41/user41.json,idx_48
waveOut,trainingSamples,raw_data/EMG-EPN612/testingJSON/user41/user41.json,idx_49
waveOut,trainingSamples,raw_data/EMG-EPN612/testingJSON/user41/user41.json,idx_50
pinch,trainingSamples,raw_data/EMG-EPN612/testingJSON/user41/user41.json,idx_51
pinch,trainingSamples,raw_data/EMG-EPN612/testingJSON/user41/user41.json,idx_52
pinch,trainingSamples,raw_data/EMG-EPN612/testingJSON/user41/user41.json,idx_53
pinch,trainingSamples,raw_data/EMG-EPN612/testingJSON/user41/user41.json,idx_54
pinch,trainingSamples,raw_data/EMG-EPN612/testingJSON/user41/user41.json,idx_55
pinch,trainingSamples,raw_data/EMG-EPN612/testingJSON/user41/user41.json,idx_56
pinch,trainingSamples,raw_data/EMG-EPN612/testingJSON/user41/user41.json,idx_57
pinch,trainingSamples,raw_data/EMG-EPN612/testingJSON/user41/user41.json,idx_58
pinch,trainingSamples,raw_data/EMG-EPN612/testingJSON/user41/user41.json,idx_59
pinch,trainingSamples,raw_data/EMG-EPN612/testingJSON/user41/user41.json,idx_60
pinch,trainingSamples,raw_data/EMG-EPN612/testingJSON/user41/user41.json,idx_61
pinch,trainingSamples,raw_data/EMG-EPN612/testingJSON/user41/user41.json,idx_62
pinch,trainingSamples,raw_data/EMG-EPN612/testingJSON/user41/user41.json,idx_63
pinch,trainingSamples,raw_data/EMG-EPN612/testingJSON/user41/user41.json,idx_64
pinch,trainingSamples,raw_data/EMG-EPN612/testingJSON/user41/user41.json,idx_65
pinch,trainingSamples,raw_data/EMG-EPN612/testingJSON/user41/user41.json,idx_66
pinch,trainingSamples,raw_data/EMG-EPN612/testingJSON/user41/user41.json,idx_67
pinch,trainingSamples,raw_data/EMG-EPN612/testingJSON/user41/user41.json,idx_68
pinch,trainingSamples,raw_data/EMG-EPN612/testingJSON/user41/user41.json,idx_69
pinch,trainingSamples,raw_data/EMG-EPN612/testingJSON/user41/user41.json,idx_70
pinch,trainingSamples,raw_data/EMG-EPN612/testingJSON/user41/user41.json,idx_71
pinch,trainingSamples,raw_data/EMG-EPN612/testingJSON/user41/user41.json,idx_72
pinch,trainingSamples,raw_data/EMG-EPN612/testingJSON/user41/user41.json,idx_73
pinch,trainingSamples,raw_data/EMG-EPN612/testingJSON/user41/user41.json,idx_74
pinch,trainingSamples,raw_data/EMG-EPN612/testingJSON/user41/user41.json,idx_75
fist,trainingSamples,raw_data/EMG-EPN612/testingJSON/user41/user41.json,idx_76
fist,trainingSamples,raw_data/EMG-EPN612/testingJSON/user41/user41.json,idx_77
fist,trainingSamples,raw_data/EMG-EPN612/testingJSON/user41/user41.json,idx_78
fist,trainingSamples,raw_data/EMG-EPN612/testingJSON/user41/user41.json,idx_79
fist,trainingSamples,raw_data/EMG-EPN612/testingJSON/user41/user41.json,idx_80
fist,trainingSamples,raw_data/EMG-EPN612/testingJSON/user41/user41.json,idx_81
fist,trainingSamples,raw_data/EMG-EPN612/testingJSON/user41/user41.json,idx_82
fist,trainingSamples,raw_data/EMG-EPN612/testingJSON/user41/user41.json,idx_83
fist,trainingSamples,raw_data/EMG-EPN612/testingJSON/user41/user41.json,idx_84
fist,trainingSamples,raw_data/EMG-EPN612/testingJSON/user41/user41.json,idx_85
fist,trainingSamples,raw_data/EMG-EPN612/testingJSON/user41/user41.json,idx_86
fist,trainingSamples,raw_data/EMG-EPN612/testingJSON/user41/user41.json,idx_87
fist,trainingSamples,raw_data/EMG-EPN612/testingJSON/user41/user41.json,idx_88
fist,trainingSamples,raw_data/EMG-EPN612/testingJSON/user41/user41.json,idx_89
fist,trainingSamples,raw_data/EMG-EPN612/testingJSON/user41/user41.json,idx_90
fist,trainingSamples,raw_data/EMG-EPN612/testingJSON/user41/user41.json,idx_91
fist,trainingSamples,raw_data/EMG-EPN612/testingJSON/user41/user41.json,idx_92
fist,trainingSamples,raw_data/EMG-EPN612/testingJSON/user41/user41.json,idx_93
fist,trainingSamples,raw_data/EMG-EPN612/testingJSON/user41/user41.json,idx_94
fist,trainingSamples,raw_data/EMG-EPN612/testingJSON/user41/user41.json,idx_95
fist,trainingSamples,raw_data/EMG-EPN612/testingJSON/user41/user41.json,idx_96
fist,trainingSamples,raw_data/EMG-EPN612/testingJSON/user41/user41.json,idx_97
fist,trainingSamples,raw_data/EMG-EPN612/testingJSON/user41/user41.json,idx_98
fist,trainingSamples,raw_data/EMG-EPN612/testingJSON/user41/user41.json,idx_99
fist,trainingSamples,raw_data/EMG-EPN612/testingJSON/user41/user41.json,idx_100
waveIn,trainingSamples,raw_data/EMG-EPN612/testingJSON/user41/user41.json,idx_101
waveIn,trainingSamples,raw_data/EMG-EPN612/testingJSON/user41/user41.json,idx_102
waveIn,trainingSamples,raw_data/EMG-EPN612/testingJSON/user41/user41.json,idx_103
waveIn,trainingSamples,raw_data/EMG-EPN612/testingJSON/user41/user41.json,idx_104
waveIn,trainingSamples,raw_data/EMG-EPN612/testingJSON/user41/user41.json,idx_105
waveIn,trainingSamples,raw_data/EMG-EPN612/testingJSON/user41/user41.json,idx_106
waveIn,trainingSamples,raw_data/EMG-EPN612/testingJSON/user41/user41.json,idx_107
waveIn,trainingSamples,raw_data/EMG-EPN612/testingJSON/user41/user41.json,idx_108
waveIn,trainingSamples,raw_data/EMG-EPN612/testingJSON/user41/user41.json,idx_109
waveIn,trainingSamples,raw_data/EMG-EPN612/testingJSON/user41/user41.json,idx_110
waveIn,trainingSamples,raw_data/EMG-EPN612/testingJSON/user41/user41.json,idx_111
waveIn,trainingSamples,raw_data/EMG-EPN612/testingJSON/user41/user41.json,idx_112
waveIn,trainingSamples,raw_data/EMG-EPN612/testingJSON/user41/user41.json,idx_113
waveIn,trainingSamples,raw_data/EMG-EPN612/testingJSON/user41/user41.json,idx_114
waveIn,trainingSamples,raw_data/EMG-EPN612/testingJSON/user41/user41.json,idx_115
waveIn,trainingSamples,raw_data/EMG-EPN612/testingJSON/user41/user41.json,idx_116
waveIn,trainingSamples,raw_data/EMG-EPN612/testingJSON/user41/user41.json,idx_117
waveIn,trainingSamples,raw_data/EMG-EPN612/testingJSON/user41/user41.json,idx_118
waveIn,trainingSamples,raw_data/EMG-EPN612/testingJSON/user41/user41.json,idx_119
waveIn,trainingSamples,raw_data/EMG-EPN612/testingJSON/user41/user41.json,idx_120
waveIn,trainingSamples,raw_data/EMG-EPN612/testingJSON/user41/user41.json,idx_121
waveIn,trainingSamples,raw_data/EMG-EPN612/testingJSON/user41/user41.json,idx_122
waveIn,trainingSamples,raw_data/EMG-EPN612/testingJSON/user41/user41.json,idx_123
waveIn,trainingSamples,raw_data/EMG-EPN612/testingJSON/user41/user41.json,idx_124
waveIn,trainingSamples,raw_data/EMG-EPN612/testingJSON/user41/user41.json,idx_125
open,trainingSamples,raw_data/EMG-EPN612/testingJSON/user41/user41.json,idx_126
open,trainingSamples,raw_data/EMG-EPN612/testingJSON/user41/user41.json,idx_127
open,trainingSamples,raw_data/EMG-EPN612/testingJSON/user41/user41.json,idx_128
open,trainingSamples,raw_data/EMG-EPN612/testingJSON/user41/user41.json,idx_129
open,trainingSamples,raw_data/EMG-EPN612/testingJSON/user41/user41.json,idx_130
open,trainingSamples,raw_data/EMG-EPN612/testingJSON/user41/user41.json,idx_131
open,trainingSamples,raw_data/EMG-EPN612/testingJSON/user41/user41.json,idx_132
open,trainingSamples,raw_data/EMG-EPN612/testingJSON/user41/user41.json,idx_133
open,trainingSamples,raw_data/EMG-EPN612/testingJSON/user41/user41.json,idx_134
open,trainingSamples,raw_data/EMG-EPN612/testingJSON/user41/user41.json,idx_135
open,trainingSamples,raw_data/EMG-EPN612/testingJSON/user41/user41.json,idx_136
open,trainingSamples,raw_data/EMG-EPN612/testingJSON/user41/user41.json,idx_137
open,trainingSamples,raw_data/EMG-EPN612/testingJSON/user41/user41.json,idx_138
open,trainingSamples,raw_data/EMG-EPN612/testingJSON/user41/user41.json,idx_139
open,trainingSamples,raw_data/EMG-EPN612/testingJSON/user41/user41.json,idx_140
open,trainingSamples,raw_data/EMG-EPN612/testingJSON/user41/user41.json,idx_141
open,trainingSamples,raw_data/EMG-EPN612/testingJSON/user41/user41.json,idx_142
open,trainingSamples,raw_data/EMG-EPN612/testingJSON/user41/user41.json,idx_143
open,trainingSamples,raw_data/EMG-EPN612/testingJSON/user41/user41.json,idx_144
open,trainingSamples,raw_data/EMG-EPN612/testingJSON/user41/user41.json,idx_145
open,trainingSamples,raw_data/EMG-EPN612/testingJSON/user41/user41.json,idx_146
open,trainingSamples,raw_data/EMG-EPN612/testingJSON/user41/user41.json,idx_147
open,trainingSamples,raw_data/EMG-EPN612/testingJSON/user41/user41.json,idx_148
open,trainingSamples,raw_data/EMG-EPN612/testingJSON/user41/user41.json,idx_149
open,trainingSamples,raw_data/EMG-EPN612/testingJSON/user41/user41.json,idx_150
noGesture,trainingSamples,raw_data/EMG-EPN612/testingJSON/user42/user42.json,idx_1
noGesture,trainingSamples,raw_data/EMG-EPN612/testingJSON/user42/user42.json,idx_2
noGesture,trainingSamples,raw_data/EMG-EPN612/testingJSON/user42/user42.json,idx_3
noGesture,trainingSamples,raw_data/EMG-EPN612/testingJSON/user42/user42.json,idx_4
noGesture,trainingSamples,raw_data/EMG-EPN612/testingJSON/user42/user42.json,idx_5
noGesture,trainingSamples,raw_data/EMG-EPN612/testingJSON/user42/user42.json,idx_6
noGesture,trainingSamples,raw_data/EMG-EPN612/testingJSON/user42/user42.json,idx_7
noGesture,trainingSamples,raw_data/EMG-EPN612/testingJSON/user42/user42.json,idx_8
noGesture,trainingSamples,raw_data/EMG-EPN612/testingJSON/user42/user42.json,idx_9
noGesture,trainingSamples,raw_data/EMG-EPN612/testingJSON/user42/user42.json,idx_10
noGesture,trainingSamples,raw_data/EMG-EPN612/testingJSON/user42/user42.json,idx_11
noGesture,trainingSamples,raw_data/EMG-EPN612/testingJSON/user42/user42.json,idx_12
noGesture,trainingSamples,raw_data/EMG-EPN612/testingJSON/user42/user42.json,idx_13
noGesture,trainingSamples,raw_data/EMG-EPN612/testingJSON/user42/user42.json,idx_14
noGesture,trainingSamples,raw_data/EMG-EPN612/testingJSON/user42/user42.json,idx_15
noGesture,trainingSamples,raw_data/EMG-EPN612/testingJSON/user42/user42.json,idx_16
noGesture,trainingSamples,raw_data/EMG-EPN612/testingJSON/user42/user42.json,idx_17
noGesture,trainingSamples,raw_data/EMG-EPN612/testingJSON/user42/user42.json,idx_18
noGesture,trainingSamples,raw_data/EMG-EPN612/testingJSON/user42/user42.json,idx_19
noGesture,trainingSamples,raw_data/EMG-EPN612/testingJSON/user42/user42.json,idx_20
noGesture,trainingSamples,raw_data/EMG-EPN612/testingJSON/user42/user42.json,idx_21
noGesture,trainingSamples,raw_data/EMG-EPN612/testingJSON/user42/user42.json,idx_22
noGesture,trainingSamples,raw_data/EMG-EPN612/testingJSON/user42/user42.json,idx_23
noGesture,trainingSamples,raw_data/EMG-EPN612/testingJSON/user42/user42.json,idx_24
noGesture,trainingSamples,raw_data/EMG-EPN612/testingJSON/user42/user42.json,idx_25
open,trainingSamples,raw_data/EMG-EPN612/testingJSON/user42/user42.json,idx_26
open,trainingSamples,raw_data/EMG-EPN612/testingJSON/user42/user42.json,idx_27
open,trainingSamples,raw_data/EMG-EPN612/testingJSON/user42/user42.json,idx_28
open,trainingSamples,raw_data/EMG-EPN612/testingJSON/user42/user42.json,idx_29
open,trainingSamples,raw_data/EMG-EPN612/testingJSON/user42/user42.json,idx_30
open,trainingSamples,raw_data/EMG-EPN612/testingJSON/user42/user42.json,idx_31
open,trainingSamples,raw_data/EMG-EPN612/testingJSON/user42/user42.json,idx_32
open,trainingSamples,raw_data/EMG-EPN612/testingJSON/user42/user42.json,idx_33
open,trainingSamples,raw_data/EMG-EPN612/testingJSON/user42/user42.json,idx_34
open,trainingSamples,raw_data/EMG-EPN612/testingJSON/user42/user42.json,idx_35
open,trainingSamples,raw_data/EMG-EPN612/testingJSON/user42/user42.json,idx_36
open,trainingSamples,raw_data/EMG-EPN612/testingJSON/user42/user42.json,idx_37
open,trainingSamples,raw_data/EMG-EPN612/testingJSON/user42/user42.json,idx_38
open,trainingSamples,raw_data/EMG-EPN612/testingJSON/user42/user42.json,idx_39
open,trainingSamples,raw_data/EMG-EPN612/testingJSON/user42/user42.json,idx_40
open,trainingSamples,raw_data/EMG-EPN612/testingJSON/user42/user42.json,idx_41
open,trainingSamples,raw_data/EMG-EPN612/testingJSON/user42/user42.json,idx_42
open,trainingSamples,raw_data/EMG-EPN612/testingJSON/user42/user42.json,idx_43
open,trainingSamples,raw_data/EMG-EPN612/testingJSON/user42/user42.json,idx_44
open,trainingSamples,raw_data/EMG-EPN612/testingJSON/user42/user42.json,idx_45
open,trainingSamples,raw_data/EMG-EPN612/testingJSON/user42/user42.json,idx_46
open,trainingSamples,raw_data/EMG-EPN612/testingJSON/user42/user42.json,idx_47
open,trainingSamples,raw_data/EMG-EPN612/testingJSON/user42/user42.json,idx_48
open,trainingSamples,raw_data/EMG-EPN612/testingJSON/user42/user42.json,idx_49
open,trainingSamples,raw_data/EMG-EPN612/testingJSON/user42/user42.json,idx_50
pinch,trainingSamples,raw_data/EMG-EPN612/testingJSON/user42/user42.json,idx_51
pinch,trainingSamples,raw_data/EMG-EPN612/testingJSON/user42/user42.json,idx_52
pinch,trainingSamples,raw_data/EMG-EPN612/testingJSON/user42/user42.json,idx_53
pinch,trainingSamples,raw_data/EMG-EPN612/testingJSON/user42/user42.json,idx_54
pinch,trainingSamples,raw_data/EMG-EPN612/testingJSON/user42/user42.json,idx_55
pinch,trainingSamples,raw_data/EMG-EPN612/testingJSON/user42/user42.json,idx_56
pinch,trainingSamples,raw_data/EMG-EPN612/testingJSON/user42/user42.json,idx_57
pinch,trainingSamples,raw_data/EMG-EPN612/testingJSON/user42/user42.json,idx_58
pinch,trainingSamples,raw_data/EMG-EPN612/testingJSON/user42/user42.json,idx_59
pinch,trainingSamples,raw_data/EMG-EPN612/testingJSON/user42/user42.json,idx_60
pinch,trainingSamples,raw_data/EMG-EPN612/testingJSON/user42/user42.json,idx_61
pinch,trainingSamples,raw_data/EMG-EPN612/testingJSON/user42/user42.json,idx_62
pinch,trainingSamples,raw_data/EMG-EPN612/testingJSON/user42/user42.json,idx_63
pinch,trainingSamples,raw_data/EMG-EPN612/testingJSON/user42/user42.json,idx_64
pinch,trainingSamples,raw_data/EMG-EPN612/testingJSON/user42/user42.json,idx_65
pinch,trainingSamples,raw_data/EMG-EPN612/testingJSON/user42/user42.json,idx_66
pinch,trainingSamples,raw_data/EMG-EPN612/testingJSON/user42/user42.json,idx_67
pinch,trainingSamples,raw_data/EMG-EPN612/testingJSON/user42/user42.json,idx_68
pinch,trainingSamples,raw_data/EMG-EPN612/testingJSON/user42/user42.json,idx_69
pinch,trainingSamples,raw_data/EMG-EPN612/testingJSON/user42/user42.json,idx_70
pinch,trainingSamples,raw_data/EMG-EPN612/testingJSON/user42/user42.json,idx_71
pinch,trainingSamples,raw_data/EMG-EPN612/testingJSON/user42/user42.json,idx_72
pinch,trainingSamples,raw_data/EMG-EPN612/testingJSON/user42/user42.json,idx_73
pinch,trainingSamples,raw_data/EMG-EPN612/testingJSON/user42/user42.json,idx_74
pinch,trainingSamples,raw_data/EMG-EPN612/testingJSON/user42/user42.json,idx_75
waveIn,trainingSamples,raw_data/EMG-EPN612/testingJSON/user42/user42.json,idx_76
waveIn,trainingSamples,raw_data/EMG-EPN612/testingJSON/user42/user42.json,idx_77
waveIn,trainingSamples,raw_data/EMG-EPN612/testingJSON/user42/user42.json,idx_78
waveIn,trainingSamples,raw_data/EMG-EPN612/testingJSON/user42/user42.json,idx_79
waveIn,trainingSamples,raw_data/EMG-EPN612/testingJSON/user42/user42.json,idx_80
waveIn,trainingSamples,raw_data/EMG-EPN612/testingJSON/user42/user42.json,idx_81
waveIn,trainingSamples,raw_data/EMG-EPN612/testingJSON/user42/user42.json,idx_82
waveIn,trainingSamples,raw_data/EMG-EPN612/testingJSON/user42/user42.json,idx_83
waveIn,trainingSamples,raw_data/EMG-EPN612/testingJSON/user42/user42.json,idx_84
waveIn,trainingSamples,raw_data/EMG-EPN612/testingJSON/user42/user42.json,idx_85
waveIn,trainingSamples,raw_data/EMG-EPN612/testingJSON/user42/user42.json,idx_86
waveIn,trainingSamples,raw_data/EMG-EPN612/testingJSON/user42/user42.json,idx_87
waveIn,trainingSamples,raw_data/EMG-EPN612/testingJSON/user42/user42.json,idx_88
waveIn,trainingSamples,raw_data/EMG-EPN612/testingJSON/user42/user42.json,idx_89
waveIn,trainingSamples,raw_data/EMG-EPN612/testingJSON/user42/user42.json,idx_90
waveIn,trainingSamples,raw_data/EMG-EPN612/testingJSON/user42/user42.json,idx_91
waveIn,trainingSamples,raw_data/EMG-EPN612/testingJSON/user42/user42.json,idx_92
waveIn,trainingSamples,raw_data/EMG-EPN612/testingJSON/user42/user42.json,idx_93
waveIn,trainingSamples,raw_data/EMG-EPN612/testingJSON/user42/user42.json,idx_94
waveIn,trainingSamples,raw_data/EMG-EPN612/testingJSON/user42/user42.json,idx_95
waveIn,trainingSamples,raw_data/EMG-EPN612/testingJSON/user42/user42.json,idx_96
waveIn,trainingSamples,raw_data/EMG-EPN612/testingJSON/user42/user42.json,idx_97
waveIn,trainingSamples,raw_data/EMG-EPN612/testingJSON/user42/user42.json,idx_98
waveIn,trainingSamples,raw_data/EMG-EPN612/testingJSON/user42/user42.json,idx_99
waveIn,trainingSamples,raw_data/EMG-EPN612/testingJSON/user42/user42.json,idx_100
waveOut,trainingSamples,raw_data/EMG-EPN612/testingJSON/user42/user42.json,idx_101
waveOut,trainingSamples,raw_data/EMG-EPN612/testingJSON/user42/user42.json,idx_102
waveOut,trainingSamples,raw_data/EMG-EPN612/testingJSON/user42/user42.json,idx_103
waveOut,trainingSamples,raw_data/EMG-EPN612/testingJSON/user42/user42.json,idx_104
waveOut,trainingSamples,raw_data/EMG-EPN612/testingJSON/user42/user42.json,idx_105
waveOut,trainingSamples,raw_data/EMG-EPN612/testingJSON/user42/user42.json,idx_106
waveOut,trainingSamples,raw_data/EMG-EPN612/testingJSON/user42/user42.json,idx_107
waveOut,trainingSamples,raw_data/EMG-EPN612/testingJSON/user42/user42.json,idx_108
waveOut,trainingSamples,raw_data/EMG-EPN612/testingJSON/user42/user42.json,idx_109
waveOut,trainingSamples,raw_data/EMG-EPN612/testingJSON/user42/user42.json,idx_110
waveOut,trainingSamples,raw_data/EMG-EPN612/testingJSON/user42/user42.json,idx_111
waveOut,trainingSamples,raw_data/EMG-EPN612/testingJSON/user42/user42.json,idx_112
waveOut,trainingSamples,raw_data/EMG-EPN612/testingJSON/user42/user42.json,idx_113
waveOut,trainingSamples,raw_data/EMG-EPN612/testingJSON/user42/user42.json,idx_114
waveOut,trainingSamples,raw_data/EMG-EPN612/testingJSON/user42/user42.json,idx_115
waveOut,trainingSamples,raw_data/EMG-EPN612/testingJSON/user42/user42.json,idx_116
waveOut,trainingSamples,raw_data/EMG-EPN612/testingJSON/user42/user42.json,idx_117
waveOut,trainingSamples,raw_data/EMG-EPN612/testingJSON/user42/user42.json,idx_118
waveOut,trainingSamples,raw_data/EMG-EPN612/testingJSON/user42/user42.json,idx_119
waveOut,trainingSamples,raw_data/EMG-EPN612/testingJSON/user42/user42.json,idx_120
waveOut,trainingSamples,raw_data/EMG-EPN612/testingJSON/user42/user42.json,idx_121
waveOut,trainingSamples,raw_data/EMG-EPN612/testingJSON/user42/user42.json,idx_122
waveOut,trainingSamples,raw_data/EMG-EPN612/testingJSON/user42/user42.json,idx_123
waveOut,trainingSamples,raw_data/EMG-EPN612/testingJSON/user42/user42.json,idx_124
waveOut,trainingSamples,raw_data/EMG-EPN612/testingJSON/user42/user42.json,idx_125
fist,trainingSamples,raw_data/EMG-EPN612/testingJSON/user42/user42.json,idx_126
fist,trainingSamples,raw_data/EMG-EPN612/testingJSON/user42/user42.json,idx_127
fist,trainingSamples,raw_data/EMG-EPN612/testingJSON/user42/user42.json,idx_128
fist,trainingSamples,raw_data/EMG-EPN612/testingJSON/user42/user42.json,idx_129
fist,trainingSamples,raw_data/EMG-EPN612/testingJSON/user42/user42.json,idx_130
fist,trainingSamples,raw_data/EMG-EPN612/testingJSON/user42/user42.json,idx_131
fist,trainingSamples,raw_data/EMG-EPN612/testingJSON/user42/user42.json,idx_132
fist,trainingSamples,raw_data/EMG-EPN612/testingJSON/user42/user42.json,idx_133
fist,trainingSamples,raw_data/EMG-EPN612/testingJSON/user42/user42.json,idx_134
fist,trainingSamples,raw_data/EMG-EPN612/testingJSON/user42/user42.json,idx_135
fist,trainingSamples,raw_data/EMG-EPN612/testingJSON/user42/user42.json,idx_136
fist,trainingSamples,raw_data/EMG-EPN612/testingJSON/user42/user42.json,idx_137
fist,trainingSamples,raw_data/EMG-EPN612/testingJSON/user42/user42.json,idx_138
fist,trainingSamples,raw_data/EMG-EPN612/testingJSON/user42/user42.json,idx_139
fist,trainingSamples,raw_data/EMG-EPN612/testingJSON/user42/user42.json,idx_140
fist,trainingSamples,raw_data/EMG-EPN612/testingJSON/user42/user42.json,idx_141
fist,trainingSamples,raw_data/EMG-EPN612/testingJSON/user42/user42.json,idx_142
fist,trainingSamples,raw_data/EMG-EPN612/testingJSON/user42/user42.json,idx_143
fist,trainingSamples,raw_data/EMG-EPN612/testingJSON/user42/user42.json,idx_144
fist,trainingSamples,raw_data/EMG-EPN612/testingJSON/user42/user42.json,idx_145
fist,trainingSamples,raw_data/EMG-EPN612/testingJSON/user42/user42.json,idx_146
fist,trainingSamples,raw_data/EMG-EPN612/testingJSON/user42/user42.json,idx_147
fist,trainingSamples,raw_data/EMG-EPN612/testingJSON/user42/user42.json,idx_148
fist,trainingSamples,raw_data/EMG-EPN612/testingJSON/user42/user42.json,idx_149
fist,trainingSamples,raw_data/EMG-EPN612/testingJSON/user42/user42.json,idx_150
noGesture,trainingSamples,raw_data/EMG-EPN612/testingJSON/user43/user43.json,idx_1
noGesture,trainingSamples,raw_data/EMG-EPN612/testingJSON/user43/user43.json,idx_2
noGesture,trainingSamples,raw_data/EMG-EPN612/testingJSON/user43/user43.json,idx_3
noGesture,trainingSamples,raw_data/EMG-EPN612/testingJSON/user43/user43.json,idx_4
noGesture,trainingSamples,raw_data/EMG-EPN612/testingJSON/user43/user43.json,idx_5
noGesture,trainingSamples,raw_data/EMG-EPN612/testingJSON/user43/user43.json,idx_6
noGesture,trainingSamples,raw_data/EMG-EPN612/testingJSON/user43/user43.json,idx_7
noGesture,trainingSamples,raw_data/EMG-EPN612/testingJSON/user43/user43.json,idx_8
noGesture,trainingSamples,raw_data/EMG-EPN612/testingJSON/user43/user43.json,idx_9
noGesture,trainingSamples,raw_data/EMG-EPN612/testingJSON/user43/user43.json,idx_10
noGesture,trainingSamples,raw_data/EMG-EPN612/testingJSON/user43/user43.json,idx_11
noGesture,trainingSamples,raw_data/EMG-EPN612/testingJSON/user43/user43.json,idx_12
noGesture,trainingSamples,raw_data/EMG-EPN612/testingJSON/user43/user43.json,idx_13
noGesture,trainingSamples,raw_data/EMG-EPN612/testingJSON/user43/user43.json,idx_14
noGesture,trainingSamples,raw_data/EMG-EPN612/testingJSON/user43/user43.json,idx_15
noGesture,trainingSamples,raw_data/EMG-EPN612/testingJSON/user43/user43.json,idx_16
noGesture,trainingSamples,raw_data/EMG-EPN612/testingJSON/user43/user43.json,idx_17
noGesture,trainingSamples,raw_data/EMG-EPN612/testingJSON/user43/user43.json,idx_18
noGesture,trainingSamples,raw_data/EMG-EPN612/testingJSON/user43/user43.json,idx_19
noGesture,trainingSamples,raw_data/EMG-EPN612/testingJSON/user43/user43.json,idx_20
noGesture,trainingSamples,raw_data/EMG-EPN612/testingJSON/user43/user43.json,idx_21
noGesture,trainingSamples,raw_data/EMG-EPN612/testingJSON/user43/user43.json,idx_22
noGesture,trainingSamples,raw_data/EMG-EPN612/testingJSON/user43/user43.json,idx_23
noGesture,trainingSamples,raw_data/EMG-EPN612/testingJSON/user43/user43.json,idx_24
noGesture,trainingSamples,raw_data/EMG-EPN612/testingJSON/user43/user43.json,idx_25
fist,trainingSamples,raw_data/EMG-EPN612/testingJSON/user43/user43.json,idx_26
fist,trainingSamples,raw_data/EMG-EPN612/testingJSON/user43/user43.json,idx_27
fist,trainingSamples,raw_data/EMG-EPN612/testingJSON/user43/user43.json,idx_28
fist,trainingSamples,raw_data/EMG-EPN612/testingJSON/user43/user43.json,idx_29
fist,trainingSamples,raw_data/EMG-EPN612/testingJSON/user43/user43.json,idx_30
fist,trainingSamples,raw_data/EMG-EPN612/testingJSON/user43/user43.json,idx_31
fist,trainingSamples,raw_data/EMG-EPN612/testingJSON/user43/user43.json,idx_32
fist,trainingSamples,raw_data/EMG-EPN612/testingJSON/user43/user43.json,idx_33
fist,trainingSamples,raw_data/EMG-EPN612/testingJSON/user43/user43.json,idx_34
fist,trainingSamples,raw_data/EMG-EPN612/testingJSON/user43/user43.json,idx_35
fist,trainingSamples,raw_data/EMG-EPN612/testingJSON/user43/user43.json,idx_36
fist,trainingSamples,raw_data/EMG-EPN612/testingJSON/user43/user43.json,idx_37
fist,trainingSamples,raw_data/EMG-EPN612/testingJSON/user43/user43.json,idx_38
fist,trainingSamples,raw_data/EMG-EPN612/testingJSON/user43/user43.json,idx_39
fist,trainingSamples,raw_data/EMG-EPN612/testingJSON/user43/user43.json,idx_40
fist,trainingSamples,raw_data/EMG-EPN612/testingJSON/user43/user43.json,idx_41
fist,trainingSamples,raw_data/EMG-EPN612/testingJSON/user43/user43.json,idx_42
fist,trainingSamples,raw_data/EMG-EPN612/testingJSON/user43/user43.json,idx_43
fist,trainingSamples,raw_data/EMG-EPN612/testingJSON/user43/user43.json,idx_44
fist,trainingSamples,raw_data/EMG-EPN612/testingJSON/user43/user43.json,idx_45
fist,trainingSamples,raw_data/EMG-EPN612/testingJSON/user43/user43.json,idx_46
fist,trainingSamples,raw_data/EMG-EPN612/testingJSON/user43/user43.json,idx_47
fist,trainingSamples,raw_data/EMG-EPN612/testingJSON/user43/user43.json,idx_48
fist,trainingSamples,raw_data/EMG-EPN612/testingJSON/user43/user43.json,idx_49
fist,trainingSamples,raw_data/EMG-EPN612/testingJSON/user43/user43.json,idx_50
open,trainingSamples,raw_data/EMG-EPN612/testingJSON/user43/user43.json,idx_51
open,trainingSamples,raw_data/EMG-EPN612/testingJSON/user43/user43.json,idx_52
open,trainingSamples,raw_data/EMG-EPN612/testingJSON/user43/user43.json,idx_53
open,trainingSamples,raw_data/EMG-EPN612/testingJSON/user43/user43.json,idx_54
open,trainingSamples,raw_data/EMG-EPN612/testingJSON/user43/user43.json,idx_55
open,trainingSamples,raw_data/EMG-EPN612/testingJSON/user43/user43.json,idx_56
open,trainingSamples,raw_data/EMG-EPN612/testingJSON/user43/user43.json,idx_57
open,trainingSamples,raw_data/EMG-EPN612/testingJSON/user43/user43.json,idx_58
open,trainingSamples,raw_data/EMG-EPN612/testingJSON/user43/user43.json,idx_59
open,trainingSamples,raw_data/EMG-EPN612/testingJSON/user43/user43.json,idx_60
open,trainingSamples,raw_data/EMG-EPN612/testingJSON/user43/user43.json,idx_61
open,trainingSamples,raw_data/EMG-EPN612/testingJSON/user43/user43.json,idx_62
open,trainingSamples,raw_data/EMG-EPN612/testingJSON/user43/user43.json,idx_63
open,trainingSamples,raw_data/EMG-EPN612/testingJSON/user43/user43.json,idx_64
open,trainingSamples,raw_data/EMG-EPN612/testingJSON/user43/user43.json,idx_65
open,trainingSamples,raw_data/EMG-EPN612/testingJSON/user43/user43.json,idx_66
open,trainingSamples,raw_data/EMG-EPN612/testingJSON/user43/user43.json,idx_67
open,trainingSamples,raw_data/EMG-EPN612/testingJSON/user43/user43.json,idx_68
open,trainingSamples,raw_data/EMG-EPN612/testingJSON/user43/user43.json,idx_69
open,trainingSamples,raw_data/EMG-EPN612/testingJSON/user43/user43.json,idx_70
open,trainingSamples,raw_data/EMG-EPN612/testingJSON/user43/user43.json,idx_71
open,trainingSamples,raw_data/EMG-EPN612/testingJSON/user43/user43.json,idx_72
open,trainingSamples,raw_data/EMG-EPN612/testingJSON/user43/user43.json,idx_73
open,trainingSamples,raw_data/EMG-EPN612/testingJSON/user43/user43.json,idx_74
open,trainingSamples,raw_data/EMG-EPN612/testingJSON/user43/user43.json,idx_75
pinch,trainingSamples,raw_data/EMG-EPN612/testingJSON/user43/user43.json,idx_76
pinch,trainingSamples,raw_data/EMG-EPN612/testingJSON/user43/user43.json,idx_77
pinch,trainingSamples,raw_data/EMG-EPN612/testingJSON/user43/user43.json,idx_78
pinch,trainingSamples,raw_data/EMG-EPN612/testingJSON/user43/user43.json,idx_79
pinch,trainingSamples,raw_data/EMG-EPN612/testingJSON/user43/user43.json,idx_80
pinch,trainingSamples,raw_data/EMG-EPN612/testingJSON/user43/user43.json,idx_81
pinch,trainingSamples,raw_data/EMG-EPN612/testingJSON/user43/user43.json,idx_82
pinch,trainingSamples,raw_data/EMG-EPN612/testingJSON/user43/user43.json,idx_83
pinch,trainingSamples,raw_data/EMG-EPN612/testingJSON/user43/user43.json,idx_84
pinch,trainingSamples,raw_data/EMG-EPN612/testingJSON/user43/user43.json,idx_85
pinch,trainingSamples,raw_data/EMG-EPN612/testingJSON/user43/user43.json,idx_86
pinch,trainingSamples,raw_data/EMG-EPN612/testingJSON/user43/user43.json,idx_87
pinch,trainingSamples,raw_data/EMG-EPN612/testingJSON/user43/user43.json,idx_88
pinch,trainingSamples,raw_data/EMG-EPN612/testingJSON/user43/user43.json,idx_89
pinch,trainingSamples,raw_data/EMG-EPN612/testingJSON/user43/user43.json,idx_90
pinch,trainingSamples,raw_data/EMG-EPN612/testingJSON/user43/user43.json,idx_91
pinch,trainingSamples,raw_data/EMG-EPN612/testingJSON/user43/user43.json,idx_92
pinch,trainingSamples,raw_data/EMG-EPN612/testingJSON/user43/user43.json,idx_93
pinch,trainingSamples,raw_data/EMG-EPN612/testingJSON/user43/user43.json,idx_94
pinch,trainingSamples,raw_data/EMG-EPN612/testingJSON/user43/user43.json,idx_95
pinch,trainingSamples,raw_data/EMG-EPN612/testingJSON/user43/user43.json,idx_96
pinch,trainingSamples,raw_data/EMG-EPN612/testingJSON/user43/user43.json,idx_97
pinch,trainingSamples,raw_data/EMG-EPN612/testingJSON/user43/user43.json,idx_98
pinch,trainingSamples,raw_data/EMG-EPN612/testingJSON/user43/user43.json,idx_99
pinch,trainingSamples,raw_data/EMG-EPN612/testingJSON/user43/user43.json,idx_100
waveOut,trainingSamples,raw_data/EMG-EPN612/testingJSON/user43/user43.json,idx_101
waveOut,trainingSamples,raw_data/EMG-EPN612/testingJSON/user43/user43.json,idx_102
waveOut,trainingSamples,raw_data/EMG-EPN612/testingJSON/user43/user43.json,idx_103
waveOut,trainingSamples,raw_data/EMG-EPN612/testingJSON/user43/user43.json,idx_104
waveOut,trainingSamples,raw_data/EMG-EPN612/testingJSON/user43/user43.json,idx_105
waveOut,trainingSamples,raw_data/EMG-EPN612/testingJSON/user43/user43.json,idx_106
waveOut,trainingSamples,raw_data/EMG-EPN612/testingJSON/user43/user43.json,idx_107
waveOut,trainingSamples,raw_data/EMG-EPN612/testingJSON/user43/user43.json,idx_108
waveOut,trainingSamples,raw_data/EMG-EPN612/testingJSON/user43/user43.json,idx_109
waveOut,trainingSamples,raw_data/EMG-EPN612/testingJSON/user43/user43.json,idx_110
waveOut,trainingSamples,raw_data/EMG-EPN612/testingJSON/user43/user43.json,idx_111
waveOut,trainingSamples,raw_data/EMG-EPN612/testingJSON/user43/user43.json,idx_112
waveOut,trainingSamples,raw_data/EMG-EPN612/testingJSON/user43/user43.json,idx_113
waveOut,trainingSamples,raw_data/EMG-EPN612/testingJSON/user43/user43.json,idx_114
waveOut,trainingSamples,raw_data/EMG-EPN612/testingJSON/user43/user43.json,idx_115
waveOut,trainingSamples,raw_data/EMG-EPN612/testingJSON/user43/user43.json,idx_116
waveOut,trainingSamples,raw_data/EMG-EPN612/testingJSON/user43/user43.json,idx_117
waveOut,trainingSamples,raw_data/EMG-EPN612/testingJSON/user43/user43.json,idx_118
waveOut,trainingSamples,raw_data/EMG-EPN612/testingJSON/user43/user43.json,idx_119
waveOut,trainingSamples,raw_data/EMG-EPN612/testingJSON/user43/user43.json,idx_120
waveOut,trainingSamples,raw_data/EMG-EPN612/testingJSON/user43/user43.json,idx_121
waveOut,trainingSamples,raw_data/EMG-EPN612/testingJSON/user43/user43.json,idx_122
waveOut,trainingSamples,raw_data/EMG-EPN612/testingJSON/user43/user43.json,idx_123
waveOut,trainingSamples,raw_data/EMG-EPN612/testingJSON/user43/user43.json,idx_124
waveOut,trainingSamples,raw_data/EMG-EPN612/testingJSON/user43/user43.json,idx_125
waveIn,trainingSamples,raw_data/EMG-EPN612/testingJSON/user43/user43.json,idx_126
waveIn,trainingSamples,raw_data/EMG-EPN612/testingJSON/user43/user43.json,idx_127
waveIn,trainingSamples,raw_data/EMG-EPN612/testingJSON/user43/user43.json,idx_128
waveIn,trainingSamples,raw_data/EMG-EPN612/testingJSON/user43/user43.json,idx_129
waveIn,trainingSamples,raw_data/EMG-EPN612/testingJSON/user43/user43.json,idx_130
waveIn,trainingSamples,raw_data/EMG-EPN612/testingJSON/user43/user43.json,idx_131
waveIn,trainingSamples,raw_data/EMG-EPN612/testingJSON/user43/user43.json,idx_132
waveIn,trainingSamples,raw_data/EMG-EPN612/testingJSON/user43/user43.json,idx_133
waveIn,trainingSamples,raw_data/EMG-EPN612/testingJSON/user43/user43.json,idx_134
waveIn,trainingSamples,raw_data/EMG-EPN612/testingJSON/user43/user43.json,idx_135
waveIn,trainingSamples,raw_data/EMG-EPN612/testingJSON/user43/user43.json,idx_136
waveIn,trainingSamples,raw_data/EMG-EPN612/testingJSON/user43/user43.json,idx_137
waveIn,trainingSamples,raw_data/EMG-EPN612/testingJSON/user43/user43.json,idx_138
waveIn,trainingSamples,raw_data/EMG-EPN612/testingJSON/user43/user43.json,idx_139
waveIn,trainingSamples,raw_data/EMG-EPN612/testingJSON/user43/user43.json,idx_140
waveIn,trainingSamples,raw_data/EMG-EPN612/testingJSON/user43/user43.json,idx_141
waveIn,trainingSamples,raw_data/EMG-EPN612/testingJSON/user43/user43.json,idx_142
waveIn,trainingSamples,raw_data/EMG-EPN612/testingJSON/user43/user43.json,idx_143
waveIn,trainingSamples,raw_data/EMG-EPN612/testingJSON/user43/user43.json,idx_144
waveIn,trainingSamples,raw_data/EMG-EPN612/testingJSON/user43/user43.json,idx_145
waveIn,trainingSamples,raw_data/EMG-EPN612/testingJSON/user43/user43.json,idx_146
waveIn,trainingSamples,raw_data/EMG-EPN612/testingJSON/user43/user43.json,idx_147
waveIn,trainingSamples,raw_data/EMG-EPN612/testingJSON/user43/user43.json,idx_148
waveIn,trainingSamples,raw_data/EMG-EPN612/testingJSON/user43/user43.json,idx_149
waveIn,trainingSamples,raw_data/EMG-EPN612/testingJSON/user43/user43.json,idx_150
noGesture,trainingSamples,raw_data/EMG-EPN612/testingJSON/user44/user44.json,idx_1
noGesture,trainingSamples,raw_data/EMG-EPN612/testingJSON/user44/user44.json,idx_2
noGesture,trainingSamples,raw_data/EMG-EPN612/testingJSON/user44/user44.json,idx_3
noGesture,trainingSamples,raw_data/EMG-EPN612/testingJSON/user44/user44.json,idx_4
noGesture,trainingSamples,raw_data/EMG-EPN612/testingJSON/user44/user44.json,idx_5
noGesture,trainingSamples,raw_data/EMG-EPN612/testingJSON/user44/user44.json,idx_6
noGesture,trainingSamples,raw_data/EMG-EPN612/testingJSON/user44/user44.json,idx_7
noGesture,trainingSamples,raw_data/EMG-EPN612/testingJSON/user44/user44.json,idx_8
noGesture,trainingSamples,raw_data/EMG-EPN612/testingJSON/user44/user44.json,idx_9
noGesture,trainingSamples,raw_data/EMG-EPN612/testingJSON/user44/user44.json,idx_10
noGesture,trainingSamples,raw_data/EMG-EPN612/testingJSON/user44/user44.json,idx_11
noGesture,trainingSamples,raw_data/EMG-EPN612/testingJSON/user44/user44.json,idx_12
noGesture,trainingSamples,raw_data/EMG-EPN612/testingJSON/user44/user44.json,idx_13
noGesture,trainingSamples,raw_data/EMG-EPN612/testingJSON/user44/user44.json,idx_14
noGesture,trainingSamples,raw_data/EMG-EPN612/testingJSON/user44/user44.json,idx_15
noGesture,trainingSamples,raw_data/EMG-EPN612/testingJSON/user44/user44.json,idx_16
noGesture,trainingSamples,raw_data/EMG-EPN612/testingJSON/user44/user44.json,idx_17
noGesture,trainingSamples,raw_data/EMG-EPN612/testingJSON/user44/user44.json,idx_18
noGesture,trainingSamples,raw_data/EMG-EPN612/testingJSON/user44/user44.json,idx_19
noGesture,trainingSamples,raw_data/EMG-EPN612/testingJSON/user44/user44.json,idx_20
noGesture,trainingSamples,raw_data/EMG-EPN612/testingJSON/user44/user44.json,idx_21
noGesture,trainingSamples,raw_data/EMG-EPN612/testingJSON/user44/user44.json,idx_22
noGesture,trainingSamples,raw_data/EMG-EPN612/testingJSON/user44/user44.json,idx_23
noGesture,trainingSamples,raw_data/EMG-EPN612/testingJSON/user44/user44.json,idx_24
noGesture,trainingSamples,raw_data/EMG-EPN612/testingJSON/user44/user44.json,idx_25
waveOut,trainingSamples,raw_data/EMG-EPN612/testingJSON/user44/user44.json,idx_26
waveOut,trainingSamples,raw_data/EMG-EPN612/testingJSON/user44/user44.json,idx_27
waveOut,trainingSamples,raw_data/EMG-EPN612/testingJSON/user44/user44.json,idx_28
waveOut,trainingSamples,raw_data/EMG-EPN612/testingJSON/user44/user44.json,idx_29
waveOut,trainingSamples,raw_data/EMG-EPN612/testingJSON/user44/user44.json,idx_30
waveOut,trainingSamples,raw_data/EMG-EPN612/testingJSON/user44/user44.json,idx_31
waveOut,trainingSamples,raw_data/EMG-EPN612/testingJSON/user44/user44.json,idx_32
waveOut,trainingSamples,raw_data/EMG-EPN612/testingJSON/user44/user44.json,idx_33
waveOut,trainingSamples,raw_data/EMG-EPN612/testingJSON/user44/user44.json,idx_34
waveOut,trainingSamples,raw_data/EMG-EPN612/testingJSON/user44/user44.json,idx_35
waveOut,trainingSamples,raw_data/EMG-EPN612/testingJSON/user44/user44.json,idx_36
waveOut,trainingSamples,raw_data/EMG-EPN612/testingJSON/user44/user44.json,idx_37
waveOut,trainingSamples,raw_data/EMG-EPN612/testingJSON/user44/user44.json,idx_38
waveOut,trainingSamples,raw_data/EMG-EPN612/testingJSON/user44/user44.json,idx_39
waveOut,trainingSamples,raw_data/EMG-EPN612/testingJSON/user44/user44.json,idx_40
waveOut,trainingSamples,raw_data/EMG-EPN612/testingJSON/user44/user44.json,idx_41
waveOut,trainingSamples,raw_data/EMG-EPN612/testingJSON/user44/user44.json,idx_42
waveOut,trainingSamples,raw_data/EMG-EPN612/testingJSON/user44/user44.json,idx_43
waveOut,trainingSamples,raw_data/EMG-EPN612/testingJSON/user44/user44.json,idx_44
waveOut,trainingSamples,raw_data/EMG-EPN612/testingJSON/user44/user44.json,idx_45
waveOut,trainingSamples,raw_data/EMG-EPN612/testingJSON/user44/user44.json,idx_46
waveOut,trainingSamples,raw_data/EMG-EPN612/testingJSON/user44/user44.json,idx_47
waveOut,trainingSamples,raw_data/EMG-EPN612/testingJSON/user44/user44.json,idx_48
waveOut,trainingSamples,raw_data/EMG-EPN612/testingJSON/user44/user44.json,idx_49
waveOut,trainingSamples,raw_data/EMG-EPN612/testingJSON/user44/user44.json,idx_50
pinch,trainingSamples,raw_data/EMG-EPN612/testingJSON/user44/user44.json,idx_51
pinch,trainingSamples,raw_data/EMG-EPN612/testingJSON/user44/user44.json,idx_52
pinch,trainingSamples,raw_data/EMG-EPN612/testingJSON/user44/user44.json,idx_53
pinch,trainingSamples,raw_data/EMG-EPN612/testingJSON/user44/user44.json,idx_54
pinch,trainingSamples,raw_data/EMG-EPN612/testingJSON/user44/user44.json,idx_55
pinch,trainingSamples,raw_data/EMG-EPN612/testingJSON/user44/user44.json,idx_56
pinch,trainingSamples,raw_data/EMG-EPN612/testingJSON/user44/user44.json,idx_57
pinch,trainingSamples,raw_data/EMG-EPN612/testingJSON/user44/user44.json,idx_58
pinch,trainingSamples,raw_data/EMG-EPN612/testingJSON/user44/user44.json,idx_59
pinch,trainingSamples,raw_data/EMG-EPN612/testingJSON/user44/user44.json,idx_60
pinch,trainingSamples,raw_data/EMG-EPN612/testingJSON/user44/user44.json,idx_61
pinch,trainingSamples,raw_data/EMG-EPN612/testingJSON/user44/user44.json,idx_62
pinch,trainingSamples,raw_data/EMG-EPN612/testingJSON/user44/user44.json,idx_63
pinch,trainingSamples,raw_data/EMG-EPN612/testingJSON/user44/user44.json,idx_64
pinch,trainingSamples,raw_data/EMG-EPN612/testingJSON/user44/user44.json,idx_65
pinch,trainingSamples,raw_data/EMG-EPN612/testingJSON/user44/user44.json,idx_66
pinch,trainingSamples,raw_data/EMG-EPN612/testingJSON/user44/user44.json,idx_67
pinch,trainingSamples,raw_data/EMG-EPN612/testingJSON/user44/user44.json,idx_68
pinch,trainingSamples,raw_data/EMG-EPN612/testingJSON/user44/user44.json,idx_69
pinch,trainingSamples,raw_data/EMG-EPN612/testingJSON/user44/user44.json,idx_70
pinch,trainingSamples,raw_data/EMG-EPN612/testingJSON/user44/user44.json,idx_71
pinch,trainingSamples,raw_data/EMG-EPN612/testingJSON/user44/user44.json,idx_72
pinch,trainingSamples,raw_data/EMG-EPN612/testingJSON/user44/user44.json,idx_73
pinch,trainingSamples,raw_data/EMG-EPN612/testingJSON/user44/user44.json,idx_74
pinch,trainingSamples,raw_data/EMG-EPN612/testingJSON/user44/user44.json,idx_75
fist,trainingSamples,raw_data/EMG-EPN612/testingJSON/user44/user44.json,idx_76
fist,trainingSamples,raw_data/EMG-EPN612/testingJSON/user44/user44.json,idx_77
fist,trainingSamples,raw_data/EMG-EPN612/testingJSON/user44/user44.json,idx_78
fist,trainingSamples,raw_data/EMG-EPN612/testingJSON/user44/user44.json,idx_79
fist,trainingSamples,raw_data/EMG-EPN612/testingJSON/user44/user44.json,idx_80
fist,trainingSamples,raw_data/EMG-EPN612/testingJSON/user44/user44.json,idx_81
fist,trainingSamples,raw_data/EMG-EPN612/testingJSON/user44/user44.json,idx_82
fist,trainingSamples,raw_data/EMG-EPN612/testingJSON/user44/user44.json,idx_83
fist,trainingSamples,raw_data/EMG-EPN612/testingJSON/user44/user44.json,idx_84
fist,trainingSamples,raw_data/EMG-EPN612/testingJSON/user44/user44.json,idx_85
fist,trainingSamples,raw_data/EMG-EPN612/testingJSON/user44/user44.json,idx_86
fist,trainingSamples,raw_data/EMG-EPN612/testingJSON/user44/user44.json,idx_87
fist,trainingSamples,raw_data/EMG-EPN612/testingJSON/user44/user44.json,idx_88
fist,trainingSamples,raw_data/EMG-EPN612/testingJSON/user44/user44.json,idx_89
fist,trainingSamples,raw_data/EMG-EPN612/testingJSON/user44/user44.json,idx_90
fist,trainingSamples,raw_data/EMG-EPN612/testingJSON/user44/user44.json,idx_91
fist,trainingSamples,raw_data/EMG-EPN612/testingJSON/user44/user44.json,idx_92
fist,trainingSamples,raw_data/EMG-EPN612/testingJSON/user44/user44.json,idx_93
fist,trainingSamples,raw_data/EMG-EPN612/testingJSON/user44/user44.json,idx_94
fist,trainingSamples,raw_data/EMG-EPN612/testingJSON/user44/user44.json,idx_95
fist,trainingSamples,raw_data/EMG-EPN612/testingJSON/user44/user44.json,idx_96
fist,trainingSamples,raw_data/EMG-EPN612/testingJSON/user44/user44.json,idx_97
fist,trainingSamples,raw_data/EMG-EPN612/testingJSON/user44/user44.json,idx_98
fist,trainingSamples,raw_data/EMG-EPN612/testingJSON/user44/user44.json,idx_99
fist,trainingSamples,raw_data/EMG-EPN612/testingJSON/user44/user44.json,idx_100
waveIn,trainingSamples,raw_data/EMG-EPN612/testingJSON/user44/user44.json,idx_101
waveIn,trainingSamples,raw_data/EMG-EPN612/testingJSON/user44/user44.json,idx_102
waveIn,trainingSamples,raw_data/EMG-EPN612/testingJSON/user44/user44.json,idx_103
waveIn,trainingSamples,raw_data/EMG-EPN612/testingJSON/user44/user44.json,idx_104
waveIn,trainingSamples,raw_data/EMG-EPN612/testingJSON/user44/user44.json,idx_105
waveIn,trainingSamples,raw_data/EMG-EPN612/testingJSON/user44/user44.json,idx_106
waveIn,trainingSamples,raw_data/EMG-EPN612/testingJSON/user44/user44.json,idx_107
waveIn,trainingSamples,raw_data/EMG-EPN612/testingJSON/user44/user44.json,idx_108
waveIn,trainingSamples,raw_data/EMG-EPN612/testingJSON/user44/user44.json,idx_109
waveIn,trainingSamples,raw_data/EMG-EPN612/testingJSON/user44/user44.json,idx_110
waveIn,trainingSamples,raw_data/EMG-EPN612/testingJSON/user44/user44.json,idx_111
waveIn,trainingSamples,raw_data/EMG-EPN612/testingJSON/user44/user44.json,idx_112
waveIn,trainingSamples,raw_data/EMG-EPN612/testingJSON/user44/user44.json,idx_113
waveIn,trainingSamples,raw_data/EMG-EPN612/testingJSON/user44/user44.json,idx_114
waveIn,trainingSamples,raw_data/EMG-EPN612/testingJSON/user44/user44.json,idx_115
waveIn,trainingSamples,raw_data/EMG-EPN612/testingJSON/user44/user44.json,idx_116
waveIn,trainingSamples,raw_data/EMG-EPN612/testingJSON/user44/user44.json,idx_117
waveIn,trainingSamples,raw_data/EMG-EPN612/testingJSON/user44/user44.json,idx_118
waveIn,trainingSamples,raw_data/EMG-EPN612/testingJSON/user44/user44.json,idx_119
waveIn,trainingSamples,raw_data/EMG-EPN612/testingJSON/user44/user44.json,idx_120
waveIn,trainingSamples,raw_data/EMG-EPN612/testingJSON/user44/user44.json,idx_121
waveIn,trainingSamples,raw_data/EMG-EPN612/testingJSON/user44/user44.json,idx_122
waveIn,trainingSamples,raw_data/EMG-EPN612/testingJSON/user44/user44.json,idx_123
waveIn,trainingSamples,raw_data/EMG-EPN612/testingJSON/user44/user44.json,idx_124
waveIn,trainingSamples,raw_data/EMG-EPN612/testingJSON/user44/user44.json,idx_125
open,trainingSamples,raw_data/EMG-EPN612/testingJSON/user44/user44.json,idx_126
open,trainingSamples,raw_data/EMG-EPN612/testingJSON/user44/user44.json,idx_127
open,trainingSamples,raw_data/EMG-EPN612/testingJSON/user44/user44.json,idx_128
open,trainingSamples,raw_data/EMG-EPN612/testingJSON/user44/user44.json,idx_129
open,trainingSamples,raw_data/EMG-EPN612/testingJSON/user44/user44.json,idx_130
open,trainingSamples,raw_data/EMG-EPN612/testingJSON/user44/user44.json,idx_131
open,trainingSamples,raw_data/EMG-EPN612/testingJSON/user44/user44.json,idx_132
open,trainingSamples,raw_data/EMG-EPN612/testingJSON/user44/user44.json,idx_133
open,trainingSamples,raw_data/EMG-EPN612/testingJSON/user44/user44.json,idx_134
open,trainingSamples,raw_data/EMG-EPN612/testingJSON/user44/user44.json,idx_135
open,trainingSamples,raw_data/EMG-EPN612/testingJSON/user44/user44.json,idx_136
open,trainingSamples,raw_data/EMG-EPN612/testingJSON/user44/user44.json,idx_137
open,trainingSamples,raw_data/EMG-EPN612/testingJSON/user44/user44.json,idx_138
open,trainingSamples,raw_data/EMG-EPN612/testingJSON/user44/user44.json,idx_139
open,trainingSamples,raw_data/EMG-EPN612/testingJSON/user44/user44.json,idx_140
open,trainingSamples,raw_data/EMG-EPN612/testingJSON/user44/user44.json,idx_141
open,trainingSamples,raw_data/EMG-EPN612/testingJSON/user44/user44.json,idx_142
open,trainingSamples,raw_data/EMG-EPN612/testingJSON/user44/user44.json,idx_143
open,trainingSamples,raw_data/EMG-EPN612/testingJSON/user44/user44.json,idx_144
open,trainingSamples,raw_data/EMG-EPN612/testingJSON/user44/user44.json,idx_145
open,trainingSamples,raw_data/EMG-EPN612/testingJSON/user44/user44.json,idx_146
open,trainingSamples,raw_data/EMG-EPN612/testingJSON/user44/user44.json,idx_147
open,trainingSamples,raw_data/EMG-EPN612/testingJSON/user44/user44.json,idx_148
open,trainingSamples,raw_data/EMG-EPN612/testingJSON/user44/user44.json,idx_149
open,trainingSamples,raw_data/EMG-EPN612/testingJSON/user44/user44.json,idx_150
noGesture,trainingSamples,raw_data/EMG-EPN612/testingJSON/user45/user45.json,idx_1
noGesture,trainingSamples,raw_data/EMG-EPN612/testingJSON/user45/user45.json,idx_2
noGesture,trainingSamples,raw_data/EMG-EPN612/testingJSON/user45/user45.json,idx_3
noGesture,trainingSamples,raw_data/EMG-EPN612/testingJSON/user45/user45.json,idx_4
noGesture,trainingSamples,raw_data/EMG-EPN612/testingJSON/user45/user45.json,idx_5
noGesture,trainingSamples,raw_data/EMG-EPN612/testingJSON/user45/user45.json,idx_6
noGesture,trainingSamples,raw_data/EMG-EPN612/testingJSON/user45/user45.json,idx_7
noGesture,trainingSamples,raw_data/EMG-EPN612/testingJSON/user45/user45.json,idx_8
noGesture,trainingSamples,raw_data/EMG-EPN612/testingJSON/user45/user45.json,idx_9
noGesture,trainingSamples,raw_data/EMG-EPN612/testingJSON/user45/user45.json,idx_10
noGesture,trainingSamples,raw_data/EMG-EPN612/testingJSON/user45/user45.json,idx_11
noGesture,trainingSamples,raw_data/EMG-EPN612/testingJSON/user45/user45.json,idx_12
noGesture,trainingSamples,raw_data/EMG-EPN612/testingJSON/user45/user45.json,idx_13
noGesture,trainingSamples,raw_data/EMG-EPN612/testingJSON/user45/user45.json,idx_14
noGesture,trainingSamples,raw_data/EMG-EPN612/testingJSON/user45/user45.json,idx_15
noGesture,trainingSamples,raw_data/EMG-EPN612/testingJSON/user45/user45.json,idx_16
noGesture,trainingSamples,raw_data/EMG-EPN612/testingJSON/user45/user45.json,idx_17
noGesture,trainingSamples,raw_data/EMG-EPN612/testingJSON/user45/user45.json,idx_18
noGesture,trainingSamples,raw_data/EMG-EPN612/testingJSON/user45/user45.json,idx_19
noGesture,trainingSamples,raw_data/EMG-EPN612/testingJSON/user45/user45.json,idx_20
noGesture,trainingSamples,raw_data/EMG-EPN612/testingJSON/user45/user45.json,idx_21
noGesture,trainingSamples,raw_data/EMG-EPN612/testingJSON/user45/user45.json,idx_22
noGesture,trainingSamples,raw_data/EMG-EPN612/testingJSON/user45/user45.json,idx_23
noGesture,trainingSamples,raw_data/EMG-EPN612/testingJSON/user45/user45.json,idx_24
noGesture,trainingSamples,raw_data/EMG-EPN612/testingJSON/user45/user45.json,idx_25
fist,trainingSamples,raw_data/EMG-EPN612/testingJSON/user45/user45.json,idx_26
fist,trainingSamples,raw_data/EMG-EPN612/testingJSON/user45/user45.json,idx_27
fist,trainingSamples,raw_data/EMG-EPN612/testingJSON/user45/user45.json,idx_28
fist,trainingSamples,raw_data/EMG-EPN612/testingJSON/user45/user45.json,idx_29
fist,trainingSamples,raw_data/EMG-EPN612/testingJSON/user45/user45.json,idx_30
fist,trainingSamples,raw_data/EMG-EPN612/testingJSON/user45/user45.json,idx_31
fist,trainingSamples,raw_data/EMG-EPN612/testingJSON/user45/user45.json,idx_32
fist,trainingSamples,raw_data/EMG-EPN612/testingJSON/user45/user45.json,idx_33
fist,trainingSamples,raw_data/EMG-EPN612/testingJSON/user45/user45.json,idx_34
fist,trainingSamples,raw_data/EMG-EPN612/testingJSON/user45/user45.json,idx_35
fist,trainingSamples,raw_data/EMG-EPN612/testingJSON/user45/user45.json,idx_36
fist,trainingSamples,raw_data/EMG-EPN612/testingJSON/user45/user45.json,idx_37
fist,trainingSamples,raw_data/EMG-EPN612/testingJSON/user45/user45.json,idx_38
fist,trainingSamples,raw_data/EMG-EPN612/testingJSON/user45/user45.json,idx_39
fist,trainingSamples,raw_data/EMG-EPN612/testingJSON/user45/user45.json,idx_40
fist,trainingSamples,raw_data/EMG-EPN612/testingJSON/user45/user45.json,idx_41
fist,trainingSamples,raw_data/EMG-EPN612/testingJSON/user45/user45.json,idx_42
fist,trainingSamples,raw_data/EMG-EPN612/testingJSON/user45/user45.json,idx_43
fist,trainingSamples,raw_data/EMG-EPN612/testingJSON/user45/user45.json,idx_44
fist,trainingSamples,raw_data/EMG-EPN612/testingJSON/user45/user45.json,idx_45
fist,trainingSamples,raw_data/EMG-EPN612/testingJSON/user45/user45.json,idx_46
fist,trainingSamples,raw_data/EMG-EPN612/testingJSON/user45/user45.json,idx_47
fist,trainingSamples,raw_data/EMG-EPN612/testingJSON/user45/user45.json,idx_48
fist,trainingSamples,raw_data/EMG-EPN612/testingJSON/user45/user45.json,idx_49
fist,trainingSamples,raw_data/EMG-EPN612/testingJSON/user45/user45.json,idx_50
waveOut,trainingSamples,raw_data/EMG-EPN612/testingJSON/user45/user45.json,idx_51
waveOut,trainingSamples,raw_data/EMG-EPN612/testingJSON/user45/user45.json,idx_52
waveOut,trainingSamples,raw_data/EMG-EPN612/testingJSON/user45/user45.json,idx_53
waveOut,trainingSamples,raw_data/EMG-EPN612/testingJSON/user45/user45.json,idx_54
waveOut,trainingSamples,raw_data/EMG-EPN612/testingJSON/user45/user45.json,idx_55
waveOut,trainingSamples,raw_data/EMG-EPN612/testingJSON/user45/user45.json,idx_56
waveOut,trainingSamples,raw_data/EMG-EPN612/testingJSON/user45/user45.json,idx_57
waveOut,trainingSamples,raw_data/EMG-EPN612/testingJSON/user45/user45.json,idx_58
waveOut,trainingSamples,raw_data/EMG-EPN612/testingJSON/user45/user45.json,idx_59
waveOut,trainingSamples,raw_data/EMG-EPN612/testingJSON/user45/user45.json,idx_60
waveOut,trainingSamples,raw_data/EMG-EPN612/testingJSON/user45/user45.json,idx_61
waveOut,trainingSamples,raw_data/EMG-EPN612/testingJSON/user45/user45.json,idx_62
waveOut,trainingSamples,raw_data/EMG-EPN612/testingJSON/user45/user45.json,idx_63
waveOut,trainingSamples,raw_data/EMG-EPN612/testingJSON/user45/user45.json,idx_64
waveOut,trainingSamples,raw_data/EMG-EPN612/testingJSON/user45/user45.json,idx_65
waveOut,trainingSamples,raw_data/EMG-EPN612/testingJSON/user45/user45.json,idx_66
waveOut,trainingSamples,raw_data/EMG-EPN612/testingJSON/user45/user45.json,idx_67
waveOut,trainingSamples,raw_data/EMG-EPN612/testingJSON/user45/user45.json,idx_68
waveOut,trainingSamples,raw_data/EMG-EPN612/testingJSON/user45/user45.json,idx_69
waveOut,trainingSamples,raw_data/EMG-EPN612/testingJSON/user45/user45.json,idx_70
waveOut,trainingSamples,raw_data/EMG-EPN612/testingJSON/user45/user45.json,idx_71
waveOut,trainingSamples,raw_data/EMG-EPN612/testingJSON/user45/user45.json,idx_72
waveOut,trainingSamples,raw_data/EMG-EPN612/testingJSON/user45/user45.json,idx_73
waveOut,trainingSamples,raw_data/EMG-EPN612/testingJSON/user45/user45.json,idx_74
waveOut,trainingSamples,raw_data/EMG-EPN612/testingJSON/user45/user45.json,idx_75
open,trainingSamples,raw_data/EMG-EPN612/testingJSON/user45/user45.json,idx_76
open,trainingSamples,raw_data/EMG-EPN612/testingJSON/user45/user45.json,idx_77
open,trainingSamples,raw_data/EMG-EPN612/testingJSON/user45/user45.json,idx_78
open,trainingSamples,raw_data/EMG-EPN612/testingJSON/user45/user45.json,idx_79
open,trainingSamples,raw_data/EMG-EPN612/testingJSON/user45/user45.json,idx_80
open,trainingSamples,raw_data/EMG-EPN612/testingJSON/user45/user45.json,idx_81
open,trainingSamples,raw_data/EMG-EPN612/testingJSON/user45/user45.json,idx_82
open,trainingSamples,raw_data/EMG-EPN612/testingJSON/user45/user45.json,idx_83
open,trainingSamples,raw_data/EMG-EPN612/testingJSON/user45/user45.json,idx_84
open,trainingSamples,raw_data/EMG-EPN612/testingJSON/user45/user45.json,idx_85
open,trainingSamples,raw_data/EMG-EPN612/testingJSON/user45/user45.json,idx_86
open,trainingSamples,raw_data/EMG-EPN612/testingJSON/user45/user45.json,idx_87
open,trainingSamples,raw_data/EMG-EPN612/testingJSON/user45/user45.json,idx_88
open,trainingSamples,raw_data/EMG-EPN612/testingJSON/user45/user45.json,idx_89
open,trainingSamples,raw_data/EMG-EPN612/testingJSON/user45/user45.json,idx_90
open,trainingSamples,raw_data/EMG-EPN612/testingJSON/user45/user45.json,idx_91
open,trainingSamples,raw_data/EMG-EPN612/testingJSON/user45/user45.json,idx_92
open,trainingSamples,raw_data/EMG-EPN612/testingJSON/user45/user45.json,idx_93
open,trainingSamples,raw_data/EMG-EPN612/testingJSON/user45/user45.json,idx_94
open,trainingSamples,raw_data/EMG-EPN612/testingJSON/user45/user45.json,idx_95
open,trainingSamples,raw_data/EMG-EPN612/testingJSON/user45/user45.json,idx_96
open,trainingSamples,raw_data/EMG-EPN612/testingJSON/user45/user45.json,idx_97
open,trainingSamples,raw_data/EMG-EPN612/testingJSON/user45/user45.json,idx_98
open,trainingSamples,raw_data/EMG-EPN612/testingJSON/user45/user45.json,idx_99
open,trainingSamples,raw_data/EMG-EPN612/testingJSON/user45/user45.json,idx_100
waveIn,trainingSamples,raw_data/EMG-EPN612/testingJSON/user45/user45.json,idx_101
waveIn,trainingSamples,raw_data/EMG-EPN612/testingJSON/user45/user45.json,idx_102
waveIn,trainingSamples,raw_data/EMG-EPN612/testingJSON/user45/user45.json,idx_103
waveIn,trainingSamples,raw_data/EMG-EPN612/testingJSON/user45/user45.json,idx_104
waveIn,trainingSamples,raw_data/EMG-EPN612/testingJSON/user45/user45.json,idx_105
waveIn,trainingSamples,raw_data/EMG-EPN612/testingJSON/user45/user45.json,idx_106
waveIn,trainingSamples,raw_data/EMG-EPN612/testingJSON/user45/user45.json,idx_107
waveIn,trainingSamples,raw_data/EMG-EPN612/testingJSON/user45/user45.json,idx_108
waveIn,trainingSamples,raw_data/EMG-EPN612/testingJSON/user45/user45.json,idx_109
waveIn,trainingSamples,raw_data/EMG-EPN612/testingJSON/user45/user45.json,idx_110
waveIn,trainingSamples,raw_data/EMG-EPN612/testingJSON/user45/user45.json,idx_111
waveIn,trainingSamples,raw_data/EMG-EPN612/testingJSON/user45/user45.json,idx_112
waveIn,trainingSamples,raw_data/EMG-EPN612/testingJSON/user45/user45.json,idx_113
waveIn,trainingSamples,raw_data/EMG-EPN612/testingJSON/user45/user45.json,idx_114
waveIn,trainingSamples,raw_data/EMG-EPN612/testingJSON/user45/user45.json,idx_115
waveIn,trainingSamples,raw_data/EMG-EPN612/testingJSON/user45/user45.json,idx_116
waveIn,trainingSamples,raw_data/EMG-EPN612/testingJSON/user45/user45.json,idx_117
waveIn,trainingSamples,raw_data/EMG-EPN612/testingJSON/user45/user45.json,idx_118
waveIn,trainingSamples,raw_data/EMG-EPN612/testingJSON/user45/user45.json,idx_119
waveIn,trainingSamples,raw_data/EMG-EPN612/testingJSON/user45/user45.json,idx_120
waveIn,trainingSamples,raw_data/EMG-EPN612/testingJSON/user45/user45.json,idx_121
waveIn,trainingSamples,raw_data/EMG-EPN612/testingJSON/user45/user45.json,idx_122
waveIn,trainingSamples,raw_data/EMG-EPN612/testingJSON/user45/user45.json,idx_123
waveIn,trainingSamples,raw_data/EMG-EPN612/testingJSON/user45/user45.json,idx_124
waveIn,trainingSamples,raw_data/EMG-EPN612/testingJSON/user45/user45.json,idx_125
pinch,trainingSamples,raw_data/EMG-EPN612/testingJSON/user45/user45.json,idx_126
pinch,trainingSamples,raw_data/EMG-EPN612/testingJSON/user45/user45.json,idx_127
pinch,trainingSamples,raw_data/EMG-EPN612/testingJSON/user45/user45.json,idx_128
pinch,trainingSamples,raw_data/EMG-EPN612/testingJSON/user45/user45.json,idx_129
pinch,trainingSamples,raw_data/EMG-EPN612/testingJSON/user45/user45.json,idx_130
pinch,trainingSamples,raw_data/EMG-EPN612/testingJSON/user45/user45.json,idx_131
pinch,trainingSamples,raw_data/EMG-EPN612/testingJSON/user45/user45.json,idx_132
pinch,trainingSamples,raw_data/EMG-EPN612/testingJSON/user45/user45.json,idx_133
pinch,trainingSamples,raw_data/EMG-EPN612/testingJSON/user45/user45.json,idx_134
pinch,trainingSamples,raw_data/EMG-EPN612/testingJSON/user45/user45.json,idx_135
pinch,trainingSamples,raw_data/EMG-EPN612/testingJSON/user45/user45.json,idx_136
pinch,trainingSamples,raw_data/EMG-EPN612/testingJSON/user45/user45.json,idx_137
pinch,trainingSamples,raw_data/EMG-EPN612/testingJSON/user45/user45.json,idx_138
pinch,trainingSamples,raw_data/EMG-EPN612/testingJSON/user45/user45.json,idx_139
pinch,trainingSamples,raw_data/EMG-EPN612/testingJSON/user45/user45.json,idx_140
pinch,trainingSamples,raw_data/EMG-EPN612/testingJSON/user45/user45.json,idx_141
pinch,trainingSamples,raw_data/EMG-EPN612/testingJSON/user45/user45.json,idx_142
pinch,trainingSamples,raw_data/EMG-EPN612/testingJSON/user45/user45.json,idx_143
pinch,trainingSamples,raw_data/EMG-EPN612/testingJSON/user45/user45.json,idx_144
pinch,trainingSamples,raw_data/EMG-EPN612/testingJSON/user45/user45.json,idx_145
pinch,trainingSamples,raw_data/EMG-EPN612/testingJSON/user45/user45.json,idx_146
pinch,trainingSamples,raw_data/EMG-EPN612/testingJSON/user45/user45.json,idx_147
pinch,trainingSamples,raw_data/EMG-EPN612/testingJSON/user45/user45.json,idx_148
pinch,trainingSamples,raw_data/EMG-EPN612/testingJSON/user45/user45.json,idx_149
pinch,trainingSamples,raw_data/EMG-EPN612/testingJSON/user45/user45.json,idx_150
noGesture,trainingSamples,raw_data/EMG-EPN612/testingJSON/user46/user46.json,idx_1
noGesture,trainingSamples,raw_data/EMG-EPN612/testingJSON/user46/user46.json,idx_2
noGesture,trainingSamples,raw_data/EMG-EPN612/testingJSON/user46/user46.json,idx_3
noGesture,trainingSamples,raw_data/EMG-EPN612/testingJSON/user46/user46.json,idx_4
noGesture,trainingSamples,raw_data/EMG-EPN612/testingJSON/user46/user46.json,idx_5
noGesture,trainingSamples,raw_data/EMG-EPN612/testingJSON/user46/user46.json,idx_6
noGesture,trainingSamples,raw_data/EMG-EPN612/testingJSON/user46/user46.json,idx_7
noGesture,trainingSamples,raw_data/EMG-EPN612/testingJSON/user46/user46.json,idx_8
noGesture,trainingSamples,raw_data/EMG-EPN612/testingJSON/user46/user46.json,idx_9
noGesture,trainingSamples,raw_data/EMG-EPN612/testingJSON/user46/user46.json,idx_10
noGesture,trainingSamples,raw_data/EMG-EPN612/testingJSON/user46/user46.json,idx_11
noGesture,trainingSamples,raw_data/EMG-EPN612/testingJSON/user46/user46.json,idx_12
noGesture,trainingSamples,raw_data/EMG-EPN612/testingJSON/user46/user46.json,idx_13
noGesture,trainingSamples,raw_data/EMG-EPN612/testingJSON/user46/user46.json,idx_14
noGesture,trainingSamples,raw_data/EMG-EPN612/testingJSON/user46/user46.json,idx_15
noGesture,trainingSamples,raw_data/EMG-EPN612/testingJSON/user46/user46.json,idx_16
noGesture,trainingSamples,raw_data/EMG-EPN612/testingJSON/user46/user46.json,idx_17
noGesture,trainingSamples,raw_data/EMG-EPN612/testingJSON/user46/user46.json,idx_18
noGesture,trainingSamples,raw_data/EMG-EPN612/testingJSON/user46/user46.json,idx_19
noGesture,trainingSamples,raw_data/EMG-EPN612/testingJSON/user46/user46.json,idx_20
noGesture,trainingSamples,raw_data/EMG-EPN612/testingJSON/user46/user46.json,idx_21
noGesture,trainingSamples,raw_data/EMG-EPN612/testingJSON/user46/user46.json,idx_22
noGesture,trainingSamples,raw_data/EMG-EPN612/testingJSON/user46/user46.json,idx_23
noGesture,trainingSamples,raw_data/EMG-EPN612/testingJSON/user46/user46.json,idx_24
noGesture,trainingSamples,raw_data/EMG-EPN612/testingJSON/user46/user46.json,idx_25
waveOut,trainingSamples,raw_data/EMG-EPN612/testingJSON/user46/user46.json,idx_26
waveOut,trainingSamples,raw_data/EMG-EPN612/testingJSON/user46/user46.json,idx_27
waveOut,trainingSamples,raw_data/EMG-EPN612/testingJSON/user46/user46.json,idx_28
waveOut,trainingSamples,raw_data/EMG-EPN612/testingJSON/user46/user46.json,idx_29
waveOut,trainingSamples,raw_data/EMG-EPN612/testingJSON/user46/user46.json,idx_30
waveOut,trainingSamples,raw_data/EMG-EPN612/testingJSON/user46/user46.json,idx_31
waveOut,trainingSamples,raw_data/EMG-EPN612/testingJSON/user46/user46.json,idx_32
waveOut,trainingSamples,raw_data/EMG-EPN612/testingJSON/user46/user46.json,idx_33
waveOut,trainingSamples,raw_data/EMG-EPN612/testingJSON/user46/user46.json,idx_34
waveOut,trainingSamples,raw_data/EMG-EPN612/testingJSON/user46/user46.json,idx_35
waveOut,trainingSamples,raw_data/EMG-EPN612/testingJSON/user46/user46.json,idx_36
waveOut,trainingSamples,raw_data/EMG-EPN612/testingJSON/user46/user46.json,idx_37
waveOut,trainingSamples,raw_data/EMG-EPN612/testingJSON/user46/user46.json,idx_38
waveOut,trainingSamples,raw_data/EMG-EPN612/testingJSON/user46/user46.json,idx_39
waveOut,trainingSamples,raw_data/EMG-EPN612/testingJSON/user46/user46.json,idx_40
waveOut,trainingSamples,raw_data/EMG-EPN612/testingJSON/user46/user46.json,idx_41
waveOut,trainingSamples,raw_data/EMG-EPN612/testingJSON/user46/user46.json,idx_42
waveOut,trainingSamples,raw_data/EMG-EPN612/testingJSON/user46/user46.json,idx_43
waveOut,trainingSamples,raw_data/EMG-EPN612/testingJSON/user46/user46.json,idx_44
waveOut,trainingSamples,raw_data/EMG-EPN612/testingJSON/user46/user46.json,idx_45
waveOut,trainingSamples,raw_data/EMG-EPN612/testingJSON/user46/user46.json,idx_46
waveOut,trainingSamples,raw_data/EMG-EPN612/testingJSON/user46/user46.json,idx_47
waveOut,trainingSamples,raw_data/EMG-EPN612/testingJSON/user46/user46.json,idx_48
waveOut,trainingSamples,raw_data/EMG-EPN612/testingJSON/user46/user46.json,idx_49
waveOut,trainingSamples,raw_data/EMG-EPN612/testingJSON/user46/user46.json,idx_50
pinch,trainingSamples,raw_data/EMG-EPN612/testingJSON/user46/user46.json,idx_51
pinch,trainingSamples,raw_data/EMG-EPN612/testingJSON/user46/user46.json,idx_52
pinch,trainingSamples,raw_data/EMG-EPN612/testingJSON/user46/user46.json,idx_53
pinch,trainingSamples,raw_data/EMG-EPN612/testingJSON/user46/user46.json,idx_54
pinch,trainingSamples,raw_data/EMG-EPN612/testingJSON/user46/user46.json,idx_55
pinch,trainingSamples,raw_data/EMG-EPN612/testingJSON/user46/user46.json,idx_56
pinch,trainingSamples,raw_data/EMG-EPN612/testingJSON/user46/user46.json,idx_57
pinch,trainingSamples,raw_data/EMG-EPN612/testingJSON/user46/user46.json,idx_58
pinch,trainingSamples,raw_data/EMG-EPN612/testingJSON/user46/user46.json,idx_59
pinch,trainingSamples,raw_data/EMG-EPN612/testingJSON/user46/user46.json,idx_60
pinch,trainingSamples,raw_data/EMG-EPN612/testingJSON/user46/user46.json,idx_61
pinch,trainingSamples,raw_data/EMG-EPN612/testingJSON/user46/user46.json,idx_62
pinch,trainingSamples,raw_data/EMG-EPN612/testingJSON/user46/user46.json,idx_63
pinch,trainingSamples,raw_data/EMG-EPN612/testingJSON/user46/user46.json,idx_64
pinch,trainingSamples,raw_data/EMG-EPN612/testingJSON/user46/user46.json,idx_65
pinch,trainingSamples,raw_data/EMG-EPN612/testingJSON/user46/user46.json,idx_66
pinch,trainingSamples,raw_data/EMG-EPN612/testingJSON/user46/user46.json,idx_67
pinch,trainingSamples,raw_data/EMG-EPN612/testingJSON/user46/user46.json,idx_68
pinch,trainingSamples,raw_data/EMG-EPN612/testingJSON/user46/user46.json,idx_69
pinch,trainingSamples,raw_data/EMG-EPN612/testingJSON/user46/user46.json,idx_70
pinch,trainingSamples,raw_data/EMG-EPN612/testingJSON/user46/user46.json,idx_71
pinch,trainingSamples,raw_data/EMG-EPN612/testingJSON/user46/user46.json,idx_72
pinch,trainingSamples,raw_data/EMG-EPN612/testingJSON/user46/user46.json,idx_73
pinch,trainingSamples,raw_data/EMG-EPN612/testingJSON/user46/user46.json,idx_74
pinch,trainingSamples,raw_data/EMG-EPN612/testingJSON/user46/user46.json,idx_75
fist,trainingSamples,raw_data/EMG-EPN612/testingJSON/user46/user46.json,idx_76
fist,trainingSamples,raw_data/EMG-EPN612/testingJSON/user46/user46.json,idx_77
fist,trainingSamples,raw_data/EMG-EPN612/testingJSON/user46/user46.json,idx_78
fist,trainingSamples,raw_data/EMG-EPN612/testingJSON/user46/user46.json,idx_79
fist,trainingSamples,raw_data/EMG-EPN612/testingJSON/user46/user46.json,idx_80
fist,trainingSamples,raw_data/EMG-EPN612/testingJSON/user46/user46.json,idx_81
fist,trainingSamples,raw_data/EMG-EPN612/testingJSON/user46/user46.json,idx_82
fist,trainingSamples,raw_data/EMG-EPN612/testingJSON/user46/user46.json,idx_83
fist,trainingSamples,raw_data/EMG-EPN612/testingJSON/user46/user46.json,idx_84
fist,trainingSamples,raw_data/EMG-EPN612/testingJSON/user46/user46.json,idx_85
fist,trainingSamples,raw_data/EMG-EPN612/testingJSON/user46/user46.json,idx_86
fist,trainingSamples,raw_data/EMG-EPN612/testingJSON/user46/user46.json,idx_87
fist,trainingSamples,raw_data/EMG-EPN612/testingJSON/user46/user46.json,idx_88
fist,trainingSamples,raw_data/EMG-EPN612/testingJSON/user46/user46.json,idx_89
fist,trainingSamples,raw_data/EMG-EPN612/testingJSON/user46/user46.json,idx_90
fist,trainingSamples,raw_data/EMG-EPN612/testingJSON/user46/user46.json,idx_91
fist,trainingSamples,raw_data/EMG-EPN612/testingJSON/user46/user46.json,idx_92
fist,trainingSamples,raw_data/EMG-EPN612/testingJSON/user46/user46.json,idx_93
fist,trainingSamples,raw_data/EMG-EPN612/testingJSON/user46/user46.json,idx_94
fist,trainingSamples,raw_data/EMG-EPN612/testingJSON/user46/user46.json,idx_95
fist,trainingSamples,raw_data/EMG-EPN612/testingJSON/user46/user46.json,idx_96
fist,trainingSamples,raw_data/EMG-EPN612/testingJSON/user46/user46.json,idx_97
fist,trainingSamples,raw_data/EMG-EPN612/testingJSON/user46/user46.json,idx_98
fist,trainingSamples,raw_data/EMG-EPN612/testingJSON/user46/user46.json,idx_99
fist,trainingSamples,raw_data/EMG-EPN612/testingJSON/user46/user46.json,idx_100
waveIn,trainingSamples,raw_data/EMG-EPN612/testingJSON/user46/user46.json,idx_101
waveIn,trainingSamples,raw_data/EMG-EPN612/testingJSON/user46/user46.json,idx_102
waveIn,trainingSamples,raw_data/EMG-EPN612/testingJSON/user46/user46.json,idx_103
waveIn,trainingSamples,raw_data/EMG-EPN612/testingJSON/user46/user46.json,idx_104
waveIn,trainingSamples,raw_data/EMG-EPN612/testingJSON/user46/user46.json,idx_105
waveIn,trainingSamples,raw_data/EMG-EPN612/testingJSON/user46/user46.json,idx_106
waveIn,trainingSamples,raw_data/EMG-EPN612/testingJSON/user46/user46.json,idx_107
waveIn,trainingSamples,raw_data/EMG-EPN612/testingJSON/user46/user46.json,idx_108
waveIn,trainingSamples,raw_data/EMG-EPN612/testingJSON/user46/user46.json,idx_109
waveIn,trainingSamples,raw_data/EMG-EPN612/testingJSON/user46/user46.json,idx_110
waveIn,trainingSamples,raw_data/EMG-EPN612/testingJSON/user46/user46.json,idx_111
waveIn,trainingSamples,raw_data/EMG-EPN612/testingJSON/user46/user46.json,idx_112
waveIn,trainingSamples,raw_data/EMG-EPN612/testingJSON/user46/user46.json,idx_113
waveIn,trainingSamples,raw_data/EMG-EPN612/testingJSON/user46/user46.json,idx_114
waveIn,trainingSamples,raw_data/EMG-EPN612/testingJSON/user46/user46.json,idx_115
waveIn,trainingSamples,raw_data/EMG-EPN612/testingJSON/user46/user46.json,idx_116
waveIn,trainingSamples,raw_data/EMG-EPN612/testingJSON/user46/user46.json,idx_117
waveIn,trainingSamples,raw_data/EMG-EPN612/testingJSON/user46/user46.json,idx_118
waveIn,trainingSamples,raw_data/EMG-EPN612/testingJSON/user46/user46.json,idx_119
waveIn,trainingSamples,raw_data/EMG-EPN612/testingJSON/user46/user46.json,idx_120
waveIn,trainingSamples,raw_data/EMG-EPN612/testingJSON/user46/user46.json,idx_121
waveIn,trainingSamples,raw_data/EMG-EPN612/testingJSON/user46/user46.json,idx_122
waveIn,trainingSamples,raw_data/EMG-EPN612/testingJSON/user46/user46.json,idx_123
waveIn,trainingSamples,raw_data/EMG-EPN612/testingJSON/user46/user46.json,idx_124
waveIn,trainingSamples,raw_data/EMG-EPN612/testingJSON/user46/user46.json,idx_125
open,trainingSamples,raw_data/EMG-EPN612/testingJSON/user46/user46.json,idx_126
open,trainingSamples,raw_data/EMG-EPN612/testingJSON/user46/user46.json,idx_127
open,trainingSamples,raw_data/EMG-EPN612/testingJSON/user46/user46.json,idx_128
open,trainingSamples,raw_data/EMG-EPN612/testingJSON/user46/user46.json,idx_129
open,trainingSamples,raw_data/EMG-EPN612/testingJSON/user46/user46.json,idx_130
open,trainingSamples,raw_data/EMG-EPN612/testingJSON/user46/user46.json,idx_131
open,trainingSamples,raw_data/EMG-EPN612/testingJSON/user46/user46.json,idx_132
open,trainingSamples,raw_data/EMG-EPN612/testingJSON/user46/user46.json,idx_133
open,trainingSamples,raw_data/EMG-EPN612/testingJSON/user46/user46.json,idx_134
open,trainingSamples,raw_data/EMG-EPN612/testingJSON/user46/user46.json,idx_135
open,trainingSamples,raw_data/EMG-EPN612/testingJSON/user46/user46.json,idx_136
open,trainingSamples,raw_data/EMG-EPN612/testingJSON/user46/user46.json,idx_137
open,trainingSamples,raw_data/EMG-EPN612/testingJSON/user46/user46.json,idx_138
open,trainingSamples,raw_data/EMG-EPN612/testingJSON/user46/user46.json,idx_139
open,trainingSamples,raw_data/EMG-EPN612/testingJSON/user46/user46.json,idx_140
open,trainingSamples,raw_data/EMG-EPN612/testingJSON/user46/user46.json,idx_141
open,trainingSamples,raw_data/EMG-EPN612/testingJSON/user46/user46.json,idx_142
open,trainingSamples,raw_data/EMG-EPN612/testingJSON/user46/user46.json,idx_143
open,trainingSamples,raw_data/EMG-EPN612/testingJSON/user46/user46.json,idx_144
open,trainingSamples,raw_data/EMG-EPN612/testingJSON/user46/user46.json,idx_145
open,trainingSamples,raw_data/EMG-EPN612/testingJSON/user46/user46.json,idx_146
open,trainingSamples,raw_data/EMG-EPN612/testingJSON/user46/user46.json,idx_147
open,trainingSamples,raw_data/EMG-EPN612/testingJSON/user46/user46.json,idx_148
open,trainingSamples,raw_data/EMG-EPN612/testingJSON/user46/user46.json,idx_149
open,trainingSamples,raw_data/EMG-EPN612/testingJSON/user46/user46.json,idx_150
noGesture,trainingSamples,raw_data/EMG-EPN612/testingJSON/user47/user47.json,idx_1
noGesture,trainingSamples,raw_data/EMG-EPN612/testingJSON/user47/user47.json,idx_2
noGesture,trainingSamples,raw_data/EMG-EPN612/testingJSON/user47/user47.json,idx_3
noGesture,trainingSamples,raw_data/EMG-EPN612/testingJSON/user47/user47.json,idx_4
noGesture,trainingSamples,raw_data/EMG-EPN612/testingJSON/user47/user47.json,idx_5
noGesture,trainingSamples,raw_data/EMG-EPN612/testingJSON/user47/user47.json,idx_6
noGesture,trainingSamples,raw_data/EMG-EPN612/testingJSON/user47/user47.json,idx_7
noGesture,trainingSamples,raw_data/EMG-EPN612/testingJSON/user47/user47.json,idx_8
noGesture,trainingSamples,raw_data/EMG-EPN612/testingJSON/user47/user47.json,idx_9
noGesture,trainingSamples,raw_data/EMG-EPN612/testingJSON/user47/user47.json,idx_10
noGesture,trainingSamples,raw_data/EMG-EPN612/testingJSON/user47/user47.json,idx_11
noGesture,trainingSamples,raw_data/EMG-EPN612/testingJSON/user47/user47.json,idx_12
noGesture,trainingSamples,raw_data/EMG-EPN612/testingJSON/user47/user47.json,idx_13
noGesture,trainingSamples,raw_data/EMG-EPN612/testingJSON/user47/user47.json,idx_14
noGesture,trainingSamples,raw_data/EMG-EPN612/testingJSON/user47/user47.json,idx_15
noGesture,trainingSamples,raw_data/EMG-EPN612/testingJSON/user47/user47.json,idx_16
noGesture,trainingSamples,raw_data/EMG-EPN612/testingJSON/user47/user47.json,idx_17
noGesture,trainingSamples,raw_data/EMG-EPN612/testingJSON/user47/user47.json,idx_18
noGesture,trainingSamples,raw_data/EMG-EPN612/testingJSON/user47/user47.json,idx_19
noGesture,trainingSamples,raw_data/EMG-EPN612/testingJSON/user47/user47.json,idx_20
noGesture,trainingSamples,raw_data/EMG-EPN612/testingJSON/user47/user47.json,idx_21
noGesture,trainingSamples,raw_data/EMG-EPN612/testingJSON/user47/user47.json,idx_22
noGesture,trainingSamples,raw_data/EMG-EPN612/testingJSON/user47/user47.json,idx_23
noGesture,trainingSamples,raw_data/EMG-EPN612/testingJSON/user47/user47.json,idx_24
noGesture,trainingSamples,raw_data/EMG-EPN612/testingJSON/user47/user47.json,idx_25
waveOut,trainingSamples,raw_data/EMG-EPN612/testingJSON/user47/user47.json,idx_26
waveOut,trainingSamples,raw_data/EMG-EPN612/testingJSON/user47/user47.json,idx_27
waveOut,trainingSamples,raw_data/EMG-EPN612/testingJSON/user47/user47.json,idx_28
waveOut,trainingSamples,raw_data/EMG-EPN612/testingJSON/user47/user47.json,idx_29
waveOut,trainingSamples,raw_data/EMG-EPN612/testingJSON/user47/user47.json,idx_30
waveOut,trainingSamples,raw_data/EMG-EPN612/testingJSON/user47/user47.json,idx_31
waveOut,trainingSamples,raw_data/EMG-EPN612/testingJSON/user47/user47.json,idx_32
waveOut,trainingSamples,raw_data/EMG-EPN612/testingJSON/user47/user47.json,idx_33
waveOut,trainingSamples,raw_data/EMG-EPN612/testingJSON/user47/user47.json,idx_34
waveOut,trainingSamples,raw_data/EMG-EPN612/testingJSON/user47/user47.json,idx_35
waveOut,trainingSamples,raw_data/EMG-EPN612/testingJSON/user47/user47.json,idx_36
waveOut,trainingSamples,raw_data/EMG-EPN612/testingJSON/user47/user47.json,idx_37
waveOut,trainingSamples,raw_data/EMG-EPN612/testingJSON/user47/user47.json,idx_38
waveOut,trainingSamples,raw_data/EMG-EPN612/testingJSON/user47/user47.json,idx_39
waveOut,trainingSamples,raw_data/EMG-EPN612/testingJSON/user47/user47.json,idx_40
waveOut,trainingSamples,raw_data/EMG-EPN612/testingJSON/user47/user47.json,idx_41
waveOut,trainingSamples,raw_data/EMG-EPN612/testingJSON/user47/user47.json,idx_42
waveOut,trainingSamples,raw_data/EMG-EPN612/testingJSON/user47/user47.json,idx_43
waveOut,trainingSamples,raw_data/EMG-EPN612/testingJSON/user47/user47.json,idx_44
waveOut,trainingSamples,raw_data/EMG-EPN612/testingJSON/user47/user47.json,idx_45
waveOut,trainingSamples,raw_data/EMG-EPN612/testingJSON/user47/user47.json,idx_46
waveOut,trainingSamples,raw_data/EMG-EPN612/testingJSON/user47/user47.json,idx_47
waveOut,trainingSamples,raw_data/EMG-EPN612/testingJSON/user47/user47.json,idx_48
waveOut,trainingSamples,raw_data/EMG-EPN612/testingJSON/user47/user47.json,idx_49
waveOut,trainingSamples,raw_data/EMG-EPN612/testingJSON/user47/user47.json,idx_50
pinch,trainingSamples,raw_data/EMG-EPN612/testingJSON/user47/user47.json,idx_51
pinch,trainingSamples,raw_data/EMG-EPN612/testingJSON/user47/user47.json,idx_52
pinch,trainingSamples,raw_data/EMG-EPN612/testingJSON/user47/user47.json,idx_53
pinch,trainingSamples,raw_data/EMG-EPN612/testingJSON/user47/user47.json,idx_54
pinch,trainingSamples,raw_data/EMG-EPN612/testingJSON/user47/user47.json,idx_55
pinch,trainingSamples,raw_data/EMG-EPN612/testingJSON/user47/user47.json,idx_56
pinch,trainingSamples,raw_data/EMG-EPN612/testingJSON/user47/user47.json,idx_57
pinch,trainingSamples,raw_data/EMG-EPN612/testingJSON/user47/user47.json,idx_58
pinch,trainingSamples,raw_data/EMG-EPN612/testingJSON/user47/user47.json,idx_59
pinch,trainingSamples,raw_data/EMG-EPN612/testingJSON/user47/user47.json,idx_60
pinch,trainingSamples,raw_data/EMG-EPN612/testingJSON/user47/user47.json,idx_61
pinch,trainingSamples,raw_data/EMG-EPN612/testingJSON/user47/user47.json,idx_62
pinch,trainingSamples,raw_data/EMG-EPN612/testingJSON/user47/user47.json,idx_63
pinch,trainingSamples,raw_data/EMG-EPN612/testingJSON/user47/user47.json,idx_64
pinch,trainingSamples,raw_data/EMG-EPN612/testingJSON/user47/user47.json,idx_65
pinch,trainingSamples,raw_data/EMG-EPN612/testingJSON/user47/user47.json,idx_66
pinch,trainingSamples,raw_data/EMG-EPN612/testingJSON/user47/user47.json,idx_67
pinch,trainingSamples,raw_data/EMG-EPN612/testingJSON/user47/user47.json,idx_68
pinch,trainingSamples,raw_data/EMG-EPN612/testingJSON/user47/user47.json,idx_69
pinch,trainingSamples,raw_data/EMG-EPN612/testingJSON/user47/user47.json,idx_70
pinch,trainingSamples,raw_data/EMG-EPN612/testingJSON/user47/user47.json,idx_71
pinch,trainingSamples,raw_data/EMG-EPN612/testingJSON/user47/user47.json,idx_72
pinch,trainingSamples,raw_data/EMG-EPN612/testingJSON/user47/user47.json,idx_73
pinch,trainingSamples,raw_data/EMG-EPN612/testingJSON/user47/user47.json,idx_74
pinch,trainingSamples,raw_data/EMG-EPN612/testingJSON/user47/user47.json,idx_75
fist,trainingSamples,raw_data/EMG-EPN612/testingJSON/user47/user47.json,idx_76
fist,trainingSamples,raw_data/EMG-EPN612/testingJSON/user47/user47.json,idx_77
fist,trainingSamples,raw_data/EMG-EPN612/testingJSON/user47/user47.json,idx_78
fist,trainingSamples,raw_data/EMG-EPN612/testingJSON/user47/user47.json,idx_79
fist,trainingSamples,raw_data/EMG-EPN612/testingJSON/user47/user47.json,idx_80
fist,trainingSamples,raw_data/EMG-EPN612/testingJSON/user47/user47.json,idx_81
fist,trainingSamples,raw_data/EMG-EPN612/testingJSON/user47/user47.json,idx_82
fist,trainingSamples,raw_data/EMG-EPN612/testingJSON/user47/user47.json,idx_83
fist,trainingSamples,raw_data/EMG-EPN612/testingJSON/user47/user47.json,idx_84
fist,trainingSamples,raw_data/EMG-EPN612/testingJSON/user47/user47.json,idx_85
fist,trainingSamples,raw_data/EMG-EPN612/testingJSON/user47/user47.json,idx_86
fist,trainingSamples,raw_data/EMG-EPN612/testingJSON/user47/user47.json,idx_87
fist,trainingSamples,raw_data/EMG-EPN612/testingJSON/user47/user47.json,idx_88
fist,trainingSamples,raw_data/EMG-EPN612/testingJSON/user47/user47.json,idx_89
fist,trainingSamples,raw_data/EMG-EPN612/testingJSON/user47/user47.json,idx_90
fist,trainingSamples,raw_data/EMG-EPN612/testingJSON/user47/user47.json,idx_91
fist,trainingSamples,raw_data/EMG-EPN612/testingJSON/user47/user47.json,idx_92
fist,trainingSamples,raw_data/EMG-EPN612/testingJSON/user47/user47.json,idx_93
fist,trainingSamples,raw_data/EMG-EPN612/testingJSON/user47/user47.json,idx_94
fist,trainingSamples,raw_data/EMG-EPN612/testingJSON/user47/user47.json,idx_95
fist,trainingSamples,raw_data/EMG-EPN612/testingJSON/user47/user47.json,idx_96
fist,trainingSamples,raw_data/EMG-EPN612/testingJSON/user47/user47.json,idx_97
fist,trainingSamples,raw_data/EMG-EPN612/testingJSON/user47/user47.json,idx_98
fist,trainingSamples,raw_data/EMG-EPN612/testingJSON/user47/user47.json,idx_99
fist,trainingSamples,raw_data/EMG-EPN612/testingJSON/user47/user47.json,idx_100
waveIn,trainingSamples,raw_data/EMG-EPN612/testingJSON/user47/user47.json,idx_101
waveIn,trainingSamples,raw_data/EMG-EPN612/testingJSON/user47/user47.json,idx_102
waveIn,trainingSamples,raw_data/EMG-EPN612/testingJSON/user47/user47.json,idx_103
waveIn,trainingSamples,raw_data/EMG-EPN612/testingJSON/user47/user47.json,idx_104
waveIn,trainingSamples,raw_data/EMG-EPN612/testingJSON/user47/user47.json,idx_105
waveIn,trainingSamples,raw_data/EMG-EPN612/testingJSON/user47/user47.json,idx_106
waveIn,trainingSamples,raw_data/EMG-EPN612/testingJSON/user47/user47.json,idx_107
waveIn,trainingSamples,raw_data/EMG-EPN612/testingJSON/user47/user47.json,idx_108
waveIn,trainingSamples,raw_data/EMG-EPN612/testingJSON/user47/user47.json,idx_109
waveIn,trainingSamples,raw_data/EMG-EPN612/testingJSON/user47/user47.json,idx_110
waveIn,trainingSamples,raw_data/EMG-EPN612/testingJSON/user47/user47.json,idx_111
waveIn,trainingSamples,raw_data/EMG-EPN612/testingJSON/user47/user47.json,idx_112
waveIn,trainingSamples,raw_data/EMG-EPN612/testingJSON/user47/user47.json,idx_113
waveIn,trainingSamples,raw_data/EMG-EPN612/testingJSON/user47/user47.json,idx_114
waveIn,trainingSamples,raw_data/EMG-EPN612/testingJSON/user47/user47.json,idx_115
waveIn,trainingSamples,raw_data/EMG-EPN612/testingJSON/user47/user47.json,idx_116
waveIn,trainingSamples,raw_data/EMG-EPN612/testingJSON/user47/user47.json,idx_117
waveIn,trainingSamples,raw_data/EMG-EPN612/testingJSON/user47/user47.json,idx_118
waveIn,trainingSamples,raw_data/EMG-EPN612/testingJSON/user47/user47.json,idx_119
waveIn,trainingSamples,raw_data/EMG-EPN612/testingJSON/user47/user47.json,idx_120
waveIn,trainingSamples,raw_data/EMG-EPN612/testingJSON/user47/user47.json,idx_121
waveIn,trainingSamples,raw_data/EMG-EPN612/testingJSON/user47/user47.json,idx_122
waveIn,trainingSamples,raw_data/EMG-EPN612/testingJSON/user47/user47.json,idx_123
waveIn,trainingSamples,raw_data/EMG-EPN612/testingJSON/user47/user47.json,idx_124
waveIn,trainingSamples,raw_data/EMG-EPN612/testingJSON/user47/user47.json,idx_125
open,trainingSamples,raw_data/EMG-EPN612/testingJSON/user47/user47.json,idx_126
open,trainingSamples,raw_data/EMG-EPN612/testingJSON/user47/user47.json,idx_127
open,trainingSamples,raw_data/EMG-EPN612/testingJSON/user47/user47.json,idx_128
open,trainingSamples,raw_data/EMG-EPN612/testingJSON/user47/user47.json,idx_129
open,trainingSamples,raw_data/EMG-EPN612/testingJSON/user47/user47.json,idx_130
open,trainingSamples,raw_data/EMG-EPN612/testingJSON/user47/user47.json,idx_131
open,trainingSamples,raw_data/EMG-EPN612/testingJSON/user47/user47.json,idx_132
open,trainingSamples,raw_data/EMG-EPN612/testingJSON/user47/user47.json,idx_133
open,trainingSamples,raw_data/EMG-EPN612/testingJSON/user47/user47.json,idx_134
open,trainingSamples,raw_data/EMG-EPN612/testingJSON/user47/user47.json,idx_135
open,trainingSamples,raw_data/EMG-EPN612/testingJSON/user47/user47.json,idx_136
open,trainingSamples,raw_data/EMG-EPN612/testingJSON/user47/user47.json,idx_137
open,trainingSamples,raw_data/EMG-EPN612/testingJSON/user47/user47.json,idx_138
open,trainingSamples,raw_data/EMG-EPN612/testingJSON/user47/user47.json,idx_139
open,trainingSamples,raw_data/EMG-EPN612/testingJSON/user47/user47.json,idx_140
open,trainingSamples,raw_data/EMG-EPN612/testingJSON/user47/user47.json,idx_141
open,trainingSamples,raw_data/EMG-EPN612/testingJSON/user47/user47.json,idx_142
open,trainingSamples,raw_data/EMG-EPN612/testingJSON/user47/user47.json,idx_143
open,trainingSamples,raw_data/EMG-EPN612/testingJSON/user47/user47.json,idx_144
open,trainingSamples,raw_data/EMG-EPN612/testingJSON/user47/user47.json,idx_145
open,trainingSamples,raw_data/EMG-EPN612/testingJSON/user47/user47.json,idx_146
open,trainingSamples,raw_data/EMG-EPN612/testingJSON/user47/user47.json,idx_147
open,trainingSamples,raw_data/EMG-EPN612/testingJSON/user47/user47.json,idx_148
open,trainingSamples,raw_data/EMG-EPN612/testingJSON/user47/user47.json,idx_149
open,trainingSamples,raw_data/EMG-EPN612/testingJSON/user47/user47.json,idx_150
noGesture,trainingSamples,raw_data/EMG-EPN612/testingJSON/user48/user48.json,idx_1
noGesture,trainingSamples,raw_data/EMG-EPN612/testingJSON/user48/user48.json,idx_2
noGesture,trainingSamples,raw_data/EMG-EPN612/testingJSON/user48/user48.json,idx_3
noGesture,trainingSamples,raw_data/EMG-EPN612/testingJSON/user48/user48.json,idx_4
noGesture,trainingSamples,raw_data/EMG-EPN612/testingJSON/user48/user48.json,idx_5
noGesture,trainingSamples,raw_data/EMG-EPN612/testingJSON/user48/user48.json,idx_6
noGesture,trainingSamples,raw_data/EMG-EPN612/testingJSON/user48/user48.json,idx_7
noGesture,trainingSamples,raw_data/EMG-EPN612/testingJSON/user48/user48.json,idx_8
noGesture,trainingSamples,raw_data/EMG-EPN612/testingJSON/user48/user48.json,idx_9
noGesture,trainingSamples,raw_data/EMG-EPN612/testingJSON/user48/user48.json,idx_10
noGesture,trainingSamples,raw_data/EMG-EPN612/testingJSON/user48/user48.json,idx_11
noGesture,trainingSamples,raw_data/EMG-EPN612/testingJSON/user48/user48.json,idx_12
noGesture,trainingSamples,raw_data/EMG-EPN612/testingJSON/user48/user48.json,idx_13
noGesture,trainingSamples,raw_data/EMG-EPN612/testingJSON/user48/user48.json,idx_14
noGesture,trainingSamples,raw_data/EMG-EPN612/testingJSON/user48/user48.json,idx_15
noGesture,trainingSamples,raw_data/EMG-EPN612/testingJSON/user48/user48.json,idx_16
noGesture,trainingSamples,raw_data/EMG-EPN612/testingJSON/user48/user48.json,idx_17
noGesture,trainingSamples,raw_data/EMG-EPN612/testingJSON/user48/user48.json,idx_18
noGesture,trainingSamples,raw_data/EMG-EPN612/testingJSON/user48/user48.json,idx_19
noGesture,trainingSamples,raw_data/EMG-EPN612/testingJSON/user48/user48.json,idx_20
noGesture,trainingSamples,raw_data/EMG-EPN612/testingJSON/user48/user48.json,idx_21
noGesture,trainingSamples,raw_data/EMG-EPN612/testingJSON/user48/user48.json,idx_22
noGesture,trainingSamples,raw_data/EMG-EPN612/testingJSON/user48/user48.json,idx_23
noGesture,trainingSamples,raw_data/EMG-EPN612/testingJSON/user48/user48.json,idx_24
noGesture,trainingSamples,raw_data/EMG-EPN612/testingJSON/user48/user48.json,idx_25
waveOut,trainingSamples,raw_data/EMG-EPN612/testingJSON/user48/user48.json,idx_26
waveOut,trainingSamples,raw_data/EMG-EPN612/testingJSON/user48/user48.json,idx_27
waveOut,trainingSamples,raw_data/EMG-EPN612/testingJSON/user48/user48.json,idx_28
waveOut,trainingSamples,raw_data/EMG-EPN612/testingJSON/user48/user48.json,idx_29
waveOut,trainingSamples,raw_data/EMG-EPN612/testingJSON/user48/user48.json,idx_30
waveOut,trainingSamples,raw_data/EMG-EPN612/testingJSON/user48/user48.json,idx_31
waveOut,trainingSamples,raw_data/EMG-EPN612/testingJSON/user48/user48.json,idx_32
waveOut,trainingSamples,raw_data/EMG-EPN612/testingJSON/user48/user48.json,idx_33
waveOut,trainingSamples,raw_data/EMG-EPN612/testingJSON/user48/user48.json,idx_34
waveOut,trainingSamples,raw_data/EMG-EPN612/testingJSON/user48/user48.json,idx_35
waveOut,trainingSamples,raw_data/EMG-EPN612/testingJSON/user48/user48.json,idx_36
waveOut,trainingSamples,raw_data/EMG-EPN612/testingJSON/user48/user48.json,idx_37
waveOut,trainingSamples,raw_data/EMG-EPN612/testingJSON/user48/user48.json,idx_38
waveOut,trainingSamples,raw_data/EMG-EPN612/testingJSON/user48/user48.json,idx_39
waveOut,trainingSamples,raw_data/EMG-EPN612/testingJSON/user48/user48.json,idx_40
waveOut,trainingSamples,raw_data/EMG-EPN612/testingJSON/user48/user48.json,idx_41
waveOut,trainingSamples,raw_data/EMG-EPN612/testingJSON/user48/user48.json,idx_42
waveOut,trainingSamples,raw_data/EMG-EPN612/testingJSON/user48/user48.json,idx_43
waveOut,trainingSamples,raw_data/EMG-EPN612/testingJSON/user48/user48.json,idx_44
waveOut,trainingSamples,raw_data/EMG-EPN612/testingJSON/user48/user48.json,idx_45
waveOut,trainingSamples,raw_data/EMG-EPN612/testingJSON/user48/user48.json,idx_46
waveOut,trainingSamples,raw_data/EMG-EPN612/testingJSON/user48/user48.json,idx_47
waveOut,trainingSamples,raw_data/EMG-EPN612/testingJSON/user48/user48.json,idx_48
waveOut,trainingSamples,raw_data/EMG-EPN612/testingJSON/user48/user48.json,idx_49
waveOut,trainingSamples,raw_data/EMG-EPN612/testingJSON/user48/user48.json,idx_50
pinch,trainingSamples,raw_data/EMG-EPN612/testingJSON/user48/user48.json,idx_51
pinch,trainingSamples,raw_data/EMG-EPN612/testingJSON/user48/user48.json,idx_52
pinch,trainingSamples,raw_data/EMG-EPN612/testingJSON/user48/user48.json,idx_53
pinch,trainingSamples,raw_data/EMG-EPN612/testingJSON/user48/user48.json,idx_54
pinch,trainingSamples,raw_data/EMG-EPN612/testingJSON/user48/user48.json,idx_55
pinch,trainingSamples,raw_data/EMG-EPN612/testingJSON/user48/user48.json,idx_56
pinch,trainingSamples,raw_data/EMG-EPN612/testingJSON/user48/user48.json,idx_57
pinch,trainingSamples,raw_data/EMG-EPN612/testingJSON/user48/user48.json,idx_58
pinch,trainingSamples,raw_data/EMG-EPN612/testingJSON/user48/user48.json,idx_59
pinch,trainingSamples,raw_data/EMG-EPN612/testingJSON/user48/user48.json,idx_60
pinch,trainingSamples,raw_data/EMG-EPN612/testingJSON/user48/user48.json,idx_61
pinch,trainingSamples,raw_data/EMG-EPN612/testingJSON/user48/user48.json,idx_62
pinch,trainingSamples,raw_data/EMG-EPN612/testingJSON/user48/user48.json,idx_63
pinch,trainingSamples,raw_data/EMG-EPN612/testingJSON/user48/user48.json,idx_64
pinch,trainingSamples,raw_data/EMG-EPN612/testingJSON/user48/user48.json,idx_65
pinch,trainingSamples,raw_data/EMG-EPN612/testingJSON/user48/user48.json,idx_66
pinch,trainingSamples,raw_data/EMG-EPN612/testingJSON/user48/user48.json,idx_67
pinch,trainingSamples,raw_data/EMG-EPN612/testingJSON/user48/user48.json,idx_68
pinch,trainingSamples,raw_data/EMG-EPN612/testingJSON/user48/user48.json,idx_69
pinch,trainingSamples,raw_data/EMG-EPN612/testingJSON/user48/user48.json,idx_70
pinch,trainingSamples,raw_data/EMG-EPN612/testingJSON/user48/user48.json,idx_71
pinch,trainingSamples,raw_data/EMG-EPN612/testingJSON/user48/user48.json,idx_72
pinch,trainingSamples,raw_data/EMG-EPN612/testingJSON/user48/user48.json,idx_73
pinch,trainingSamples,raw_data/EMG-EPN612/testingJSON/user48/user48.json,idx_74
pinch,trainingSamples,raw_data/EMG-EPN612/testingJSON/user48/user48.json,idx_75
fist,trainingSamples,raw_data/EMG-EPN612/testingJSON/user48/user48.json,idx_76
fist,trainingSamples,raw_data/EMG-EPN612/testingJSON/user48/user48.json,idx_77
fist,trainingSamples,raw_data/EMG-EPN612/testingJSON/user48/user48.json,idx_78
fist,trainingSamples,raw_data/EMG-EPN612/testingJSON/user48/user48.json,idx_79
fist,trainingSamples,raw_data/EMG-EPN612/testingJSON/user48/user48.json,idx_80
fist,trainingSamples,raw_data/EMG-EPN612/testingJSON/user48/user48.json,idx_81
fist,trainingSamples,raw_data/EMG-EPN612/testingJSON/user48/user48.json,idx_82
fist,trainingSamples,raw_data/EMG-EPN612/testingJSON/user48/user48.json,idx_83
fist,trainingSamples,raw_data/EMG-EPN612/testingJSON/user48/user48.json,idx_84
fist,trainingSamples,raw_data/EMG-EPN612/testingJSON/user48/user48.json,idx_85
fist,trainingSamples,raw_data/EMG-EPN612/testingJSON/user48/user48.json,idx_86
fist,trainingSamples,raw_data/EMG-EPN612/testingJSON/user48/user48.json,idx_87
fist,trainingSamples,raw_data/EMG-EPN612/testingJSON/user48/user48.json,idx_88
fist,trainingSamples,raw_data/EMG-EPN612/testingJSON/user48/user48.json,idx_89
fist,trainingSamples,raw_data/EMG-EPN612/testingJSON/user48/user48.json,idx_90
fist,trainingSamples,raw_data/EMG-EPN612/testingJSON/user48/user48.json,idx_91
fist,trainingSamples,raw_data/EMG-EPN612/testingJSON/user48/user48.json,idx_92
fist,trainingSamples,raw_data/EMG-EPN612/testingJSON/user48/user48.json,idx_93
fist,trainingSamples,raw_data/EMG-EPN612/testingJSON/user48/user48.json,idx_94
fist,trainingSamples,raw_data/EMG-EPN612/testingJSON/user48/user48.json,idx_95
fist,trainingSamples,raw_data/EMG-EPN612/testingJSON/user48/user48.json,idx_96
fist,trainingSamples,raw_data/EMG-EPN612/testingJSON/user48/user48.json,idx_97
fist,trainingSamples,raw_data/EMG-EPN612/testingJSON/user48/user48.json,idx_98
fist,trainingSamples,raw_data/EMG-EPN612/testingJSON/user48/user48.json,idx_99
fist,trainingSamples,raw_data/EMG-EPN612/testingJSON/user48/user48.json,idx_100
waveIn,trainingSamples,raw_data/EMG-EPN612/testingJSON/user48/user48.json,idx_101
waveIn,trainingSamples,raw_data/EMG-EPN612/testingJSON/user48/user48.json,idx_102
waveIn,trainingSamples,raw_data/EMG-EPN612/testingJSON/user48/user48.json,idx_103
waveIn,trainingSamples,raw_data/EMG-EPN612/testingJSON/user48/user48.json,idx_104
waveIn,trainingSamples,raw_data/EMG-EPN612/testingJSON/user48/user48.json,idx_105
waveIn,trainingSamples,raw_data/EMG-EPN612/testingJSON/user48/user48.json,idx_106
waveIn,trainingSamples,raw_data/EMG-EPN612/testingJSON/user48/user48.json,idx_107
waveIn,trainingSamples,raw_data/EMG-EPN612/testingJSON/user48/user48.json,idx_108
waveIn,trainingSamples,raw_data/EMG-EPN612/testingJSON/user48/user48.json,idx_109
waveIn,trainingSamples,raw_data/EMG-EPN612/testingJSON/user48/user48.json,idx_110
waveIn,trainingSamples,raw_data/EMG-EPN612/testingJSON/user48/user48.json,idx_111
waveIn,trainingSamples,raw_data/EMG-EPN612/testingJSON/user48/user48.json,idx_112
waveIn,trainingSamples,raw_data/EMG-EPN612/testingJSON/user48/user48.json,idx_113
waveIn,trainingSamples,raw_data/EMG-EPN612/testingJSON/user48/user48.json,idx_114
waveIn,trainingSamples,raw_data/EMG-EPN612/testingJSON/user48/user48.json,idx_115
waveIn,trainingSamples,raw_data/EMG-EPN612/testingJSON/user48/user48.json,idx_116
waveIn,trainingSamples,raw_data/EMG-EPN612/testingJSON/user48/user48.json,idx_117
waveIn,trainingSamples,raw_data/EMG-EPN612/testingJSON/user48/user48.json,idx_118
waveIn,trainingSamples,raw_data/EMG-EPN612/testingJSON/user48/user48.json,idx_119
waveIn,trainingSamples,raw_data/EMG-EPN612/testingJSON/user48/user48.json,idx_120
waveIn,trainingSamples,raw_data/EMG-EPN612/testingJSON/user48/user48.json,idx_121
waveIn,trainingSamples,raw_data/EMG-EPN612/testingJSON/user48/user48.json,idx_122
waveIn,trainingSamples,raw_data/EMG-EPN612/testingJSON/user48/user48.json,idx_123
waveIn,trainingSamples,raw_data/EMG-EPN612/testingJSON/user48/user48.json,idx_124
waveIn,trainingSamples,raw_data/EMG-EPN612/testingJSON/user48/user48.json,idx_125
open,trainingSamples,raw_data/EMG-EPN612/testingJSON/user48/user48.json,idx_126
open,trainingSamples,raw_data/EMG-EPN612/testingJSON/user48/user48.json,idx_127
open,trainingSamples,raw_data/EMG-EPN612/testingJSON/user48/user48.json,idx_128
open,trainingSamples,raw_data/EMG-EPN612/testingJSON/user48/user48.json,idx_129
open,trainingSamples,raw_data/EMG-EPN612/testingJSON/user48/user48.json,idx_130
open,trainingSamples,raw_data/EMG-EPN612/testingJSON/user48/user48.json,idx_131
open,trainingSamples,raw_data/EMG-EPN612/testingJSON/user48/user48.json,idx_132
open,trainingSamples,raw_data/EMG-EPN612/testingJSON/user48/user48.json,idx_133
open,trainingSamples,raw_data/EMG-EPN612/testingJSON/user48/user48.json,idx_134
open,trainingSamples,raw_data/EMG-EPN612/testingJSON/user48/user48.json,idx_135
open,trainingSamples,raw_data/EMG-EPN612/testingJSON/user48/user48.json,idx_136
open,trainingSamples,raw_data/EMG-EPN612/testingJSON/user48/user48.json,idx_137
open,trainingSamples,raw_data/EMG-EPN612/testingJSON/user48/user48.json,idx_138
open,trainingSamples,raw_data/EMG-EPN612/testingJSON/user48/user48.json,idx_139
open,trainingSamples,raw_data/EMG-EPN612/testingJSON/user48/user48.json,idx_140
open,trainingSamples,raw_data/EMG-EPN612/testingJSON/user48/user48.json,idx_141
open,trainingSamples,raw_data/EMG-EPN612/testingJSON/user48/user48.json,idx_142
open,trainingSamples,raw_data/EMG-EPN612/testingJSON/user48/user48.json,idx_143
open,trainingSamples,raw_data/EMG-EPN612/testingJSON/user48/user48.json,idx_144
open,trainingSamples,raw_data/EMG-EPN612/testingJSON/user48/user48.json,idx_145
open,trainingSamples,raw_data/EMG-EPN612/testingJSON/user48/user48.json,idx_146
open,trainingSamples,raw_data/EMG-EPN612/testingJSON/user48/user48.json,idx_147
open,trainingSamples,raw_data/EMG-EPN612/testingJSON/user48/user48.json,idx_148
open,trainingSamples,raw_data/EMG-EPN612/testingJSON/user48/user48.json,idx_149
open,trainingSamples,raw_data/EMG-EPN612/testingJSON/user48/user48.json,idx_150
noGesture,trainingSamples,raw_data/EMG-EPN612/testingJSON/user49/user49.json,idx_1
noGesture,trainingSamples,raw_data/EMG-EPN612/testingJSON/user49/user49.json,idx_2
noGesture,trainingSamples,raw_data/EMG-EPN612/testingJSON/user49/user49.json,idx_3
noGesture,trainingSamples,raw_data/EMG-EPN612/testingJSON/user49/user49.json,idx_4
noGesture,trainingSamples,raw_data/EMG-EPN612/testingJSON/user49/user49.json,idx_5
noGesture,trainingSamples,raw_data/EMG-EPN612/testingJSON/user49/user49.json,idx_6
noGesture,trainingSamples,raw_data/EMG-EPN612/testingJSON/user49/user49.json,idx_7
noGesture,trainingSamples,raw_data/EMG-EPN612/testingJSON/user49/user49.json,idx_8
noGesture,trainingSamples,raw_data/EMG-EPN612/testingJSON/user49/user49.json,idx_9
noGesture,trainingSamples,raw_data/EMG-EPN612/testingJSON/user49/user49.json,idx_10
noGesture,trainingSamples,raw_data/EMG-EPN612/testingJSON/user49/user49.json,idx_11
noGesture,trainingSamples,raw_data/EMG-EPN612/testingJSON/user49/user49.json,idx_12
noGesture,trainingSamples,raw_data/EMG-EPN612/testingJSON/user49/user49.json,idx_13
noGesture,trainingSamples,raw_data/EMG-EPN612/testingJSON/user49/user49.json,idx_14
noGesture,trainingSamples,raw_data/EMG-EPN612/testingJSON/user49/user49.json,idx_15
noGesture,trainingSamples,raw_data/EMG-EPN612/testingJSON/user49/user49.json,idx_16
noGesture,trainingSamples,raw_data/EMG-EPN612/testingJSON/user49/user49.json,idx_17
noGesture,trainingSamples,raw_data/EMG-EPN612/testingJSON/user49/user49.json,idx_18
noGesture,trainingSamples,raw_data/EMG-EPN612/testingJSON/user49/user49.json,idx_19
noGesture,trainingSamples,raw_data/EMG-EPN612/testingJSON/user49/user49.json,idx_20
noGesture,trainingSamples,raw_data/EMG-EPN612/testingJSON/user49/user49.json,idx_21
noGesture,trainingSamples,raw_data/EMG-EPN612/testingJSON/user49/user49.json,idx_22
noGesture,trainingSamples,raw_data/EMG-EPN612/testingJSON/user49/user49.json,idx_23
noGesture,trainingSamples,raw_data/EMG-EPN612/testingJSON/user49/user49.json,idx_24
noGesture,trainingSamples,raw_data/EMG-EPN612/testingJSON/user49/user49.json,idx_25
waveOut,trainingSamples,raw_data/EMG-EPN612/testingJSON/user49/user49.json,idx_26
waveOut,trainingSamples,raw_data/EMG-EPN612/testingJSON/user49/user49.json,idx_27
waveOut,trainingSamples,raw_data/EMG-EPN612/testingJSON/user49/user49.json,idx_28
waveOut,trainingSamples,raw_data/EMG-EPN612/testingJSON/user49/user49.json,idx_29
waveOut,trainingSamples,raw_data/EMG-EPN612/testingJSON/user49/user49.json,idx_30
waveOut,trainingSamples,raw_data/EMG-EPN612/testingJSON/user49/user49.json,idx_31
waveOut,trainingSamples,raw_data/EMG-EPN612/testingJSON/user49/user49.json,idx_32
waveOut,trainingSamples,raw_data/EMG-EPN612/testingJSON/user49/user49.json,idx_33
waveOut,trainingSamples,raw_data/EMG-EPN612/testingJSON/user49/user49.json,idx_34
waveOut,trainingSamples,raw_data/EMG-EPN612/testingJSON/user49/user49.json,idx_35
waveOut,trainingSamples,raw_data/EMG-EPN612/testingJSON/user49/user49.json,idx_36
waveOut,trainingSamples,raw_data/EMG-EPN612/testingJSON/user49/user49.json,idx_37
waveOut,trainingSamples,raw_data/EMG-EPN612/testingJSON/user49/user49.json,idx_38
waveOut,trainingSamples,raw_data/EMG-EPN612/testingJSON/user49/user49.json,idx_39
waveOut,trainingSamples,raw_data/EMG-EPN612/testingJSON/user49/user49.json,idx_40
waveOut,trainingSamples,raw_data/EMG-EPN612/testingJSON/user49/user49.json,idx_41
waveOut,trainingSamples,raw_data/EMG-EPN612/testingJSON/user49/user49.json,idx_42
waveOut,trainingSamples,raw_data/EMG-EPN612/testingJSON/user49/user49.json,idx_43
waveOut,trainingSamples,raw_data/EMG-EPN612/testingJSON/user49/user49.json,idx_44
waveOut,trainingSamples,raw_data/EMG-EPN612/testingJSON/user49/user49.json,idx_45
waveOut,trainingSamples,raw_data/EMG-EPN612/testingJSON/user49/user49.json,idx_46
waveOut,trainingSamples,raw_data/EMG-EPN612/testingJSON/user49/user49.json,idx_47
waveOut,trainingSamples,raw_data/EMG-EPN612/testingJSON/user49/user49.json,idx_48
waveOut,trainingSamples,raw_data/EMG-EPN612/testingJSON/user49/user49.json,idx_49
waveOut,trainingSamples,raw_data/EMG-EPN612/testingJSON/user49/user49.json,idx_50
pinch,trainingSamples,raw_data/EMG-EPN612/testingJSON/user49/user49.json,idx_51
pinch,trainingSamples,raw_data/EMG-EPN612/testingJSON/user49/user49.json,idx_52
pinch,trainingSamples,raw_data/EMG-EPN612/testingJSON/user49/user49.json,idx_53
pinch,trainingSamples,raw_data/EMG-EPN612/testingJSON/user49/user49.json,idx_54
pinch,trainingSamples,raw_data/EMG-EPN612/testingJSON/user49/user49.json,idx_55
pinch,trainingSamples,raw_data/EMG-EPN612/testingJSON/user49/user49.json,idx_56
pinch,trainingSamples,raw_data/EMG-EPN612/testingJSON/user49/user49.json,idx_57
pinch,trainingSamples,raw_data/EMG-EPN612/testingJSON/user49/user49.json,idx_58
pinch,trainingSamples,raw_data/EMG-EPN612/testingJSON/user49/user49.json,idx_59
pinch,trainingSamples,raw_data/EMG-EPN612/testingJSON/user49/user49.json,idx_60
pinch,trainingSamples,raw_data/EMG-EPN612/testingJSON/user49/user49.json,idx_61
pinch,trainingSamples,raw_data/EMG-EPN612/testingJSON/user49/user49.json,idx_62
pinch,trainingSamples,raw_data/EMG-EPN612/testingJSON/user49/user49.json,idx_63
pinch,trainingSamples,raw_data/EMG-EPN612/testingJSON/user49/user49.json,idx_64
pinch,trainingSamples,raw_data/EMG-EPN612/testingJSON/user49/user49.json,idx_65
pinch,trainingSamples,raw_data/EMG-EPN612/testingJSON/user49/user49.json,idx_66
pinch,trainingSamples,raw_data/EMG-EPN612/testingJSON/user49/user49.json,idx_67
pinch,trainingSamples,raw_data/EMG-EPN612/testingJSON/user49/user49.json,idx_68
pinch,trainingSamples,raw_data/EMG-EPN612/testingJSON/user49/user49.json,idx_69
pinch,trainingSamples,raw_data/EMG-EPN612/testingJSON/user49/user49.json,idx_70
pinch,trainingSamples,raw_data/EMG-EPN612/testingJSON/user49/user49.json,idx_71
pinch,trainingSamples,raw_data/EMG-EPN612/testingJSON/user49/user49.json,idx_72
pinch,trainingSamples,raw_data/EMG-EPN612/testingJSON/user49/user49.json,idx_73
pinch,trainingSamples,raw_data/EMG-EPN612/testingJSON/user49/user49.json,idx_74
pinch,trainingSamples,raw_data/EMG-EPN612/testingJSON/user49/user49.json,idx_75
fist,trainingSamples,raw_data/EMG-EPN612/testingJSON/user49/user49.json,idx_76
fist,trainingSamples,raw_data/EMG-EPN612/testingJSON/user49/user49.json,idx_77
fist,trainingSamples,raw_data/EMG-EPN612/testingJSON/user49/user49.json,idx_78
fist,trainingSamples,raw_data/EMG-EPN612/testingJSON/user49/user49.json,idx_79
fist,trainingSamples,raw_data/EMG-EPN612/testingJSON/user49/user49.json,idx_80
fist,trainingSamples,raw_data/EMG-EPN612/testingJSON/user49/user49.json,idx_81
fist,trainingSamples,raw_data/EMG-EPN612/testingJSON/user49/user49.json,idx_82
fist,trainingSamples,raw_data/EMG-EPN612/testingJSON/user49/user49.json,idx_83
fist,trainingSamples,raw_data/EMG-EPN612/testingJSON/user49/user49.json,idx_84
fist,trainingSamples,raw_data/EMG-EPN612/testingJSON/user49/user49.json,idx_85
fist,trainingSamples,raw_data/EMG-EPN612/testingJSON/user49/user49.json,idx_86
fist,trainingSamples,raw_data/EMG-EPN612/testingJSON/user49/user49.json,idx_87
fist,trainingSamples,raw_data/EMG-EPN612/testingJSON/user49/user49.json,idx_88
fist,trainingSamples,raw_data/EMG-EPN612/testingJSON/user49/user49.json,idx_89
fist,trainingSamples,raw_data/EMG-EPN612/testingJSON/user49/user49.json,idx_90
fist,trainingSamples,raw_data/EMG-EPN612/testingJSON/user49/user49.json,idx_91
fist,trainingSamples,raw_data/EMG-EPN612/testingJSON/user49/user49.json,idx_92
fist,trainingSamples,raw_data/EMG-EPN612/testingJSON/user49/user49.json,idx_93
fist,trainingSamples,raw_data/EMG-EPN612/testingJSON/user49/user49.json,idx_94
fist,trainingSamples,raw_data/EMG-EPN612/testingJSON/user49/user49.json,idx_95
fist,trainingSamples,raw_data/EMG-EPN612/testingJSON/user49/user49.json,idx_96
fist,trainingSamples,raw_data/EMG-EPN612/testingJSON/user49/user49.json,idx_97
fist,trainingSamples,raw_data/EMG-EPN612/testingJSON/user49/user49.json,idx_98
fist,trainingSamples,raw_data/EMG-EPN612/testingJSON/user49/user49.json,idx_99
fist,trainingSamples,raw_data/EMG-EPN612/testingJSON/user49/user49.json,idx_100
waveIn,trainingSamples,raw_data/EMG-EPN612/testingJSON/user49/user49.json,idx_101
waveIn,trainingSamples,raw_data/EMG-EPN612/testingJSON/user49/user49.json,idx_102
waveIn,trainingSamples,raw_data/EMG-EPN612/testingJSON/user49/user49.json,idx_103
waveIn,trainingSamples,raw_data/EMG-EPN612/testingJSON/user49/user49.json,idx_104
waveIn,trainingSamples,raw_data/EMG-EPN612/testingJSON/user49/user49.json,idx_105
waveIn,trainingSamples,raw_data/EMG-EPN612/testingJSON/user49/user49.json,idx_106
waveIn,trainingSamples,raw_data/EMG-EPN612/testingJSON/user49/user49.json,idx_107
waveIn,trainingSamples,raw_data/EMG-EPN612/testingJSON/user49/user49.json,idx_108
waveIn,trainingSamples,raw_data/EMG-EPN612/testingJSON/user49/user49.json,idx_109
waveIn,trainingSamples,raw_data/EMG-EPN612/testingJSON/user49/user49.json,idx_110
waveIn,trainingSamples,raw_data/EMG-EPN612/testingJSON/user49/user49.json,idx_111
waveIn,trainingSamples,raw_data/EMG-EPN612/testingJSON/user49/user49.json,idx_112
waveIn,trainingSamples,raw_data/EMG-EPN612/testingJSON/user49/user49.json,idx_113
waveIn,trainingSamples,raw_data/EMG-EPN612/testingJSON/user49/user49.json,idx_114
waveIn,trainingSamples,raw_data/EMG-EPN612/testingJSON/user49/user49.json,idx_115
waveIn,trainingSamples,raw_data/EMG-EPN612/testingJSON/user49/user49.json,idx_116
waveIn,trainingSamples,raw_data/EMG-EPN612/testingJSON/user49/user49.json,idx_117
waveIn,trainingSamples,raw_data/EMG-EPN612/testingJSON/user49/user49.json,idx_118
waveIn,trainingSamples,raw_data/EMG-EPN612/testingJSON/user49/user49.json,idx_119
waveIn,trainingSamples,raw_data/EMG-EPN612/testingJSON/user49/user49.json,idx_120
waveIn,trainingSamples,raw_data/EMG-EPN612/testingJSON/user49/user49.json,idx_121
waveIn,trainingSamples,raw_data/EMG-EPN612/testingJSON/user49/user49.json,idx_122
waveIn,trainingSamples,raw_data/EMG-EPN612/testingJSON/user49/user49.json,idx_123
waveIn,trainingSamples,raw_data/EMG-EPN612/testingJSON/user49/user49.json,idx_124
waveIn,trainingSamples,raw_data/EMG-EPN612/testingJSON/user49/user49.json,idx_125
open,trainingSamples,raw_data/EMG-EPN612/testingJSON/user49/user49.json,idx_126
open,trainingSamples,raw_data/EMG-EPN612/testingJSON/user49/user49.json,idx_127
open,trainingSamples,raw_data/EMG-EPN612/testingJSON/user49/user49.json,idx_128
open,trainingSamples,raw_data/EMG-EPN612/testingJSON/user49/user49.json,idx_129
open,trainingSamples,raw_data/EMG-EPN612/testingJSON/user49/user49.json,idx_130
open,trainingSamples,raw_data/EMG-EPN612/testingJSON/user49/user49.json,idx_131
open,trainingSamples,raw_data/EMG-EPN612/testingJSON/user49/user49.json,idx_132
open,trainingSamples,raw_data/EMG-EPN612/testingJSON/user49/user49.json,idx_133
open,trainingSamples,raw_data/EMG-EPN612/testingJSON/user49/user49.json,idx_134
open,trainingSamples,raw_data/EMG-EPN612/testingJSON/user49/user49.json,idx_135
open,trainingSamples,raw_data/EMG-EPN612/testingJSON/user49/user49.json,idx_136
open,trainingSamples,raw_data/EMG-EPN612/testingJSON/user49/user49.json,idx_137
open,trainingSamples,raw_data/EMG-EPN612/testingJSON/user49/user49.json,idx_138
open,trainingSamples,raw_data/EMG-EPN612/testingJSON/user49/user49.json,idx_139
open,trainingSamples,raw_data/EMG-EPN612/testingJSON/user49/user49.json,idx_140
open,trainingSamples,raw_data/EMG-EPN612/testingJSON/user49/user49.json,idx_141
open,trainingSamples,raw_data/EMG-EPN612/testingJSON/user49/user49.json,idx_142
open,trainingSamples,raw_data/EMG-EPN612/testingJSON/user49/user49.json,idx_143
open,trainingSamples,raw_data/EMG-EPN612/testingJSON/user49/user49.json,idx_144
open,trainingSamples,raw_data/EMG-EPN612/testingJSON/user49/user49.json,idx_145
open,trainingSamples,raw_data/EMG-EPN612/testingJSON/user49/user49.json,idx_146
open,trainingSamples,raw_data/EMG-EPN612/testingJSON/user49/user49.json,idx_147
open,trainingSamples,raw_data/EMG-EPN612/testingJSON/user49/user49.json,idx_148
open,trainingSamples,raw_data/EMG-EPN612/testingJSON/user49/user49.json,idx_149
open,trainingSamples,raw_data/EMG-EPN612/testingJSON/user49/user49.json,idx_150
noGesture,trainingSamples,raw_data/EMG-EPN612/testingJSON/user5/user5.json,idx_1
noGesture,trainingSamples,raw_data/EMG-EPN612/testingJSON/user5/user5.json,idx_2
noGesture,trainingSamples,raw_data/EMG-EPN612/testingJSON/user5/user5.json,idx_3
noGesture,trainingSamples,raw_data/EMG-EPN612/testingJSON/user5/user5.json,idx_4
noGesture,trainingSamples,raw_data/EMG-EPN612/testingJSON/user5/user5.json,idx_5
noGesture,trainingSamples,raw_data/EMG-EPN612/testingJSON/user5/user5.json,idx_6
noGesture,trainingSamples,raw_data/EMG-EPN612/testingJSON/user5/user5.json,idx_7
noGesture,trainingSamples,raw_data/EMG-EPN612/testingJSON/user5/user5.json,idx_8
noGesture,trainingSamples,raw_data/EMG-EPN612/testingJSON/user5/user5.json,idx_9
noGesture,trainingSamples,raw_data/EMG-EPN612/testingJSON/user5/user5.json,idx_10
noGesture,trainingSamples,raw_data/EMG-EPN612/testingJSON/user5/user5.json,idx_11
noGesture,trainingSamples,raw_data/EMG-EPN612/testingJSON/user5/user5.json,idx_12
noGesture,trainingSamples,raw_data/EMG-EPN612/testingJSON/user5/user5.json,idx_13
noGesture,trainingSamples,raw_data/EMG-EPN612/testingJSON/user5/user5.json,idx_14
noGesture,trainingSamples,raw_data/EMG-EPN612/testingJSON/user5/user5.json,idx_15
noGesture,trainingSamples,raw_data/EMG-EPN612/testingJSON/user5/user5.json,idx_16
noGesture,trainingSamples,raw_data/EMG-EPN612/testingJSON/user5/user5.json,idx_17
noGesture,trainingSamples,raw_data/EMG-EPN612/testingJSON/user5/user5.json,idx_18
noGesture,trainingSamples,raw_data/EMG-EPN612/testingJSON/user5/user5.json,idx_19
noGesture,trainingSamples,raw_data/EMG-EPN612/testingJSON/user5/user5.json,idx_20
noGesture,trainingSamples,raw_data/EMG-EPN612/testingJSON/user5/user5.json,idx_21
noGesture,trainingSamples,raw_data/EMG-EPN612/testingJSON/user5/user5.json,idx_22
noGesture,trainingSamples,raw_data/EMG-EPN612/testingJSON/user5/user5.json,idx_23
noGesture,trainingSamples,raw_data/EMG-EPN612/testingJSON/user5/user5.json,idx_24
noGesture,trainingSamples,raw_data/EMG-EPN612/testingJSON/user5/user5.json,idx_25
waveOut,trainingSamples,raw_data/EMG-EPN612/testingJSON/user5/user5.json,idx_26
waveOut,trainingSamples,raw_data/EMG-EPN612/testingJSON/user5/user5.json,idx_27
waveOut,trainingSamples,raw_data/EMG-EPN612/testingJSON/user5/user5.json,idx_28
waveOut,trainingSamples,raw_data/EMG-EPN612/testingJSON/user5/user5.json,idx_29
waveOut,trainingSamples,raw_data/EMG-EPN612/testingJSON/user5/user5.json,idx_30
waveOut,trainingSamples,raw_data/EMG-EPN612/testingJSON/user5/user5.json,idx_31
waveOut,trainingSamples,raw_data/EMG-EPN612/testingJSON/user5/user5.json,idx_32
waveOut,trainingSamples,raw_data/EMG-EPN612/testingJSON/user5/user5.json,idx_33
waveOut,trainingSamples,raw_data/EMG-EPN612/testingJSON/user5/user5.json,idx_34
waveOut,trainingSamples,raw_data/EMG-EPN612/testingJSON/user5/user5.json,idx_35
waveOut,trainingSamples,raw_data/EMG-EPN612/testingJSON/user5/user5.json,idx_36
waveOut,trainingSamples,raw_data/EMG-EPN612/testingJSON/user5/user5.json,idx_37
waveOut,trainingSamples,raw_data/EMG-EPN612/testingJSON/user5/user5.json,idx_38
waveOut,trainingSamples,raw_data/EMG-EPN612/testingJSON/user5/user5.json,idx_39
waveOut,trainingSamples,raw_data/EMG-EPN612/testingJSON/user5/user5.json,idx_40
waveOut,trainingSamples,raw_data/EMG-EPN612/testingJSON/user5/user5.json,idx_41
waveOut,trainingSamples,raw_data/EMG-EPN612/testingJSON/user5/user5.json,idx_42
waveOut,trainingSamples,raw_data/EMG-EPN612/testingJSON/user5/user5.json,idx_43
waveOut,trainingSamples,raw_data/EMG-EPN612/testingJSON/user5/user5.json,idx_44
waveOut,trainingSamples,raw_data/EMG-EPN612/testingJSON/user5/user5.json,idx_45
waveOut,trainingSamples,raw_data/EMG-EPN612/testingJSON/user5/user5.json,idx_46
waveOut,trainingSamples,raw_data/EMG-EPN612/testingJSON/user5/user5.json,idx_47
waveOut,trainingSamples,raw_data/EMG-EPN612/testingJSON/user5/user5.json,idx_48
waveOut,trainingSamples,raw_data/EMG-EPN612/testingJSON/user5/user5.json,idx_49
waveOut,trainingSamples,raw_data/EMG-EPN612/testingJSON/user5/user5.json,idx_50
pinch,trainingSamples,raw_data/EMG-EPN612/testingJSON/user5/user5.json,idx_51
pinch,trainingSamples,raw_data/EMG-EPN612/testingJSON/user5/user5.json,idx_52
pinch,trainingSamples,raw_data/EMG-EPN612/testingJSON/user5/user5.json,idx_53
pinch,trainingSamples,raw_data/EMG-EPN612/testingJSON/user5/user5.json,idx_54
pinch,trainingSamples,raw_data/EMG-EPN612/testingJSON/user5/user5.json,idx_55
pinch,trainingSamples,raw_data/EMG-EPN612/testingJSON/user5/user5.json,idx_56
pinch,trainingSamples,raw_data/EMG-EPN612/testingJSON/user5/user5.json,idx_57
pinch,trainingSamples,raw_data/EMG-EPN612/testingJSON/user5/user5.json,idx_58
pinch,trainingSamples,raw_data/EMG-EPN612/testingJSON/user5/user5.json,idx_59
pinch,trainingSamples,raw_data/EMG-EPN612/testingJSON/user5/user5.json,idx_60
pinch,trainingSamples,raw_data/EMG-EPN612/testingJSON/user5/user5.json,idx_61
pinch,trainingSamples,raw_data/EMG-EPN612/testingJSON/user5/user5.json,idx_62
pinch,trainingSamples,raw_data/EMG-EPN612/testingJSON/user5/user5.json,idx_63
pinch,trainingSamples,raw_data/EMG-EPN612/testingJSON/user5/user5.json,idx_64
pinch,trainingSamples,raw_data/EMG-EPN612/testingJSON/user5/user5.json,idx_65
pinch,trainingSamples,raw_data/EMG-EPN612/testingJSON/user5/user5.json,idx_66
pinch,trainingSamples,raw_data/EMG-EPN612/testingJSON/user5/user5.json,idx_67
pinch,trainingSamples,raw_data/EMG-EPN612/testingJSON/user5/user5.json,idx_68
pinch,trainingSamples,raw_data/EMG-EPN612/testingJSON/user5/user5.json,idx_69
pinch,trainingSamples,raw_data/EMG-EPN612/testingJSON/user5/user5.json,idx_70
pinch,trainingSamples,raw_data/EMG-EPN612/testingJSON/user5/user5.json,idx_71
pinch,trainingSamples,raw_data/EMG-EPN612/testingJSON/user5/user5.json,idx_72
pinch,trainingSamples,raw_data/EMG-EPN612/testingJSON/user5/user5.json,idx_73
pinch,trainingSamples,raw_data/EMG-EPN612/testingJSON/user5/user5.json,idx_74
pinch,trainingSamples,raw_data/EMG-EPN612/testingJSON/user5/user5.json,idx_75
fist,trainingSamples,raw_data/EMG-EPN612/testingJSON/user5/user5.json,idx_76
fist,trainingSamples,raw_data/EMG-EPN612/testingJSON/user5/user5.json,idx_77
fist,trainingSamples,raw_data/EMG-EPN612/testingJSON/user5/user5.json,idx_78
fist,trainingSamples,raw_data/EMG-EPN612/testingJSON/user5/user5.json,idx_79
fist,trainingSamples,raw_data/EMG-EPN612/testingJSON/user5/user5.json,idx_80
fist,trainingSamples,raw_data/EMG-EPN612/testingJSON/user5/user5.json,idx_81
fist,trainingSamples,raw_data/EMG-EPN612/testingJSON/user5/user5.json,idx_82
fist,trainingSamples,raw_data/EMG-EPN612/testingJSON/user5/user5.json,idx_83
fist,trainingSamples,raw_data/EMG-EPN612/testingJSON/user5/user5.json,idx_84
fist,trainingSamples,raw_data/EMG-EPN612/testingJSON/user5/user5.json,idx_85
fist,trainingSamples,raw_data/EMG-EPN612/testingJSON/user5/user5.json,idx_86
fist,trainingSamples,raw_data/EMG-EPN612/testingJSON/user5/user5.json,idx_87
fist,trainingSamples,raw_data/EMG-EPN612/testingJSON/user5/user5.json,idx_88
fist,trainingSamples,raw_data/EMG-EPN612/testingJSON/user5/user5.json,idx_89
fist,trainingSamples,raw_data/EMG-EPN612/testingJSON/user5/user5.json,idx_90
fist,trainingSamples,raw_data/EMG-EPN612/testingJSON/user5/user5.json,idx_91
fist,trainingSamples,raw_data/EMG-EPN612/testingJSON/user5/user5.json,idx_92
fist,trainingSamples,raw_data/EMG-EPN612/testingJSON/user5/user5.json,idx_93
fist,trainingSamples,raw_data/EMG-EPN612/testingJSON/user5/user5.json,idx_94
fist,trainingSamples,raw_data/EMG-EPN612/testingJSON/user5/user5.json,idx_95
fist,trainingSamples,raw_data/EMG-EPN612/testingJSON/user5/user5.json,idx_96
fist,trainingSamples,raw_data/EMG-EPN612/testingJSON/user5/user5.json,idx_97
fist,trainingSamples,raw_data/EMG-EPN612/testingJSON/user5/user5.json,idx_98
fist,trainingSamples,raw_data/EMG-EPN612/testingJSON/user5/user5.json,idx_99
fist,trainingSamples,raw_data/EMG-EPN612/testingJSON/user5/user5.json,idx_100
waveIn,trainingSamples,raw_data/EMG-EPN612/testingJSON/user5/user5.json,idx_101
waveIn,trainingSamples,raw_data/EMG-EPN612/testingJSON/user5/user5.json,idx_102
waveIn,trainingSamples,raw_data/EMG-EPN612/testingJSON/user5/user5.json,idx_103
waveIn,trainingSamples,raw_data/EMG-EPN612/testingJSON/user5/user5.json,idx_104
waveIn,trainingSamples,raw_data/EMG-EPN612/testingJSON/user5/user5.json,idx_105
waveIn,trainingSamples,raw_data/EMG-EPN612/testingJSON/user5/user5.json,idx_106
waveIn,trainingSamples,raw_data/EMG-EPN612/testingJSON/user5/user5.json,idx_107
waveIn,trainingSamples,raw_data/EMG-EPN612/testingJSON/user5/user5.json,idx_108
waveIn,trainingSamples,raw_data/EMG-EPN612/testingJSON/user5/user5.json,idx_109
waveIn,trainingSamples,raw_data/EMG-EPN612/testingJSON/user5/user5.json,idx_110
waveIn,trainingSamples,raw_data/EMG-EPN612/testingJSON/user5/user5.json,idx_111
waveIn,trainingSamples,raw_data/EMG-EPN612/testingJSON/user5/user5.json,idx_112
waveIn,trainingSamples,raw_data/EMG-EPN612/testingJSON/user5/user5.json,idx_113
waveIn,trainingSamples,raw_data/EMG-EPN612/testingJSON/user5/user5.json,idx_114
waveIn,trainingSamples,raw_data/EMG-EPN612/testingJSON/user5/user5.json,idx_115
waveIn,trainingSamples,raw_data/EMG-EPN612/testingJSON/user5/user5.json,idx_116
waveIn,trainingSamples,raw_data/EMG-EPN612/testingJSON/user5/user5.json,idx_117
waveIn,trainingSamples,raw_data/EMG-EPN612/testingJSON/user5/user5.json,idx_118
waveIn,trainingSamples,raw_data/EMG-EPN612/testingJSON/user5/user5.json,idx_119
waveIn,trainingSamples,raw_data/EMG-EPN612/testingJSON/user5/user5.json,idx_120
waveIn,trainingSamples,raw_data/EMG-EPN612/testingJSON/user5/user5.json,idx_121
waveIn,trainingSamples,raw_data/EMG-EPN612/testingJSON/user5/user5.json,idx_122
waveIn,trainingSamples,raw_data/EMG-EPN612/testingJSON/user5/user5.json,idx_123
waveIn,trainingSamples,raw_data/EMG-EPN612/testingJSON/user5/user5.json,idx_124
waveIn,trainingSamples,raw_data/EMG-EPN612/testingJSON/user5/user5.json,idx_125
open,trainingSamples,raw_data/EMG-EPN612/testingJSON/user5/user5.json,idx_126
open,trainingSamples,raw_data/EMG-EPN612/testingJSON/user5/user5.json,idx_127
open,trainingSamples,raw_data/EMG-EPN612/testingJSON/user5/user5.json,idx_128
open,trainingSamples,raw_data/EMG-EPN612/testingJSON/user5/user5.json,idx_129
open,trainingSamples,raw_data/EMG-EPN612/testingJSON/user5/user5.json,idx_130
open,trainingSamples,raw_data/EMG-EPN612/testingJSON/user5/user5.json,idx_131
open,trainingSamples,raw_data/EMG-EPN612/testingJSON/user5/user5.json,idx_132
open,trainingSamples,raw_data/EMG-EPN612/testingJSON/user5/user5.json,idx_133
open,trainingSamples,raw_data/EMG-EPN612/testingJSON/user5/user5.json,idx_134
open,trainingSamples,raw_data/EMG-EPN612/testingJSON/user5/user5.json,idx_135
open,trainingSamples,raw_data/EMG-EPN612/testingJSON/user5/user5.json,idx_136
open,trainingSamples,raw_data/EMG-EPN612/testingJSON/user5/user5.json,idx_137
open,trainingSamples,raw_data/EMG-EPN612/testingJSON/user5/user5.json,idx_138
open,trainingSamples,raw_data/EMG-EPN612/testingJSON/user5/user5.json,idx_139
open,trainingSamples,raw_data/EMG-EPN612/testingJSON/user5/user5.json,idx_140
open,trainingSamples,raw_data/EMG-EPN612/testingJSON/user5/user5.json,idx_141
open,trainingSamples,raw_data/EMG-EPN612/testingJSON/user5/user5.json,idx_142
open,trainingSamples,raw_data/EMG-EPN612/testingJSON/user5/user5.json,idx_143
open,trainingSamples,raw_data/EMG-EPN612/testingJSON/user5/user5.json,idx_144
open,trainingSamples,raw_data/EMG-EPN612/testingJSON/user5/user5.json,idx_145
open,trainingSamples,raw_data/EMG-EPN612/testingJSON/user5/user5.json,idx_146
open,trainingSamples,raw_data/EMG-EPN612/testingJSON/user5/user5.json,idx_147
open,trainingSamples,raw_data/EMG-EPN612/testingJSON/user5/user5.json,idx_148
open,trainingSamples,raw_data/EMG-EPN612/testingJSON/user5/user5.json,idx_149
open,trainingSamples,raw_data/EMG-EPN612/testingJSON/user5/user5.json,idx_150
noGesture,trainingSamples,raw_data/EMG-EPN612/testingJSON/user50/user50.json,idx_1
noGesture,trainingSamples,raw_data/EMG-EPN612/testingJSON/user50/user50.json,idx_2
noGesture,trainingSamples,raw_data/EMG-EPN612/testingJSON/user50/user50.json,idx_3
noGesture,trainingSamples,raw_data/EMG-EPN612/testingJSON/user50/user50.json,idx_4
noGesture,trainingSamples,raw_data/EMG-EPN612/testingJSON/user50/user50.json,idx_5
noGesture,trainingSamples,raw_data/EMG-EPN612/testingJSON/user50/user50.json,idx_6
noGesture,trainingSamples,raw_data/EMG-EPN612/testingJSON/user50/user50.json,idx_7
noGesture,trainingSamples,raw_data/EMG-EPN612/testingJSON/user50/user50.json,idx_8
noGesture,trainingSamples,raw_data/EMG-EPN612/testingJSON/user50/user50.json,idx_9
noGesture,trainingSamples,raw_data/EMG-EPN612/testingJSON/user50/user50.json,idx_10
noGesture,trainingSamples,raw_data/EMG-EPN612/testingJSON/user50/user50.json,idx_11
noGesture,trainingSamples,raw_data/EMG-EPN612/testingJSON/user50/user50.json,idx_12
noGesture,trainingSamples,raw_data/EMG-EPN612/testingJSON/user50/user50.json,idx_13
noGesture,trainingSamples,raw_data/EMG-EPN612/testingJSON/user50/user50.json,idx_14
noGesture,trainingSamples,raw_data/EMG-EPN612/testingJSON/user50/user50.json,idx_15
noGesture,trainingSamples,raw_data/EMG-EPN612/testingJSON/user50/user50.json,idx_16
noGesture,trainingSamples,raw_data/EMG-EPN612/testingJSON/user50/user50.json,idx_17
noGesture,trainingSamples,raw_data/EMG-EPN612/testingJSON/user50/user50.json,idx_18
noGesture,trainingSamples,raw_data/EMG-EPN612/testingJSON/user50/user50.json,idx_19
noGesture,trainingSamples,raw_data/EMG-EPN612/testingJSON/user50/user50.json,idx_20
noGesture,trainingSamples,raw_data/EMG-EPN612/testingJSON/user50/user50.json,idx_21
noGesture,trainingSamples,raw_data/EMG-EPN612/testingJSON/user50/user50.json,idx_22
noGesture,trainingSamples,raw_data/EMG-EPN612/testingJSON/user50/user50.json,idx_23
noGesture,trainingSamples,raw_data/EMG-EPN612/testingJSON/user50/user50.json,idx_24
noGesture,trainingSamples,raw_data/EMG-EPN612/testingJSON/user50/user50.json,idx_25
waveOut,trainingSamples,raw_data/EMG-EPN612/testingJSON/user50/user50.json,idx_26
waveOut,trainingSamples,raw_data/EMG-EPN612/testingJSON/user50/user50.json,idx_27
waveOut,trainingSamples,raw_data/EMG-EPN612/testingJSON/user50/user50.json,idx_28
waveOut,trainingSamples,raw_data/EMG-EPN612/testingJSON/user50/user50.json,idx_29
waveOut,trainingSamples,raw_data/EMG-EPN612/testingJSON/user50/user50.json,idx_30
waveOut,trainingSamples,raw_data/EMG-EPN612/testingJSON/user50/user50.json,idx_31
waveOut,trainingSamples,raw_data/EMG-EPN612/testingJSON/user50/user50.json,idx_32
waveOut,trainingSamples,raw_data/EMG-EPN612/testingJSON/user50/user50.json,idx_33
waveOut,trainingSamples,raw_data/EMG-EPN612/testingJSON/user50/user50.json,idx_34
waveOut,trainingSamples,raw_data/EMG-EPN612/testingJSON/user50/user50.json,idx_35
waveOut,trainingSamples,raw_data/EMG-EPN612/testingJSON/user50/user50.json,idx_36
waveOut,trainingSamples,raw_data/EMG-EPN612/testingJSON/user50/user50.json,idx_37
waveOut,trainingSamples,raw_data/EMG-EPN612/testingJSON/user50/user50.json,idx_38
waveOut,trainingSamples,raw_data/EMG-EPN612/testingJSON/user50/user50.json,idx_39
waveOut,trainingSamples,raw_data/EMG-EPN612/testingJSON/user50/user50.json,idx_40
waveOut,trainingSamples,raw_data/EMG-EPN612/testingJSON/user50/user50.json,idx_41
waveOut,trainingSamples,raw_data/EMG-EPN612/testingJSON/user50/user50.json,idx_42
waveOut,trainingSamples,raw_data/EMG-EPN612/testingJSON/user50/user50.json,idx_43
waveOut,trainingSamples,raw_data/EMG-EPN612/testingJSON/user50/user50.json,idx_44
waveOut,trainingSamples,raw_data/EMG-EPN612/testingJSON/user50/user50.json,idx_45
waveOut,trainingSamples,raw_data/EMG-EPN612/testingJSON/user50/user50.json,idx_46
waveOut,trainingSamples,raw_data/EMG-EPN612/testingJSON/user50/user50.json,idx_47
waveOut,trainingSamples,raw_data/EMG-EPN612/testingJSON/user50/user50.json,idx_48
waveOut,trainingSamples,raw_data/EMG-EPN612/testingJSON/user50/user50.json,idx_49
waveOut,trainingSamples,raw_data/EMG-EPN612/testingJSON/user50/user50.json,idx_50
pinch,trainingSamples,raw_data/EMG-EPN612/testingJSON/user50/user50.json,idx_51
pinch,trainingSamples,raw_data/EMG-EPN612/testingJSON/user50/user50.json,idx_52
pinch,trainingSamples,raw_data/EMG-EPN612/testingJSON/user50/user50.json,idx_53
pinch,trainingSamples,raw_data/EMG-EPN612/testingJSON/user50/user50.json,idx_54
pinch,trainingSamples,raw_data/EMG-EPN612/testingJSON/user50/user50.json,idx_55
pinch,trainingSamples,raw_data/EMG-EPN612/testingJSON/user50/user50.json,idx_56
pinch,trainingSamples,raw_data/EMG-EPN612/testingJSON/user50/user50.json,idx_57
pinch,trainingSamples,raw_data/EMG-EPN612/testingJSON/user50/user50.json,idx_58
pinch,trainingSamples,raw_data/EMG-EPN612/testingJSON/user50/user50.json,idx_59
pinch,trainingSamples,raw_data/EMG-EPN612/testingJSON/user50/user50.json,idx_60
pinch,trainingSamples,raw_data/EMG-EPN612/testingJSON/user50/user50.json,idx_61
pinch,trainingSamples,raw_data/EMG-EPN612/testingJSON/user50/user50.json,idx_62
pinch,trainingSamples,raw_data/EMG-EPN612/testingJSON/user50/user50.json,idx_63
pinch,trainingSamples,raw_data/EMG-EPN612/testingJSON/user50/user50.json,idx_64
pinch,trainingSamples,raw_data/EMG-EPN612/testingJSON/user50/user50.json,idx_65
pinch,trainingSamples,raw_data/EMG-EPN612/testingJSON/user50/user50.json,idx_66
pinch,trainingSamples,raw_data/EMG-EPN612/testingJSON/user50/user50.json,idx_67
pinch,trainingSamples,raw_data/EMG-EPN612/testingJSON/user50/user50.json,idx_68
pinch,trainingSamples,raw_data/EMG-EPN612/testingJSON/user50/user50.json,idx_69
pinch,trainingSamples,raw_data/EMG-EPN612/testingJSON/user50/user50.json,idx_70
pinch,trainingSamples,raw_data/EMG-EPN612/testingJSON/user50/user50.json,idx_71
pinch,trainingSamples,raw_data/EMG-EPN612/testingJSON/user50/user50.json,idx_72
pinch,trainingSamples,raw_data/EMG-EPN612/testingJSON/user50/user50.json,idx_73
pinch,trainingSamples,raw_data/EMG-EPN612/testingJSON/user50/user50.json,idx_74
pinch,trainingSamples,raw_data/EMG-EPN612/testingJSON/user50/user50.json,idx_75
fist,trainingSamples,raw_data/EMG-EPN612/testingJSON/user50/user50.json,idx_76
fist,trainingSamples,raw_data/EMG-EPN612/testingJSON/user50/user50.json,idx_77
fist,trainingSamples,raw_data/EMG-EPN612/testingJSON/user50/user50.json,idx_78
fist,trainingSamples,raw_data/EMG-EPN612/testingJSON/user50/user50.json,idx_79
fist,trainingSamples,raw_data/EMG-EPN612/testingJSON/user50/user50.json,idx_80
fist,trainingSamples,raw_data/EMG-EPN612/testingJSON/user50/user50.json,idx_81
fist,trainingSamples,raw_data/EMG-EPN612/testingJSON/user50/user50.json,idx_82
fist,trainingSamples,raw_data/EMG-EPN612/testingJSON/user50/user50.json,idx_83
fist,trainingSamples,raw_data/EMG-EPN612/testingJSON/user50/user50.json,idx_84
fist,trainingSamples,raw_data/EMG-EPN612/testingJSON/user50/user50.json,idx_85
fist,trainingSamples,raw_data/EMG-EPN612/testingJSON/user50/user50.json,idx_86
fist,trainingSamples,raw_data/EMG-EPN612/testingJSON/user50/user50.json,idx_87
fist,trainingSamples,raw_data/EMG-EPN612/testingJSON/user50/user50.json,idx_88
fist,trainingSamples,raw_data/EMG-EPN612/testingJSON/user50/user50.json,idx_89
fist,trainingSamples,raw_data/EMG-EPN612/testingJSON/user50/user50.json,idx_90
fist,trainingSamples,raw_data/EMG-EPN612/testingJSON/user50/user50.json,idx_91
fist,trainingSamples,raw_data/EMG-EPN612/testingJSON/user50/user50.json,idx_92
fist,trainingSamples,raw_data/EMG-EPN612/testingJSON/user50/user50.json,idx_93
fist,trainingSamples,raw_data/EMG-EPN612/testingJSON/user50/user50.json,idx_94
fist,trainingSamples,raw_data/EMG-EPN612/testingJSON/user50/user50.json,idx_95
fist,trainingSamples,raw_data/EMG-EPN612/testingJSON/user50/user50.json,idx_96
fist,trainingSamples,raw_data/EMG-EPN612/testingJSON/user50/user50.json,idx_97
fist,trainingSamples,raw_data/EMG-EPN612/testingJSON/user50/user50.json,idx_98
fist,trainingSamples,raw_data/EMG-EPN612/testingJSON/user50/user50.json,idx_99
fist,trainingSamples,raw_data/EMG-EPN612/testingJSON/user50/user50.json,idx_100
waveIn,trainingSamples,raw_data/EMG-EPN612/testingJSON/user50/user50.json,idx_101
waveIn,trainingSamples,raw_data/EMG-EPN612/testingJSON/user50/user50.json,idx_102
waveIn,trainingSamples,raw_data/EMG-EPN612/testingJSON/user50/user50.json,idx_103
waveIn,trainingSamples,raw_data/EMG-EPN612/testingJSON/user50/user50.json,idx_104
waveIn,trainingSamples,raw_data/EMG-EPN612/testingJSON/user50/user50.json,idx_105
waveIn,trainingSamples,raw_data/EMG-EPN612/testingJSON/user50/user50.json,idx_106
waveIn,trainingSamples,raw_data/EMG-EPN612/testingJSON/user50/user50.json,idx_107
waveIn,trainingSamples,raw_data/EMG-EPN612/testingJSON/user50/user50.json,idx_108
waveIn,trainingSamples,raw_data/EMG-EPN612/testingJSON/user50/user50.json,idx_109
waveIn,trainingSamples,raw_data/EMG-EPN612/testingJSON/user50/user50.json,idx_110
waveIn,trainingSamples,raw_data/EMG-EPN612/testingJSON/user50/user50.json,idx_111
waveIn,trainingSamples,raw_data/EMG-EPN612/testingJSON/user50/user50.json,idx_112
waveIn,trainingSamples,raw_data/EMG-EPN612/testingJSON/user50/user50.json,idx_113
waveIn,trainingSamples,raw_data/EMG-EPN612/testingJSON/user50/user50.json,idx_114
waveIn,trainingSamples,raw_data/EMG-EPN612/testingJSON/user50/user50.json,idx_115
waveIn,trainingSamples,raw_data/EMG-EPN612/testingJSON/user50/user50.json,idx_116
waveIn,trainingSamples,raw_data/EMG-EPN612/testingJSON/user50/user50.json,idx_117
waveIn,trainingSamples,raw_data/EMG-EPN612/testingJSON/user50/user50.json,idx_118
waveIn,trainingSamples,raw_data/EMG-EPN612/testingJSON/user50/user50.json,idx_119
waveIn,trainingSamples,raw_data/EMG-EPN612/testingJSON/user50/user50.json,idx_120
waveIn,trainingSamples,raw_data/EMG-EPN612/testingJSON/user50/user50.json,idx_121
waveIn,trainingSamples,raw_data/EMG-EPN612/testingJSON/user50/user50.json,idx_122
waveIn,trainingSamples,raw_data/EMG-EPN612/testingJSON/user50/user50.json,idx_123
waveIn,trainingSamples,raw_data/EMG-EPN612/testingJSON/user50/user50.json,idx_124
waveIn,trainingSamples,raw_data/EMG-EPN612/testingJSON/user50/user50.json,idx_125
open,trainingSamples,raw_data/EMG-EPN612/testingJSON/user50/user50.json,idx_126
open,trainingSamples,raw_data/EMG-EPN612/testingJSON/user50/user50.json,idx_127
open,trainingSamples,raw_data/EMG-EPN612/testingJSON/user50/user50.json,idx_128
open,trainingSamples,raw_data/EMG-EPN612/testingJSON/user50/user50.json,idx_129
open,trainingSamples,raw_data/EMG-EPN612/testingJSON/user50/user50.json,idx_130
open,trainingSamples,raw_data/EMG-EPN612/testingJSON/user50/user50.json,idx_131
open,trainingSamples,raw_data/EMG-EPN612/testingJSON/user50/user50.json,idx_132
open,trainingSamples,raw_data/EMG-EPN612/testingJSON/user50/user50.json,idx_133
open,trainingSamples,raw_data/EMG-EPN612/testingJSON/user50/user50.json,idx_134
open,trainingSamples,raw_data/EMG-EPN612/testingJSON/user50/user50.json,idx_135
open,trainingSamples,raw_data/EMG-EPN612/testingJSON/user50/user50.json,idx_136
open,trainingSamples,raw_data/EMG-EPN612/testingJSON/user50/user50.json,idx_137
open,trainingSamples,raw_data/EMG-EPN612/testingJSON/user50/user50.json,idx_138
open,trainingSamples,raw_data/EMG-EPN612/testingJSON/user50/user50.json,idx_139
open,trainingSamples,raw_data/EMG-EPN612/testingJSON/user50/user50.json,idx_140
open,trainingSamples,raw_data/EMG-EPN612/testingJSON/user50/user50.json,idx_141
open,trainingSamples,raw_data/EMG-EPN612/testingJSON/user50/user50.json,idx_142
open,trainingSamples,raw_data/EMG-EPN612/testingJSON/user50/user50.json,idx_143
open,trainingSamples,raw_data/EMG-EPN612/testingJSON/user50/user50.json,idx_144
open,trainingSamples,raw_data/EMG-EPN612/testingJSON/user50/user50.json,idx_145
open,trainingSamples,raw_data/EMG-EPN612/testingJSON/user50/user50.json,idx_146
open,trainingSamples,raw_data/EMG-EPN612/testingJSON/user50/user50.json,idx_147
open,trainingSamples,raw_data/EMG-EPN612/testingJSON/user50/user50.json,idx_148
open,trainingSamples,raw_data/EMG-EPN612/testingJSON/user50/user50.json,idx_149
open,trainingSamples,raw_data/EMG-EPN612/testingJSON/user50/user50.json,idx_150
noGesture,trainingSamples,raw_data/EMG-EPN612/testingJSON/user51/user51.json,idx_1
noGesture,trainingSamples,raw_data/EMG-EPN612/testingJSON/user51/user51.json,idx_2
noGesture,trainingSamples,raw_data/EMG-EPN612/testingJSON/user51/user51.json,idx_3
noGesture,trainingSamples,raw_data/EMG-EPN612/testingJSON/user51/user51.json,idx_4
noGesture,trainingSamples,raw_data/EMG-EPN612/testingJSON/user51/user51.json,idx_5
noGesture,trainingSamples,raw_data/EMG-EPN612/testingJSON/user51/user51.json,idx_6
noGesture,trainingSamples,raw_data/EMG-EPN612/testingJSON/user51/user51.json,idx_7
noGesture,trainingSamples,raw_data/EMG-EPN612/testingJSON/user51/user51.json,idx_8
noGesture,trainingSamples,raw_data/EMG-EPN612/testingJSON/user51/user51.json,idx_9
noGesture,trainingSamples,raw_data/EMG-EPN612/testingJSON/user51/user51.json,idx_10
noGesture,trainingSamples,raw_data/EMG-EPN612/testingJSON/user51/user51.json,idx_11
noGesture,trainingSamples,raw_data/EMG-EPN612/testingJSON/user51/user51.json,idx_12
noGesture,trainingSamples,raw_data/EMG-EPN612/testingJSON/user51/user51.json,idx_13
noGesture,trainingSamples,raw_data/EMG-EPN612/testingJSON/user51/user51.json,idx_14
noGesture,trainingSamples,raw_data/EMG-EPN612/testingJSON/user51/user51.json,idx_15
noGesture,trainingSamples,raw_data/EMG-EPN612/testingJSON/user51/user51.json,idx_16
noGesture,trainingSamples,raw_data/EMG-EPN612/testingJSON/user51/user51.json,idx_17
noGesture,trainingSamples,raw_data/EMG-EPN612/testingJSON/user51/user51.json,idx_18
noGesture,trainingSamples,raw_data/EMG-EPN612/testingJSON/user51/user51.json,idx_19
noGesture,trainingSamples,raw_data/EMG-EPN612/testingJSON/user51/user51.json,idx_20
noGesture,trainingSamples,raw_data/EMG-EPN612/testingJSON/user51/user51.json,idx_21
noGesture,trainingSamples,raw_data/EMG-EPN612/testingJSON/user51/user51.json,idx_22
noGesture,trainingSamples,raw_data/EMG-EPN612/testingJSON/user51/user51.json,idx_23
noGesture,trainingSamples,raw_data/EMG-EPN612/testingJSON/user51/user51.json,idx_24
noGesture,trainingSamples,raw_data/EMG-EPN612/testingJSON/user51/user51.json,idx_25
fist,trainingSamples,raw_data/EMG-EPN612/testingJSON/user51/user51.json,idx_26
fist,trainingSamples,raw_data/EMG-EPN612/testingJSON/user51/user51.json,idx_27
fist,trainingSamples,raw_data/EMG-EPN612/testingJSON/user51/user51.json,idx_28
fist,trainingSamples,raw_data/EMG-EPN612/testingJSON/user51/user51.json,idx_29
fist,trainingSamples,raw_data/EMG-EPN612/testingJSON/user51/user51.json,idx_30
fist,trainingSamples,raw_data/EMG-EPN612/testingJSON/user51/user51.json,idx_31
fist,trainingSamples,raw_data/EMG-EPN612/testingJSON/user51/user51.json,idx_32
fist,trainingSamples,raw_data/EMG-EPN612/testingJSON/user51/user51.json,idx_33
fist,trainingSamples,raw_data/EMG-EPN612/testingJSON/user51/user51.json,idx_34
fist,trainingSamples,raw_data/EMG-EPN612/testingJSON/user51/user51.json,idx_35
fist,trainingSamples,raw_data/EMG-EPN612/testingJSON/user51/user51.json,idx_36
fist,trainingSamples,raw_data/EMG-EPN612/testingJSON/user51/user51.json,idx_37
fist,trainingSamples,raw_data/EMG-EPN612/testingJSON/user51/user51.json,idx_38
fist,trainingSamples,raw_data/EMG-EPN612/testingJSON/user51/user51.json,idx_39
fist,trainingSamples,raw_data/EMG-EPN612/testingJSON/user51/user51.json,idx_40
fist,trainingSamples,raw_data/EMG-EPN612/testingJSON/user51/user51.json,idx_41
fist,trainingSamples,raw_data/EMG-EPN612/testingJSON/user51/user51.json,idx_42
fist,trainingSamples,raw_data/EMG-EPN612/testingJSON/user51/user51.json,idx_43
fist,trainingSamples,raw_data/EMG-EPN612/testingJSON/user51/user51.json,idx_44
fist,trainingSamples,raw_data/EMG-EPN612/testingJSON/user51/user51.json,idx_45
fist,trainingSamples,raw_data/EMG-EPN612/testingJSON/user51/user51.json,idx_46
fist,trainingSamples,raw_data/EMG-EPN612/testingJSON/user51/user51.json,idx_47
fist,trainingSamples,raw_data/EMG-EPN612/testingJSON/user51/user51.json,idx_48
fist,trainingSamples,raw_data/EMG-EPN612/testingJSON/user51/user51.json,idx_49
fist,trainingSamples,raw_data/EMG-EPN612/testingJSON/user51/user51.json,idx_50
pinch,trainingSamples,raw_data/EMG-EPN612/testingJSON/user51/user51.json,idx_51
pinch,trainingSamples,raw_data/EMG-EPN612/testingJSON/user51/user51.json,idx_52
pinch,trainingSamples,raw_data/EMG-EPN612/testingJSON/user51/user51.json,idx_53
pinch,trainingSamples,raw_data/EMG-EPN612/testingJSON/user51/user51.json,idx_54
pinch,trainingSamples,raw_data/EMG-EPN612/testingJSON/user51/user51.json,idx_55
pinch,trainingSamples,raw_data/EMG-EPN612/testingJSON/user51/user51.json,idx_56
pinch,trainingSamples,raw_data/EMG-EPN612/testingJSON/user51/user51.json,idx_57
pinch,trainingSamples,raw_data/EMG-EPN612/testingJSON/user51/user51.json,idx_58
pinch,trainingSamples,raw_data/EMG-EPN612/testingJSON/user51/user51.json,idx_59
pinch,trainingSamples,raw_data/EMG-EPN612/testingJSON/user51/user51.json,idx_60
pinch,trainingSamples,raw_data/EMG-EPN612/testingJSON/user51/user51.json,idx_61
pinch,trainingSamples,raw_data/EMG-EPN612/testingJSON/user51/user51.json,idx_62
pinch,trainingSamples,raw_data/EMG-EPN612/testingJSON/user51/user51.json,idx_63
pinch,trainingSamples,raw_data/EMG-EPN612/testingJSON/user51/user51.json,idx_64
pinch,trainingSamples,raw_data/EMG-EPN612/testingJSON/user51/user51.json,idx_65
pinch,trainingSamples,raw_data/EMG-EPN612/testingJSON/user51/user51.json,idx_66
pinch,trainingSamples,raw_data/EMG-EPN612/testingJSON/user51/user51.json,idx_67
pinch,trainingSamples,raw_data/EMG-EPN612/testingJSON/user51/user51.json,idx_68
pinch,trainingSamples,raw_data/EMG-EPN612/testingJSON/user51/user51.json,idx_69
pinch,trainingSamples,raw_data/EMG-EPN612/testingJSON/user51/user51.json,idx_70
pinch,trainingSamples,raw_data/EMG-EPN612/testingJSON/user51/user51.json,idx_71
pinch,trainingSamples,raw_data/EMG-EPN612/testingJSON/user51/user51.json,idx_72
pinch,trainingSamples,raw_data/EMG-EPN612/testingJSON/user51/user51.json,idx_73
pinch,trainingSamples,raw_data/EMG-EPN612/testingJSON/user51/user51.json,idx_74
pinch,trainingSamples,raw_data/EMG-EPN612/testingJSON/user51/user51.json,idx_75
waveOut,trainingSamples,raw_data/EMG-EPN612/testingJSON/user51/user51.json,idx_76
waveOut,trainingSamples,raw_data/EMG-EPN612/testingJSON/user51/user51.json,idx_77
waveOut,trainingSamples,raw_data/EMG-EPN612/testingJSON/user51/user51.json,idx_78
waveOut,trainingSamples,raw_data/EMG-EPN612/testingJSON/user51/user51.json,idx_79
waveOut,trainingSamples,raw_data/EMG-EPN612/testingJSON/user51/user51.json,idx_80
waveOut,trainingSamples,raw_data/EMG-EPN612/testingJSON/user51/user51.json,idx_81
waveOut,trainingSamples,raw_data/EMG-EPN612/testingJSON/user51/user51.json,idx_82
waveOut,trainingSamples,raw_data/EMG-EPN612/testingJSON/user51/user51.json,idx_83
waveOut,trainingSamples,raw_data/EMG-EPN612/testingJSON/user51/user51.json,idx_84
waveOut,trainingSamples,raw_data/EMG-EPN612/testingJSON/user51/user51.json,idx_85
waveOut,trainingSamples,raw_data/EMG-EPN612/testingJSON/user51/user51.json,idx_86
waveOut,trainingSamples,raw_data/EMG-EPN612/testingJSON/user51/user51.json,idx_87
waveOut,trainingSamples,raw_data/EMG-EPN612/testingJSON/user51/user51.json,idx_88
waveOut,trainingSamples,raw_data/EMG-EPN612/testingJSON/user51/user51.json,idx_89
waveOut,trainingSamples,raw_data/EMG-EPN612/testingJSON/user51/user51.json,idx_90
waveOut,trainingSamples,raw_data/EMG-EPN612/testingJSON/user51/user51.json,idx_91
waveOut,trainingSamples,raw_data/EMG-EPN612/testingJSON/user51/user51.json,idx_92
waveOut,trainingSamples,raw_data/EMG-EPN612/testingJSON/user51/user51.json,idx_93
waveOut,trainingSamples,raw_data/EMG-EPN612/testingJSON/user51/user51.json,idx_94
waveOut,trainingSamples,raw_data/EMG-EPN612/testingJSON/user51/user51.json,idx_95
waveOut,trainingSamples,raw_data/EMG-EPN612/testingJSON/user51/user51.json,idx_96
waveOut,trainingSamples,raw_data/EMG-EPN612/testingJSON/user51/user51.json,idx_97
waveOut,trainingSamples,raw_data/EMG-EPN612/testingJSON/user51/user51.json,idx_98
waveOut,trainingSamples,raw_data/EMG-EPN612/testingJSON/user51/user51.json,idx_99
waveOut,trainingSamples,raw_data/EMG-EPN612/testingJSON/user51/user51.json,idx_100
waveIn,trainingSamples,raw_data/EMG-EPN612/testingJSON/user51/user51.json,idx_101
waveIn,trainingSamples,raw_data/EMG-EPN612/testingJSON/user51/user51.json,idx_102
waveIn,trainingSamples,raw_data/EMG-EPN612/testingJSON/user51/user51.json,idx_103
waveIn,trainingSamples,raw_data/EMG-EPN612/testingJSON/user51/user51.json,idx_104
waveIn,trainingSamples,raw_data/EMG-EPN612/testingJSON/user51/user51.json,idx_105
waveIn,trainingSamples,raw_data/EMG-EPN612/testingJSON/user51/user51.json,idx_106
waveIn,trainingSamples,raw_data/EMG-EPN612/testingJSON/user51/user51.json,idx_107
waveIn,trainingSamples,raw_data/EMG-EPN612/testingJSON/user51/user51.json,idx_108
waveIn,trainingSamples,raw_data/EMG-EPN612/testingJSON/user51/user51.json,idx_109
waveIn,trainingSamples,raw_data/EMG-EPN612/testingJSON/user51/user51.json,idx_110
waveIn,trainingSamples,raw_data/EMG-EPN612/testingJSON/user51/user51.json,idx_111
waveIn,trainingSamples,raw_data/EMG-EPN612/testingJSON/user51/user51.json,idx_112
waveIn,trainingSamples,raw_data/EMG-EPN612/testingJSON/user51/user51.json,idx_113
waveIn,trainingSamples,raw_data/EMG-EPN612/testingJSON/user51/user51.json,idx_114
waveIn,trainingSamples,raw_data/EMG-EPN612/testingJSON/user51/user51.json,idx_115
waveIn,trainingSamples,raw_data/EMG-EPN612/testingJSON/user51/user51.json,idx_116
waveIn,trainingSamples,raw_data/EMG-EPN612/testingJSON/user51/user51.json,idx_117
waveIn,trainingSamples,raw_data/EMG-EPN612/testingJSON/user51/user51.json,idx_118
waveIn,trainingSamples,raw_data/EMG-EPN612/testingJSON/user51/user51.json,idx_119
waveIn,trainingSamples,raw_data/EMG-EPN612/testingJSON/user51/user51.json,idx_120
waveIn,trainingSamples,raw_data/EMG-EPN612/testingJSON/user51/user51.json,idx_121
waveIn,trainingSamples,raw_data/EMG-EPN612/testingJSON/user51/user51.json,idx_122
waveIn,trainingSamples,raw_data/EMG-EPN612/testingJSON/user51/user51.json,idx_123
waveIn,trainingSamples,raw_data/EMG-EPN612/testingJSON/user51/user51.json,idx_124
waveIn,trainingSamples,raw_data/EMG-EPN612/testingJSON/user51/user51.json,idx_125
open,trainingSamples,raw_data/EMG-EPN612/testingJSON/user51/user51.json,idx_126
open,trainingSamples,raw_data/EMG-EPN612/testingJSON/user51/user51.json,idx_127
open,trainingSamples,raw_data/EMG-EPN612/testingJSON/user51/user51.json,idx_128
open,trainingSamples,raw_data/EMG-EPN612/testingJSON/user51/user51.json,idx_129
open,trainingSamples,raw_data/EMG-EPN612/testingJSON/user51/user51.json,idx_130
open,trainingSamples,raw_data/EMG-EPN612/testingJSON/user51/user51.json,idx_131
open,trainingSamples,raw_data/EMG-EPN612/testingJSON/user51/user51.json,idx_132
open,trainingSamples,raw_data/EMG-EPN612/testingJSON/user51/user51.json,idx_133
open,trainingSamples,raw_data/EMG-EPN612/testingJSON/user51/user51.json,idx_134
open,trainingSamples,raw_data/EMG-EPN612/testingJSON/user51/user51.json,idx_135
open,trainingSamples,raw_data/EMG-EPN612/testingJSON/user51/user51.json,idx_136
open,trainingSamples,raw_data/EMG-EPN612/testingJSON/user51/user51.json,idx_137
open,trainingSamples,raw_data/EMG-EPN612/testingJSON/user51/user51.json,idx_138
open,trainingSamples,raw_data/EMG-EPN612/testingJSON/user51/user51.json,idx_139
open,trainingSamples,raw_data/EMG-EPN612/testingJSON/user51/user51.json,idx_140
open,trainingSamples,raw_data/EMG-EPN612/testingJSON/user51/user51.json,idx_141
open,trainingSamples,raw_data/EMG-EPN612/testingJSON/user51/user51.json,idx_142
open,trainingSamples,raw_data/EMG-EPN612/testingJSON/user51/user51.json,idx_143
open,trainingSamples,raw_data/EMG-EPN612/testingJSON/user51/user51.json,idx_144
open,trainingSamples,raw_data/EMG-EPN612/testingJSON/user51/user51.json,idx_145
open,trainingSamples,raw_data/EMG-EPN612/testingJSON/user51/user51.json,idx_146
open,trainingSamples,raw_data/EMG-EPN612/testingJSON/user51/user51.json,idx_147
open,trainingSamples,raw_data/EMG-EPN612/testingJSON/user51/user51.json,idx_148
open,trainingSamples,raw_data/EMG-EPN612/testingJSON/user51/user51.json,idx_149
open,trainingSamples,raw_data/EMG-EPN612/testingJSON/user51/user51.json,idx_150
noGesture,trainingSamples,raw_data/EMG-EPN612/testingJSON/user52/user52.json,idx_1
noGesture,trainingSamples,raw_data/EMG-EPN612/testingJSON/user52/user52.json,idx_2
noGesture,trainingSamples,raw_data/EMG-EPN612/testingJSON/user52/user52.json,idx_3
noGesture,trainingSamples,raw_data/EMG-EPN612/testingJSON/user52/user52.json,idx_4
noGesture,trainingSamples,raw_data/EMG-EPN612/testingJSON/user52/user52.json,idx_5
noGesture,trainingSamples,raw_data/EMG-EPN612/testingJSON/user52/user52.json,idx_6
noGesture,trainingSamples,raw_data/EMG-EPN612/testingJSON/user52/user52.json,idx_7
noGesture,trainingSamples,raw_data/EMG-EPN612/testingJSON/user52/user52.json,idx_8
noGesture,trainingSamples,raw_data/EMG-EPN612/testingJSON/user52/user52.json,idx_9
noGesture,trainingSamples,raw_data/EMG-EPN612/testingJSON/user52/user52.json,idx_10
noGesture,trainingSamples,raw_data/EMG-EPN612/testingJSON/user52/user52.json,idx_11
noGesture,trainingSamples,raw_data/EMG-EPN612/testingJSON/user52/user52.json,idx_12
noGesture,trainingSamples,raw_data/EMG-EPN612/testingJSON/user52/user52.json,idx_13
noGesture,trainingSamples,raw_data/EMG-EPN612/testingJSON/user52/user52.json,idx_14
noGesture,trainingSamples,raw_data/EMG-EPN612/testingJSON/user52/user52.json,idx_15
noGesture,trainingSamples,raw_data/EMG-EPN612/testingJSON/user52/user52.json,idx_16
noGesture,trainingSamples,raw_data/EMG-EPN612/testingJSON/user52/user52.json,idx_17
noGesture,trainingSamples,raw_data/EMG-EPN612/testingJSON/user52/user52.json,idx_18
noGesture,trainingSamples,raw_data/EMG-EPN612/testingJSON/user52/user52.json,idx_19
noGesture,trainingSamples,raw_data/EMG-EPN612/testingJSON/user52/user52.json,idx_20
noGesture,trainingSamples,raw_data/EMG-EPN612/testingJSON/user52/user52.json,idx_21
noGesture,trainingSamples,raw_data/EMG-EPN612/testingJSON/user52/user52.json,idx_22
noGesture,trainingSamples,raw_data/EMG-EPN612/testingJSON/user52/user52.json,idx_23
noGesture,trainingSamples,raw_data/EMG-EPN612/testingJSON/user52/user52.json,idx_24
noGesture,trainingSamples,raw_data/EMG-EPN612/testingJSON/user52/user52.json,idx_25
fist,trainingSamples,raw_data/EMG-EPN612/testingJSON/user52/user52.json,idx_26
fist,trainingSamples,raw_data/EMG-EPN612/testingJSON/user52/user52.json,idx_27
fist,trainingSamples,raw_data/EMG-EPN612/testingJSON/user52/user52.json,idx_28
fist,trainingSamples,raw_data/EMG-EPN612/testingJSON/user52/user52.json,idx_29
fist,trainingSamples,raw_data/EMG-EPN612/testingJSON/user52/user52.json,idx_30
fist,trainingSamples,raw_data/EMG-EPN612/testingJSON/user52/user52.json,idx_31
fist,trainingSamples,raw_data/EMG-EPN612/testingJSON/user52/user52.json,idx_32
fist,trainingSamples,raw_data/EMG-EPN612/testingJSON/user52/user52.json,idx_33
fist,trainingSamples,raw_data/EMG-EPN612/testingJSON/user52/user52.json,idx_34
fist,trainingSamples,raw_data/EMG-EPN612/testingJSON/user52/user52.json,idx_35
fist,trainingSamples,raw_data/EMG-EPN612/testingJSON/user52/user52.json,idx_36
fist,trainingSamples,raw_data/EMG-EPN612/testingJSON/user52/user52.json,idx_37
fist,trainingSamples,raw_data/EMG-EPN612/testingJSON/user52/user52.json,idx_38
fist,trainingSamples,raw_data/EMG-EPN612/testingJSON/user52/user52.json,idx_39
fist,trainingSamples,raw_data/EMG-EPN612/testingJSON/user52/user52.json,idx_40
fist,trainingSamples,raw_data/EMG-EPN612/testingJSON/user52/user52.json,idx_41
fist,trainingSamples,raw_data/EMG-EPN612/testingJSON/user52/user52.json,idx_42
fist,trainingSamples,raw_data/EMG-EPN612/testingJSON/user52/user52.json,idx_43
fist,trainingSamples,raw_data/EMG-EPN612/testingJSON/user52/user52.json,idx_44
fist,trainingSamples,raw_data/EMG-EPN612/testingJSON/user52/user52.json,idx_45
fist,trainingSamples,raw_data/EMG-EPN612/testingJSON/user52/user52.json,idx_46
fist,trainingSamples,raw_data/EMG-EPN612/testingJSON/user52/user52.json,idx_47
fist,trainingSamples,raw_data/EMG-EPN612/testingJSON/user52/user52.json,idx_48
fist,trainingSamples,raw_data/EMG-EPN612/testingJSON/user52/user52.json,idx_49
fist,trainingSamples,raw_data/EMG-EPN612/testingJSON/user52/user52.json,idx_50
open,trainingSamples,raw_data/EMG-EPN612/testingJSON/user52/user52.json,idx_51
open,trainingSamples,raw_data/EMG-EPN612/testingJSON/user52/user52.json,idx_52
open,trainingSamples,raw_data/EMG-EPN612/testingJSON/user52/user52.json,idx_53
open,trainingSamples,raw_data/EMG-EPN612/testingJSON/user52/user52.json,idx_54
open,trainingSamples,raw_data/EMG-EPN612/testingJSON/user52/user52.json,idx_55
open,trainingSamples,raw_data/EMG-EPN612/testingJSON/user52/user52.json,idx_56
open,trainingSamples,raw_data/EMG-EPN612/testingJSON/user52/user52.json,idx_57
open,trainingSamples,raw_data/EMG-EPN612/testingJSON/user52/user52.json,idx_58
open,trainingSamples,raw_data/EMG-EPN612/testingJSON/user52/user52.json,idx_59
open,trainingSamples,raw_data/EMG-EPN612/testingJSON/user52/user52.json,idx_60
open,trainingSamples,raw_data/EMG-EPN612/testingJSON/user52/user52.json,idx_61
open,trainingSamples,raw_data/EMG-EPN612/testingJSON/user52/user52.json,idx_62
open,trainingSamples,raw_data/EMG-EPN612/testingJSON/user52/user52.json,idx_63
open,trainingSamples,raw_data/EMG-EPN612/testingJSON/user52/user52.json,idx_64
open,trainingSamples,raw_data/EMG-EPN612/testingJSON/user52/user52.json,idx_65
open,trainingSamples,raw_data/EMG-EPN612/testingJSON/user52/user52.json,idx_66
open,trainingSamples,raw_data/EMG-EPN612/testingJSON/user52/user52.json,idx_67
open,trainingSamples,raw_data/EMG-EPN612/testingJSON/user52/user52.json,idx_68
open,trainingSamples,raw_data/EMG-EPN612/testingJSON/user52/user52.json,idx_69
open,trainingSamples,raw_data/EMG-EPN612/testingJSON/user52/user52.json,idx_70
open,trainingSamples,raw_data/EMG-EPN612/testingJSON/user52/user52.json,idx_71
open,trainingSamples,raw_data/EMG-EPN612/testingJSON/user52/user52.json,idx_72
open,trainingSamples,raw_data/EMG-EPN612/testingJSON/user52/user52.json,idx_73
open,trainingSamples,raw_data/EMG-EPN612/testingJSON/user52/user52.json,idx_74
open,trainingSamples,raw_data/EMG-EPN612/testingJSON/user52/user52.json,idx_75
pinch,trainingSamples,raw_data/EMG-EPN612/testingJSON/user52/user52.json,idx_76
pinch,trainingSamples,raw_data/EMG-EPN612/testingJSON/user52/user52.json,idx_77
pinch,trainingSamples,raw_data/EMG-EPN612/testingJSON/user52/user52.json,idx_78
pinch,trainingSamples,raw_data/EMG-EPN612/testingJSON/user52/user52.json,idx_79
pinch,trainingSamples,raw_data/EMG-EPN612/testingJSON/user52/user52.json,idx_80
pinch,trainingSamples,raw_data/EMG-EPN612/testingJSON/user52/user52.json,idx_81
pinch,trainingSamples,raw_data/EMG-EPN612/testingJSON/user52/user52.json,idx_82
pinch,trainingSamples,raw_data/EMG-EPN612/testingJSON/user52/user52.json,idx_83
pinch,trainingSamples,raw_data/EMG-EPN612/testingJSON/user52/user52.json,idx_84
pinch,trainingSamples,raw_data/EMG-EPN612/testingJSON/user52/user52.json,idx_85
pinch,trainingSamples,raw_data/EMG-EPN612/testingJSON/user52/user52.json,idx_86
pinch,trainingSamples,raw_data/EMG-EPN612/testingJSON/user52/user52.json,idx_87
pinch,trainingSamples,raw_data/EMG-EPN612/testingJSON/user52/user52.json,idx_88
pinch,trainingSamples,raw_data/EMG-EPN612/testingJSON/user52/user52.json,idx_89
pinch,trainingSamples,raw_data/EMG-EPN612/testingJSON/user52/user52.json,idx_90
pinch,trainingSamples,raw_data/EMG-EPN612/testingJSON/user52/user52.json,idx_91
pinch,trainingSamples,raw_data/EMG-EPN612/testingJSON/user52/user52.json,idx_92
pinch,trainingSamples,raw_data/EMG-EPN612/testingJSON/user52/user52.json,idx_93
pinch,trainingSamples,raw_data/EMG-EPN612/testingJSON/user52/user52.json,idx_94
pinch,trainingSamples,raw_data/EMG-EPN612/testingJSON/user52/user52.json,idx_95
pinch,trainingSamples,raw_data/EMG-EPN612/testingJSON/user52/user52.json,idx_96
pinch,trainingSamples,raw_data/EMG-EPN612/testingJSON/user52/user52.json,idx_97
pinch,trainingSamples,raw_data/EMG-EPN612/testingJSON/user52/user52.json,idx_98
pinch,trainingSamples,raw_data/EMG-EPN612/testingJSON/user52/user52.json,idx_99
pinch,trainingSamples,raw_data/EMG-EPN612/testingJSON/user52/user52.json,idx_100
waveIn,trainingSamples,raw_data/EMG-EPN612/testingJSON/user52/user52.json,idx_101
waveIn,trainingSamples,raw_data/EMG-EPN612/testingJSON/user52/user52.json,idx_102
waveIn,trainingSamples,raw_data/EMG-EPN612/testingJSON/user52/user52.json,idx_103
waveIn,trainingSamples,raw_data/EMG-EPN612/testingJSON/user52/user52.json,idx_104
waveIn,trainingSamples,raw_data/EMG-EPN612/testingJSON/user52/user52.json,idx_105
waveIn,trainingSamples,raw_data/EMG-EPN612/testingJSON/user52/user52.json,idx_106
waveIn,trainingSamples,raw_data/EMG-EPN612/testingJSON/user52/user52.json,idx_107
waveIn,trainingSamples,raw_data/EMG-EPN612/testingJSON/user52/user52.json,idx_108
waveIn,trainingSamples,raw_data/EMG-EPN612/testingJSON/user52/user52.json,idx_109
waveIn,trainingSamples,raw_data/EMG-EPN612/testingJSON/user52/user52.json,idx_110
waveIn,trainingSamples,raw_data/EMG-EPN612/testingJSON/user52/user52.json,idx_111
waveIn,trainingSamples,raw_data/EMG-EPN612/testingJSON/user52/user52.json,idx_112
waveIn,trainingSamples,raw_data/EMG-EPN612/testingJSON/user52/user52.json,idx_113
waveIn,trainingSamples,raw_data/EMG-EPN612/testingJSON/user52/user52.json,idx_114
waveIn,trainingSamples,raw_data/EMG-EPN612/testingJSON/user52/user52.json,idx_115
waveIn,trainingSamples,raw_data/EMG-EPN612/testingJSON/user52/user52.json,idx_116
waveIn,trainingSamples,raw_data/EMG-EPN612/testingJSON/user52/user52.json,idx_117
waveIn,trainingSamples,raw_data/EMG-EPN612/testingJSON/user52/user52.json,idx_118
waveIn,trainingSamples,raw_data/EMG-EPN612/testingJSON/user52/user52.json,idx_119
waveIn,trainingSamples,raw_data/EMG-EPN612/testingJSON/user52/user52.json,idx_120
waveIn,trainingSamples,raw_data/EMG-EPN612/testingJSON/user52/user52.json,idx_121
waveIn,trainingSamples,raw_data/EMG-EPN612/testingJSON/user52/user52.json,idx_122
waveIn,trainingSamples,raw_data/EMG-EPN612/testingJSON/user52/user52.json,idx_123
waveIn,trainingSamples,raw_data/EMG-EPN612/testingJSON/user52/user52.json,idx_124
waveIn,trainingSamples,raw_data/EMG-EPN612/testingJSON/user52/user52.json,idx_125
waveOut,trainingSamples,raw_data/EMG-EPN612/testingJSON/user52/user52.json,idx_126
waveOut,trainingSamples,raw_data/EMG-EPN612/testingJSON/user52/user52.json,idx_127
waveOut,trainingSamples,raw_data/EMG-EPN612/testingJSON/user52/user52.json,idx_128
waveOut,trainingSamples,raw_data/EMG-EPN612/testingJSON/user52/user52.json,idx_129
waveOut,trainingSamples,raw_data/EMG-EPN612/testingJSON/user52/user52.json,idx_130
waveOut,trainingSamples,raw_data/EMG-EPN612/testingJSON/user52/user52.json,idx_131
waveOut,trainingSamples,raw_data/EMG-EPN612/testingJSON/user52/user52.json,idx_132
waveOut,trainingSamples,raw_data/EMG-EPN612/testingJSON/user52/user52.json,idx_133
waveOut,trainingSamples,raw_data/EMG-EPN612/testingJSON/user52/user52.json,idx_134
waveOut,trainingSamples,raw_data/EMG-EPN612/testingJSON/user52/user52.json,idx_135
waveOut,trainingSamples,raw_data/EMG-EPN612/testingJSON/user52/user52.json,idx_136
waveOut,trainingSamples,raw_data/EMG-EPN612/testingJSON/user52/user52.json,idx_137
waveOut,trainingSamples,raw_data/EMG-EPN612/testingJSON/user52/user52.json,idx_138
waveOut,trainingSamples,raw_data/EMG-EPN612/testingJSON/user52/user52.json,idx_139
waveOut,trainingSamples,raw_data/EMG-EPN612/testingJSON/user52/user52.json,idx_140
waveOut,trainingSamples,raw_data/EMG-EPN612/testingJSON/user52/user52.json,idx_141
waveOut,trainingSamples,raw_data/EMG-EPN612/testingJSON/user52/user52.json,idx_142
waveOut,trainingSamples,raw_data/EMG-EPN612/testingJSON/user52/user52.json,idx_143
waveOut,trainingSamples,raw_data/EMG-EPN612/testingJSON/user52/user52.json,idx_144
waveOut,trainingSamples,raw_data/EMG-EPN612/testingJSON/user52/user52.json,idx_145
waveOut,trainingSamples,raw_data/EMG-EPN612/testingJSON/user52/user52.json,idx_146
waveOut,trainingSamples,raw_data/EMG-EPN612/testingJSON/user52/user52.json,idx_147
waveOut,trainingSamples,raw_data/EMG-EPN612/testingJSON/user52/user52.json,idx_148
waveOut,trainingSamples,raw_data/EMG-EPN612/testingJSON/user52/user52.json,idx_149
waveOut,trainingSamples,raw_data/EMG-EPN612/testingJSON/user52/user52.json,idx_150
noGesture,trainingSamples,raw_data/EMG-EPN612/testingJSON/user53/user53.json,idx_1
noGesture,trainingSamples,raw_data/EMG-EPN612/testingJSON/user53/user53.json,idx_2
noGesture,trainingSamples,raw_data/EMG-EPN612/testingJSON/user53/user53.json,idx_3
noGesture,trainingSamples,raw_data/EMG-EPN612/testingJSON/user53/user53.json,idx_4
noGesture,trainingSamples,raw_data/EMG-EPN612/testingJSON/user53/user53.json,idx_5
noGesture,trainingSamples,raw_data/EMG-EPN612/testingJSON/user53/user53.json,idx_6
noGesture,trainingSamples,raw_data/EMG-EPN612/testingJSON/user53/user53.json,idx_7
noGesture,trainingSamples,raw_data/EMG-EPN612/testingJSON/user53/user53.json,idx_8
noGesture,trainingSamples,raw_data/EMG-EPN612/testingJSON/user53/user53.json,idx_9
noGesture,trainingSamples,raw_data/EMG-EPN612/testingJSON/user53/user53.json,idx_10
noGesture,trainingSamples,raw_data/EMG-EPN612/testingJSON/user53/user53.json,idx_11
noGesture,trainingSamples,raw_data/EMG-EPN612/testingJSON/user53/user53.json,idx_12
noGesture,trainingSamples,raw_data/EMG-EPN612/testingJSON/user53/user53.json,idx_13
noGesture,trainingSamples,raw_data/EMG-EPN612/testingJSON/user53/user53.json,idx_14
noGesture,trainingSamples,raw_data/EMG-EPN612/testingJSON/user53/user53.json,idx_15
noGesture,trainingSamples,raw_data/EMG-EPN612/testingJSON/user53/user53.json,idx_16
noGesture,trainingSamples,raw_data/EMG-EPN612/testingJSON/user53/user53.json,idx_17
noGesture,trainingSamples,raw_data/EMG-EPN612/testingJSON/user53/user53.json,idx_18
noGesture,trainingSamples,raw_data/EMG-EPN612/testingJSON/user53/user53.json,idx_19
noGesture,trainingSamples,raw_data/EMG-EPN612/testingJSON/user53/user53.json,idx_20
noGesture,trainingSamples,raw_data/EMG-EPN612/testingJSON/user53/user53.json,idx_21
noGesture,trainingSamples,raw_data/EMG-EPN612/testingJSON/user53/user53.json,idx_22
noGesture,trainingSamples,raw_data/EMG-EPN612/testingJSON/user53/user53.json,idx_23
noGesture,trainingSamples,raw_data/EMG-EPN612/testingJSON/user53/user53.json,idx_24
noGesture,trainingSamples,raw_data/EMG-EPN612/testingJSON/user53/user53.json,idx_25
waveOut,trainingSamples,raw_data/EMG-EPN612/testingJSON/user53/user53.json,idx_26
waveOut,trainingSamples,raw_data/EMG-EPN612/testingJSON/user53/user53.json,idx_27
waveOut,trainingSamples,raw_data/EMG-EPN612/testingJSON/user53/user53.json,idx_28
waveOut,trainingSamples,raw_data/EMG-EPN612/testingJSON/user53/user53.json,idx_29
waveOut,trainingSamples,raw_data/EMG-EPN612/testingJSON/user53/user53.json,idx_30
waveOut,trainingSamples,raw_data/EMG-EPN612/testingJSON/user53/user53.json,idx_31
waveOut,trainingSamples,raw_data/EMG-EPN612/testingJSON/user53/user53.json,idx_32
waveOut,trainingSamples,raw_data/EMG-EPN612/testingJSON/user53/user53.json,idx_33
waveOut,trainingSamples,raw_data/EMG-EPN612/testingJSON/user53/user53.json,idx_34
waveOut,trainingSamples,raw_data/EMG-EPN612/testingJSON/user53/user53.json,idx_35
waveOut,trainingSamples,raw_data/EMG-EPN612/testingJSON/user53/user53.json,idx_36
waveOut,trainingSamples,raw_data/EMG-EPN612/testingJSON/user53/user53.json,idx_37
waveOut,trainingSamples,raw_data/EMG-EPN612/testingJSON/user53/user53.json,idx_38
waveOut,trainingSamples,raw_data/EMG-EPN612/testingJSON/user53/user53.json,idx_39
waveOut,trainingSamples,raw_data/EMG-EPN612/testingJSON/user53/user53.json,idx_40
waveOut,trainingSamples,raw_data/EMG-EPN612/testingJSON/user53/user53.json,idx_41
waveOut,trainingSamples,raw_data/EMG-EPN612/testingJSON/user53/user53.json,idx_42
waveOut,trainingSamples,raw_data/EMG-EPN612/testingJSON/user53/user53.json,idx_43
waveOut,trainingSamples,raw_data/EMG-EPN612/testingJSON/user53/user53.json,idx_44
waveOut,trainingSamples,raw_data/EMG-EPN612/testingJSON/user53/user53.json,idx_45
waveOut,trainingSamples,raw_data/EMG-EPN612/testingJSON/user53/user53.json,idx_46
waveOut,trainingSamples,raw_data/EMG-EPN612/testingJSON/user53/user53.json,idx_47
waveOut,trainingSamples,raw_data/EMG-EPN612/testingJSON/user53/user53.json,idx_48
waveOut,trainingSamples,raw_data/EMG-EPN612/testingJSON/user53/user53.json,idx_49
waveOut,trainingSamples,raw_data/EMG-EPN612/testingJSON/user53/user53.json,idx_50
pinch,trainingSamples,raw_data/EMG-EPN612/testingJSON/user53/user53.json,idx_51
pinch,trainingSamples,raw_data/EMG-EPN612/testingJSON/user53/user53.json,idx_52
pinch,trainingSamples,raw_data/EMG-EPN612/testingJSON/user53/user53.json,idx_53
pinch,trainingSamples,raw_data/EMG-EPN612/testingJSON/user53/user53.json,idx_54
pinch,trainingSamples,raw_data/EMG-EPN612/testingJSON/user53/user53.json,idx_55
pinch,trainingSamples,raw_data/EMG-EPN612/testingJSON/user53/user53.json,idx_56
pinch,trainingSamples,raw_data/EMG-EPN612/testingJSON/user53/user53.json,idx_57
pinch,trainingSamples,raw_data/EMG-EPN612/testingJSON/user53/user53.json,idx_58
pinch,trainingSamples,raw_data/EMG-EPN612/testingJSON/user53/user53.json,idx_59
pinch,trainingSamples,raw_data/EMG-EPN612/testingJSON/user53/user53.json,idx_60
pinch,trainingSamples,raw_data/EMG-EPN612/testingJSON/user53/user53.json,idx_61
pinch,trainingSamples,raw_data/EMG-EPN612/testingJSON/user53/user53.json,idx_62
pinch,trainingSamples,raw_data/EMG-EPN612/testingJSON/user53/user53.json,idx_63
pinch,trainingSamples,raw_data/EMG-EPN612/testingJSON/user53/user53.json,idx_64
pinch,trainingSamples,raw_data/EMG-EPN612/testingJSON/user53/user53.json,idx_65
pinch,trainingSamples,raw_data/EMG-EPN612/testingJSON/user53/user53.json,idx_66
pinch,trainingSamples,raw_data/EMG-EPN612/testingJSON/user53/user53.json,idx_67
pinch,trainingSamples,raw_data/EMG-EPN612/testingJSON/user53/user53.json,idx_68
pinch,trainingSamples,raw_data/EMG-EPN612/testingJSON/user53/user53.json,idx_69
pinch,trainingSamples,raw_data/EMG-EPN612/testingJSON/user53/user53.json,idx_70
pinch,trainingSamples,raw_data/EMG-EPN612/testingJSON/user53/user53.json,idx_71
pinch,trainingSamples,raw_data/EMG-EPN612/testingJSON/user53/user53.json,idx_72
pinch,trainingSamples,raw_data/EMG-EPN612/testingJSON/user53/user53.json,idx_73
pinch,trainingSamples,raw_data/EMG-EPN612/testingJSON/user53/user53.json,idx_74
pinch,trainingSamples,raw_data/EMG-EPN612/testingJSON/user53/user53.json,idx_75
fist,trainingSamples,raw_data/EMG-EPN612/testingJSON/user53/user53.json,idx_76
fist,trainingSamples,raw_data/EMG-EPN612/testingJSON/user53/user53.json,idx_77
fist,trainingSamples,raw_data/EMG-EPN612/testingJSON/user53/user53.json,idx_78
fist,trainingSamples,raw_data/EMG-EPN612/testingJSON/user53/user53.json,idx_79
fist,trainingSamples,raw_data/EMG-EPN612/testingJSON/user53/user53.json,idx_80
fist,trainingSamples,raw_data/EMG-EPN612/testingJSON/user53/user53.json,idx_81
fist,trainingSamples,raw_data/EMG-EPN612/testingJSON/user53/user53.json,idx_82
fist,trainingSamples,raw_data/EMG-EPN612/testingJSON/user53/user53.json,idx_83
fist,trainingSamples,raw_data/EMG-EPN612/testingJSON/user53/user53.json,idx_84
fist,trainingSamples,raw_data/EMG-EPN612/testingJSON/user53/user53.json,idx_85
fist,trainingSamples,raw_data/EMG-EPN612/testingJSON/user53/user53.json,idx_86
fist,trainingSamples,raw_data/EMG-EPN612/testingJSON/user53/user53.json,idx_87
fist,trainingSamples,raw_data/EMG-EPN612/testingJSON/user53/user53.json,idx_88
fist,trainingSamples,raw_data/EMG-EPN612/testingJSON/user53/user53.json,idx_89
fist,trainingSamples,raw_data/EMG-EPN612/testingJSON/user53/user53.json,idx_90
fist,trainingSamples,raw_data/EMG-EPN612/testingJSON/user53/user53.json,idx_91
fist,trainingSamples,raw_data/EMG-EPN612/testingJSON/user53/user53.json,idx_92
fist,trainingSamples,raw_data/EMG-EPN612/testingJSON/user53/user53.json,idx_93
fist,trainingSamples,raw_data/EMG-EPN612/testingJSON/user53/user53.json,idx_94
fist,trainingSamples,raw_data/EMG-EPN612/testingJSON/user53/user53.json,idx_95
fist,trainingSamples,raw_data/EMG-EPN612/testingJSON/user53/user53.json,idx_96
fist,trainingSamples,raw_data/EMG-EPN612/testingJSON/user53/user53.json,idx_97
fist,trainingSamples,raw_data/EMG-EPN612/testingJSON/user53/user53.json,idx_98
fist,trainingSamples,raw_data/EMG-EPN612/testingJSON/user53/user53.json,idx_99
fist,trainingSamples,raw_data/EMG-EPN612/testingJSON/user53/user53.json,idx_100
waveIn,trainingSamples,raw_data/EMG-EPN612/testingJSON/user53/user53.json,idx_101
waveIn,trainingSamples,raw_data/EMG-EPN612/testingJSON/user53/user53.json,idx_102
waveIn,trainingSamples,raw_data/EMG-EPN612/testingJSON/user53/user53.json,idx_103
waveIn,trainingSamples,raw_data/EMG-EPN612/testingJSON/user53/user53.json,idx_104
waveIn,trainingSamples,raw_data/EMG-EPN612/testingJSON/user53/user53.json,idx_105
waveIn,trainingSamples,raw_data/EMG-EPN612/testingJSON/user53/user53.json,idx_106
waveIn,trainingSamples,raw_data/EMG-EPN612/testingJSON/user53/user53.json,idx_107
waveIn,trainingSamples,raw_data/EMG-EPN612/testingJSON/user53/user53.json,idx_108
waveIn,trainingSamples,raw_data/EMG-EPN612/testingJSON/user53/user53.json,idx_109
waveIn,trainingSamples,raw_data/EMG-EPN612/testingJSON/user53/user53.json,idx_110
waveIn,trainingSamples,raw_data/EMG-EPN612/testingJSON/user53/user53.json,idx_111
waveIn,trainingSamples,raw_data/EMG-EPN612/testingJSON/user53/user53.json,idx_112
waveIn,trainingSamples,raw_data/EMG-EPN612/testingJSON/user53/user53.json,idx_113
waveIn,trainingSamples,raw_data/EMG-EPN612/testingJSON/user53/user53.json,idx_114
waveIn,trainingSamples,raw_data/EMG-EPN612/testingJSON/user53/user53.json,idx_115
waveIn,trainingSamples,raw_data/EMG-EPN612/testingJSON/user53/user53.json,idx_116
waveIn,trainingSamples,raw_data/EMG-EPN612/testingJSON/user53/user53.json,idx_117
waveIn,trainingSamples,raw_data/EMG-EPN612/testingJSON/user53/user53.json,idx_118
waveIn,trainingSamples,raw_data/EMG-EPN612/testingJSON/user53/user53.json,idx_119
waveIn,trainingSamples,raw_data/EMG-EPN612/testingJSON/user53/user53.json,idx_120
waveIn,trainingSamples,raw_data/EMG-EPN612/testingJSON/user53/user53.json,idx_121
waveIn,trainingSamples,raw_data/EMG-EPN612/testingJSON/user53/user53.json,idx_122
waveIn,trainingSamples,raw_data/EMG-EPN612/testingJSON/user53/user53.json,idx_123
waveIn,trainingSamples,raw_data/EMG-EPN612/testingJSON/user53/user53.json,idx_124
waveIn,trainingSamples,raw_data/EMG-EPN612/testingJSON/user53/user53.json,idx_125
open,trainingSamples,raw_data/EMG-EPN612/testingJSON/user53/user53.json,idx_126
open,trainingSamples,raw_data/EMG-EPN612/testingJSON/user53/user53.json,idx_127
open,trainingSamples,raw_data/EMG-EPN612/testingJSON/user53/user53.json,idx_128
open,trainingSamples,raw_data/EMG-EPN612/testingJSON/user53/user53.json,idx_129
open,trainingSamples,raw_data/EMG-EPN612/testingJSON/user53/user53.json,idx_130
open,trainingSamples,raw_data/EMG-EPN612/testingJSON/user53/user53.json,idx_131
open,trainingSamples,raw_data/EMG-EPN612/testingJSON/user53/user53.json,idx_132
open,trainingSamples,raw_data/EMG-EPN612/testingJSON/user53/user53.json,idx_133
open,trainingSamples,raw_data/EMG-EPN612/testingJSON/user53/user53.json,idx_134
open,trainingSamples,raw_data/EMG-EPN612/testingJSON/user53/user53.json,idx_135
open,trainingSamples,raw_data/EMG-EPN612/testingJSON/user53/user53.json,idx_136
open,trainingSamples,raw_data/EMG-EPN612/testingJSON/user53/user53.json,idx_137
open,trainingSamples,raw_data/EMG-EPN612/testingJSON/user53/user53.json,idx_138
open,trainingSamples,raw_data/EMG-EPN612/testingJSON/user53/user53.json,idx_139
open,trainingSamples,raw_data/EMG-EPN612/testingJSON/user53/user53.json,idx_140
open,trainingSamples,raw_data/EMG-EPN612/testingJSON/user53/user53.json,idx_141
open,trainingSamples,raw_data/EMG-EPN612/testingJSON/user53/user53.json,idx_142
open,trainingSamples,raw_data/EMG-EPN612/testingJSON/user53/user53.json,idx_143
open,trainingSamples,raw_data/EMG-EPN612/testingJSON/user53/user53.json,idx_144
open,trainingSamples,raw_data/EMG-EPN612/testingJSON/user53/user53.json,idx_145
open,trainingSamples,raw_data/EMG-EPN612/testingJSON/user53/user53.json,idx_146
open,trainingSamples,raw_data/EMG-EPN612/testingJSON/user53/user53.json,idx_147
open,trainingSamples,raw_data/EMG-EPN612/testingJSON/user53/user53.json,idx_148
open,trainingSamples,raw_data/EMG-EPN612/testingJSON/user53/user53.json,idx_149
open,trainingSamples,raw_data/EMG-EPN612/testingJSON/user53/user53.json,idx_150
noGesture,trainingSamples,raw_data/EMG-EPN612/testingJSON/user54/user54.json,idx_1
noGesture,trainingSamples,raw_data/EMG-EPN612/testingJSON/user54/user54.json,idx_2
noGesture,trainingSamples,raw_data/EMG-EPN612/testingJSON/user54/user54.json,idx_3
noGesture,trainingSamples,raw_data/EMG-EPN612/testingJSON/user54/user54.json,idx_4
noGesture,trainingSamples,raw_data/EMG-EPN612/testingJSON/user54/user54.json,idx_5
noGesture,trainingSamples,raw_data/EMG-EPN612/testingJSON/user54/user54.json,idx_6
noGesture,trainingSamples,raw_data/EMG-EPN612/testingJSON/user54/user54.json,idx_7
noGesture,trainingSamples,raw_data/EMG-EPN612/testingJSON/user54/user54.json,idx_8
noGesture,trainingSamples,raw_data/EMG-EPN612/testingJSON/user54/user54.json,idx_9
noGesture,trainingSamples,raw_data/EMG-EPN612/testingJSON/user54/user54.json,idx_10
noGesture,trainingSamples,raw_data/EMG-EPN612/testingJSON/user54/user54.json,idx_11
noGesture,trainingSamples,raw_data/EMG-EPN612/testingJSON/user54/user54.json,idx_12
noGesture,trainingSamples,raw_data/EMG-EPN612/testingJSON/user54/user54.json,idx_13
noGesture,trainingSamples,raw_data/EMG-EPN612/testingJSON/user54/user54.json,idx_14
noGesture,trainingSamples,raw_data/EMG-EPN612/testingJSON/user54/user54.json,idx_15
noGesture,trainingSamples,raw_data/EMG-EPN612/testingJSON/user54/user54.json,idx_16
noGesture,trainingSamples,raw_data/EMG-EPN612/testingJSON/user54/user54.json,idx_17
noGesture,trainingSamples,raw_data/EMG-EPN612/testingJSON/user54/user54.json,idx_18
noGesture,trainingSamples,raw_data/EMG-EPN612/testingJSON/user54/user54.json,idx_19
noGesture,trainingSamples,raw_data/EMG-EPN612/testingJSON/user54/user54.json,idx_20
noGesture,trainingSamples,raw_data/EMG-EPN612/testingJSON/user54/user54.json,idx_21
noGesture,trainingSamples,raw_data/EMG-EPN612/testingJSON/user54/user54.json,idx_22
noGesture,trainingSamples,raw_data/EMG-EPN612/testingJSON/user54/user54.json,idx_23
noGesture,trainingSamples,raw_data/EMG-EPN612/testingJSON/user54/user54.json,idx_24
noGesture,trainingSamples,raw_data/EMG-EPN612/testingJSON/user54/user54.json,idx_25
waveIn,trainingSamples,raw_data/EMG-EPN612/testingJSON/user54/user54.json,idx_26
waveIn,trainingSamples,raw_data/EMG-EPN612/testingJSON/user54/user54.json,idx_27
waveIn,trainingSamples,raw_data/EMG-EPN612/testingJSON/user54/user54.json,idx_28
waveIn,trainingSamples,raw_data/EMG-EPN612/testingJSON/user54/user54.json,idx_29
waveIn,trainingSamples,raw_data/EMG-EPN612/testingJSON/user54/user54.json,idx_30
waveIn,trainingSamples,raw_data/EMG-EPN612/testingJSON/user54/user54.json,idx_31
waveIn,trainingSamples,raw_data/EMG-EPN612/testingJSON/user54/user54.json,idx_32
waveIn,trainingSamples,raw_data/EMG-EPN612/testingJSON/user54/user54.json,idx_33
waveIn,trainingSamples,raw_data/EMG-EPN612/testingJSON/user54/user54.json,idx_34
waveIn,trainingSamples,raw_data/EMG-EPN612/testingJSON/user54/user54.json,idx_35
waveIn,trainingSamples,raw_data/EMG-EPN612/testingJSON/user54/user54.json,idx_36
waveIn,trainingSamples,raw_data/EMG-EPN612/testingJSON/user54/user54.json,idx_37
waveIn,trainingSamples,raw_data/EMG-EPN612/testingJSON/user54/user54.json,idx_38
waveIn,trainingSamples,raw_data/EMG-EPN612/testingJSON/user54/user54.json,idx_39
waveIn,trainingSamples,raw_data/EMG-EPN612/testingJSON/user54/user54.json,idx_40
waveIn,trainingSamples,raw_data/EMG-EPN612/testingJSON/user54/user54.json,idx_41
waveIn,trainingSamples,raw_data/EMG-EPN612/testingJSON/user54/user54.json,idx_42
waveIn,trainingSamples,raw_data/EMG-EPN612/testingJSON/user54/user54.json,idx_43
waveIn,trainingSamples,raw_data/EMG-EPN612/testingJSON/user54/user54.json,idx_44
waveIn,trainingSamples,raw_data/EMG-EPN612/testingJSON/user54/user54.json,idx_45
waveIn,trainingSamples,raw_data/EMG-EPN612/testingJSON/user54/user54.json,idx_46
waveIn,trainingSamples,raw_data/EMG-EPN612/testingJSON/user54/user54.json,idx_47
waveIn,trainingSamples,raw_data/EMG-EPN612/testingJSON/user54/user54.json,idx_48
waveIn,trainingSamples,raw_data/EMG-EPN612/testingJSON/user54/user54.json,idx_49
waveIn,trainingSamples,raw_data/EMG-EPN612/testingJSON/user54/user54.json,idx_50
fist,trainingSamples,raw_data/EMG-EPN612/testingJSON/user54/user54.json,idx_51
fist,trainingSamples,raw_data/EMG-EPN612/testingJSON/user54/user54.json,idx_52
fist,trainingSamples,raw_data/EMG-EPN612/testingJSON/user54/user54.json,idx_53
fist,trainingSamples,raw_data/EMG-EPN612/testingJSON/user54/user54.json,idx_54
fist,trainingSamples,raw_data/EMG-EPN612/testingJSON/user54/user54.json,idx_55
fist,trainingSamples,raw_data/EMG-EPN612/testingJSON/user54/user54.json,idx_56
fist,trainingSamples,raw_data/EMG-EPN612/testingJSON/user54/user54.json,idx_57
fist,trainingSamples,raw_data/EMG-EPN612/testingJSON/user54/user54.json,idx_58
fist,trainingSamples,raw_data/EMG-EPN612/testingJSON/user54/user54.json,idx_59
fist,trainingSamples,raw_data/EMG-EPN612/testingJSON/user54/user54.json,idx_60
fist,trainingSamples,raw_data/EMG-EPN612/testingJSON/user54/user54.json,idx_61
fist,trainingSamples,raw_data/EMG-EPN612/testingJSON/user54/user54.json,idx_62
fist,trainingSamples,raw_data/EMG-EPN612/testingJSON/user54/user54.json,idx_63
fist,trainingSamples,raw_data/EMG-EPN612/testingJSON/user54/user54.json,idx_64
fist,trainingSamples,raw_data/EMG-EPN612/testingJSON/user54/user54.json,idx_65
fist,trainingSamples,raw_data/EMG-EPN612/testingJSON/user54/user54.json,idx_66
fist,trainingSamples,raw_data/EMG-EPN612/testingJSON/user54/user54.json,idx_67
fist,trainingSamples,raw_data/EMG-EPN612/testingJSON/user54/user54.json,idx_68
fist,trainingSamples,raw_data/EMG-EPN612/testingJSON/user54/user54.json,idx_69
fist,trainingSamples,raw_data/EMG-EPN612/testingJSON/user54/user54.json,idx_70
fist,trainingSamples,raw_data/EMG-EPN612/testingJSON/user54/user54.json,idx_71
fist,trainingSamples,raw_data/EMG-EPN612/testingJSON/user54/user54.json,idx_72
fist,trainingSamples,raw_data/EMG-EPN612/testingJSON/user54/user54.json,idx_73
fist,trainingSamples,raw_data/EMG-EPN612/testingJSON/user54/user54.json,idx_74
fist,trainingSamples,raw_data/EMG-EPN612/testingJSON/user54/user54.json,idx_75
pinch,trainingSamples,raw_data/EMG-EPN612/testingJSON/user54/user54.json,idx_76
pinch,trainingSamples,raw_data/EMG-EPN612/testingJSON/user54/user54.json,idx_77
pinch,trainingSamples,raw_data/EMG-EPN612/testingJSON/user54/user54.json,idx_78
pinch,trainingSamples,raw_data/EMG-EPN612/testingJSON/user54/user54.json,idx_79
pinch,trainingSamples,raw_data/EMG-EPN612/testingJSON/user54/user54.json,idx_80
pinch,trainingSamples,raw_data/EMG-EPN612/testingJSON/user54/user54.json,idx_81
pinch,trainingSamples,raw_data/EMG-EPN612/testingJSON/user54/user54.json,idx_82
pinch,trainingSamples,raw_data/EMG-EPN612/testingJSON/user54/user54.json,idx_83
pinch,trainingSamples,raw_data/EMG-EPN612/testingJSON/user54/user54.json,idx_84
pinch,trainingSamples,raw_data/EMG-EPN612/testingJSON/user54/user54.json,idx_85
pinch,trainingSamples,raw_data/EMG-EPN612/testingJSON/user54/user54.json,idx_86
pinch,trainingSamples,raw_data/EMG-EPN612/testingJSON/user54/user54.json,idx_87
pinch,trainingSamples,raw_data/EMG-EPN612/testingJSON/user54/user54.json,idx_88
pinch,trainingSamples,raw_data/EMG-EPN612/testingJSON/user54/user54.json,idx_89
pinch,trainingSamples,raw_data/EMG-EPN612/testingJSON/user54/user54.json,idx_90
pinch,trainingSamples,raw_data/EMG-EPN612/testingJSON/user54/user54.json,idx_91
pinch,trainingSamples,raw_data/EMG-EPN612/testingJSON/user54/user54.json,idx_92
pinch,trainingSamples,raw_data/EMG-EPN612/testingJSON/user54/user54.json,idx_93
pinch,trainingSamples,raw_data/EMG-EPN612/testingJSON/user54/user54.json,idx_94
pinch,trainingSamples,raw_data/EMG-EPN612/testingJSON/user54/user54.json,idx_95
pinch,trainingSamples,raw_data/EMG-EPN612/testingJSON/user54/user54.json,idx_96
pinch,trainingSamples,raw_data/EMG-EPN612/testingJSON/user54/user54.json,idx_97
pinch,trainingSamples,raw_data/EMG-EPN612/testingJSON/user54/user54.json,idx_98
pinch,trainingSamples,raw_data/EMG-EPN612/testingJSON/user54/user54.json,idx_99
pinch,trainingSamples,raw_data/EMG-EPN612/testingJSON/user54/user54.json,idx_100
waveOut,trainingSamples,raw_data/EMG-EPN612/testingJSON/user54/user54.json,idx_101
waveOut,trainingSamples,raw_data/EMG-EPN612/testingJSON/user54/user54.json,idx_102
waveOut,trainingSamples,raw_data/EMG-EPN612/testingJSON/user54/user54.json,idx_103
waveOut,trainingSamples,raw_data/EMG-EPN612/testingJSON/user54/user54.json,idx_104
waveOut,trainingSamples,raw_data/EMG-EPN612/testingJSON/user54/user54.json,idx_105
waveOut,trainingSamples,raw_data/EMG-EPN612/testingJSON/user54/user54.json,idx_106
waveOut,trainingSamples,raw_data/EMG-EPN612/testingJSON/user54/user54.json,idx_107
waveOut,trainingSamples,raw_data/EMG-EPN612/testingJSON/user54/user54.json,idx_108
waveOut,trainingSamples,raw_data/EMG-EPN612/testingJSON/user54/user54.json,idx_109
waveOut,trainingSamples,raw_data/EMG-EPN612/testingJSON/user54/user54.json,idx_110
waveOut,trainingSamples,raw_data/EMG-EPN612/testingJSON/user54/user54.json,idx_111
waveOut,trainingSamples,raw_data/EMG-EPN612/testingJSON/user54/user54.json,idx_112
waveOut,trainingSamples,raw_data/EMG-EPN612/testingJSON/user54/user54.json,idx_113
waveOut,trainingSamples,raw_data/EMG-EPN612/testingJSON/user54/user54.json,idx_114
waveOut,trainingSamples,raw_data/EMG-EPN612/testingJSON/user54/user54.json,idx_115
waveOut,trainingSamples,raw_data/EMG-EPN612/testingJSON/user54/user54.json,idx_116
waveOut,trainingSamples,raw_data/EMG-EPN612/testingJSON/user54/user54.json,idx_117
waveOut,trainingSamples,raw_data/EMG-EPN612/testingJSON/user54/user54.json,idx_118
waveOut,trainingSamples,raw_data/EMG-EPN612/testingJSON/user54/user54.json,idx_119
waveOut,trainingSamples,raw_data/EMG-EPN612/testingJSON/user54/user54.json,idx_120
waveOut,trainingSamples,raw_data/EMG-EPN612/testingJSON/user54/user54.json,idx_121
waveOut,trainingSamples,raw_data/EMG-EPN612/testingJSON/user54/user54.json,idx_122
waveOut,trainingSamples,raw_data/EMG-EPN612/testingJSON/user54/user54.json,idx_123
waveOut,trainingSamples,raw_data/EMG-EPN612/testingJSON/user54/user54.json,idx_124
waveOut,trainingSamples,raw_data/EMG-EPN612/testingJSON/user54/user54.json,idx_125
open,trainingSamples,raw_data/EMG-EPN612/testingJSON/user54/user54.json,idx_126
open,trainingSamples,raw_data/EMG-EPN612/testingJSON/user54/user54.json,idx_127
open,trainingSamples,raw_data/EMG-EPN612/testingJSON/user54/user54.json,idx_128
open,trainingSamples,raw_data/EMG-EPN612/testingJSON/user54/user54.json,idx_129
open,trainingSamples,raw_data/EMG-EPN612/testingJSON/user54/user54.json,idx_130
open,trainingSamples,raw_data/EMG-EPN612/testingJSON/user54/user54.json,idx_131
open,trainingSamples,raw_data/EMG-EPN612/testingJSON/user54/user54.json,idx_132
open,trainingSamples,raw_data/EMG-EPN612/testingJSON/user54/user54.json,idx_133
open,trainingSamples,raw_data/EMG-EPN612/testingJSON/user54/user54.json,idx_134
open,trainingSamples,raw_data/EMG-EPN612/testingJSON/user54/user54.json,idx_135
open,trainingSamples,raw_data/EMG-EPN612/testingJSON/user54/user54.json,idx_136
open,trainingSamples,raw_data/EMG-EPN612/testingJSON/user54/user54.json,idx_137
open,trainingSamples,raw_data/EMG-EPN612/testingJSON/user54/user54.json,idx_138
open,trainingSamples,raw_data/EMG-EPN612/testingJSON/user54/user54.json,idx_139
open,trainingSamples,raw_data/EMG-EPN612/testingJSON/user54/user54.json,idx_140
open,trainingSamples,raw_data/EMG-EPN612/testingJSON/user54/user54.json,idx_141
open,trainingSamples,raw_data/EMG-EPN612/testingJSON/user54/user54.json,idx_142
open,trainingSamples,raw_data/EMG-EPN612/testingJSON/user54/user54.json,idx_143
open,trainingSamples,raw_data/EMG-EPN612/testingJSON/user54/user54.json,idx_144
open,trainingSamples,raw_data/EMG-EPN612/testingJSON/user54/user54.json,idx_145
open,trainingSamples,raw_data/EMG-EPN612/testingJSON/user54/user54.json,idx_146
open,trainingSamples,raw_data/EMG-EPN612/testingJSON/user54/user54.json,idx_147
open,trainingSamples,raw_data/EMG-EPN612/testingJSON/user54/user54.json,idx_148
open,trainingSamples,raw_data/EMG-EPN612/testingJSON/user54/user54.json,idx_149
open,trainingSamples,raw_data/EMG-EPN612/testingJSON/user54/user54.json,idx_150
noGesture,trainingSamples,raw_data/EMG-EPN612/testingJSON/user55/user55.json,idx_1
noGesture,trainingSamples,raw_data/EMG-EPN612/testingJSON/user55/user55.json,idx_2
noGesture,trainingSamples,raw_data/EMG-EPN612/testingJSON/user55/user55.json,idx_3
noGesture,trainingSamples,raw_data/EMG-EPN612/testingJSON/user55/user55.json,idx_4
noGesture,trainingSamples,raw_data/EMG-EPN612/testingJSON/user55/user55.json,idx_5
noGesture,trainingSamples,raw_data/EMG-EPN612/testingJSON/user55/user55.json,idx_6
noGesture,trainingSamples,raw_data/EMG-EPN612/testingJSON/user55/user55.json,idx_7
noGesture,trainingSamples,raw_data/EMG-EPN612/testingJSON/user55/user55.json,idx_8
noGesture,trainingSamples,raw_data/EMG-EPN612/testingJSON/user55/user55.json,idx_9
noGesture,trainingSamples,raw_data/EMG-EPN612/testingJSON/user55/user55.json,idx_10
noGesture,trainingSamples,raw_data/EMG-EPN612/testingJSON/user55/user55.json,idx_11
noGesture,trainingSamples,raw_data/EMG-EPN612/testingJSON/user55/user55.json,idx_12
noGesture,trainingSamples,raw_data/EMG-EPN612/testingJSON/user55/user55.json,idx_13
noGesture,trainingSamples,raw_data/EMG-EPN612/testingJSON/user55/user55.json,idx_14
noGesture,trainingSamples,raw_data/EMG-EPN612/testingJSON/user55/user55.json,idx_15
noGesture,trainingSamples,raw_data/EMG-EPN612/testingJSON/user55/user55.json,idx_16
noGesture,trainingSamples,raw_data/EMG-EPN612/testingJSON/user55/user55.json,idx_17
noGesture,trainingSamples,raw_data/EMG-EPN612/testingJSON/user55/user55.json,idx_18
noGesture,trainingSamples,raw_data/EMG-EPN612/testingJSON/user55/user55.json,idx_19
noGesture,trainingSamples,raw_data/EMG-EPN612/testingJSON/user55/user55.json,idx_20
noGesture,trainingSamples,raw_data/EMG-EPN612/testingJSON/user55/user55.json,idx_21
noGesture,trainingSamples,raw_data/EMG-EPN612/testingJSON/user55/user55.json,idx_22
noGesture,trainingSamples,raw_data/EMG-EPN612/testingJSON/user55/user55.json,idx_23
noGesture,trainingSamples,raw_data/EMG-EPN612/testingJSON/user55/user55.json,idx_24
noGesture,trainingSamples,raw_data/EMG-EPN612/testingJSON/user55/user55.json,idx_25
waveOut,trainingSamples,raw_data/EMG-EPN612/testingJSON/user55/user55.json,idx_26
waveOut,trainingSamples,raw_data/EMG-EPN612/testingJSON/user55/user55.json,idx_27
waveOut,trainingSamples,raw_data/EMG-EPN612/testingJSON/user55/user55.json,idx_28
waveOut,trainingSamples,raw_data/EMG-EPN612/testingJSON/user55/user55.json,idx_29
waveOut,trainingSamples,raw_data/EMG-EPN612/testingJSON/user55/user55.json,idx_30
waveOut,trainingSamples,raw_data/EMG-EPN612/testingJSON/user55/user55.json,idx_31
waveOut,trainingSamples,raw_data/EMG-EPN612/testingJSON/user55/user55.json,idx_32
waveOut,trainingSamples,raw_data/EMG-EPN612/testingJSON/user55/user55.json,idx_33
waveOut,trainingSamples,raw_data/EMG-EPN612/testingJSON/user55/user55.json,idx_34
waveOut,trainingSamples,raw_data/EMG-EPN612/testingJSON/user55/user55.json,idx_35
waveOut,trainingSamples,raw_data/EMG-EPN612/testingJSON/user55/user55.json,idx_36
waveOut,trainingSamples,raw_data/EMG-EPN612/testingJSON/user55/user55.json,idx_37
waveOut,trainingSamples,raw_data/EMG-EPN612/testingJSON/user55/user55.json,idx_38
waveOut,trainingSamples,raw_data/EMG-EPN612/testingJSON/user55/user55.json,idx_39
waveOut,trainingSamples,raw_data/EMG-EPN612/testingJSON/user55/user55.json,idx_40
waveOut,trainingSamples,raw_data/EMG-EPN612/testingJSON/user55/user55.json,idx_41
waveOut,trainingSamples,raw_data/EMG-EPN612/testingJSON/user55/user55.json,idx_42
waveOut,trainingSamples,raw_data/EMG-EPN612/testingJSON/user55/user55.json,idx_43
waveOut,trainingSamples,raw_data/EMG-EPN612/testingJSON/user55/user55.json,idx_44
waveOut,trainingSamples,raw_data/EMG-EPN612/testingJSON/user55/user55.json,idx_45
waveOut,trainingSamples,raw_data/EMG-EPN612/testingJSON/user55/user55.json,idx_46
waveOut,trainingSamples,raw_data/EMG-EPN612/testingJSON/user55/user55.json,idx_47
waveOut,trainingSamples,raw_data/EMG-EPN612/testingJSON/user55/user55.json,idx_48
waveOut,trainingSamples,raw_data/EMG-EPN612/testingJSON/user55/user55.json,idx_49
waveOut,trainingSamples,raw_data/EMG-EPN612/testingJSON/user55/user55.json,idx_50
pinch,trainingSamples,raw_data/EMG-EPN612/testingJSON/user55/user55.json,idx_51
pinch,trainingSamples,raw_data/EMG-EPN612/testingJSON/user55/user55.json,idx_52
pinch,trainingSamples,raw_data/EMG-EPN612/testingJSON/user55/user55.json,idx_53
pinch,trainingSamples,raw_data/EMG-EPN612/testingJSON/user55/user55.json,idx_54
pinch,trainingSamples,raw_data/EMG-EPN612/testingJSON/user55/user55.json,idx_55
pinch,trainingSamples,raw_data/EMG-EPN612/testingJSON/user55/user55.json,idx_56
pinch,trainingSamples,raw_data/EMG-EPN612/testingJSON/user55/user55.json,idx_57
pinch,trainingSamples,raw_data/EMG-EPN612/testingJSON/user55/user55.json,idx_58
pinch,trainingSamples,raw_data/EMG-EPN612/testingJSON/user55/user55.json,idx_59
pinch,trainingSamples,raw_data/EMG-EPN612/testingJSON/user55/user55.json,idx_60
pinch,trainingSamples,raw_data/EMG-EPN612/testingJSON/user55/user55.json,idx_61
pinch,trainingSamples,raw_data/EMG-EPN612/testingJSON/user55/user55.json,idx_62
pinch,trainingSamples,raw_data/EMG-EPN612/testingJSON/user55/user55.json,idx_63
pinch,trainingSamples,raw_data/EMG-EPN612/testingJSON/user55/user55.json,idx_64
pinch,trainingSamples,raw_data/EMG-EPN612/testingJSON/user55/user55.json,idx_65
pinch,trainingSamples,raw_data/EMG-EPN612/testingJSON/user55/user55.json,idx_66
pinch,trainingSamples,raw_data/EMG-EPN612/testingJSON/user55/user55.json,idx_67
pinch,trainingSamples,raw_data/EMG-EPN612/testingJSON/user55/user55.json,idx_68
pinch,trainingSamples,raw_data/EMG-EPN612/testingJSON/user55/user55.json,idx_69
pinch,trainingSamples,raw_data/EMG-EPN612/testingJSON/user55/user55.json,idx_70
pinch,trainingSamples,raw_data/EMG-EPN612/testingJSON/user55/user55.json,idx_71
pinch,trainingSamples,raw_data/EMG-EPN612/testingJSON/user55/user55.json,idx_72
pinch,trainingSamples,raw_data/EMG-EPN612/testingJSON/user55/user55.json,idx_73
pinch,trainingSamples,raw_data/EMG-EPN612/testingJSON/user55/user55.json,idx_74
pinch,trainingSamples,raw_data/EMG-EPN612/testingJSON/user55/user55.json,idx_75
fist,trainingSamples,raw_data/EMG-EPN612/testingJSON/user55/user55.json,idx_76
fist,trainingSamples,raw_data/EMG-EPN612/testingJSON/user55/user55.json,idx_77
fist,trainingSamples,raw_data/EMG-EPN612/testingJSON/user55/user55.json,idx_78
fist,trainingSamples,raw_data/EMG-EPN612/testingJSON/user55/user55.json,idx_79
fist,trainingSamples,raw_data/EMG-EPN612/testingJSON/user55/user55.json,idx_80
fist,trainingSamples,raw_data/EMG-EPN612/testingJSON/user55/user55.json,idx_81
fist,trainingSamples,raw_data/EMG-EPN612/testingJSON/user55/user55.json,idx_82
fist,trainingSamples,raw_data/EMG-EPN612/testingJSON/user55/user55.json,idx_83
fist,trainingSamples,raw_data/EMG-EPN612/testingJSON/user55/user55.json,idx_84
fist,trainingSamples,raw_data/EMG-EPN612/testingJSON/user55/user55.json,idx_85
fist,trainingSamples,raw_data/EMG-EPN612/testingJSON/user55/user55.json,idx_86
fist,trainingSamples,raw_data/EMG-EPN612/testingJSON/user55/user55.json,idx_87
fist,trainingSamples,raw_data/EMG-EPN612/testingJSON/user55/user55.json,idx_88
fist,trainingSamples,raw_data/EMG-EPN612/testingJSON/user55/user55.json,idx_89
fist,trainingSamples,raw_data/EMG-EPN612/testingJSON/user55/user55.json,idx_90
fist,trainingSamples,raw_data/EMG-EPN612/testingJSON/user55/user55.json,idx_91
fist,trainingSamples,raw_data/EMG-EPN612/testingJSON/user55/user55.json,idx_92
fist,trainingSamples,raw_data/EMG-EPN612/testingJSON/user55/user55.json,idx_93
fist,trainingSamples,raw_data/EMG-EPN612/testingJSON/user55/user55.json,idx_94
fist,trainingSamples,raw_data/EMG-EPN612/testingJSON/user55/user55.json,idx_95
fist,trainingSamples,raw_data/EMG-EPN612/testingJSON/user55/user55.json,idx_96
fist,trainingSamples,raw_data/EMG-EPN612/testingJSON/user55/user55.json,idx_97
fist,trainingSamples,raw_data/EMG-EPN612/testingJSON/user55/user55.json,idx_98
fist,trainingSamples,raw_data/EMG-EPN612/testingJSON/user55/user55.json,idx_99
fist,trainingSamples,raw_data/EMG-EPN612/testingJSON/user55/user55.json,idx_100
waveIn,trainingSamples,raw_data/EMG-EPN612/testingJSON/user55/user55.json,idx_101
waveIn,trainingSamples,raw_data/EMG-EPN612/testingJSON/user55/user55.json,idx_102
waveIn,trainingSamples,raw_data/EMG-EPN612/testingJSON/user55/user55.json,idx_103
waveIn,trainingSamples,raw_data/EMG-EPN612/testingJSON/user55/user55.json,idx_104
waveIn,trainingSamples,raw_data/EMG-EPN612/testingJSON/user55/user55.json,idx_105
waveIn,trainingSamples,raw_data/EMG-EPN612/testingJSON/user55/user55.json,idx_106
waveIn,trainingSamples,raw_data/EMG-EPN612/testingJSON/user55/user55.json,idx_107
waveIn,trainingSamples,raw_data/EMG-EPN612/testingJSON/user55/user55.json,idx_108
waveIn,trainingSamples,raw_data/EMG-EPN612/testingJSON/user55/user55.json,idx_109
waveIn,trainingSamples,raw_data/EMG-EPN612/testingJSON/user55/user55.json,idx_110
waveIn,trainingSamples,raw_data/EMG-EPN612/testingJSON/user55/user55.json,idx_111
waveIn,trainingSamples,raw_data/EMG-EPN612/testingJSON/user55/user55.json,idx_112
waveIn,trainingSamples,raw_data/EMG-EPN612/testingJSON/user55/user55.json,idx_113
waveIn,trainingSamples,raw_data/EMG-EPN612/testingJSON/user55/user55.json,idx_114
waveIn,trainingSamples,raw_data/EMG-EPN612/testingJSON/user55/user55.json,idx_115
waveIn,trainingSamples,raw_data/EMG-EPN612/testingJSON/user55/user55.json,idx_116
waveIn,trainingSamples,raw_data/EMG-EPN612/testingJSON/user55/user55.json,idx_117
waveIn,trainingSamples,raw_data/EMG-EPN612/testingJSON/user55/user55.json,idx_118
waveIn,trainingSamples,raw_data/EMG-EPN612/testingJSON/user55/user55.json,idx_119
waveIn,trainingSamples,raw_data/EMG-EPN612/testingJSON/user55/user55.json,idx_120
waveIn,trainingSamples,raw_data/EMG-EPN612/testingJSON/user55/user55.json,idx_121
waveIn,trainingSamples,raw_data/EMG-EPN612/testingJSON/user55/user55.json,idx_122
waveIn,trainingSamples,raw_data/EMG-EPN612/testingJSON/user55/user55.json,idx_123
waveIn,trainingSamples,raw_data/EMG-EPN612/testingJSON/user55/user55.json,idx_124
waveIn,trainingSamples,raw_data/EMG-EPN612/testingJSON/user55/user55.json,idx_125
open,trainingSamples,raw_data/EMG-EPN612/testingJSON/user55/user55.json,idx_126
open,trainingSamples,raw_data/EMG-EPN612/testingJSON/user55/user55.json,idx_127
open,trainingSamples,raw_data/EMG-EPN612/testingJSON/user55/user55.json,idx_128
open,trainingSamples,raw_data/EMG-EPN612/testingJSON/user55/user55.json,idx_129
open,trainingSamples,raw_data/EMG-EPN612/testingJSON/user55/user55.json,idx_130
open,trainingSamples,raw_data/EMG-EPN612/testingJSON/user55/user55.json,idx_131
open,trainingSamples,raw_data/EMG-EPN612/testingJSON/user55/user55.json,idx_132
open,trainingSamples,raw_data/EMG-EPN612/testingJSON/user55/user55.json,idx_133
open,trainingSamples,raw_data/EMG-EPN612/testingJSON/user55/user55.json,idx_134
open,trainingSamples,raw_data/EMG-EPN612/testingJSON/user55/user55.json,idx_135
open,trainingSamples,raw_data/EMG-EPN612/testingJSON/user55/user55.json,idx_136
open,trainingSamples,raw_data/EMG-EPN612/testingJSON/user55/user55.json,idx_137
open,trainingSamples,raw_data/EMG-EPN612/testingJSON/user55/user55.json,idx_138
open,trainingSamples,raw_data/EMG-EPN612/testingJSON/user55/user55.json,idx_139
open,trainingSamples,raw_data/EMG-EPN612/testingJSON/user55/user55.json,idx_140
open,trainingSamples,raw_data/EMG-EPN612/testingJSON/user55/user55.json,idx_141
open,trainingSamples,raw_data/EMG-EPN612/testingJSON/user55/user55.json,idx_142
open,trainingSamples,raw_data/EMG-EPN612/testingJSON/user55/user55.json,idx_143
open,trainingSamples,raw_data/EMG-EPN612/testingJSON/user55/user55.json,idx_144
open,trainingSamples,raw_data/EMG-EPN612/testingJSON/user55/user55.json,idx_145
open,trainingSamples,raw_data/EMG-EPN612/testingJSON/user55/user55.json,idx_146
open,trainingSamples,raw_data/EMG-EPN612/testingJSON/user55/user55.json,idx_147
open,trainingSamples,raw_data/EMG-EPN612/testingJSON/user55/user55.json,idx_148
open,trainingSamples,raw_data/EMG-EPN612/testingJSON/user55/user55.json,idx_149
open,trainingSamples,raw_data/EMG-EPN612/testingJSON/user55/user55.json,idx_150
noGesture,trainingSamples,raw_data/EMG-EPN612/testingJSON/user56/user56.json,idx_1
noGesture,trainingSamples,raw_data/EMG-EPN612/testingJSON/user56/user56.json,idx_2
noGesture,trainingSamples,raw_data/EMG-EPN612/testingJSON/user56/user56.json,idx_3
noGesture,trainingSamples,raw_data/EMG-EPN612/testingJSON/user56/user56.json,idx_4
noGesture,trainingSamples,raw_data/EMG-EPN612/testingJSON/user56/user56.json,idx_5
noGesture,trainingSamples,raw_data/EMG-EPN612/testingJSON/user56/user56.json,idx_6
noGesture,trainingSamples,raw_data/EMG-EPN612/testingJSON/user56/user56.json,idx_7
noGesture,trainingSamples,raw_data/EMG-EPN612/testingJSON/user56/user56.json,idx_8
noGesture,trainingSamples,raw_data/EMG-EPN612/testingJSON/user56/user56.json,idx_9
noGesture,trainingSamples,raw_data/EMG-EPN612/testingJSON/user56/user56.json,idx_10
noGesture,trainingSamples,raw_data/EMG-EPN612/testingJSON/user56/user56.json,idx_11
noGesture,trainingSamples,raw_data/EMG-EPN612/testingJSON/user56/user56.json,idx_12
noGesture,trainingSamples,raw_data/EMG-EPN612/testingJSON/user56/user56.json,idx_13
noGesture,trainingSamples,raw_data/EMG-EPN612/testingJSON/user56/user56.json,idx_14
noGesture,trainingSamples,raw_data/EMG-EPN612/testingJSON/user56/user56.json,idx_15
noGesture,trainingSamples,raw_data/EMG-EPN612/testingJSON/user56/user56.json,idx_16
noGesture,trainingSamples,raw_data/EMG-EPN612/testingJSON/user56/user56.json,idx_17
noGesture,trainingSamples,raw_data/EMG-EPN612/testingJSON/user56/user56.json,idx_18
noGesture,trainingSamples,raw_data/EMG-EPN612/testingJSON/user56/user56.json,idx_19
noGesture,trainingSamples,raw_data/EMG-EPN612/testingJSON/user56/user56.json,idx_20
noGesture,trainingSamples,raw_data/EMG-EPN612/testingJSON/user56/user56.json,idx_21
noGesture,trainingSamples,raw_data/EMG-EPN612/testingJSON/user56/user56.json,idx_22
noGesture,trainingSamples,raw_data/EMG-EPN612/testingJSON/user56/user56.json,idx_23
noGesture,trainingSamples,raw_data/EMG-EPN612/testingJSON/user56/user56.json,idx_24
noGesture,trainingSamples,raw_data/EMG-EPN612/testingJSON/user56/user56.json,idx_25
fist,trainingSamples,raw_data/EMG-EPN612/testingJSON/user56/user56.json,idx_26
fist,trainingSamples,raw_data/EMG-EPN612/testingJSON/user56/user56.json,idx_27
fist,trainingSamples,raw_data/EMG-EPN612/testingJSON/user56/user56.json,idx_28
fist,trainingSamples,raw_data/EMG-EPN612/testingJSON/user56/user56.json,idx_29
fist,trainingSamples,raw_data/EMG-EPN612/testingJSON/user56/user56.json,idx_30
fist,trainingSamples,raw_data/EMG-EPN612/testingJSON/user56/user56.json,idx_31
fist,trainingSamples,raw_data/EMG-EPN612/testingJSON/user56/user56.json,idx_32
fist,trainingSamples,raw_data/EMG-EPN612/testingJSON/user56/user56.json,idx_33
fist,trainingSamples,raw_data/EMG-EPN612/testingJSON/user56/user56.json,idx_34
fist,trainingSamples,raw_data/EMG-EPN612/testingJSON/user56/user56.json,idx_35
fist,trainingSamples,raw_data/EMG-EPN612/testingJSON/user56/user56.json,idx_36
fist,trainingSamples,raw_data/EMG-EPN612/testingJSON/user56/user56.json,idx_37
fist,trainingSamples,raw_data/EMG-EPN612/testingJSON/user56/user56.json,idx_38
fist,trainingSamples,raw_data/EMG-EPN612/testingJSON/user56/user56.json,idx_39
fist,trainingSamples,raw_data/EMG-EPN612/testingJSON/user56/user56.json,idx_40
fist,trainingSamples,raw_data/EMG-EPN612/testingJSON/user56/user56.json,idx_41
fist,trainingSamples,raw_data/EMG-EPN612/testingJSON/user56/user56.json,idx_42
fist,trainingSamples,raw_data/EMG-EPN612/testingJSON/user56/user56.json,idx_43
fist,trainingSamples,raw_data/EMG-EPN612/testingJSON/user56/user56.json,idx_44
fist,trainingSamples,raw_data/EMG-EPN612/testingJSON/user56/user56.json,idx_45
fist,trainingSamples,raw_data/EMG-EPN612/testingJSON/user56/user56.json,idx_46
fist,trainingSamples,raw_data/EMG-EPN612/testingJSON/user56/user56.json,idx_47
fist,trainingSamples,raw_data/EMG-EPN612/testingJSON/user56/user56.json,idx_48
fist,trainingSamples,raw_data/EMG-EPN612/testingJSON/user56/user56.json,idx_49
fist,trainingSamples,raw_data/EMG-EPN612/testingJSON/user56/user56.json,idx_50
waveIn,trainingSamples,raw_data/EMG-EPN612/testingJSON/user56/user56.json,idx_51
waveIn,trainingSamples,raw_data/EMG-EPN612/testingJSON/user56/user56.json,idx_52
waveIn,trainingSamples,raw_data/EMG-EPN612/testingJSON/user56/user56.json,idx_53
waveIn,trainingSamples,raw_data/EMG-EPN612/testingJSON/user56/user56.json,idx_54
waveIn,trainingSamples,raw_data/EMG-EPN612/testingJSON/user56/user56.json,idx_55
waveIn,trainingSamples,raw_data/EMG-EPN612/testingJSON/user56/user56.json,idx_56
waveIn,trainingSamples,raw_data/EMG-EPN612/testingJSON/user56/user56.json,idx_57
waveIn,trainingSamples,raw_data/EMG-EPN612/testingJSON/user56/user56.json,idx_58
waveIn,trainingSamples,raw_data/EMG-EPN612/testingJSON/user56/user56.json,idx_59
waveIn,trainingSamples,raw_data/EMG-EPN612/testingJSON/user56/user56.json,idx_60
waveIn,trainingSamples,raw_data/EMG-EPN612/testingJSON/user56/user56.json,idx_61
waveIn,trainingSamples,raw_data/EMG-EPN612/testingJSON/user56/user56.json,idx_62
waveIn,trainingSamples,raw_data/EMG-EPN612/testingJSON/user56/user56.json,idx_63
waveIn,trainingSamples,raw_data/EMG-EPN612/testingJSON/user56/user56.json,idx_64
waveIn,trainingSamples,raw_data/EMG-EPN612/testingJSON/user56/user56.json,idx_65
waveIn,trainingSamples,raw_data/EMG-EPN612/testingJSON/user56/user56.json,idx_66
waveIn,trainingSamples,raw_data/EMG-EPN612/testingJSON/user56/user56.json,idx_67
waveIn,trainingSamples,raw_data/EMG-EPN612/testingJSON/user56/user56.json,idx_68
waveIn,trainingSamples,raw_data/EMG-EPN612/testingJSON/user56/user56.json,idx_69
waveIn,trainingSamples,raw_data/EMG-EPN612/testingJSON/user56/user56.json,idx_70
waveIn,trainingSamples,raw_data/EMG-EPN612/testingJSON/user56/user56.json,idx_71
waveIn,trainingSamples,raw_data/EMG-EPN612/testingJSON/user56/user56.json,idx_72
waveIn,trainingSamples,raw_data/EMG-EPN612/testingJSON/user56/user56.json,idx_73
waveIn,trainingSamples,raw_data/EMG-EPN612/testingJSON/user56/user56.json,idx_74
waveIn,trainingSamples,raw_data/EMG-EPN612/testingJSON/user56/user56.json,idx_75
pinch,trainingSamples,raw_data/EMG-EPN612/testingJSON/user56/user56.json,idx_76
pinch,trainingSamples,raw_data/EMG-EPN612/testingJSON/user56/user56.json,idx_77
pinch,trainingSamples,raw_data/EMG-EPN612/testingJSON/user56/user56.json,idx_78
pinch,trainingSamples,raw_data/EMG-EPN612/testingJSON/user56/user56.json,idx_79
pinch,trainingSamples,raw_data/EMG-EPN612/testingJSON/user56/user56.json,idx_80
pinch,trainingSamples,raw_data/EMG-EPN612/testingJSON/user56/user56.json,idx_81
pinch,trainingSamples,raw_data/EMG-EPN612/testingJSON/user56/user56.json,idx_82
pinch,trainingSamples,raw_data/EMG-EPN612/testingJSON/user56/user56.json,idx_83
pinch,trainingSamples,raw_data/EMG-EPN612/testingJSON/user56/user56.json,idx_84
pinch,trainingSamples,raw_data/EMG-EPN612/testingJSON/user56/user56.json,idx_85
pinch,trainingSamples,raw_data/EMG-EPN612/testingJSON/user56/user56.json,idx_86
pinch,trainingSamples,raw_data/EMG-EPN612/testingJSON/user56/user56.json,idx_87
pinch,trainingSamples,raw_data/EMG-EPN612/testingJSON/user56/user56.json,idx_88
pinch,trainingSamples,raw_data/EMG-EPN612/testingJSON/user56/user56.json,idx_89
pinch,trainingSamples,raw_data/EMG-EPN612/testingJSON/user56/user56.json,idx_90
pinch,trainingSamples,raw_data/EMG-EPN612/testingJSON/user56/user56.json,idx_91
pinch,trainingSamples,raw_data/EMG-EPN612/testingJSON/user56/user56.json,idx_92
pinch,trainingSamples,raw_data/EMG-EPN612/testingJSON/user56/user56.json,idx_93
pinch,trainingSamples,raw_data/EMG-EPN612/testingJSON/user56/user56.json,idx_94
pinch,trainingSamples,raw_data/EMG-EPN612/testingJSON/user56/user56.json,idx_95
pinch,trainingSamples,raw_data/EMG-EPN612/testingJSON/user56/user56.json,idx_96
pinch,trainingSamples,raw_data/EMG-EPN612/testingJSON/user56/user56.json,idx_97
pinch,trainingSamples,raw_data/EMG-EPN612/testingJSON/user56/user56.json,idx_98
pinch,trainingSamples,raw_data/EMG-EPN612/testingJSON/user56/user56.json,idx_99
pinch,trainingSamples,raw_data/EMG-EPN612/testingJSON/user56/user56.json,idx_100
waveOut,trainingSamples,raw_data/EMG-EPN612/testingJSON/user56/user56.json,idx_101
waveOut,trainingSamples,raw_data/EMG-EPN612/testingJSON/user56/user56.json,idx_102
waveOut,trainingSamples,raw_data/EMG-EPN612/testingJSON/user56/user56.json,idx_103
waveOut,trainingSamples,raw_data/EMG-EPN612/testingJSON/user56/user56.json,idx_104
waveOut,trainingSamples,raw_data/EMG-EPN612/testingJSON/user56/user56.json,idx_105
waveOut,trainingSamples,raw_data/EMG-EPN612/testingJSON/user56/user56.json,idx_106
waveOut,trainingSamples,raw_data/EMG-EPN612/testingJSON/user56/user56.json,idx_107
waveOut,trainingSamples,raw_data/EMG-EPN612/testingJSON/user56/user56.json,idx_108
waveOut,trainingSamples,raw_data/EMG-EPN612/testingJSON/user56/user56.json,idx_109
waveOut,trainingSamples,raw_data/EMG-EPN612/testingJSON/user56/user56.json,idx_110
waveOut,trainingSamples,raw_data/EMG-EPN612/testingJSON/user56/user56.json,idx_111
waveOut,trainingSamples,raw_data/EMG-EPN612/testingJSON/user56/user56.json,idx_112
waveOut,trainingSamples,raw_data/EMG-EPN612/testingJSON/user56/user56.json,idx_113
waveOut,trainingSamples,raw_data/EMG-EPN612/testingJSON/user56/user56.json,idx_114
waveOut,trainingSamples,raw_data/EMG-EPN612/testingJSON/user56/user56.json,idx_115
waveOut,trainingSamples,raw_data/EMG-EPN612/testingJSON/user56/user56.json,idx_116
waveOut,trainingSamples,raw_data/EMG-EPN612/testingJSON/user56/user56.json,idx_117
waveOut,trainingSamples,raw_data/EMG-EPN612/testingJSON/user56/user56.json,idx_118
waveOut,trainingSamples,raw_data/EMG-EPN612/testingJSON/user56/user56.json,idx_119
waveOut,trainingSamples,raw_data/EMG-EPN612/testingJSON/user56/user56.json,idx_120
waveOut,trainingSamples,raw_data/EMG-EPN612/testingJSON/user56/user56.json,idx_121
waveOut,trainingSamples,raw_data/EMG-EPN612/testingJSON/user56/user56.json,idx_122
waveOut,trainingSamples,raw_data/EMG-EPN612/testingJSON/user56/user56.json,idx_123
waveOut,trainingSamples,raw_data/EMG-EPN612/testingJSON/user56/user56.json,idx_124
waveOut,trainingSamples,raw_data/EMG-EPN612/testingJSON/user56/user56.json,idx_125
open,trainingSamples,raw_data/EMG-EPN612/testingJSON/user56/user56.json,idx_126
open,trainingSamples,raw_data/EMG-EPN612/testingJSON/user56/user56.json,idx_127
open,trainingSamples,raw_data/EMG-EPN612/testingJSON/user56/user56.json,idx_128
open,trainingSamples,raw_data/EMG-EPN612/testingJSON/user56/user56.json,idx_129
open,trainingSamples,raw_data/EMG-EPN612/testingJSON/user56/user56.json,idx_130
open,trainingSamples,raw_data/EMG-EPN612/testingJSON/user56/user56.json,idx_131
open,trainingSamples,raw_data/EMG-EPN612/testingJSON/user56/user56.json,idx_132
open,trainingSamples,raw_data/EMG-EPN612/testingJSON/user56/user56.json,idx_133
open,trainingSamples,raw_data/EMG-EPN612/testingJSON/user56/user56.json,idx_134
open,trainingSamples,raw_data/EMG-EPN612/testingJSON/user56/user56.json,idx_135
open,trainingSamples,raw_data/EMG-EPN612/testingJSON/user56/user56.json,idx_136
open,trainingSamples,raw_data/EMG-EPN612/testingJSON/user56/user56.json,idx_137
open,trainingSamples,raw_data/EMG-EPN612/testingJSON/user56/user56.json,idx_138
open,trainingSamples,raw_data/EMG-EPN612/testingJSON/user56/user56.json,idx_139
open,trainingSamples,raw_data/EMG-EPN612/testingJSON/user56/user56.json,idx_140
open,trainingSamples,raw_data/EMG-EPN612/testingJSON/user56/user56.json,idx_141
open,trainingSamples,raw_data/EMG-EPN612/testingJSON/user56/user56.json,idx_142
open,trainingSamples,raw_data/EMG-EPN612/testingJSON/user56/user56.json,idx_143
open,trainingSamples,raw_data/EMG-EPN612/testingJSON/user56/user56.json,idx_144
open,trainingSamples,raw_data/EMG-EPN612/testingJSON/user56/user56.json,idx_145
open,trainingSamples,raw_data/EMG-EPN612/testingJSON/user56/user56.json,idx_146
open,trainingSamples,raw_data/EMG-EPN612/testingJSON/user56/user56.json,idx_147
open,trainingSamples,raw_data/EMG-EPN612/testingJSON/user56/user56.json,idx_148
open,trainingSamples,raw_data/EMG-EPN612/testingJSON/user56/user56.json,idx_149
open,trainingSamples,raw_data/EMG-EPN612/testingJSON/user56/user56.json,idx_150
noGesture,trainingSamples,raw_data/EMG-EPN612/testingJSON/user57/user57.json,idx_1
noGesture,trainingSamples,raw_data/EMG-EPN612/testingJSON/user57/user57.json,idx_2
noGesture,trainingSamples,raw_data/EMG-EPN612/testingJSON/user57/user57.json,idx_3
noGesture,trainingSamples,raw_data/EMG-EPN612/testingJSON/user57/user57.json,idx_4
noGesture,trainingSamples,raw_data/EMG-EPN612/testingJSON/user57/user57.json,idx_5
noGesture,trainingSamples,raw_data/EMG-EPN612/testingJSON/user57/user57.json,idx_6
noGesture,trainingSamples,raw_data/EMG-EPN612/testingJSON/user57/user57.json,idx_7
noGesture,trainingSamples,raw_data/EMG-EPN612/testingJSON/user57/user57.json,idx_8
noGesture,trainingSamples,raw_data/EMG-EPN612/testingJSON/user57/user57.json,idx_9
noGesture,trainingSamples,raw_data/EMG-EPN612/testingJSON/user57/user57.json,idx_10
noGesture,trainingSamples,raw_data/EMG-EPN612/testingJSON/user57/user57.json,idx_11
noGesture,trainingSamples,raw_data/EMG-EPN612/testingJSON/user57/user57.json,idx_12
noGesture,trainingSamples,raw_data/EMG-EPN612/testingJSON/user57/user57.json,idx_13
noGesture,trainingSamples,raw_data/EMG-EPN612/testingJSON/user57/user57.json,idx_14
noGesture,trainingSamples,raw_data/EMG-EPN612/testingJSON/user57/user57.json,idx_15
noGesture,trainingSamples,raw_data/EMG-EPN612/testingJSON/user57/user57.json,idx_16
noGesture,trainingSamples,raw_data/EMG-EPN612/testingJSON/user57/user57.json,idx_17
noGesture,trainingSamples,raw_data/EMG-EPN612/testingJSON/user57/user57.json,idx_18
noGesture,trainingSamples,raw_data/EMG-EPN612/testingJSON/user57/user57.json,idx_19
noGesture,trainingSamples,raw_data/EMG-EPN612/testingJSON/user57/user57.json,idx_20
noGesture,trainingSamples,raw_data/EMG-EPN612/testingJSON/user57/user57.json,idx_21
noGesture,trainingSamples,raw_data/EMG-EPN612/testingJSON/user57/user57.json,idx_22
noGesture,trainingSamples,raw_data/EMG-EPN612/testingJSON/user57/user57.json,idx_23
noGesture,trainingSamples,raw_data/EMG-EPN612/testingJSON/user57/user57.json,idx_24
noGesture,trainingSamples,raw_data/EMG-EPN612/testingJSON/user57/user57.json,idx_25
open,trainingSamples,raw_data/EMG-EPN612/testingJSON/user57/user57.json,idx_26
open,trainingSamples,raw_data/EMG-EPN612/testingJSON/user57/user57.json,idx_27
open,trainingSamples,raw_data/EMG-EPN612/testingJSON/user57/user57.json,idx_28
open,trainingSamples,raw_data/EMG-EPN612/testingJSON/user57/user57.json,idx_29
open,trainingSamples,raw_data/EMG-EPN612/testingJSON/user57/user57.json,idx_30
open,trainingSamples,raw_data/EMG-EPN612/testingJSON/user57/user57.json,idx_31
open,trainingSamples,raw_data/EMG-EPN612/testingJSON/user57/user57.json,idx_32
open,trainingSamples,raw_data/EMG-EPN612/testingJSON/user57/user57.json,idx_33
open,trainingSamples,raw_data/EMG-EPN612/testingJSON/user57/user57.json,idx_34
open,trainingSamples,raw_data/EMG-EPN612/testingJSON/user57/user57.json,idx_35
open,trainingSamples,raw_data/EMG-EPN612/testingJSON/user57/user57.json,idx_36
open,trainingSamples,raw_data/EMG-EPN612/testingJSON/user57/user57.json,idx_37
open,trainingSamples,raw_data/EMG-EPN612/testingJSON/user57/user57.json,idx_38
open,trainingSamples,raw_data/EMG-EPN612/testingJSON/user57/user57.json,idx_39
open,trainingSamples,raw_data/EMG-EPN612/testingJSON/user57/user57.json,idx_40
open,trainingSamples,raw_data/EMG-EPN612/testingJSON/user57/user57.json,idx_41
open,trainingSamples,raw_data/EMG-EPN612/testingJSON/user57/user57.json,idx_42
open,trainingSamples,raw_data/EMG-EPN612/testingJSON/user57/user57.json,idx_43
open,trainingSamples,raw_data/EMG-EPN612/testingJSON/user57/user57.json,idx_44
open,trainingSamples,raw_data/EMG-EPN612/testingJSON/user57/user57.json,idx_45
open,trainingSamples,raw_data/EMG-EPN612/testingJSON/user57/user57.json,idx_46
open,trainingSamples,raw_data/EMG-EPN612/testingJSON/user57/user57.json,idx_47
open,trainingSamples,raw_data/EMG-EPN612/testingJSON/user57/user57.json,idx_48
open,trainingSamples,raw_data/EMG-EPN612/testingJSON/user57/user57.json,idx_49
open,trainingSamples,raw_data/EMG-EPN612/testingJSON/user57/user57.json,idx_50
pinch,trainingSamples,raw_data/EMG-EPN612/testingJSON/user57/user57.json,idx_51
pinch,trainingSamples,raw_data/EMG-EPN612/testingJSON/user57/user57.json,idx_52
pinch,trainingSamples,raw_data/EMG-EPN612/testingJSON/user57/user57.json,idx_53
pinch,trainingSamples,raw_data/EMG-EPN612/testingJSON/user57/user57.json,idx_54
pinch,trainingSamples,raw_data/EMG-EPN612/testingJSON/user57/user57.json,idx_55
pinch,trainingSamples,raw_data/EMG-EPN612/testingJSON/user57/user57.json,idx_56
pinch,trainingSamples,raw_data/EMG-EPN612/testingJSON/user57/user57.json,idx_57
pinch,trainingSamples,raw_data/EMG-EPN612/testingJSON/user57/user57.json,idx_58
pinch,trainingSamples,raw_data/EMG-EPN612/testingJSON/user57/user57.json,idx_59
pinch,trainingSamples,raw_data/EMG-EPN612/testingJSON/user57/user57.json,idx_60
pinch,trainingSamples,raw_data/EMG-EPN612/testingJSON/user57/user57.json,idx_61
pinch,trainingSamples,raw_data/EMG-EPN612/testingJSON/user57/user57.json,idx_62
pinch,trainingSamples,raw_data/EMG-EPN612/testingJSON/user57/user57.json,idx_63
pinch,trainingSamples,raw_data/EMG-EPN612/testingJSON/user57/user57.json,idx_64
pinch,trainingSamples,raw_data/EMG-EPN612/testingJSON/user57/user57.json,idx_65
pinch,trainingSamples,raw_data/EMG-EPN612/testingJSON/user57/user57.json,idx_66
pinch,trainingSamples,raw_data/EMG-EPN612/testingJSON/user57/user57.json,idx_67
pinch,trainingSamples,raw_data/EMG-EPN612/testingJSON/user57/user57.json,idx_68
pinch,trainingSamples,raw_data/EMG-EPN612/testingJSON/user57/user57.json,idx_69
pinch,trainingSamples,raw_data/EMG-EPN612/testingJSON/user57/user57.json,idx_70
pinch,trainingSamples,raw_data/EMG-EPN612/testingJSON/user57/user57.json,idx_71
pinch,trainingSamples,raw_data/EMG-EPN612/testingJSON/user57/user57.json,idx_72
pinch,trainingSamples,raw_data/EMG-EPN612/testingJSON/user57/user57.json,idx_73
pinch,trainingSamples,raw_data/EMG-EPN612/testingJSON/user57/user57.json,idx_74
pinch,trainingSamples,raw_data/EMG-EPN612/testingJSON/user57/user57.json,idx_75
waveIn,trainingSamples,raw_data/EMG-EPN612/testingJSON/user57/user57.json,idx_76
waveIn,trainingSamples,raw_data/EMG-EPN612/testingJSON/user57/user57.json,idx_77
waveIn,trainingSamples,raw_data/EMG-EPN612/testingJSON/user57/user57.json,idx_78
waveIn,trainingSamples,raw_data/EMG-EPN612/testingJSON/user57/user57.json,idx_79
waveIn,trainingSamples,raw_data/EMG-EPN612/testingJSON/user57/user57.json,idx_80
waveIn,trainingSamples,raw_data/EMG-EPN612/testingJSON/user57/user57.json,idx_81
waveIn,trainingSamples,raw_data/EMG-EPN612/testingJSON/user57/user57.json,idx_82
waveIn,trainingSamples,raw_data/EMG-EPN612/testingJSON/user57/user57.json,idx_83
waveIn,trainingSamples,raw_data/EMG-EPN612/testingJSON/user57/user57.json,idx_84
waveIn,trainingSamples,raw_data/EMG-EPN612/testingJSON/user57/user57.json,idx_85
waveIn,trainingSamples,raw_data/EMG-EPN612/testingJSON/user57/user57.json,idx_86
waveIn,trainingSamples,raw_data/EMG-EPN612/testingJSON/user57/user57.json,idx_87
waveIn,trainingSamples,raw_data/EMG-EPN612/testingJSON/user57/user57.json,idx_88
waveIn,trainingSamples,raw_data/EMG-EPN612/testingJSON/user57/user57.json,idx_89
waveIn,trainingSamples,raw_data/EMG-EPN612/testingJSON/user57/user57.json,idx_90
waveIn,trainingSamples,raw_data/EMG-EPN612/testingJSON/user57/user57.json,idx_91
waveIn,trainingSamples,raw_data/EMG-EPN612/testingJSON/user57/user57.json,idx_92
waveIn,trainingSamples,raw_data/EMG-EPN612/testingJSON/user57/user57.json,idx_93
waveIn,trainingSamples,raw_data/EMG-EPN612/testingJSON/user57/user57.json,idx_94
waveIn,trainingSamples,raw_data/EMG-EPN612/testingJSON/user57/user57.json,idx_95
waveIn,trainingSamples,raw_data/EMG-EPN612/testingJSON/user57/user57.json,idx_96
waveIn,trainingSamples,raw_data/EMG-EPN612/testingJSON/user57/user57.json,idx_97
waveIn,trainingSamples,raw_data/EMG-EPN612/testingJSON/user57/user57.json,idx_98
waveIn,trainingSamples,raw_data/EMG-EPN612/testingJSON/user57/user57.json,idx_99
waveIn,trainingSamples,raw_data/EMG-EPN612/testingJSON/user57/user57.json,idx_100
waveOut,trainingSamples,raw_data/EMG-EPN612/testingJSON/user57/user57.json,idx_101
waveOut,trainingSamples,raw_data/EMG-EPN612/testingJSON/user57/user57.json,idx_102
waveOut,trainingSamples,raw_data/EMG-EPN612/testingJSON/user57/user57.json,idx_103
waveOut,trainingSamples,raw_data/EMG-EPN612/testingJSON/user57/user57.json,idx_104
waveOut,trainingSamples,raw_data/EMG-EPN612/testingJSON/user57/user57.json,idx_105
waveOut,trainingSamples,raw_data/EMG-EPN612/testingJSON/user57/user57.json,idx_106
waveOut,trainingSamples,raw_data/EMG-EPN612/testingJSON/user57/user57.json,idx_107
waveOut,trainingSamples,raw_data/EMG-EPN612/testingJSON/user57/user57.json,idx_108
waveOut,trainingSamples,raw_data/EMG-EPN612/testingJSON/user57/user57.json,idx_109
waveOut,trainingSamples,raw_data/EMG-EPN612/testingJSON/user57/user57.json,idx_110
waveOut,trainingSamples,raw_data/EMG-EPN612/testingJSON/user57/user57.json,idx_111
waveOut,trainingSamples,raw_data/EMG-EPN612/testingJSON/user57/user57.json,idx_112
waveOut,trainingSamples,raw_data/EMG-EPN612/testingJSON/user57/user57.json,idx_113
waveOut,trainingSamples,raw_data/EMG-EPN612/testingJSON/user57/user57.json,idx_114
waveOut,trainingSamples,raw_data/EMG-EPN612/testingJSON/user57/user57.json,idx_115
waveOut,trainingSamples,raw_data/EMG-EPN612/testingJSON/user57/user57.json,idx_116
waveOut,trainingSamples,raw_data/EMG-EPN612/testingJSON/user57/user57.json,idx_117
waveOut,trainingSamples,raw_data/EMG-EPN612/testingJSON/user57/user57.json,idx_118
waveOut,trainingSamples,raw_data/EMG-EPN612/testingJSON/user57/user57.json,idx_119
waveOut,trainingSamples,raw_data/EMG-EPN612/testingJSON/user57/user57.json,idx_120
waveOut,trainingSamples,raw_data/EMG-EPN612/testingJSON/user57/user57.json,idx_121
waveOut,trainingSamples,raw_data/EMG-EPN612/testingJSON/user57/user57.json,idx_122
waveOut,trainingSamples,raw_data/EMG-EPN612/testingJSON/user57/user57.json,idx_123
waveOut,trainingSamples,raw_data/EMG-EPN612/testingJSON/user57/user57.json,idx_124
waveOut,trainingSamples,raw_data/EMG-EPN612/testingJSON/user57/user57.json,idx_125
fist,trainingSamples,raw_data/EMG-EPN612/testingJSON/user57/user57.json,idx_126
fist,trainingSamples,raw_data/EMG-EPN612/testingJSON/user57/user57.json,idx_127
fist,trainingSamples,raw_data/EMG-EPN612/testingJSON/user57/user57.json,idx_128
fist,trainingSamples,raw_data/EMG-EPN612/testingJSON/user57/user57.json,idx_129
fist,trainingSamples,raw_data/EMG-EPN612/testingJSON/user57/user57.json,idx_130
fist,trainingSamples,raw_data/EMG-EPN612/testingJSON/user57/user57.json,idx_131
fist,trainingSamples,raw_data/EMG-EPN612/testingJSON/user57/user57.json,idx_132
fist,trainingSamples,raw_data/EMG-EPN612/testingJSON/user57/user57.json,idx_133
fist,trainingSamples,raw_data/EMG-EPN612/testingJSON/user57/user57.json,idx_134
fist,trainingSamples,raw_data/EMG-EPN612/testingJSON/user57/user57.json,idx_135
fist,trainingSamples,raw_data/EMG-EPN612/testingJSON/user57/user57.json,idx_136
fist,trainingSamples,raw_data/EMG-EPN612/testingJSON/user57/user57.json,idx_137
fist,trainingSamples,raw_data/EMG-EPN612/testingJSON/user57/user57.json,idx_138
fist,trainingSamples,raw_data/EMG-EPN612/testingJSON/user57/user57.json,idx_139
fist,trainingSamples,raw_data/EMG-EPN612/testingJSON/user57/user57.json,idx_140
fist,trainingSamples,raw_data/EMG-EPN612/testingJSON/user57/user57.json,idx_141
fist,trainingSamples,raw_data/EMG-EPN612/testingJSON/user57/user57.json,idx_142
fist,trainingSamples,raw_data/EMG-EPN612/testingJSON/user57/user57.json,idx_143
fist,trainingSamples,raw_data/EMG-EPN612/testingJSON/user57/user57.json,idx_144
fist,trainingSamples,raw_data/EMG-EPN612/testingJSON/user57/user57.json,idx_145
fist,trainingSamples,raw_data/EMG-EPN612/testingJSON/user57/user57.json,idx_146
fist,trainingSamples,raw_data/EMG-EPN612/testingJSON/user57/user57.json,idx_147
fist,trainingSamples,raw_data/EMG-EPN612/testingJSON/user57/user57.json,idx_148
fist,trainingSamples,raw_data/EMG-EPN612/testingJSON/user57/user57.json,idx_149
fist,trainingSamples,raw_data/EMG-EPN612/testingJSON/user57/user57.json,idx_150
noGesture,trainingSamples,raw_data/EMG-EPN612/testingJSON/user58/user58.json,idx_1
noGesture,trainingSamples,raw_data/EMG-EPN612/testingJSON/user58/user58.json,idx_2
noGesture,trainingSamples,raw_data/EMG-EPN612/testingJSON/user58/user58.json,idx_3
noGesture,trainingSamples,raw_data/EMG-EPN612/testingJSON/user58/user58.json,idx_4
noGesture,trainingSamples,raw_data/EMG-EPN612/testingJSON/user58/user58.json,idx_5
noGesture,trainingSamples,raw_data/EMG-EPN612/testingJSON/user58/user58.json,idx_6
noGesture,trainingSamples,raw_data/EMG-EPN612/testingJSON/user58/user58.json,idx_7
noGesture,trainingSamples,raw_data/EMG-EPN612/testingJSON/user58/user58.json,idx_8
noGesture,trainingSamples,raw_data/EMG-EPN612/testingJSON/user58/user58.json,idx_9
noGesture,trainingSamples,raw_data/EMG-EPN612/testingJSON/user58/user58.json,idx_10
noGesture,trainingSamples,raw_data/EMG-EPN612/testingJSON/user58/user58.json,idx_11
noGesture,trainingSamples,raw_data/EMG-EPN612/testingJSON/user58/user58.json,idx_12
noGesture,trainingSamples,raw_data/EMG-EPN612/testingJSON/user58/user58.json,idx_13
noGesture,trainingSamples,raw_data/EMG-EPN612/testingJSON/user58/user58.json,idx_14
noGesture,trainingSamples,raw_data/EMG-EPN612/testingJSON/user58/user58.json,idx_15
noGesture,trainingSamples,raw_data/EMG-EPN612/testingJSON/user58/user58.json,idx_16
noGesture,trainingSamples,raw_data/EMG-EPN612/testingJSON/user58/user58.json,idx_17
noGesture,trainingSamples,raw_data/EMG-EPN612/testingJSON/user58/user58.json,idx_18
noGesture,trainingSamples,raw_data/EMG-EPN612/testingJSON/user58/user58.json,idx_19
noGesture,trainingSamples,raw_data/EMG-EPN612/testingJSON/user58/user58.json,idx_20
noGesture,trainingSamples,raw_data/EMG-EPN612/testingJSON/user58/user58.json,idx_21
noGesture,trainingSamples,raw_data/EMG-EPN612/testingJSON/user58/user58.json,idx_22
noGesture,trainingSamples,raw_data/EMG-EPN612/testingJSON/user58/user58.json,idx_23
noGesture,trainingSamples,raw_data/EMG-EPN612/testingJSON/user58/user58.json,idx_24
noGesture,trainingSamples,raw_data/EMG-EPN612/testingJSON/user58/user58.json,idx_25
fist,trainingSamples,raw_data/EMG-EPN612/testingJSON/user58/user58.json,idx_26
fist,trainingSamples,raw_data/EMG-EPN612/testingJSON/user58/user58.json,idx_27
fist,trainingSamples,raw_data/EMG-EPN612/testingJSON/user58/user58.json,idx_28
fist,trainingSamples,raw_data/EMG-EPN612/testingJSON/user58/user58.json,idx_29
fist,trainingSamples,raw_data/EMG-EPN612/testingJSON/user58/user58.json,idx_30
fist,trainingSamples,raw_data/EMG-EPN612/testingJSON/user58/user58.json,idx_31
fist,trainingSamples,raw_data/EMG-EPN612/testingJSON/user58/user58.json,idx_32
fist,trainingSamples,raw_data/EMG-EPN612/testingJSON/user58/user58.json,idx_33
fist,trainingSamples,raw_data/EMG-EPN612/testingJSON/user58/user58.json,idx_34
fist,trainingSamples,raw_data/EMG-EPN612/testingJSON/user58/user58.json,idx_35
fist,trainingSamples,raw_data/EMG-EPN612/testingJSON/user58/user58.json,idx_36
fist,trainingSamples,raw_data/EMG-EPN612/testingJSON/user58/user58.json,idx_37
fist,trainingSamples,raw_data/EMG-EPN612/testingJSON/user58/user58.json,idx_38
fist,trainingSamples,raw_data/EMG-EPN612/testingJSON/user58/user58.json,idx_39
fist,trainingSamples,raw_data/EMG-EPN612/testingJSON/user58/user58.json,idx_40
fist,trainingSamples,raw_data/EMG-EPN612/testingJSON/user58/user58.json,idx_41
fist,trainingSamples,raw_data/EMG-EPN612/testingJSON/user58/user58.json,idx_42
fist,trainingSamples,raw_data/EMG-EPN612/testingJSON/user58/user58.json,idx_43
fist,trainingSamples,raw_data/EMG-EPN612/testingJSON/user58/user58.json,idx_44
fist,trainingSamples,raw_data/EMG-EPN612/testingJSON/user58/user58.json,idx_45
fist,trainingSamples,raw_data/EMG-EPN612/testingJSON/user58/user58.json,idx_46
fist,trainingSamples,raw_data/EMG-EPN612/testingJSON/user58/user58.json,idx_47
fist,trainingSamples,raw_data/EMG-EPN612/testingJSON/user58/user58.json,idx_48
fist,trainingSamples,raw_data/EMG-EPN612/testingJSON/user58/user58.json,idx_49
fist,trainingSamples,raw_data/EMG-EPN612/testingJSON/user58/user58.json,idx_50
waveOut,trainingSamples,raw_data/EMG-EPN612/testingJSON/user58/user58.json,idx_51
waveOut,trainingSamples,raw_data/EMG-EPN612/testingJSON/user58/user58.json,idx_52
waveOut,trainingSamples,raw_data/EMG-EPN612/testingJSON/user58/user58.json,idx_53
waveOut,trainingSamples,raw_data/EMG-EPN612/testingJSON/user58/user58.json,idx_54
waveOut,trainingSamples,raw_data/EMG-EPN612/testingJSON/user58/user58.json,idx_55
waveOut,trainingSamples,raw_data/EMG-EPN612/testingJSON/user58/user58.json,idx_56
waveOut,trainingSamples,raw_data/EMG-EPN612/testingJSON/user58/user58.json,idx_57
waveOut,trainingSamples,raw_data/EMG-EPN612/testingJSON/user58/user58.json,idx_58
waveOut,trainingSamples,raw_data/EMG-EPN612/testingJSON/user58/user58.json,idx_59
waveOut,trainingSamples,raw_data/EMG-EPN612/testingJSON/user58/user58.json,idx_60
waveOut,trainingSamples,raw_data/EMG-EPN612/testingJSON/user58/user58.json,idx_61
waveOut,trainingSamples,raw_data/EMG-EPN612/testingJSON/user58/user58.json,idx_62
waveOut,trainingSamples,raw_data/EMG-EPN612/testingJSON/user58/user58.json,idx_63
waveOut,trainingSamples,raw_data/EMG-EPN612/testingJSON/user58/user58.json,idx_64
waveOut,trainingSamples,raw_data/EMG-EPN612/testingJSON/user58/user58.json,idx_65
waveOut,trainingSamples,raw_data/EMG-EPN612/testingJSON/user58/user58.json,idx_66
waveOut,trainingSamples,raw_data/EMG-EPN612/testingJSON/user58/user58.json,idx_67
waveOut,trainingSamples,raw_data/EMG-EPN612/testingJSON/user58/user58.json,idx_68
waveOut,trainingSamples,raw_data/EMG-EPN612/testingJSON/user58/user58.json,idx_69
waveOut,trainingSamples,raw_data/EMG-EPN612/testingJSON/user58/user58.json,idx_70
waveOut,trainingSamples,raw_data/EMG-EPN612/testingJSON/user58/user58.json,idx_71
waveOut,trainingSamples,raw_data/EMG-EPN612/testingJSON/user58/user58.json,idx_72
waveOut,trainingSamples,raw_data/EMG-EPN612/testingJSON/user58/user58.json,idx_73
waveOut,trainingSamples,raw_data/EMG-EPN612/testingJSON/user58/user58.json,idx_74
waveOut,trainingSamples,raw_data/EMG-EPN612/testingJSON/user58/user58.json,idx_75
waveIn,trainingSamples,raw_data/EMG-EPN612/testingJSON/user58/user58.json,idx_76
waveIn,trainingSamples,raw_data/EMG-EPN612/testingJSON/user58/user58.json,idx_77
waveIn,trainingSamples,raw_data/EMG-EPN612/testingJSON/user58/user58.json,idx_78
waveIn,trainingSamples,raw_data/EMG-EPN612/testingJSON/user58/user58.json,idx_79
waveIn,trainingSamples,raw_data/EMG-EPN612/testingJSON/user58/user58.json,idx_80
waveIn,trainingSamples,raw_data/EMG-EPN612/testingJSON/user58/user58.json,idx_81
waveIn,trainingSamples,raw_data/EMG-EPN612/testingJSON/user58/user58.json,idx_82
waveIn,trainingSamples,raw_data/EMG-EPN612/testingJSON/user58/user58.json,idx_83
waveIn,trainingSamples,raw_data/EMG-EPN612/testingJSON/user58/user58.json,idx_84
waveIn,trainingSamples,raw_data/EMG-EPN612/testingJSON/user58/user58.json,idx_85
waveIn,trainingSamples,raw_data/EMG-EPN612/testingJSON/user58/user58.json,idx_86
waveIn,trainingSamples,raw_data/EMG-EPN612/testingJSON/user58/user58.json,idx_87
waveIn,trainingSamples,raw_data/EMG-EPN612/testingJSON/user58/user58.json,idx_88
waveIn,trainingSamples,raw_data/EMG-EPN612/testingJSON/user58/user58.json,idx_89
waveIn,trainingSamples,raw_data/EMG-EPN612/testingJSON/user58/user58.json,idx_90
waveIn,trainingSamples,raw_data/EMG-EPN612/testingJSON/user58/user58.json,idx_91
waveIn,trainingSamples,raw_data/EMG-EPN612/testingJSON/user58/user58.json,idx_92
waveIn,trainingSamples,raw_data/EMG-EPN612/testingJSON/user58/user58.json,idx_93
waveIn,trainingSamples,raw_data/EMG-EPN612/testingJSON/user58/user58.json,idx_94
waveIn,trainingSamples,raw_data/EMG-EPN612/testingJSON/user58/user58.json,idx_95
waveIn,trainingSamples,raw_data/EMG-EPN612/testingJSON/user58/user58.json,idx_96
waveIn,trainingSamples,raw_data/EMG-EPN612/testingJSON/user58/user58.json,idx_97
waveIn,trainingSamples,raw_data/EMG-EPN612/testingJSON/user58/user58.json,idx_98
waveIn,trainingSamples,raw_data/EMG-EPN612/testingJSON/user58/user58.json,idx_99
waveIn,trainingSamples,raw_data/EMG-EPN612/testingJSON/user58/user58.json,idx_100
open,trainingSamples,raw_data/EMG-EPN612/testingJSON/user58/user58.json,idx_101
open,trainingSamples,raw_data/EMG-EPN612/testingJSON/user58/user58.json,idx_102
open,trainingSamples,raw_data/EMG-EPN612/testingJSON/user58/user58.json,idx_103
open,trainingSamples,raw_data/EMG-EPN612/testingJSON/user58/user58.json,idx_104
open,trainingSamples,raw_data/EMG-EPN612/testingJSON/user58/user58.json,idx_105
open,trainingSamples,raw_data/EMG-EPN612/testingJSON/user58/user58.json,idx_106
open,trainingSamples,raw_data/EMG-EPN612/testingJSON/user58/user58.json,idx_107
open,trainingSamples,raw_data/EMG-EPN612/testingJSON/user58/user58.json,idx_108
open,trainingSamples,raw_data/EMG-EPN612/testingJSON/user58/user58.json,idx_109
open,trainingSamples,raw_data/EMG-EPN612/testingJSON/user58/user58.json,idx_110
open,trainingSamples,raw_data/EMG-EPN612/testingJSON/user58/user58.json,idx_111
open,trainingSamples,raw_data/EMG-EPN612/testingJSON/user58/user58.json,idx_112
open,trainingSamples,raw_data/EMG-EPN612/testingJSON/user58/user58.json,idx_113
open,trainingSamples,raw_data/EMG-EPN612/testingJSON/user58/user58.json,idx_114
open,trainingSamples,raw_data/EMG-EPN612/testingJSON/user58/user58.json,idx_115
open,trainingSamples,raw_data/EMG-EPN612/testingJSON/user58/user58.json,idx_116
open,trainingSamples,raw_data/EMG-EPN612/testingJSON/user58/user58.json,idx_117
open,trainingSamples,raw_data/EMG-EPN612/testingJSON/user58/user58.json,idx_118
open,trainingSamples,raw_data/EMG-EPN612/testingJSON/user58/user58.json,idx_119
open,trainingSamples,raw_data/EMG-EPN612/testingJSON/user58/user58.json,idx_120
open,trainingSamples,raw_data/EMG-EPN612/testingJSON/user58/user58.json,idx_121
open,trainingSamples,raw_data/EMG-EPN612/testingJSON/user58/user58.json,idx_122
open,trainingSamples,raw_data/EMG-EPN612/testingJSON/user58/user58.json,idx_123
open,trainingSamples,raw_data/EMG-EPN612/testingJSON/user58/user58.json,idx_124
open,trainingSamples,raw_data/EMG-EPN612/testingJSON/user58/user58.json,idx_125
pinch,trainingSamples,raw_data/EMG-EPN612/testingJSON/user58/user58.json,idx_126
pinch,trainingSamples,raw_data/EMG-EPN612/testingJSON/user58/user58.json,idx_127
pinch,trainingSamples,raw_data/EMG-EPN612/testingJSON/user58/user58.json,idx_128
pinch,trainingSamples,raw_data/EMG-EPN612/testingJSON/user58/user58.json,idx_129
pinch,trainingSamples,raw_data/EMG-EPN612/testingJSON/user58/user58.json,idx_130
pinch,trainingSamples,raw_data/EMG-EPN612/testingJSON/user58/user58.json,idx_131
pinch,trainingSamples,raw_data/EMG-EPN612/testingJSON/user58/user58.json,idx_132
pinch,trainingSamples,raw_data/EMG-EPN612/testingJSON/user58/user58.json,idx_133
pinch,trainingSamples,raw_data/EMG-EPN612/testingJSON/user58/user58.json,idx_134
pinch,trainingSamples,raw_data/EMG-EPN612/testingJSON/user58/user58.json,idx_135
pinch,trainingSamples,raw_data/EMG-EPN612/testingJSON/user58/user58.json,idx_136
pinch,trainingSamples,raw_data/EMG-EPN612/testingJSON/user58/user58.json,idx_137
pinch,trainingSamples,raw_data/EMG-EPN612/testingJSON/user58/user58.json,idx_138
pinch,trainingSamples,raw_data/EMG-EPN612/testingJSON/user58/user58.json,idx_139
pinch,trainingSamples,raw_data/EMG-EPN612/testingJSON/user58/user58.json,idx_140
pinch,trainingSamples,raw_data/EMG-EPN612/testingJSON/user58/user58.json,idx_141
pinch,trainingSamples,raw_data/EMG-EPN612/testingJSON/user58/user58.json,idx_142
pinch,trainingSamples,raw_data/EMG-EPN612/testingJSON/user58/user58.json,idx_143
pinch,trainingSamples,raw_data/EMG-EPN612/testingJSON/user58/user58.json,idx_144
pinch,trainingSamples,raw_data/EMG-EPN612/testingJSON/user58/user58.json,idx_145
pinch,trainingSamples,raw_data/EMG-EPN612/testingJSON/user58/user58.json,idx_146
pinch,trainingSamples,raw_data/EMG-EPN612/testingJSON/user58/user58.json,idx_147
pinch,trainingSamples,raw_data/EMG-EPN612/testingJSON/user58/user58.json,idx_148
pinch,trainingSamples,raw_data/EMG-EPN612/testingJSON/user58/user58.json,idx_149
pinch,trainingSamples,raw_data/EMG-EPN612/testingJSON/user58/user58.json,idx_150
noGesture,trainingSamples,raw_data/EMG-EPN612/testingJSON/user59/user59.json,idx_1
noGesture,trainingSamples,raw_data/EMG-EPN612/testingJSON/user59/user59.json,idx_2
noGesture,trainingSamples,raw_data/EMG-EPN612/testingJSON/user59/user59.json,idx_3
noGesture,trainingSamples,raw_data/EMG-EPN612/testingJSON/user59/user59.json,idx_4
noGesture,trainingSamples,raw_data/EMG-EPN612/testingJSON/user59/user59.json,idx_5
noGesture,trainingSamples,raw_data/EMG-EPN612/testingJSON/user59/user59.json,idx_6
noGesture,trainingSamples,raw_data/EMG-EPN612/testingJSON/user59/user59.json,idx_7
noGesture,trainingSamples,raw_data/EMG-EPN612/testingJSON/user59/user59.json,idx_8
noGesture,trainingSamples,raw_data/EMG-EPN612/testingJSON/user59/user59.json,idx_9
noGesture,trainingSamples,raw_data/EMG-EPN612/testingJSON/user59/user59.json,idx_10
noGesture,trainingSamples,raw_data/EMG-EPN612/testingJSON/user59/user59.json,idx_11
noGesture,trainingSamples,raw_data/EMG-EPN612/testingJSON/user59/user59.json,idx_12
noGesture,trainingSamples,raw_data/EMG-EPN612/testingJSON/user59/user59.json,idx_13
noGesture,trainingSamples,raw_data/EMG-EPN612/testingJSON/user59/user59.json,idx_14
noGesture,trainingSamples,raw_data/EMG-EPN612/testingJSON/user59/user59.json,idx_15
noGesture,trainingSamples,raw_data/EMG-EPN612/testingJSON/user59/user59.json,idx_16
noGesture,trainingSamples,raw_data/EMG-EPN612/testingJSON/user59/user59.json,idx_17
noGesture,trainingSamples,raw_data/EMG-EPN612/testingJSON/user59/user59.json,idx_18
noGesture,trainingSamples,raw_data/EMG-EPN612/testingJSON/user59/user59.json,idx_19
noGesture,trainingSamples,raw_data/EMG-EPN612/testingJSON/user59/user59.json,idx_20
noGesture,trainingSamples,raw_data/EMG-EPN612/testingJSON/user59/user59.json,idx_21
noGesture,trainingSamples,raw_data/EMG-EPN612/testingJSON/user59/user59.json,idx_22
noGesture,trainingSamples,raw_data/EMG-EPN612/testingJSON/user59/user59.json,idx_23
noGesture,trainingSamples,raw_data/EMG-EPN612/testingJSON/user59/user59.json,idx_24
noGesture,trainingSamples,raw_data/EMG-EPN612/testingJSON/user59/user59.json,idx_25
waveOut,trainingSamples,raw_data/EMG-EPN612/testingJSON/user59/user59.json,idx_26
waveOut,trainingSamples,raw_data/EMG-EPN612/testingJSON/user59/user59.json,idx_27
waveOut,trainingSamples,raw_data/EMG-EPN612/testingJSON/user59/user59.json,idx_28
waveOut,trainingSamples,raw_data/EMG-EPN612/testingJSON/user59/user59.json,idx_29
waveOut,trainingSamples,raw_data/EMG-EPN612/testingJSON/user59/user59.json,idx_30
waveOut,trainingSamples,raw_data/EMG-EPN612/testingJSON/user59/user59.json,idx_31
waveOut,trainingSamples,raw_data/EMG-EPN612/testingJSON/user59/user59.json,idx_32
waveOut,trainingSamples,raw_data/EMG-EPN612/testingJSON/user59/user59.json,idx_33
waveOut,trainingSamples,raw_data/EMG-EPN612/testingJSON/user59/user59.json,idx_34
waveOut,trainingSamples,raw_data/EMG-EPN612/testingJSON/user59/user59.json,idx_35
waveOut,trainingSamples,raw_data/EMG-EPN612/testingJSON/user59/user59.json,idx_36
waveOut,trainingSamples,raw_data/EMG-EPN612/testingJSON/user59/user59.json,idx_37
waveOut,trainingSamples,raw_data/EMG-EPN612/testingJSON/user59/user59.json,idx_38
waveOut,trainingSamples,raw_data/EMG-EPN612/testingJSON/user59/user59.json,idx_39
waveOut,trainingSamples,raw_data/EMG-EPN612/testingJSON/user59/user59.json,idx_40
waveOut,trainingSamples,raw_data/EMG-EPN612/testingJSON/user59/user59.json,idx_41
waveOut,trainingSamples,raw_data/EMG-EPN612/testingJSON/user59/user59.json,idx_42
waveOut,trainingSamples,raw_data/EMG-EPN612/testingJSON/user59/user59.json,idx_43
waveOut,trainingSamples,raw_data/EMG-EPN612/testingJSON/user59/user59.json,idx_44
waveOut,trainingSamples,raw_data/EMG-EPN612/testingJSON/user59/user59.json,idx_45
waveOut,trainingSamples,raw_data/EMG-EPN612/testingJSON/user59/user59.json,idx_46
waveOut,trainingSamples,raw_data/EMG-EPN612/testingJSON/user59/user59.json,idx_47
waveOut,trainingSamples,raw_data/EMG-EPN612/testingJSON/user59/user59.json,idx_48
waveOut,trainingSamples,raw_data/EMG-EPN612/testingJSON/user59/user59.json,idx_49
waveOut,trainingSamples,raw_data/EMG-EPN612/testingJSON/user59/user59.json,idx_50
pinch,trainingSamples,raw_data/EMG-EPN612/testingJSON/user59/user59.json,idx_51
pinch,trainingSamples,raw_data/EMG-EPN612/testingJSON/user59/user59.json,idx_52
pinch,trainingSamples,raw_data/EMG-EPN612/testingJSON/user59/user59.json,idx_53
pinch,trainingSamples,raw_data/EMG-EPN612/testingJSON/user59/user59.json,idx_54
pinch,trainingSamples,raw_data/EMG-EPN612/testingJSON/user59/user59.json,idx_55
pinch,trainingSamples,raw_data/EMG-EPN612/testingJSON/user59/user59.json,idx_56
pinch,trainingSamples,raw_data/EMG-EPN612/testingJSON/user59/user59.json,idx_57
pinch,trainingSamples,raw_data/EMG-EPN612/testingJSON/user59/user59.json,idx_58
pinch,trainingSamples,raw_data/EMG-EPN612/testingJSON/user59/user59.json,idx_59
pinch,trainingSamples,raw_data/EMG-EPN612/testingJSON/user59/user59.json,idx_60
pinch,trainingSamples,raw_data/EMG-EPN612/testingJSON/user59/user59.json,idx_61
pinch,trainingSamples,raw_data/EMG-EPN612/testingJSON/user59/user59.json,idx_62
pinch,trainingSamples,raw_data/EMG-EPN612/testingJSON/user59/user59.json,idx_63
pinch,trainingSamples,raw_data/EMG-EPN612/testingJSON/user59/user59.json,idx_64
pinch,trainingSamples,raw_data/EMG-EPN612/testingJSON/user59/user59.json,idx_65
pinch,trainingSamples,raw_data/EMG-EPN612/testingJSON/user59/user59.json,idx_66
pinch,trainingSamples,raw_data/EMG-EPN612/testingJSON/user59/user59.json,idx_67
pinch,trainingSamples,raw_data/EMG-EPN612/testingJSON/user59/user59.json,idx_68
pinch,trainingSamples,raw_data/EMG-EPN612/testingJSON/user59/user59.json,idx_69
pinch,trainingSamples,raw_data/EMG-EPN612/testingJSON/user59/user59.json,idx_70
pinch,trainingSamples,raw_data/EMG-EPN612/testingJSON/user59/user59.json,idx_71
pinch,trainingSamples,raw_data/EMG-EPN612/testingJSON/user59/user59.json,idx_72
pinch,trainingSamples,raw_data/EMG-EPN612/testingJSON/user59/user59.json,idx_73
pinch,trainingSamples,raw_data/EMG-EPN612/testingJSON/user59/user59.json,idx_74
pinch,trainingSamples,raw_data/EMG-EPN612/testingJSON/user59/user59.json,idx_75
fist,trainingSamples,raw_data/EMG-EPN612/testingJSON/user59/user59.json,idx_76
fist,trainingSamples,raw_data/EMG-EPN612/testingJSON/user59/user59.json,idx_77
fist,trainingSamples,raw_data/EMG-EPN612/testingJSON/user59/user59.json,idx_78
fist,trainingSamples,raw_data/EMG-EPN612/testingJSON/user59/user59.json,idx_79
fist,trainingSamples,raw_data/EMG-EPN612/testingJSON/user59/user59.json,idx_80
fist,trainingSamples,raw_data/EMG-EPN612/testingJSON/user59/user59.json,idx_81
fist,trainingSamples,raw_data/EMG-EPN612/testingJSON/user59/user59.json,idx_82
fist,trainingSamples,raw_data/EMG-EPN612/testingJSON/user59/user59.json,idx_83
fist,trainingSamples,raw_data/EMG-EPN612/testingJSON/user59/user59.json,idx_84
fist,trainingSamples,raw_data/EMG-EPN612/testingJSON/user59/user59.json,idx_85
fist,trainingSamples,raw_data/EMG-EPN612/testingJSON/user59/user59.json,idx_86
fist,trainingSamples,raw_data/EMG-EPN612/testingJSON/user59/user59.json,idx_87
fist,trainingSamples,raw_data/EMG-EPN612/testingJSON/user59/user59.json,idx_88
fist,trainingSamples,raw_data/EMG-EPN612/testingJSON/user59/user59.json,idx_89
fist,trainingSamples,raw_data/EMG-EPN612/testingJSON/user59/user59.json,idx_90
fist,trainingSamples,raw_data/EMG-EPN612/testingJSON/user59/user59.json,idx_91
fist,trainingSamples,raw_data/EMG-EPN612/testingJSON/user59/user59.json,idx_92
fist,trainingSamples,raw_data/EMG-EPN612/testingJSON/user59/user59.json,idx_93
fist,trainingSamples,raw_data/EMG-EPN612/testingJSON/user59/user59.json,idx_94
fist,trainingSamples,raw_data/EMG-EPN612/testingJSON/user59/user59.json,idx_95
fist,trainingSamples,raw_data/EMG-EPN612/testingJSON/user59/user59.json,idx_96
fist,trainingSamples,raw_data/EMG-EPN612/testingJSON/user59/user59.json,idx_97
fist,trainingSamples,raw_data/EMG-EPN612/testingJSON/user59/user59.json,idx_98
fist,trainingSamples,raw_data/EMG-EPN612/testingJSON/user59/user59.json,idx_99
fist,trainingSamples,raw_data/EMG-EPN612/testingJSON/user59/user59.json,idx_100
waveIn,trainingSamples,raw_data/EMG-EPN612/testingJSON/user59/user59.json,idx_101
waveIn,trainingSamples,raw_data/EMG-EPN612/testingJSON/user59/user59.json,idx_102
waveIn,trainingSamples,raw_data/EMG-EPN612/testingJSON/user59/user59.json,idx_103
waveIn,trainingSamples,raw_data/EMG-EPN612/testingJSON/user59/user59.json,idx_104
waveIn,trainingSamples,raw_data/EMG-EPN612/testingJSON/user59/user59.json,idx_105
waveIn,trainingSamples,raw_data/EMG-EPN612/testingJSON/user59/user59.json,idx_106
waveIn,trainingSamples,raw_data/EMG-EPN612/testingJSON/user59/user59.json,idx_107
waveIn,trainingSamples,raw_data/EMG-EPN612/testingJSON/user59/user59.json,idx_108
waveIn,trainingSamples,raw_data/EMG-EPN612/testingJSON/user59/user59.json,idx_109
waveIn,trainingSamples,raw_data/EMG-EPN612/testingJSON/user59/user59.json,idx_110
waveIn,trainingSamples,raw_data/EMG-EPN612/testingJSON/user59/user59.json,idx_111
waveIn,trainingSamples,raw_data/EMG-EPN612/testingJSON/user59/user59.json,idx_112
waveIn,trainingSamples,raw_data/EMG-EPN612/testingJSON/user59/user59.json,idx_113
waveIn,trainingSamples,raw_data/EMG-EPN612/testingJSON/user59/user59.json,idx_114
waveIn,trainingSamples,raw_data/EMG-EPN612/testingJSON/user59/user59.json,idx_115
waveIn,trainingSamples,raw_data/EMG-EPN612/testingJSON/user59/user59.json,idx_116
waveIn,trainingSamples,raw_data/EMG-EPN612/testingJSON/user59/user59.json,idx_117
waveIn,trainingSamples,raw_data/EMG-EPN612/testingJSON/user59/user59.json,idx_118
waveIn,trainingSamples,raw_data/EMG-EPN612/testingJSON/user59/user59.json,idx_119
waveIn,trainingSamples,raw_data/EMG-EPN612/testingJSON/user59/user59.json,idx_120
waveIn,trainingSamples,raw_data/EMG-EPN612/testingJSON/user59/user59.json,idx_121
waveIn,trainingSamples,raw_data/EMG-EPN612/testingJSON/user59/user59.json,idx_122
waveIn,trainingSamples,raw_data/EMG-EPN612/testingJSON/user59/user59.json,idx_123
waveIn,trainingSamples,raw_data/EMG-EPN612/testingJSON/user59/user59.json,idx_124
waveIn,trainingSamples,raw_data/EMG-EPN612/testingJSON/user59/user59.json,idx_125
open,trainingSamples,raw_data/EMG-EPN612/testingJSON/user59/user59.json,idx_126
open,trainingSamples,raw_data/EMG-EPN612/testingJSON/user59/user59.json,idx_127
open,trainingSamples,raw_data/EMG-EPN612/testingJSON/user59/user59.json,idx_128
open,trainingSamples,raw_data/EMG-EPN612/testingJSON/user59/user59.json,idx_129
open,trainingSamples,raw_data/EMG-EPN612/testingJSON/user59/user59.json,idx_130
open,trainingSamples,raw_data/EMG-EPN612/testingJSON/user59/user59.json,idx_131
open,trainingSamples,raw_data/EMG-EPN612/testingJSON/user59/user59.json,idx_132
open,trainingSamples,raw_data/EMG-EPN612/testingJSON/user59/user59.json,idx_133
open,trainingSamples,raw_data/EMG-EPN612/testingJSON/user59/user59.json,idx_134
open,trainingSamples,raw_data/EMG-EPN612/testingJSON/user59/user59.json,idx_135
open,trainingSamples,raw_data/EMG-EPN612/testingJSON/user59/user59.json,idx_136
open,trainingSamples,raw_data/EMG-EPN612/testingJSON/user59/user59.json,idx_137
open,trainingSamples,raw_data/EMG-EPN612/testingJSON/user59/user59.json,idx_138
open,trainingSamples,raw_data/EMG-EPN612/testingJSON/user59/user59.json,idx_139
open,trainingSamples,raw_data/EMG-EPN612/testingJSON/user59/user59.json,idx_140
open,trainingSamples,raw_data/EMG-EPN612/testingJSON/user59/user59.json,idx_141
open,trainingSamples,raw_data/EMG-EPN612/testingJSON/user59/user59.json,idx_142
open,trainingSamples,raw_data/EMG-EPN612/testingJSON/user59/user59.json,idx_143
open,trainingSamples,raw_data/EMG-EPN612/testingJSON/user59/user59.json,idx_144
open,trainingSamples,raw_data/EMG-EPN612/testingJSON/user59/user59.json,idx_145
open,trainingSamples,raw_data/EMG-EPN612/testingJSON/user59/user59.json,idx_146
open,trainingSamples,raw_data/EMG-EPN612/testingJSON/user59/user59.json,idx_147
open,trainingSamples,raw_data/EMG-EPN612/testingJSON/user59/user59.json,idx_148
open,trainingSamples,raw_data/EMG-EPN612/testingJSON/user59/user59.json,idx_149
open,trainingSamples,raw_data/EMG-EPN612/testingJSON/user59/user59.json,idx_150
noGesture,trainingSamples,raw_data/EMG-EPN612/testingJSON/user6/user6.json,idx_1
noGesture,trainingSamples,raw_data/EMG-EPN612/testingJSON/user6/user6.json,idx_2
noGesture,trainingSamples,raw_data/EMG-EPN612/testingJSON/user6/user6.json,idx_3
noGesture,trainingSamples,raw_data/EMG-EPN612/testingJSON/user6/user6.json,idx_4
noGesture,trainingSamples,raw_data/EMG-EPN612/testingJSON/user6/user6.json,idx_5
noGesture,trainingSamples,raw_data/EMG-EPN612/testingJSON/user6/user6.json,idx_6
noGesture,trainingSamples,raw_data/EMG-EPN612/testingJSON/user6/user6.json,idx_7
noGesture,trainingSamples,raw_data/EMG-EPN612/testingJSON/user6/user6.json,idx_8
noGesture,trainingSamples,raw_data/EMG-EPN612/testingJSON/user6/user6.json,idx_9
noGesture,trainingSamples,raw_data/EMG-EPN612/testingJSON/user6/user6.json,idx_10
noGesture,trainingSamples,raw_data/EMG-EPN612/testingJSON/user6/user6.json,idx_11
noGesture,trainingSamples,raw_data/EMG-EPN612/testingJSON/user6/user6.json,idx_12
noGesture,trainingSamples,raw_data/EMG-EPN612/testingJSON/user6/user6.json,idx_13
noGesture,trainingSamples,raw_data/EMG-EPN612/testingJSON/user6/user6.json,idx_14
noGesture,trainingSamples,raw_data/EMG-EPN612/testingJSON/user6/user6.json,idx_15
noGesture,trainingSamples,raw_data/EMG-EPN612/testingJSON/user6/user6.json,idx_16
noGesture,trainingSamples,raw_data/EMG-EPN612/testingJSON/user6/user6.json,idx_17
noGesture,trainingSamples,raw_data/EMG-EPN612/testingJSON/user6/user6.json,idx_18
noGesture,trainingSamples,raw_data/EMG-EPN612/testingJSON/user6/user6.json,idx_19
noGesture,trainingSamples,raw_data/EMG-EPN612/testingJSON/user6/user6.json,idx_20
noGesture,trainingSamples,raw_data/EMG-EPN612/testingJSON/user6/user6.json,idx_21
noGesture,trainingSamples,raw_data/EMG-EPN612/testingJSON/user6/user6.json,idx_22
noGesture,trainingSamples,raw_data/EMG-EPN612/testingJSON/user6/user6.json,idx_23
noGesture,trainingSamples,raw_data/EMG-EPN612/testingJSON/user6/user6.json,idx_24
noGesture,trainingSamples,raw_data/EMG-EPN612/testingJSON/user6/user6.json,idx_25
waveOut,trainingSamples,raw_data/EMG-EPN612/testingJSON/user6/user6.json,idx_26
waveOut,trainingSamples,raw_data/EMG-EPN612/testingJSON/user6/user6.json,idx_27
waveOut,trainingSamples,raw_data/EMG-EPN612/testingJSON/user6/user6.json,idx_28
waveOut,trainingSamples,raw_data/EMG-EPN612/testingJSON/user6/user6.json,idx_29
waveOut,trainingSamples,raw_data/EMG-EPN612/testingJSON/user6/user6.json,idx_30
waveOut,trainingSamples,raw_data/EMG-EPN612/testingJSON/user6/user6.json,idx_31
waveOut,trainingSamples,raw_data/EMG-EPN612/testingJSON/user6/user6.json,idx_32
waveOut,trainingSamples,raw_data/EMG-EPN612/testingJSON/user6/user6.json,idx_33
waveOut,trainingSamples,raw_data/EMG-EPN612/testingJSON/user6/user6.json,idx_34
waveOut,trainingSamples,raw_data/EMG-EPN612/testingJSON/user6/user6.json,idx_35
waveOut,trainingSamples,raw_data/EMG-EPN612/testingJSON/user6/user6.json,idx_36
waveOut,trainingSamples,raw_data/EMG-EPN612/testingJSON/user6/user6.json,idx_37
waveOut,trainingSamples,raw_data/EMG-EPN612/testingJSON/user6/user6.json,idx_38
waveOut,trainingSamples,raw_data/EMG-EPN612/testingJSON/user6/user6.json,idx_39
waveOut,trainingSamples,raw_data/EMG-EPN612/testingJSON/user6/user6.json,idx_40
waveOut,trainingSamples,raw_data/EMG-EPN612/testingJSON/user6/user6.json,idx_41
waveOut,trainingSamples,raw_data/EMG-EPN612/testingJSON/user6/user6.json,idx_42
waveOut,trainingSamples,raw_data/EMG-EPN612/testingJSON/user6/user6.json,idx_43
waveOut,trainingSamples,raw_data/EMG-EPN612/testingJSON/user6/user6.json,idx_44
waveOut,trainingSamples,raw_data/EMG-EPN612/testingJSON/user6/user6.json,idx_45
waveOut,trainingSamples,raw_data/EMG-EPN612/testingJSON/user6/user6.json,idx_46
waveOut,trainingSamples,raw_data/EMG-EPN612/testingJSON/user6/user6.json,idx_47
waveOut,trainingSamples,raw_data/EMG-EPN612/testingJSON/user6/user6.json,idx_48
waveOut,trainingSamples,raw_data/EMG-EPN612/testingJSON/user6/user6.json,idx_49
waveOut,trainingSamples,raw_data/EMG-EPN612/testingJSON/user6/user6.json,idx_50
pinch,trainingSamples,raw_data/EMG-EPN612/testingJSON/user6/user6.json,idx_51
pinch,trainingSamples,raw_data/EMG-EPN612/testingJSON/user6/user6.json,idx_52
pinch,trainingSamples,raw_data/EMG-EPN612/testingJSON/user6/user6.json,idx_53
pinch,trainingSamples,raw_data/EMG-EPN612/testingJSON/user6/user6.json,idx_54
pinch,trainingSamples,raw_data/EMG-EPN612/testingJSON/user6/user6.json,idx_55
pinch,trainingSamples,raw_data/EMG-EPN612/testingJSON/user6/user6.json,idx_56
pinch,trainingSamples,raw_data/EMG-EPN612/testingJSON/user6/user6.json,idx_57
pinch,trainingSamples,raw_data/EMG-EPN612/testingJSON/user6/user6.json,idx_58
pinch,trainingSamples,raw_data/EMG-EPN612/testingJSON/user6/user6.json,idx_59
pinch,trainingSamples,raw_data/EMG-EPN612/testingJSON/user6/user6.json,idx_60
pinch,trainingSamples,raw_data/EMG-EPN612/testingJSON/user6/user6.json,idx_61
pinch,trainingSamples,raw_data/EMG-EPN612/testingJSON/user6/user6.json,idx_62
pinch,trainingSamples,raw_data/EMG-EPN612/testingJSON/user6/user6.json,idx_63
pinch,trainingSamples,raw_data/EMG-EPN612/testingJSON/user6/user6.json,idx_64
pinch,trainingSamples,raw_data/EMG-EPN612/testingJSON/user6/user6.json,idx_65
pinch,trainingSamples,raw_data/EMG-EPN612/testingJSON/user6/user6.json,idx_66
pinch,trainingSamples,raw_data/EMG-EPN612/testingJSON/user6/user6.json,idx_67
pinch,trainingSamples,raw_data/EMG-EPN612/testingJSON/user6/user6.json,idx_68
pinch,trainingSamples,raw_data/EMG-EPN612/testingJSON/user6/user6.json,idx_69
pinch,trainingSamples,raw_data/EMG-EPN612/testingJSON/user6/user6.json,idx_70
pinch,trainingSamples,raw_data/EMG-EPN612/testingJSON/user6/user6.json,idx_71
pinch,trainingSamples,raw_data/EMG-EPN612/testingJSON/user6/user6.json,idx_72
pinch,trainingSamples,raw_data/EMG-EPN612/testingJSON/user6/user6.json,idx_73
pinch,trainingSamples,raw_data/EMG-EPN612/testingJSON/user6/user6.json,idx_74
pinch,trainingSamples,raw_data/EMG-EPN612/testingJSON/user6/user6.json,idx_75
fist,trainingSamples,raw_data/EMG-EPN612/testingJSON/user6/user6.json,idx_76
fist,trainingSamples,raw_data/EMG-EPN612/testingJSON/user6/user6.json,idx_77
fist,trainingSamples,raw_data/EMG-EPN612/testingJSON/user6/user6.json,idx_78
fist,trainingSamples,raw_data/EMG-EPN612/testingJSON/user6/user6.json,idx_79
fist,trainingSamples,raw_data/EMG-EPN612/testingJSON/user6/user6.json,idx_80
fist,trainingSamples,raw_data/EMG-EPN612/testingJSON/user6/user6.json,idx_81
fist,trainingSamples,raw_data/EMG-EPN612/testingJSON/user6/user6.json,idx_82
fist,trainingSamples,raw_data/EMG-EPN612/testingJSON/user6/user6.json,idx_83
fist,trainingSamples,raw_data/EMG-EPN612/testingJSON/user6/user6.json,idx_84
fist,trainingSamples,raw_data/EMG-EPN612/testingJSON/user6/user6.json,idx_85
fist,trainingSamples,raw_data/EMG-EPN612/testingJSON/user6/user6.json,idx_86
fist,trainingSamples,raw_data/EMG-EPN612/testingJSON/user6/user6.json,idx_87
fist,trainingSamples,raw_data/EMG-EPN612/testingJSON/user6/user6.json,idx_88
fist,trainingSamples,raw_data/EMG-EPN612/testingJSON/user6/user6.json,idx_89
fist,trainingSamples,raw_data/EMG-EPN612/testingJSON/user6/user6.json,idx_90
fist,trainingSamples,raw_data/EMG-EPN612/testingJSON/user6/user6.json,idx_91
fist,trainingSamples,raw_data/EMG-EPN612/testingJSON/user6/user6.json,idx_92
fist,trainingSamples,raw_data/EMG-EPN612/testingJSON/user6/user6.json,idx_93
fist,trainingSamples,raw_data/EMG-EPN612/testingJSON/user6/user6.json,idx_94
fist,trainingSamples,raw_data/EMG-EPN612/testingJSON/user6/user6.json,idx_95
fist,trainingSamples,raw_data/EMG-EPN612/testingJSON/user6/user6.json,idx_96
fist,trainingSamples,raw_data/EMG-EPN612/testingJSON/user6/user6.json,idx_97
fist,trainingSamples,raw_data/EMG-EPN612/testingJSON/user6/user6.json,idx_98
fist,trainingSamples,raw_data/EMG-EPN612/testingJSON/user6/user6.json,idx_99
fist,trainingSamples,raw_data/EMG-EPN612/testingJSON/user6/user6.json,idx_100
waveIn,trainingSamples,raw_data/EMG-EPN612/testingJSON/user6/user6.json,idx_101
waveIn,trainingSamples,raw_data/EMG-EPN612/testingJSON/user6/user6.json,idx_102
waveIn,trainingSamples,raw_data/EMG-EPN612/testingJSON/user6/user6.json,idx_103
waveIn,trainingSamples,raw_data/EMG-EPN612/testingJSON/user6/user6.json,idx_104
waveIn,trainingSamples,raw_data/EMG-EPN612/testingJSON/user6/user6.json,idx_105
waveIn,trainingSamples,raw_data/EMG-EPN612/testingJSON/user6/user6.json,idx_106
waveIn,trainingSamples,raw_data/EMG-EPN612/testingJSON/user6/user6.json,idx_107
waveIn,trainingSamples,raw_data/EMG-EPN612/testingJSON/user6/user6.json,idx_108
waveIn,trainingSamples,raw_data/EMG-EPN612/testingJSON/user6/user6.json,idx_109
waveIn,trainingSamples,raw_data/EMG-EPN612/testingJSON/user6/user6.json,idx_110
waveIn,trainingSamples,raw_data/EMG-EPN612/testingJSON/user6/user6.json,idx_111
waveIn,trainingSamples,raw_data/EMG-EPN612/testingJSON/user6/user6.json,idx_112
waveIn,trainingSamples,raw_data/EMG-EPN612/testingJSON/user6/user6.json,idx_113
waveIn,trainingSamples,raw_data/EMG-EPN612/testingJSON/user6/user6.json,idx_114
waveIn,trainingSamples,raw_data/EMG-EPN612/testingJSON/user6/user6.json,idx_115
waveIn,trainingSamples,raw_data/EMG-EPN612/testingJSON/user6/user6.json,idx_116
waveIn,trainingSamples,raw_data/EMG-EPN612/testingJSON/user6/user6.json,idx_117
waveIn,trainingSamples,raw_data/EMG-EPN612/testingJSON/user6/user6.json,idx_118
waveIn,trainingSamples,raw_data/EMG-EPN612/testingJSON/user6/user6.json,idx_119
waveIn,trainingSamples,raw_data/EMG-EPN612/testingJSON/user6/user6.json,idx_120
waveIn,trainingSamples,raw_data/EMG-EPN612/testingJSON/user6/user6.json,idx_121
waveIn,trainingSamples,raw_data/EMG-EPN612/testingJSON/user6/user6.json,idx_122
waveIn,trainingSamples,raw_data/EMG-EPN612/testingJSON/user6/user6.json,idx_123
waveIn,trainingSamples,raw_data/EMG-EPN612/testingJSON/user6/user6.json,idx_124
waveIn,trainingSamples,raw_data/EMG-EPN612/testingJSON/user6/user6.json,idx_125
open,trainingSamples,raw_data/EMG-EPN612/testingJSON/user6/user6.json,idx_126
open,trainingSamples,raw_data/EMG-EPN612/testingJSON/user6/user6.json,idx_127
open,trainingSamples,raw_data/EMG-EPN612/testingJSON/user6/user6.json,idx_128
open,trainingSamples,raw_data/EMG-EPN612/testingJSON/user6/user6.json,idx_129
open,trainingSamples,raw_data/EMG-EPN612/testingJSON/user6/user6.json,idx_130
open,trainingSamples,raw_data/EMG-EPN612/testingJSON/user6/user6.json,idx_131
open,trainingSamples,raw_data/EMG-EPN612/testingJSON/user6/user6.json,idx_132
open,trainingSamples,raw_data/EMG-EPN612/testingJSON/user6/user6.json,idx_133
open,trainingSamples,raw_data/EMG-EPN612/testingJSON/user6/user6.json,idx_134
open,trainingSamples,raw_data/EMG-EPN612/testingJSON/user6/user6.json,idx_135
open,trainingSamples,raw_data/EMG-EPN612/testingJSON/user6/user6.json,idx_136
open,trainingSamples,raw_data/EMG-EPN612/testingJSON/user6/user6.json,idx_137
open,trainingSamples,raw_data/EMG-EPN612/testingJSON/user6/user6.json,idx_138
open,trainingSamples,raw_data/EMG-EPN612/testingJSON/user6/user6.json,idx_139
open,trainingSamples,raw_data/EMG-EPN612/testingJSON/user6/user6.json,idx_140
open,trainingSamples,raw_data/EMG-EPN612/testingJSON/user6/user6.json,idx_141
open,trainingSamples,raw_data/EMG-EPN612/testingJSON/user6/user6.json,idx_142
open,trainingSamples,raw_data/EMG-EPN612/testingJSON/user6/user6.json,idx_143
open,trainingSamples,raw_data/EMG-EPN612/testingJSON/user6/user6.json,idx_144
open,trainingSamples,raw_data/EMG-EPN612/testingJSON/user6/user6.json,idx_145
open,trainingSamples,raw_data/EMG-EPN612/testingJSON/user6/user6.json,idx_146
open,trainingSamples,raw_data/EMG-EPN612/testingJSON/user6/user6.json,idx_147
open,trainingSamples,raw_data/EMG-EPN612/testingJSON/user6/user6.json,idx_148
open,trainingSamples,raw_data/EMG-EPN612/testingJSON/user6/user6.json,idx_149
open,trainingSamples,raw_data/EMG-EPN612/testingJSON/user6/user6.json,idx_150
noGesture,trainingSamples,raw_data/EMG-EPN612/testingJSON/user60/user60.json,idx_1
noGesture,trainingSamples,raw_data/EMG-EPN612/testingJSON/user60/user60.json,idx_2
noGesture,trainingSamples,raw_data/EMG-EPN612/testingJSON/user60/user60.json,idx_3
noGesture,trainingSamples,raw_data/EMG-EPN612/testingJSON/user60/user60.json,idx_4
noGesture,trainingSamples,raw_data/EMG-EPN612/testingJSON/user60/user60.json,idx_5
noGesture,trainingSamples,raw_data/EMG-EPN612/testingJSON/user60/user60.json,idx_6
noGesture,trainingSamples,raw_data/EMG-EPN612/testingJSON/user60/user60.json,idx_7
noGesture,trainingSamples,raw_data/EMG-EPN612/testingJSON/user60/user60.json,idx_8
noGesture,trainingSamples,raw_data/EMG-EPN612/testingJSON/user60/user60.json,idx_9
noGesture,trainingSamples,raw_data/EMG-EPN612/testingJSON/user60/user60.json,idx_10
noGesture,trainingSamples,raw_data/EMG-EPN612/testingJSON/user60/user60.json,idx_11
noGesture,trainingSamples,raw_data/EMG-EPN612/testingJSON/user60/user60.json,idx_12
noGesture,trainingSamples,raw_data/EMG-EPN612/testingJSON/user60/user60.json,idx_13
noGesture,trainingSamples,raw_data/EMG-EPN612/testingJSON/user60/user60.json,idx_14
noGesture,trainingSamples,raw_data/EMG-EPN612/testingJSON/user60/user60.json,idx_15
noGesture,trainingSamples,raw_data/EMG-EPN612/testingJSON/user60/user60.json,idx_16
noGesture,trainingSamples,raw_data/EMG-EPN612/testingJSON/user60/user60.json,idx_17
noGesture,trainingSamples,raw_data/EMG-EPN612/testingJSON/user60/user60.json,idx_18
noGesture,trainingSamples,raw_data/EMG-EPN612/testingJSON/user60/user60.json,idx_19
noGesture,trainingSamples,raw_data/EMG-EPN612/testingJSON/user60/user60.json,idx_20
noGesture,trainingSamples,raw_data/EMG-EPN612/testingJSON/user60/user60.json,idx_21
noGesture,trainingSamples,raw_data/EMG-EPN612/testingJSON/user60/user60.json,idx_22
noGesture,trainingSamples,raw_data/EMG-EPN612/testingJSON/user60/user60.json,idx_23
noGesture,trainingSamples,raw_data/EMG-EPN612/testingJSON/user60/user60.json,idx_24
noGesture,trainingSamples,raw_data/EMG-EPN612/testingJSON/user60/user60.json,idx_25
pinch,trainingSamples,raw_data/EMG-EPN612/testingJSON/user60/user60.json,idx_26
pinch,trainingSamples,raw_data/EMG-EPN612/testingJSON/user60/user60.json,idx_27
pinch,trainingSamples,raw_data/EMG-EPN612/testingJSON/user60/user60.json,idx_28
pinch,trainingSamples,raw_data/EMG-EPN612/testingJSON/user60/user60.json,idx_29
pinch,trainingSamples,raw_data/EMG-EPN612/testingJSON/user60/user60.json,idx_30
pinch,trainingSamples,raw_data/EMG-EPN612/testingJSON/user60/user60.json,idx_31
pinch,trainingSamples,raw_data/EMG-EPN612/testingJSON/user60/user60.json,idx_32
pinch,trainingSamples,raw_data/EMG-EPN612/testingJSON/user60/user60.json,idx_33
pinch,trainingSamples,raw_data/EMG-EPN612/testingJSON/user60/user60.json,idx_34
pinch,trainingSamples,raw_data/EMG-EPN612/testingJSON/user60/user60.json,idx_35
pinch,trainingSamples,raw_data/EMG-EPN612/testingJSON/user60/user60.json,idx_36
pinch,trainingSamples,raw_data/EMG-EPN612/testingJSON/user60/user60.json,idx_37
pinch,trainingSamples,raw_data/EMG-EPN612/testingJSON/user60/user60.json,idx_38
pinch,trainingSamples,raw_data/EMG-EPN612/testingJSON/user60/user60.json,idx_39
pinch,trainingSamples,raw_data/EMG-EPN612/testingJSON/user60/user60.json,idx_40
pinch,trainingSamples,raw_data/EMG-EPN612/testingJSON/user60/user60.json,idx_41
pinch,trainingSamples,raw_data/EMG-EPN612/testingJSON/user60/user60.json,idx_42
pinch,trainingSamples,raw_data/EMG-EPN612/testingJSON/user60/user60.json,idx_43
pinch,trainingSamples,raw_data/EMG-EPN612/testingJSON/user60/user60.json,idx_44
pinch,trainingSamples,raw_data/EMG-EPN612/testingJSON/user60/user60.json,idx_45
pinch,trainingSamples,raw_data/EMG-EPN612/testingJSON/user60/user60.json,idx_46
pinch,trainingSamples,raw_data/EMG-EPN612/testingJSON/user60/user60.json,idx_47
pinch,trainingSamples,raw_data/EMG-EPN612/testingJSON/user60/user60.json,idx_48
pinch,trainingSamples,raw_data/EMG-EPN612/testingJSON/user60/user60.json,idx_49
pinch,trainingSamples,raw_data/EMG-EPN612/testingJSON/user60/user60.json,idx_50
waveOut,trainingSamples,raw_data/EMG-EPN612/testingJSON/user60/user60.json,idx_51
waveOut,trainingSamples,raw_data/EMG-EPN612/testingJSON/user60/user60.json,idx_52
waveOut,trainingSamples,raw_data/EMG-EPN612/testingJSON/user60/user60.json,idx_53
waveOut,trainingSamples,raw_data/EMG-EPN612/testingJSON/user60/user60.json,idx_54
waveOut,trainingSamples,raw_data/EMG-EPN612/testingJSON/user60/user60.json,idx_55
waveOut,trainingSamples,raw_data/EMG-EPN612/testingJSON/user60/user60.json,idx_56
waveOut,trainingSamples,raw_data/EMG-EPN612/testingJSON/user60/user60.json,idx_57
waveOut,trainingSamples,raw_data/EMG-EPN612/testingJSON/user60/user60.json,idx_58
waveOut,trainingSamples,raw_data/EMG-EPN612/testingJSON/user60/user60.json,idx_59
waveOut,trainingSamples,raw_data/EMG-EPN612/testingJSON/user60/user60.json,idx_60
waveOut,trainingSamples,raw_data/EMG-EPN612/testingJSON/user60/user60.json,idx_61
waveOut,trainingSamples,raw_data/EMG-EPN612/testingJSON/user60/user60.json,idx_62
waveOut,trainingSamples,raw_data/EMG-EPN612/testingJSON/user60/user60.json,idx_63
waveOut,trainingSamples,raw_data/EMG-EPN612/testingJSON/user60/user60.json,idx_64
waveOut,trainingSamples,raw_data/EMG-EPN612/testingJSON/user60/user60.json,idx_65
waveOut,trainingSamples,raw_data/EMG-EPN612/testingJSON/user60/user60.json,idx_66
waveOut,trainingSamples,raw_data/EMG-EPN612/testingJSON/user60/user60.json,idx_67
waveOut,trainingSamples,raw_data/EMG-EPN612/testingJSON/user60/user60.json,idx_68
waveOut,trainingSamples,raw_data/EMG-EPN612/testingJSON/user60/user60.json,idx_69
waveOut,trainingSamples,raw_data/EMG-EPN612/testingJSON/user60/user60.json,idx_70
waveOut,trainingSamples,raw_data/EMG-EPN612/testingJSON/user60/user60.json,idx_71
waveOut,trainingSamples,raw_data/EMG-EPN612/testingJSON/user60/user60.json,idx_72
waveOut,trainingSamples,raw_data/EMG-EPN612/testingJSON/user60/user60.json,idx_73
waveOut,trainingSamples,raw_data/EMG-EPN612/testingJSON/user60/user60.json,idx_74
waveOut,trainingSamples,raw_data/EMG-EPN612/testingJSON/user60/user60.json,idx_75
open,trainingSamples,raw_data/EMG-EPN612/testingJSON/user60/user60.json,idx_76
open,trainingSamples,raw_data/EMG-EPN612/testingJSON/user60/user60.json,idx_77
open,trainingSamples,raw_data/EMG-EPN612/testingJSON/user60/user60.json,idx_78
open,trainingSamples,raw_data/EMG-EPN612/testingJSON/user60/user60.json,idx_79
open,trainingSamples,raw_data/EMG-EPN612/testingJSON/user60/user60.json,idx_80
open,trainingSamples,raw_data/EMG-EPN612/testingJSON/user60/user60.json,idx_81
open,trainingSamples,raw_data/EMG-EPN612/testingJSON/user60/user60.json,idx_82
open,trainingSamples,raw_data/EMG-EPN612/testingJSON/user60/user60.json,idx_83
open,trainingSamples,raw_data/EMG-EPN612/testingJSON/user60/user60.json,idx_84
open,trainingSamples,raw_data/EMG-EPN612/testingJSON/user60/user60.json,idx_85
open,trainingSamples,raw_data/EMG-EPN612/testingJSON/user60/user60.json,idx_86
open,trainingSamples,raw_data/EMG-EPN612/testingJSON/user60/user60.json,idx_87
open,trainingSamples,raw_data/EMG-EPN612/testingJSON/user60/user60.json,idx_88
open,trainingSamples,raw_data/EMG-EPN612/testingJSON/user60/user60.json,idx_89
open,trainingSamples,raw_data/EMG-EPN612/testingJSON/user60/user60.json,idx_90
open,trainingSamples,raw_data/EMG-EPN612/testingJSON/user60/user60.json,idx_91
open,trainingSamples,raw_data/EMG-EPN612/testingJSON/user60/user60.json,idx_92
open,trainingSamples,raw_data/EMG-EPN612/testingJSON/user60/user60.json,idx_93
open,trainingSamples,raw_data/EMG-EPN612/testingJSON/user60/user60.json,idx_94
open,trainingSamples,raw_data/EMG-EPN612/testingJSON/user60/user60.json,idx_95
open,trainingSamples,raw_data/EMG-EPN612/testingJSON/user60/user60.json,idx_96
open,trainingSamples,raw_data/EMG-EPN612/testingJSON/user60/user60.json,idx_97
open,trainingSamples,raw_data/EMG-EPN612/testingJSON/user60/user60.json,idx_98
open,trainingSamples,raw_data/EMG-EPN612/testingJSON/user60/user60.json,idx_99
open,trainingSamples,raw_data/EMG-EPN612/testingJSON/user60/user60.json,idx_100
waveIn,trainingSamples,raw_data/EMG-EPN612/testingJSON/user60/user60.json,idx_101
waveIn,trainingSamples,raw_data/EMG-EPN612/testingJSON/user60/user60.json,idx_102
waveIn,trainingSamples,raw_data/EMG-EPN612/testingJSON/user60/user60.json,idx_103
waveIn,trainingSamples,raw_data/EMG-EPN612/testingJSON/user60/user60.json,idx_104
waveIn,trainingSamples,raw_data/EMG-EPN612/testingJSON/user60/user60.json,idx_105
waveIn,trainingSamples,raw_data/EMG-EPN612/testingJSON/user60/user60.json,idx_106
waveIn,trainingSamples,raw_data/EMG-EPN612/testingJSON/user60/user60.json,idx_107
waveIn,trainingSamples,raw_data/EMG-EPN612/testingJSON/user60/user60.json,idx_108
waveIn,trainingSamples,raw_data/EMG-EPN612/testingJSON/user60/user60.json,idx_109
waveIn,trainingSamples,raw_data/EMG-EPN612/testingJSON/user60/user60.json,idx_110
waveIn,trainingSamples,raw_data/EMG-EPN612/testingJSON/user60/user60.json,idx_111
waveIn,trainingSamples,raw_data/EMG-EPN612/testingJSON/user60/user60.json,idx_112
waveIn,trainingSamples,raw_data/EMG-EPN612/testingJSON/user60/user60.json,idx_113
waveIn,trainingSamples,raw_data/EMG-EPN612/testingJSON/user60/user60.json,idx_114
waveIn,trainingSamples,raw_data/EMG-EPN612/testingJSON/user60/user60.json,idx_115
waveIn,trainingSamples,raw_data/EMG-EPN612/testingJSON/user60/user60.json,idx_116
waveIn,trainingSamples,raw_data/EMG-EPN612/testingJSON/user60/user60.json,idx_117
waveIn,trainingSamples,raw_data/EMG-EPN612/testingJSON/user60/user60.json,idx_118
waveIn,trainingSamples,raw_data/EMG-EPN612/testingJSON/user60/user60.json,idx_119
waveIn,trainingSamples,raw_data/EMG-EPN612/testingJSON/user60/user60.json,idx_120
waveIn,trainingSamples,raw_data/EMG-EPN612/testingJSON/user60/user60.json,idx_121
waveIn,trainingSamples,raw_data/EMG-EPN612/testingJSON/user60/user60.json,idx_122
waveIn,trainingSamples,raw_data/EMG-EPN612/testingJSON/user60/user60.json,idx_123
waveIn,trainingSamples,raw_data/EMG-EPN612/testingJSON/user60/user60.json,idx_124
waveIn,trainingSamples,raw_data/EMG-EPN612/testingJSON/user60/user60.json,idx_125
fist,trainingSamples,raw_data/EMG-EPN612/testingJSON/user60/user60.json,idx_126
fist,trainingSamples,raw_data/EMG-EPN612/testingJSON/user60/user60.json,idx_127
fist,trainingSamples,raw_data/EMG-EPN612/testingJSON/user60/user60.json,idx_128
fist,trainingSamples,raw_data/EMG-EPN612/testingJSON/user60/user60.json,idx_129
fist,trainingSamples,raw_data/EMG-EPN612/testingJSON/user60/user60.json,idx_130
fist,trainingSamples,raw_data/EMG-EPN612/testingJSON/user60/user60.json,idx_131
fist,trainingSamples,raw_data/EMG-EPN612/testingJSON/user60/user60.json,idx_132
fist,trainingSamples,raw_data/EMG-EPN612/testingJSON/user60/user60.json,idx_133
fist,trainingSamples,raw_data/EMG-EPN612/testingJSON/user60/user60.json,idx_134
fist,trainingSamples,raw_data/EMG-EPN612/testingJSON/user60/user60.json,idx_135
fist,trainingSamples,raw_data/EMG-EPN612/testingJSON/user60/user60.json,idx_136
fist,trainingSamples,raw_data/EMG-EPN612/testingJSON/user60/user60.json,idx_137
fist,trainingSamples,raw_data/EMG-EPN612/testingJSON/user60/user60.json,idx_138
fist,trainingSamples,raw_data/EMG-EPN612/testingJSON/user60/user60.json,idx_139
fist,trainingSamples,raw_data/EMG-EPN612/testingJSON/user60/user60.json,idx_140
fist,trainingSamples,raw_data/EMG-EPN612/testingJSON/user60/user60.json,idx_141
fist,trainingSamples,raw_data/EMG-EPN612/testingJSON/user60/user60.json,idx_142
fist,trainingSamples,raw_data/EMG-EPN612/testingJSON/user60/user60.json,idx_143
fist,trainingSamples,raw_data/EMG-EPN612/testingJSON/user60/user60.json,idx_144
fist,trainingSamples,raw_data/EMG-EPN612/testingJSON/user60/user60.json,idx_145
fist,trainingSamples,raw_data/EMG-EPN612/testingJSON/user60/user60.json,idx_146
fist,trainingSamples,raw_data/EMG-EPN612/testingJSON/user60/user60.json,idx_147
fist,trainingSamples,raw_data/EMG-EPN612/testingJSON/user60/user60.json,idx_148
fist,trainingSamples,raw_data/EMG-EPN612/testingJSON/user60/user60.json,idx_149
fist,trainingSamples,raw_data/EMG-EPN612/testingJSON/user60/user60.json,idx_150
noGesture,trainingSamples,raw_data/EMG-EPN612/testingJSON/user61/user61.json,idx_1
noGesture,trainingSamples,raw_data/EMG-EPN612/testingJSON/user61/user61.json,idx_2
noGesture,trainingSamples,raw_data/EMG-EPN612/testingJSON/user61/user61.json,idx_3
noGesture,trainingSamples,raw_data/EMG-EPN612/testingJSON/user61/user61.json,idx_4
noGesture,trainingSamples,raw_data/EMG-EPN612/testingJSON/user61/user61.json,idx_5
noGesture,trainingSamples,raw_data/EMG-EPN612/testingJSON/user61/user61.json,idx_6
noGesture,trainingSamples,raw_data/EMG-EPN612/testingJSON/user61/user61.json,idx_7
noGesture,trainingSamples,raw_data/EMG-EPN612/testingJSON/user61/user61.json,idx_8
noGesture,trainingSamples,raw_data/EMG-EPN612/testingJSON/user61/user61.json,idx_9
noGesture,trainingSamples,raw_data/EMG-EPN612/testingJSON/user61/user61.json,idx_10
noGesture,trainingSamples,raw_data/EMG-EPN612/testingJSON/user61/user61.json,idx_11
noGesture,trainingSamples,raw_data/EMG-EPN612/testingJSON/user61/user61.json,idx_12
noGesture,trainingSamples,raw_data/EMG-EPN612/testingJSON/user61/user61.json,idx_13
noGesture,trainingSamples,raw_data/EMG-EPN612/testingJSON/user61/user61.json,idx_14
noGesture,trainingSamples,raw_data/EMG-EPN612/testingJSON/user61/user61.json,idx_15
noGesture,trainingSamples,raw_data/EMG-EPN612/testingJSON/user61/user61.json,idx_16
noGesture,trainingSamples,raw_data/EMG-EPN612/testingJSON/user61/user61.json,idx_17
noGesture,trainingSamples,raw_data/EMG-EPN612/testingJSON/user61/user61.json,idx_18
noGesture,trainingSamples,raw_data/EMG-EPN612/testingJSON/user61/user61.json,idx_19
noGesture,trainingSamples,raw_data/EMG-EPN612/testingJSON/user61/user61.json,idx_20
noGesture,trainingSamples,raw_data/EMG-EPN612/testingJSON/user61/user61.json,idx_21
noGesture,trainingSamples,raw_data/EMG-EPN612/testingJSON/user61/user61.json,idx_22
noGesture,trainingSamples,raw_data/EMG-EPN612/testingJSON/user61/user61.json,idx_23
noGesture,trainingSamples,raw_data/EMG-EPN612/testingJSON/user61/user61.json,idx_24
noGesture,trainingSamples,raw_data/EMG-EPN612/testingJSON/user61/user61.json,idx_25
waveOut,trainingSamples,raw_data/EMG-EPN612/testingJSON/user61/user61.json,idx_26
waveOut,trainingSamples,raw_data/EMG-EPN612/testingJSON/user61/user61.json,idx_27
waveOut,trainingSamples,raw_data/EMG-EPN612/testingJSON/user61/user61.json,idx_28
waveOut,trainingSamples,raw_data/EMG-EPN612/testingJSON/user61/user61.json,idx_29
waveOut,trainingSamples,raw_data/EMG-EPN612/testingJSON/user61/user61.json,idx_30
waveOut,trainingSamples,raw_data/EMG-EPN612/testingJSON/user61/user61.json,idx_31
waveOut,trainingSamples,raw_data/EMG-EPN612/testingJSON/user61/user61.json,idx_32
waveOut,trainingSamples,raw_data/EMG-EPN612/testingJSON/user61/user61.json,idx_33
waveOut,trainingSamples,raw_data/EMG-EPN612/testingJSON/user61/user61.json,idx_34
waveOut,trainingSamples,raw_data/EMG-EPN612/testingJSON/user61/user61.json,idx_35
waveOut,trainingSamples,raw_data/EMG-EPN612/testingJSON/user61/user61.json,idx_36
waveOut,trainingSamples,raw_data/EMG-EPN612/testingJSON/user61/user61.json,idx_37
waveOut,trainingSamples,raw_data/EMG-EPN612/testingJSON/user61/user61.json,idx_38
waveOut,trainingSamples,raw_data/EMG-EPN612/testingJSON/user61/user61.json,idx_39
waveOut,trainingSamples,raw_data/EMG-EPN612/testingJSON/user61/user61.json,idx_40
waveOut,trainingSamples,raw_data/EMG-EPN612/testingJSON/user61/user61.json,idx_41
waveOut,trainingSamples,raw_data/EMG-EPN612/testingJSON/user61/user61.json,idx_42
waveOut,trainingSamples,raw_data/EMG-EPN612/testingJSON/user61/user61.json,idx_43
waveOut,trainingSamples,raw_data/EMG-EPN612/testingJSON/user61/user61.json,idx_44
waveOut,trainingSamples,raw_data/EMG-EPN612/testingJSON/user61/user61.json,idx_45
waveOut,trainingSamples,raw_data/EMG-EPN612/testingJSON/user61/user61.json,idx_46
waveOut,trainingSamples,raw_data/EMG-EPN612/testingJSON/user61/user61.json,idx_47
waveOut,trainingSamples,raw_data/EMG-EPN612/testingJSON/user61/user61.json,idx_48
waveOut,trainingSamples,raw_data/EMG-EPN612/testingJSON/user61/user61.json,idx_49
waveOut,trainingSamples,raw_data/EMG-EPN612/testingJSON/user61/user61.json,idx_50
pinch,trainingSamples,raw_data/EMG-EPN612/testingJSON/user61/user61.json,idx_51
pinch,trainingSamples,raw_data/EMG-EPN612/testingJSON/user61/user61.json,idx_52
pinch,trainingSamples,raw_data/EMG-EPN612/testingJSON/user61/user61.json,idx_53
pinch,trainingSamples,raw_data/EMG-EPN612/testingJSON/user61/user61.json,idx_54
pinch,trainingSamples,raw_data/EMG-EPN612/testingJSON/user61/user61.json,idx_55
pinch,trainingSamples,raw_data/EMG-EPN612/testingJSON/user61/user61.json,idx_56
pinch,trainingSamples,raw_data/EMG-EPN612/testingJSON/user61/user61.json,idx_57
pinch,trainingSamples,raw_data/EMG-EPN612/testingJSON/user61/user61.json,idx_58
pinch,trainingSamples,raw_data/EMG-EPN612/testingJSON/user61/user61.json,idx_59
pinch,trainingSamples,raw_data/EMG-EPN612/testingJSON/user61/user61.json,idx_60
pinch,trainingSamples,raw_data/EMG-EPN612/testingJSON/user61/user61.json,idx_61
pinch,trainingSamples,raw_data/EMG-EPN612/testingJSON/user61/user61.json,idx_62
pinch,trainingSamples,raw_data/EMG-EPN612/testingJSON/user61/user61.json,idx_63
pinch,trainingSamples,raw_data/EMG-EPN612/testingJSON/user61/user61.json,idx_64
pinch,trainingSamples,raw_data/EMG-EPN612/testingJSON/user61/user61.json,idx_65
pinch,trainingSamples,raw_data/EMG-EPN612/testingJSON/user61/user61.json,idx_66
pinch,trainingSamples,raw_data/EMG-EPN612/testingJSON/user61/user61.json,idx_67
pinch,trainingSamples,raw_data/EMG-EPN612/testingJSON/user61/user61.json,idx_68
pinch,trainingSamples,raw_data/EMG-EPN612/testingJSON/user61/user61.json,idx_69
pinch,trainingSamples,raw_data/EMG-EPN612/testingJSON/user61/user61.json,idx_70
pinch,trainingSamples,raw_data/EMG-EPN612/testingJSON/user61/user61.json,idx_71
pinch,trainingSamples,raw_data/EMG-EPN612/testingJSON/user61/user61.json,idx_72
pinch,trainingSamples,raw_data/EMG-EPN612/testingJSON/user61/user61.json,idx_73
pinch,trainingSamples,raw_data/EMG-EPN612/testingJSON/user61/user61.json,idx_74
pinch,trainingSamples,raw_data/EMG-EPN612/testingJSON/user61/user61.json,idx_75
fist,trainingSamples,raw_data/EMG-EPN612/testingJSON/user61/user61.json,idx_76
fist,trainingSamples,raw_data/EMG-EPN612/testingJSON/user61/user61.json,idx_77
fist,trainingSamples,raw_data/EMG-EPN612/testingJSON/user61/user61.json,idx_78
fist,trainingSamples,raw_data/EMG-EPN612/testingJSON/user61/user61.json,idx_79
fist,trainingSamples,raw_data/EMG-EPN612/testingJSON/user61/user61.json,idx_80
fist,trainingSamples,raw_data/EMG-EPN612/testingJSON/user61/user61.json,idx_81
fist,trainingSamples,raw_data/EMG-EPN612/testingJSON/user61/user61.json,idx_82
fist,trainingSamples,raw_data/EMG-EPN612/testingJSON/user61/user61.json,idx_83
fist,trainingSamples,raw_data/EMG-EPN612/testingJSON/user61/user61.json,idx_84
fist,trainingSamples,raw_data/EMG-EPN612/testingJSON/user61/user61.json,idx_85
fist,trainingSamples,raw_data/EMG-EPN612/testingJSON/user61/user61.json,idx_86
fist,trainingSamples,raw_data/EMG-EPN612/testingJSON/user61/user61.json,idx_87
fist,trainingSamples,raw_data/EMG-EPN612/testingJSON/user61/user61.json,idx_88
fist,trainingSamples,raw_data/EMG-EPN612/testingJSON/user61/user61.json,idx_89
fist,trainingSamples,raw_data/EMG-EPN612/testingJSON/user61/user61.json,idx_90
fist,trainingSamples,raw_data/EMG-EPN612/testingJSON/user61/user61.json,idx_91
fist,trainingSamples,raw_data/EMG-EPN612/testingJSON/user61/user61.json,idx_92
fist,trainingSamples,raw_data/EMG-EPN612/testingJSON/user61/user61.json,idx_93
fist,trainingSamples,raw_data/EMG-EPN612/testingJSON/user61/user61.json,idx_94
fist,trainingSamples,raw_data/EMG-EPN612/testingJSON/user61/user61.json,idx_95
fist,trainingSamples,raw_data/EMG-EPN612/testingJSON/user61/user61.json,idx_96
fist,trainingSamples,raw_data/EMG-EPN612/testingJSON/user61/user61.json,idx_97
fist,trainingSamples,raw_data/EMG-EPN612/testingJSON/user61/user61.json,idx_98
fist,trainingSamples,raw_data/EMG-EPN612/testingJSON/user61/user61.json,idx_99
fist,trainingSamples,raw_data/EMG-EPN612/testingJSON/user61/user61.json,idx_100
waveIn,trainingSamples,raw_data/EMG-EPN612/testingJSON/user61/user61.json,idx_101
waveIn,trainingSamples,raw_data/EMG-EPN612/testingJSON/user61/user61.json,idx_102
waveIn,trainingSamples,raw_data/EMG-EPN612/testingJSON/user61/user61.json,idx_103
waveIn,trainingSamples,raw_data/EMG-EPN612/testingJSON/user61/user61.json,idx_104
waveIn,trainingSamples,raw_data/EMG-EPN612/testingJSON/user61/user61.json,idx_105
waveIn,trainingSamples,raw_data/EMG-EPN612/testingJSON/user61/user61.json,idx_106
waveIn,trainingSamples,raw_data/EMG-EPN612/testingJSON/user61/user61.json,idx_107
waveIn,trainingSamples,raw_data/EMG-EPN612/testingJSON/user61/user61.json,idx_108
waveIn,trainingSamples,raw_data/EMG-EPN612/testingJSON/user61/user61.json,idx_109
waveIn,trainingSamples,raw_data/EMG-EPN612/testingJSON/user61/user61.json,idx_110
waveIn,trainingSamples,raw_data/EMG-EPN612/testingJSON/user61/user61.json,idx_111
waveIn,trainingSamples,raw_data/EMG-EPN612/testingJSON/user61/user61.json,idx_112
waveIn,trainingSamples,raw_data/EMG-EPN612/testingJSON/user61/user61.json,idx_113
waveIn,trainingSamples,raw_data/EMG-EPN612/testingJSON/user61/user61.json,idx_114
waveIn,trainingSamples,raw_data/EMG-EPN612/testingJSON/user61/user61.json,idx_115
waveIn,trainingSamples,raw_data/EMG-EPN612/testingJSON/user61/user61.json,idx_116
waveIn,trainingSamples,raw_data/EMG-EPN612/testingJSON/user61/user61.json,idx_117
waveIn,trainingSamples,raw_data/EMG-EPN612/testingJSON/user61/user61.json,idx_118
waveIn,trainingSamples,raw_data/EMG-EPN612/testingJSON/user61/user61.json,idx_119
waveIn,trainingSamples,raw_data/EMG-EPN612/testingJSON/user61/user61.json,idx_120
waveIn,trainingSamples,raw_data/EMG-EPN612/testingJSON/user61/user61.json,idx_121
waveIn,trainingSamples,raw_data/EMG-EPN612/testingJSON/user61/user61.json,idx_122
waveIn,trainingSamples,raw_data/EMG-EPN612/testingJSON/user61/user61.json,idx_123
waveIn,trainingSamples,raw_data/EMG-EPN612/testingJSON/user61/user61.json,idx_124
waveIn,trainingSamples,raw_data/EMG-EPN612/testingJSON/user61/user61.json,idx_125
open,trainingSamples,raw_data/EMG-EPN612/testingJSON/user61/user61.json,idx_126
open,trainingSamples,raw_data/EMG-EPN612/testingJSON/user61/user61.json,idx_127
open,trainingSamples,raw_data/EMG-EPN612/testingJSON/user61/user61.json,idx_128
open,trainingSamples,raw_data/EMG-EPN612/testingJSON/user61/user61.json,idx_129
open,trainingSamples,raw_data/EMG-EPN612/testingJSON/user61/user61.json,idx_130
open,trainingSamples,raw_data/EMG-EPN612/testingJSON/user61/user61.json,idx_131
open,trainingSamples,raw_data/EMG-EPN612/testingJSON/user61/user61.json,idx_132
open,trainingSamples,raw_data/EMG-EPN612/testingJSON/user61/user61.json,idx_133
open,trainingSamples,raw_data/EMG-EPN612/testingJSON/user61/user61.json,idx_134
open,trainingSamples,raw_data/EMG-EPN612/testingJSON/user61/user61.json,idx_135
open,trainingSamples,raw_data/EMG-EPN612/testingJSON/user61/user61.json,idx_136
open,trainingSamples,raw_data/EMG-EPN612/testingJSON/user61/user61.json,idx_137
open,trainingSamples,raw_data/EMG-EPN612/testingJSON/user61/user61.json,idx_138
open,trainingSamples,raw_data/EMG-EPN612/testingJSON/user61/user61.json,idx_139
open,trainingSamples,raw_data/EMG-EPN612/testingJSON/user61/user61.json,idx_140
open,trainingSamples,raw_data/EMG-EPN612/testingJSON/user61/user61.json,idx_141
open,trainingSamples,raw_data/EMG-EPN612/testingJSON/user61/user61.json,idx_142
open,trainingSamples,raw_data/EMG-EPN612/testingJSON/user61/user61.json,idx_143
open,trainingSamples,raw_data/EMG-EPN612/testingJSON/user61/user61.json,idx_144
open,trainingSamples,raw_data/EMG-EPN612/testingJSON/user61/user61.json,idx_145
open,trainingSamples,raw_data/EMG-EPN612/testingJSON/user61/user61.json,idx_146
open,trainingSamples,raw_data/EMG-EPN612/testingJSON/user61/user61.json,idx_147
open,trainingSamples,raw_data/EMG-EPN612/testingJSON/user61/user61.json,idx_148
open,trainingSamples,raw_data/EMG-EPN612/testingJSON/user61/user61.json,idx_149
open,trainingSamples,raw_data/EMG-EPN612/testingJSON/user61/user61.json,idx_150
noGesture,trainingSamples,raw_data/EMG-EPN612/testingJSON/user62/user62.json,idx_1
noGesture,trainingSamples,raw_data/EMG-EPN612/testingJSON/user62/user62.json,idx_2
noGesture,trainingSamples,raw_data/EMG-EPN612/testingJSON/user62/user62.json,idx_3
noGesture,trainingSamples,raw_data/EMG-EPN612/testingJSON/user62/user62.json,idx_4
noGesture,trainingSamples,raw_data/EMG-EPN612/testingJSON/user62/user62.json,idx_5
noGesture,trainingSamples,raw_data/EMG-EPN612/testingJSON/user62/user62.json,idx_6
noGesture,trainingSamples,raw_data/EMG-EPN612/testingJSON/user62/user62.json,idx_7
noGesture,trainingSamples,raw_data/EMG-EPN612/testingJSON/user62/user62.json,idx_8
noGesture,trainingSamples,raw_data/EMG-EPN612/testingJSON/user62/user62.json,idx_9
noGesture,trainingSamples,raw_data/EMG-EPN612/testingJSON/user62/user62.json,idx_10
noGesture,trainingSamples,raw_data/EMG-EPN612/testingJSON/user62/user62.json,idx_11
noGesture,trainingSamples,raw_data/EMG-EPN612/testingJSON/user62/user62.json,idx_12
noGesture,trainingSamples,raw_data/EMG-EPN612/testingJSON/user62/user62.json,idx_13
noGesture,trainingSamples,raw_data/EMG-EPN612/testingJSON/user62/user62.json,idx_14
noGesture,trainingSamples,raw_data/EMG-EPN612/testingJSON/user62/user62.json,idx_15
noGesture,trainingSamples,raw_data/EMG-EPN612/testingJSON/user62/user62.json,idx_16
noGesture,trainingSamples,raw_data/EMG-EPN612/testingJSON/user62/user62.json,idx_17
noGesture,trainingSamples,raw_data/EMG-EPN612/testingJSON/user62/user62.json,idx_18
noGesture,trainingSamples,raw_data/EMG-EPN612/testingJSON/user62/user62.json,idx_19
noGesture,trainingSamples,raw_data/EMG-EPN612/testingJSON/user62/user62.json,idx_20
noGesture,trainingSamples,raw_data/EMG-EPN612/testingJSON/user62/user62.json,idx_21
noGesture,trainingSamples,raw_data/EMG-EPN612/testingJSON/user62/user62.json,idx_22
noGesture,trainingSamples,raw_data/EMG-EPN612/testingJSON/user62/user62.json,idx_23
noGesture,trainingSamples,raw_data/EMG-EPN612/testingJSON/user62/user62.json,idx_24
noGesture,trainingSamples,raw_data/EMG-EPN612/testingJSON/user62/user62.json,idx_25
waveOut,trainingSamples,raw_data/EMG-EPN612/testingJSON/user62/user62.json,idx_26
waveOut,trainingSamples,raw_data/EMG-EPN612/testingJSON/user62/user62.json,idx_27
waveOut,trainingSamples,raw_data/EMG-EPN612/testingJSON/user62/user62.json,idx_28
waveOut,trainingSamples,raw_data/EMG-EPN612/testingJSON/user62/user62.json,idx_29
waveOut,trainingSamples,raw_data/EMG-EPN612/testingJSON/user62/user62.json,idx_30
waveOut,trainingSamples,raw_data/EMG-EPN612/testingJSON/user62/user62.json,idx_31
waveOut,trainingSamples,raw_data/EMG-EPN612/testingJSON/user62/user62.json,idx_32
waveOut,trainingSamples,raw_data/EMG-EPN612/testingJSON/user62/user62.json,idx_33
waveOut,trainingSamples,raw_data/EMG-EPN612/testingJSON/user62/user62.json,idx_34
waveOut,trainingSamples,raw_data/EMG-EPN612/testingJSON/user62/user62.json,idx_35
waveOut,trainingSamples,raw_data/EMG-EPN612/testingJSON/user62/user62.json,idx_36
waveOut,trainingSamples,raw_data/EMG-EPN612/testingJSON/user62/user62.json,idx_37
waveOut,trainingSamples,raw_data/EMG-EPN612/testingJSON/user62/user62.json,idx_38
waveOut,trainingSamples,raw_data/EMG-EPN612/testingJSON/user62/user62.json,idx_39
waveOut,trainingSamples,raw_data/EMG-EPN612/testingJSON/user62/user62.json,idx_40
waveOut,trainingSamples,raw_data/EMG-EPN612/testingJSON/user62/user62.json,idx_41
waveOut,trainingSamples,raw_data/EMG-EPN612/testingJSON/user62/user62.json,idx_42
waveOut,trainingSamples,raw_data/EMG-EPN612/testingJSON/user62/user62.json,idx_43
waveOut,trainingSamples,raw_data/EMG-EPN612/testingJSON/user62/user62.json,idx_44
waveOut,trainingSamples,raw_data/EMG-EPN612/testingJSON/user62/user62.json,idx_45
waveOut,trainingSamples,raw_data/EMG-EPN612/testingJSON/user62/user62.json,idx_46
waveOut,trainingSamples,raw_data/EMG-EPN612/testingJSON/user62/user62.json,idx_47
waveOut,trainingSamples,raw_data/EMG-EPN612/testingJSON/user62/user62.json,idx_48
waveOut,trainingSamples,raw_data/EMG-EPN612/testingJSON/user62/user62.json,idx_49
waveOut,trainingSamples,raw_data/EMG-EPN612/testingJSON/user62/user62.json,idx_50
pinch,trainingSamples,raw_data/EMG-EPN612/testingJSON/user62/user62.json,idx_51
pinch,trainingSamples,raw_data/EMG-EPN612/testingJSON/user62/user62.json,idx_52
pinch,trainingSamples,raw_data/EMG-EPN612/testingJSON/user62/user62.json,idx_53
pinch,trainingSamples,raw_data/EMG-EPN612/testingJSON/user62/user62.json,idx_54
pinch,trainingSamples,raw_data/EMG-EPN612/testingJSON/user62/user62.json,idx_55
pinch,trainingSamples,raw_data/EMG-EPN612/testingJSON/user62/user62.json,idx_56
pinch,trainingSamples,raw_data/EMG-EPN612/testingJSON/user62/user62.json,idx_57
pinch,trainingSamples,raw_data/EMG-EPN612/testingJSON/user62/user62.json,idx_58
pinch,trainingSamples,raw_data/EMG-EPN612/testingJSON/user62/user62.json,idx_59
pinch,trainingSamples,raw_data/EMG-EPN612/testingJSON/user62/user62.json,idx_60
pinch,trainingSamples,raw_data/EMG-EPN612/testingJSON/user62/user62.json,idx_61
pinch,trainingSamples,raw_data/EMG-EPN612/testingJSON/user62/user62.json,idx_62
pinch,trainingSamples,raw_data/EMG-EPN612/testingJSON/user62/user62.json,idx_63
pinch,trainingSamples,raw_data/EMG-EPN612/testingJSON/user62/user62.json,idx_64
pinch,trainingSamples,raw_data/EMG-EPN612/testingJSON/user62/user62.json,idx_65
pinch,trainingSamples,raw_data/EMG-EPN612/testingJSON/user62/user62.json,idx_66
pinch,trainingSamples,raw_data/EMG-EPN612/testingJSON/user62/user62.json,idx_67
pinch,trainingSamples,raw_data/EMG-EPN612/testingJSON/user62/user62.json,idx_68
pinch,trainingSamples,raw_data/EMG-EPN612/testingJSON/user62/user62.json,idx_69
pinch,trainingSamples,raw_data/EMG-EPN612/testingJSON/user62/user62.json,idx_70
pinch,trainingSamples,raw_data/EMG-EPN612/testingJSON/user62/user62.json,idx_71
pinch,trainingSamples,raw_data/EMG-EPN612/testingJSON/user62/user62.json,idx_72
pinch,trainingSamples,raw_data/EMG-EPN612/testingJSON/user62/user62.json,idx_73
pinch,trainingSamples,raw_data/EMG-EPN612/testingJSON/user62/user62.json,idx_74
pinch,trainingSamples,raw_data/EMG-EPN612/testingJSON/user62/user62.json,idx_75
fist,trainingSamples,raw_data/EMG-EPN612/testingJSON/user62/user62.json,idx_76
fist,trainingSamples,raw_data/EMG-EPN612/testingJSON/user62/user62.json,idx_77
fist,trainingSamples,raw_data/EMG-EPN612/testingJSON/user62/user62.json,idx_78
fist,trainingSamples,raw_data/EMG-EPN612/testingJSON/user62/user62.json,idx_79
fist,trainingSamples,raw_data/EMG-EPN612/testingJSON/user62/user62.json,idx_80
fist,trainingSamples,raw_data/EMG-EPN612/testingJSON/user62/user62.json,idx_81
fist,trainingSamples,raw_data/EMG-EPN612/testingJSON/user62/user62.json,idx_82
fist,trainingSamples,raw_data/EMG-EPN612/testingJSON/user62/user62.json,idx_83
fist,trainingSamples,raw_data/EMG-EPN612/testingJSON/user62/user62.json,idx_84
fist,trainingSamples,raw_data/EMG-EPN612/testingJSON/user62/user62.json,idx_85
fist,trainingSamples,raw_data/EMG-EPN612/testingJSON/user62/user62.json,idx_86
fist,trainingSamples,raw_data/EMG-EPN612/testingJSON/user62/user62.json,idx_87
fist,trainingSamples,raw_data/EMG-EPN612/testingJSON/user62/user62.json,idx_88
fist,trainingSamples,raw_data/EMG-EPN612/testingJSON/user62/user62.json,idx_89
fist,trainingSamples,raw_data/EMG-EPN612/testingJSON/user62/user62.json,idx_90
fist,trainingSamples,raw_data/EMG-EPN612/testingJSON/user62/user62.json,idx_91
fist,trainingSamples,raw_data/EMG-EPN612/testingJSON/user62/user62.json,idx_92
fist,trainingSamples,raw_data/EMG-EPN612/testingJSON/user62/user62.json,idx_93
fist,trainingSamples,raw_data/EMG-EPN612/testingJSON/user62/user62.json,idx_94
fist,trainingSamples,raw_data/EMG-EPN612/testingJSON/user62/user62.json,idx_95
fist,trainingSamples,raw_data/EMG-EPN612/testingJSON/user62/user62.json,idx_96
fist,trainingSamples,raw_data/EMG-EPN612/testingJSON/user62/user62.json,idx_97
fist,trainingSamples,raw_data/EMG-EPN612/testingJSON/user62/user62.json,idx_98
fist,trainingSamples,raw_data/EMG-EPN612/testingJSON/user62/user62.json,idx_99
fist,trainingSamples,raw_data/EMG-EPN612/testingJSON/user62/user62.json,idx_100
waveIn,trainingSamples,raw_data/EMG-EPN612/testingJSON/user62/user62.json,idx_101
waveIn,trainingSamples,raw_data/EMG-EPN612/testingJSON/user62/user62.json,idx_102
waveIn,trainingSamples,raw_data/EMG-EPN612/testingJSON/user62/user62.json,idx_103
waveIn,trainingSamples,raw_data/EMG-EPN612/testingJSON/user62/user62.json,idx_104
waveIn,trainingSamples,raw_data/EMG-EPN612/testingJSON/user62/user62.json,idx_105
waveIn,trainingSamples,raw_data/EMG-EPN612/testingJSON/user62/user62.json,idx_106
waveIn,trainingSamples,raw_data/EMG-EPN612/testingJSON/user62/user62.json,idx_107
waveIn,trainingSamples,raw_data/EMG-EPN612/testingJSON/user62/user62.json,idx_108
waveIn,trainingSamples,raw_data/EMG-EPN612/testingJSON/user62/user62.json,idx_109
waveIn,trainingSamples,raw_data/EMG-EPN612/testingJSON/user62/user62.json,idx_110
waveIn,trainingSamples,raw_data/EMG-EPN612/testingJSON/user62/user62.json,idx_111
waveIn,trainingSamples,raw_data/EMG-EPN612/testingJSON/user62/user62.json,idx_112
waveIn,trainingSamples,raw_data/EMG-EPN612/testingJSON/user62/user62.json,idx_113
waveIn,trainingSamples,raw_data/EMG-EPN612/testingJSON/user62/user62.json,idx_114
waveIn,trainingSamples,raw_data/EMG-EPN612/testingJSON/user62/user62.json,idx_115
waveIn,trainingSamples,raw_data/EMG-EPN612/testingJSON/user62/user62.json,idx_116
waveIn,trainingSamples,raw_data/EMG-EPN612/testingJSON/user62/user62.json,idx_117
waveIn,trainingSamples,raw_data/EMG-EPN612/testingJSON/user62/user62.json,idx_118
waveIn,trainingSamples,raw_data/EMG-EPN612/testingJSON/user62/user62.json,idx_119
waveIn,trainingSamples,raw_data/EMG-EPN612/testingJSON/user62/user62.json,idx_120
waveIn,trainingSamples,raw_data/EMG-EPN612/testingJSON/user62/user62.json,idx_121
waveIn,trainingSamples,raw_data/EMG-EPN612/testingJSON/user62/user62.json,idx_122
waveIn,trainingSamples,raw_data/EMG-EPN612/testingJSON/user62/user62.json,idx_123
waveIn,trainingSamples,raw_data/EMG-EPN612/testingJSON/user62/user62.json,idx_124
waveIn,trainingSamples,raw_data/EMG-EPN612/testingJSON/user62/user62.json,idx_125
open,trainingSamples,raw_data/EMG-EPN612/testingJSON/user62/user62.json,idx_126
open,trainingSamples,raw_data/EMG-EPN612/testingJSON/user62/user62.json,idx_127
open,trainingSamples,raw_data/EMG-EPN612/testingJSON/user62/user62.json,idx_128
open,trainingSamples,raw_data/EMG-EPN612/testingJSON/user62/user62.json,idx_129
open,trainingSamples,raw_data/EMG-EPN612/testingJSON/user62/user62.json,idx_130
open,trainingSamples,raw_data/EMG-EPN612/testingJSON/user62/user62.json,idx_131
open,trainingSamples,raw_data/EMG-EPN612/testingJSON/user62/user62.json,idx_132
open,trainingSamples,raw_data/EMG-EPN612/testingJSON/user62/user62.json,idx_133
open,trainingSamples,raw_data/EMG-EPN612/testingJSON/user62/user62.json,idx_134
open,trainingSamples,raw_data/EMG-EPN612/testingJSON/user62/user62.json,idx_135
open,trainingSamples,raw_data/EMG-EPN612/testingJSON/user62/user62.json,idx_136
open,trainingSamples,raw_data/EMG-EPN612/testingJSON/user62/user62.json,idx_137
open,trainingSamples,raw_data/EMG-EPN612/testingJSON/user62/user62.json,idx_138
open,trainingSamples,raw_data/EMG-EPN612/testingJSON/user62/user62.json,idx_139
open,trainingSamples,raw_data/EMG-EPN612/testingJSON/user62/user62.json,idx_140
open,trainingSamples,raw_data/EMG-EPN612/testingJSON/user62/user62.json,idx_141
open,trainingSamples,raw_data/EMG-EPN612/testingJSON/user62/user62.json,idx_142
open,trainingSamples,raw_data/EMG-EPN612/testingJSON/user62/user62.json,idx_143
open,trainingSamples,raw_data/EMG-EPN612/testingJSON/user62/user62.json,idx_144
open,trainingSamples,raw_data/EMG-EPN612/testingJSON/user62/user62.json,idx_145
open,trainingSamples,raw_data/EMG-EPN612/testingJSON/user62/user62.json,idx_146
open,trainingSamples,raw_data/EMG-EPN612/testingJSON/user62/user62.json,idx_147
open,trainingSamples,raw_data/EMG-EPN612/testingJSON/user62/user62.json,idx_148
open,trainingSamples,raw_data/EMG-EPN612/testingJSON/user62/user62.json,idx_149
open,trainingSamples,raw_data/EMG-EPN612/testingJSON/user62/user62.json,idx_150
noGesture,trainingSamples,raw_data/EMG-EPN612/testingJSON/user63/user63.json,idx_1
noGesture,trainingSamples,raw_data/EMG-EPN612/testingJSON/user63/user63.json,idx_2
noGesture,trainingSamples,raw_data/EMG-EPN612/testingJSON/user63/user63.json,idx_3
noGesture,trainingSamples,raw_data/EMG-EPN612/testingJSON/user63/user63.json,idx_4
noGesture,trainingSamples,raw_data/EMG-EPN612/testingJSON/user63/user63.json,idx_5
noGesture,trainingSamples,raw_data/EMG-EPN612/testingJSON/user63/user63.json,idx_6
noGesture,trainingSamples,raw_data/EMG-EPN612/testingJSON/user63/user63.json,idx_7
noGesture,trainingSamples,raw_data/EMG-EPN612/testingJSON/user63/user63.json,idx_8
noGesture,trainingSamples,raw_data/EMG-EPN612/testingJSON/user63/user63.json,idx_9
noGesture,trainingSamples,raw_data/EMG-EPN612/testingJSON/user63/user63.json,idx_10
noGesture,trainingSamples,raw_data/EMG-EPN612/testingJSON/user63/user63.json,idx_11
noGesture,trainingSamples,raw_data/EMG-EPN612/testingJSON/user63/user63.json,idx_12
noGesture,trainingSamples,raw_data/EMG-EPN612/testingJSON/user63/user63.json,idx_13
noGesture,trainingSamples,raw_data/EMG-EPN612/testingJSON/user63/user63.json,idx_14
noGesture,trainingSamples,raw_data/EMG-EPN612/testingJSON/user63/user63.json,idx_15
noGesture,trainingSamples,raw_data/EMG-EPN612/testingJSON/user63/user63.json,idx_16
noGesture,trainingSamples,raw_data/EMG-EPN612/testingJSON/user63/user63.json,idx_17
noGesture,trainingSamples,raw_data/EMG-EPN612/testingJSON/user63/user63.json,idx_18
noGesture,trainingSamples,raw_data/EMG-EPN612/testingJSON/user63/user63.json,idx_19
noGesture,trainingSamples,raw_data/EMG-EPN612/testingJSON/user63/user63.json,idx_20
noGesture,trainingSamples,raw_data/EMG-EPN612/testingJSON/user63/user63.json,idx_21
noGesture,trainingSamples,raw_data/EMG-EPN612/testingJSON/user63/user63.json,idx_22
noGesture,trainingSamples,raw_data/EMG-EPN612/testingJSON/user63/user63.json,idx_23
noGesture,trainingSamples,raw_data/EMG-EPN612/testingJSON/user63/user63.json,idx_24
noGesture,trainingSamples,raw_data/EMG-EPN612/testingJSON/user63/user63.json,idx_25
waveIn,trainingSamples,raw_data/EMG-EPN612/testingJSON/user63/user63.json,idx_26
waveIn,trainingSamples,raw_data/EMG-EPN612/testingJSON/user63/user63.json,idx_27
waveIn,trainingSamples,raw_data/EMG-EPN612/testingJSON/user63/user63.json,idx_28
waveIn,trainingSamples,raw_data/EMG-EPN612/testingJSON/user63/user63.json,idx_29
waveIn,trainingSamples,raw_data/EMG-EPN612/testingJSON/user63/user63.json,idx_30
waveIn,trainingSamples,raw_data/EMG-EPN612/testingJSON/user63/user63.json,idx_31
waveIn,trainingSamples,raw_data/EMG-EPN612/testingJSON/user63/user63.json,idx_32
waveIn,trainingSamples,raw_data/EMG-EPN612/testingJSON/user63/user63.json,idx_33
waveIn,trainingSamples,raw_data/EMG-EPN612/testingJSON/user63/user63.json,idx_34
waveIn,trainingSamples,raw_data/EMG-EPN612/testingJSON/user63/user63.json,idx_35
waveIn,trainingSamples,raw_data/EMG-EPN612/testingJSON/user63/user63.json,idx_36
waveIn,trainingSamples,raw_data/EMG-EPN612/testingJSON/user63/user63.json,idx_37
waveIn,trainingSamples,raw_data/EMG-EPN612/testingJSON/user63/user63.json,idx_38
waveIn,trainingSamples,raw_data/EMG-EPN612/testingJSON/user63/user63.json,idx_39
waveIn,trainingSamples,raw_data/EMG-EPN612/testingJSON/user63/user63.json,idx_40
waveIn,trainingSamples,raw_data/EMG-EPN612/testingJSON/user63/user63.json,idx_41
waveIn,trainingSamples,raw_data/EMG-EPN612/testingJSON/user63/user63.json,idx_42
waveIn,trainingSamples,raw_data/EMG-EPN612/testingJSON/user63/user63.json,idx_43
waveIn,trainingSamples,raw_data/EMG-EPN612/testingJSON/user63/user63.json,idx_44
waveIn,trainingSamples,raw_data/EMG-EPN612/testingJSON/user63/user63.json,idx_45
waveIn,trainingSamples,raw_data/EMG-EPN612/testingJSON/user63/user63.json,idx_46
waveIn,trainingSamples,raw_data/EMG-EPN612/testingJSON/user63/user63.json,idx_47
waveIn,trainingSamples,raw_data/EMG-EPN612/testingJSON/user63/user63.json,idx_48
waveIn,trainingSamples,raw_data/EMG-EPN612/testingJSON/user63/user63.json,idx_49
waveIn,trainingSamples,raw_data/EMG-EPN612/testingJSON/user63/user63.json,idx_50
waveOut,trainingSamples,raw_data/EMG-EPN612/testingJSON/user63/user63.json,idx_51
waveOut,trainingSamples,raw_data/EMG-EPN612/testingJSON/user63/user63.json,idx_52
waveOut,trainingSamples,raw_data/EMG-EPN612/testingJSON/user63/user63.json,idx_53
waveOut,trainingSamples,raw_data/EMG-EPN612/testingJSON/user63/user63.json,idx_54
waveOut,trainingSamples,raw_data/EMG-EPN612/testingJSON/user63/user63.json,idx_55
waveOut,trainingSamples,raw_data/EMG-EPN612/testingJSON/user63/user63.json,idx_56
waveOut,trainingSamples,raw_data/EMG-EPN612/testingJSON/user63/user63.json,idx_57
waveOut,trainingSamples,raw_data/EMG-EPN612/testingJSON/user63/user63.json,idx_58
waveOut,trainingSamples,raw_data/EMG-EPN612/testingJSON/user63/user63.json,idx_59
waveOut,trainingSamples,raw_data/EMG-EPN612/testingJSON/user63/user63.json,idx_60
waveOut,trainingSamples,raw_data/EMG-EPN612/testingJSON/user63/user63.json,idx_61
waveOut,trainingSamples,raw_data/EMG-EPN612/testingJSON/user63/user63.json,idx_62
waveOut,trainingSamples,raw_data/EMG-EPN612/testingJSON/user63/user63.json,idx_63
waveOut,trainingSamples,raw_data/EMG-EPN612/testingJSON/user63/user63.json,idx_64
waveOut,trainingSamples,raw_data/EMG-EPN612/testingJSON/user63/user63.json,idx_65
waveOut,trainingSamples,raw_data/EMG-EPN612/testingJSON/user63/user63.json,idx_66
waveOut,trainingSamples,raw_data/EMG-EPN612/testingJSON/user63/user63.json,idx_67
waveOut,trainingSamples,raw_data/EMG-EPN612/testingJSON/user63/user63.json,idx_68
waveOut,trainingSamples,raw_data/EMG-EPN612/testingJSON/user63/user63.json,idx_69
waveOut,trainingSamples,raw_data/EMG-EPN612/testingJSON/user63/user63.json,idx_70
waveOut,trainingSamples,raw_data/EMG-EPN612/testingJSON/user63/user63.json,idx_71
waveOut,trainingSamples,raw_data/EMG-EPN612/testingJSON/user63/user63.json,idx_72
waveOut,trainingSamples,raw_data/EMG-EPN612/testingJSON/user63/user63.json,idx_73
waveOut,trainingSamples,raw_data/EMG-EPN612/testingJSON/user63/user63.json,idx_74
waveOut,trainingSamples,raw_data/EMG-EPN612/testingJSON/user63/user63.json,idx_75
pinch,trainingSamples,raw_data/EMG-EPN612/testingJSON/user63/user63.json,idx_76
pinch,trainingSamples,raw_data/EMG-EPN612/testingJSON/user63/user63.json,idx_77
pinch,trainingSamples,raw_data/EMG-EPN612/testingJSON/user63/user63.json,idx_78
pinch,trainingSamples,raw_data/EMG-EPN612/testingJSON/user63/user63.json,idx_79
pinch,trainingSamples,raw_data/EMG-EPN612/testingJSON/user63/user63.json,idx_80
pinch,trainingSamples,raw_data/EMG-EPN612/testingJSON/user63/user63.json,idx_81
pinch,trainingSamples,raw_data/EMG-EPN612/testingJSON/user63/user63.json,idx_82
pinch,trainingSamples,raw_data/EMG-EPN612/testingJSON/user63/user63.json,idx_83
pinch,trainingSamples,raw_data/EMG-EPN612/testingJSON/user63/user63.json,idx_84
pinch,trainingSamples,raw_data/EMG-EPN612/testingJSON/user63/user63.json,idx_85
pinch,trainingSamples,raw_data/EMG-EPN612/testingJSON/user63/user63.json,idx_86
pinch,trainingSamples,raw_data/EMG-EPN612/testingJSON/user63/user63.json,idx_87
pinch,trainingSamples,raw_data/EMG-EPN612/testingJSON/user63/user63.json,idx_88
pinch,trainingSamples,raw_data/EMG-EPN612/testingJSON/user63/user63.json,idx_89
pinch,trainingSamples,raw_data/EMG-EPN612/testingJSON/user63/user63.json,idx_90
pinch,trainingSamples,raw_data/EMG-EPN612/testingJSON/user63/user63.json,idx_91
pinch,trainingSamples,raw_data/EMG-EPN612/testingJSON/user63/user63.json,idx_92
pinch,trainingSamples,raw_data/EMG-EPN612/testingJSON/user63/user63.json,idx_93
pinch,trainingSamples,raw_data/EMG-EPN612/testingJSON/user63/user63.json,idx_94
pinch,trainingSamples,raw_data/EMG-EPN612/testingJSON/user63/user63.json,idx_95
pinch,trainingSamples,raw_data/EMG-EPN612/testingJSON/user63/user63.json,idx_96
pinch,trainingSamples,raw_data/EMG-EPN612/testingJSON/user63/user63.json,idx_97
pinch,trainingSamples,raw_data/EMG-EPN612/testingJSON/user63/user63.json,idx_98
pinch,trainingSamples,raw_data/EMG-EPN612/testingJSON/user63/user63.json,idx_99
pinch,trainingSamples,raw_data/EMG-EPN612/testingJSON/user63/user63.json,idx_100
fist,trainingSamples,raw_data/EMG-EPN612/testingJSON/user63/user63.json,idx_101
fist,trainingSamples,raw_data/EMG-EPN612/testingJSON/user63/user63.json,idx_102
fist,trainingSamples,raw_data/EMG-EPN612/testingJSON/user63/user63.json,idx_103
fist,trainingSamples,raw_data/EMG-EPN612/testingJSON/user63/user63.json,idx_104
fist,trainingSamples,raw_data/EMG-EPN612/testingJSON/user63/user63.json,idx_105
fist,trainingSamples,raw_data/EMG-EPN612/testingJSON/user63/user63.json,idx_106
fist,trainingSamples,raw_data/EMG-EPN612/testingJSON/user63/user63.json,idx_107
fist,trainingSamples,raw_data/EMG-EPN612/testingJSON/user63/user63.json,idx_108
fist,trainingSamples,raw_data/EMG-EPN612/testingJSON/user63/user63.json,idx_109
fist,trainingSamples,raw_data/EMG-EPN612/testingJSON/user63/user63.json,idx_110
fist,trainingSamples,raw_data/EMG-EPN612/testingJSON/user63/user63.json,idx_111
fist,trainingSamples,raw_data/EMG-EPN612/testingJSON/user63/user63.json,idx_112
fist,trainingSamples,raw_data/EMG-EPN612/testingJSON/user63/user63.json,idx_113
fist,trainingSamples,raw_data/EMG-EPN612/testingJSON/user63/user63.json,idx_114
fist,trainingSamples,raw_data/EMG-EPN612/testingJSON/user63/user63.json,idx_115
fist,trainingSamples,raw_data/EMG-EPN612/testingJSON/user63/user63.json,idx_116
fist,trainingSamples,raw_data/EMG-EPN612/testingJSON/user63/user63.json,idx_117
fist,trainingSamples,raw_data/EMG-EPN612/testingJSON/user63/user63.json,idx_118
fist,trainingSamples,raw_data/EMG-EPN612/testingJSON/user63/user63.json,idx_119
fist,trainingSamples,raw_data/EMG-EPN612/testingJSON/user63/user63.json,idx_120
fist,trainingSamples,raw_data/EMG-EPN612/testingJSON/user63/user63.json,idx_121
fist,trainingSamples,raw_data/EMG-EPN612/testingJSON/user63/user63.json,idx_122
fist,trainingSamples,raw_data/EMG-EPN612/testingJSON/user63/user63.json,idx_123
fist,trainingSamples,raw_data/EMG-EPN612/testingJSON/user63/user63.json,idx_124
fist,trainingSamples,raw_data/EMG-EPN612/testingJSON/user63/user63.json,idx_125
open,trainingSamples,raw_data/EMG-EPN612/testingJSON/user63/user63.json,idx_126
open,trainingSamples,raw_data/EMG-EPN612/testingJSON/user63/user63.json,idx_127
open,trainingSamples,raw_data/EMG-EPN612/testingJSON/user63/user63.json,idx_128
open,trainingSamples,raw_data/EMG-EPN612/testingJSON/user63/user63.json,idx_129
open,trainingSamples,raw_data/EMG-EPN612/testingJSON/user63/user63.json,idx_130
open,trainingSamples,raw_data/EMG-EPN612/testingJSON/user63/user63.json,idx_131
open,trainingSamples,raw_data/EMG-EPN612/testingJSON/user63/user63.json,idx_132
open,trainingSamples,raw_data/EMG-EPN612/testingJSON/user63/user63.json,idx_133
open,trainingSamples,raw_data/EMG-EPN612/testingJSON/user63/user63.json,idx_134
open,trainingSamples,raw_data/EMG-EPN612/testingJSON/user63/user63.json,idx_135
open,trainingSamples,raw_data/EMG-EPN612/testingJSON/user63/user63.json,idx_136
open,trainingSamples,raw_data/EMG-EPN612/testingJSON/user63/user63.json,idx_137
open,trainingSamples,raw_data/EMG-EPN612/testingJSON/user63/user63.json,idx_138
open,trainingSamples,raw_data/EMG-EPN612/testingJSON/user63/user63.json,idx_139
open,trainingSamples,raw_data/EMG-EPN612/testingJSON/user63/user63.json,idx_140
open,trainingSamples,raw_data/EMG-EPN612/testingJSON/user63/user63.json,idx_141
open,trainingSamples,raw_data/EMG-EPN612/testingJSON/user63/user63.json,idx_142
open,trainingSamples,raw_data/EMG-EPN612/testingJSON/user63/user63.json,idx_143
open,trainingSamples,raw_data/EMG-EPN612/testingJSON/user63/user63.json,idx_144
open,trainingSamples,raw_data/EMG-EPN612/testingJSON/user63/user63.json,idx_145
open,trainingSamples,raw_data/EMG-EPN612/testingJSON/user63/user63.json,idx_146
open,trainingSamples,raw_data/EMG-EPN612/testingJSON/user63/user63.json,idx_147
open,trainingSamples,raw_data/EMG-EPN612/testingJSON/user63/user63.json,idx_148
open,trainingSamples,raw_data/EMG-EPN612/testingJSON/user63/user63.json,idx_149
open,trainingSamples,raw_data/EMG-EPN612/testingJSON/user63/user63.json,idx_150
noGesture,trainingSamples,raw_data/EMG-EPN612/testingJSON/user64/user64.json,idx_1
noGesture,trainingSamples,raw_data/EMG-EPN612/testingJSON/user64/user64.json,idx_2
noGesture,trainingSamples,raw_data/EMG-EPN612/testingJSON/user64/user64.json,idx_3
noGesture,trainingSamples,raw_data/EMG-EPN612/testingJSON/user64/user64.json,idx_4
noGesture,trainingSamples,raw_data/EMG-EPN612/testingJSON/user64/user64.json,idx_5
noGesture,trainingSamples,raw_data/EMG-EPN612/testingJSON/user64/user64.json,idx_6
noGesture,trainingSamples,raw_data/EMG-EPN612/testingJSON/user64/user64.json,idx_7
noGesture,trainingSamples,raw_data/EMG-EPN612/testingJSON/user64/user64.json,idx_8
noGesture,trainingSamples,raw_data/EMG-EPN612/testingJSON/user64/user64.json,idx_9
noGesture,trainingSamples,raw_data/EMG-EPN612/testingJSON/user64/user64.json,idx_10
noGesture,trainingSamples,raw_data/EMG-EPN612/testingJSON/user64/user64.json,idx_11
noGesture,trainingSamples,raw_data/EMG-EPN612/testingJSON/user64/user64.json,idx_12
noGesture,trainingSamples,raw_data/EMG-EPN612/testingJSON/user64/user64.json,idx_13
noGesture,trainingSamples,raw_data/EMG-EPN612/testingJSON/user64/user64.json,idx_14
noGesture,trainingSamples,raw_data/EMG-EPN612/testingJSON/user64/user64.json,idx_15
noGesture,trainingSamples,raw_data/EMG-EPN612/testingJSON/user64/user64.json,idx_16
noGesture,trainingSamples,raw_data/EMG-EPN612/testingJSON/user64/user64.json,idx_17
noGesture,trainingSamples,raw_data/EMG-EPN612/testingJSON/user64/user64.json,idx_18
noGesture,trainingSamples,raw_data/EMG-EPN612/testingJSON/user64/user64.json,idx_19
noGesture,trainingSamples,raw_data/EMG-EPN612/testingJSON/user64/user64.json,idx_20
noGesture,trainingSamples,raw_data/EMG-EPN612/testingJSON/user64/user64.json,idx_21
noGesture,trainingSamples,raw_data/EMG-EPN612/testingJSON/user64/user64.json,idx_22
noGesture,trainingSamples,raw_data/EMG-EPN612/testingJSON/user64/user64.json,idx_23
noGesture,trainingSamples,raw_data/EMG-EPN612/testingJSON/user64/user64.json,idx_24
noGesture,trainingSamples,raw_data/EMG-EPN612/testingJSON/user64/user64.json,idx_25
fist,trainingSamples,raw_data/EMG-EPN612/testingJSON/user64/user64.json,idx_26
fist,trainingSamples,raw_data/EMG-EPN612/testingJSON/user64/user64.json,idx_27
fist,trainingSamples,raw_data/EMG-EPN612/testingJSON/user64/user64.json,idx_28
fist,trainingSamples,raw_data/EMG-EPN612/testingJSON/user64/user64.json,idx_29
fist,trainingSamples,raw_data/EMG-EPN612/testingJSON/user64/user64.json,idx_30
fist,trainingSamples,raw_data/EMG-EPN612/testingJSON/user64/user64.json,idx_31
fist,trainingSamples,raw_data/EMG-EPN612/testingJSON/user64/user64.json,idx_32
fist,trainingSamples,raw_data/EMG-EPN612/testingJSON/user64/user64.json,idx_33
fist,trainingSamples,raw_data/EMG-EPN612/testingJSON/user64/user64.json,idx_34
fist,trainingSamples,raw_data/EMG-EPN612/testingJSON/user64/user64.json,idx_35
fist,trainingSamples,raw_data/EMG-EPN612/testingJSON/user64/user64.json,idx_36
fist,trainingSamples,raw_data/EMG-EPN612/testingJSON/user64/user64.json,idx_37
fist,trainingSamples,raw_data/EMG-EPN612/testingJSON/user64/user64.json,idx_38
fist,trainingSamples,raw_data/EMG-EPN612/testingJSON/user64/user64.json,idx_39
fist,trainingSamples,raw_data/EMG-EPN612/testingJSON/user64/user64.json,idx_40
fist,trainingSamples,raw_data/EMG-EPN612/testingJSON/user64/user64.json,idx_41
fist,trainingSamples,raw_data/EMG-EPN612/testingJSON/user64/user64.json,idx_42
fist,trainingSamples,raw_data/EMG-EPN612/testingJSON/user64/user64.json,idx_43
fist,trainingSamples,raw_data/EMG-EPN612/testingJSON/user64/user64.json,idx_44
fist,trainingSamples,raw_data/EMG-EPN612/testingJSON/user64/user64.json,idx_45
fist,trainingSamples,raw_data/EMG-EPN612/testingJSON/user64/user64.json,idx_46
fist,trainingSamples,raw_data/EMG-EPN612/testingJSON/user64/user64.json,idx_47
fist,trainingSamples,raw_data/EMG-EPN612/testingJSON/user64/user64.json,idx_48
fist,trainingSamples,raw_data/EMG-EPN612/testingJSON/user64/user64.json,idx_49
fist,trainingSamples,raw_data/EMG-EPN612/testingJSON/user64/user64.json,idx_50
open,trainingSamples,raw_data/EMG-EPN612/testingJSON/user64/user64.json,idx_51
open,trainingSamples,raw_data/EMG-EPN612/testingJSON/user64/user64.json,idx_52
open,trainingSamples,raw_data/EMG-EPN612/testingJSON/user64/user64.json,idx_53
open,trainingSamples,raw_data/EMG-EPN612/testingJSON/user64/user64.json,idx_54
open,trainingSamples,raw_data/EMG-EPN612/testingJSON/user64/user64.json,idx_55
open,trainingSamples,raw_data/EMG-EPN612/testingJSON/user64/user64.json,idx_56
open,trainingSamples,raw_data/EMG-EPN612/testingJSON/user64/user64.json,idx_57
open,trainingSamples,raw_data/EMG-EPN612/testingJSON/user64/user64.json,idx_58
open,trainingSamples,raw_data/EMG-EPN612/testingJSON/user64/user64.json,idx_59
open,trainingSamples,raw_data/EMG-EPN612/testingJSON/user64/user64.json,idx_60
open,trainingSamples,raw_data/EMG-EPN612/testingJSON/user64/user64.json,idx_61
open,trainingSamples,raw_data/EMG-EPN612/testingJSON/user64/user64.json,idx_62
open,trainingSamples,raw_data/EMG-EPN612/testingJSON/user64/user64.json,idx_63
open,trainingSamples,raw_data/EMG-EPN612/testingJSON/user64/user64.json,idx_64
open,trainingSamples,raw_data/EMG-EPN612/testingJSON/user64/user64.json,idx_65
open,trainingSamples,raw_data/EMG-EPN612/testingJSON/user64/user64.json,idx_66
open,trainingSamples,raw_data/EMG-EPN612/testingJSON/user64/user64.json,idx_67
open,trainingSamples,raw_data/EMG-EPN612/testingJSON/user64/user64.json,idx_68
open,trainingSamples,raw_data/EMG-EPN612/testingJSON/user64/user64.json,idx_69
open,trainingSamples,raw_data/EMG-EPN612/testingJSON/user64/user64.json,idx_70
open,trainingSamples,raw_data/EMG-EPN612/testingJSON/user64/user64.json,idx_71
open,trainingSamples,raw_data/EMG-EPN612/testingJSON/user64/user64.json,idx_72
open,trainingSamples,raw_data/EMG-EPN612/testingJSON/user64/user64.json,idx_73
open,trainingSamples,raw_data/EMG-EPN612/testingJSON/user64/user64.json,idx_74
open,trainingSamples,raw_data/EMG-EPN612/testingJSON/user64/user64.json,idx_75
pinch,trainingSamples,raw_data/EMG-EPN612/testingJSON/user64/user64.json,idx_76
pinch,trainingSamples,raw_data/EMG-EPN612/testingJSON/user64/user64.json,idx_77
pinch,trainingSamples,raw_data/EMG-EPN612/testingJSON/user64/user64.json,idx_78
pinch,trainingSamples,raw_data/EMG-EPN612/testingJSON/user64/user64.json,idx_79
pinch,trainingSamples,raw_data/EMG-EPN612/testingJSON/user64/user64.json,idx_80
pinch,trainingSamples,raw_data/EMG-EPN612/testingJSON/user64/user64.json,idx_81
pinch,trainingSamples,raw_data/EMG-EPN612/testingJSON/user64/user64.json,idx_82
pinch,trainingSamples,raw_data/EMG-EPN612/testingJSON/user64/user64.json,idx_83
pinch,trainingSamples,raw_data/EMG-EPN612/testingJSON/user64/user64.json,idx_84
pinch,trainingSamples,raw_data/EMG-EPN612/testingJSON/user64/user64.json,idx_85
pinch,trainingSamples,raw_data/EMG-EPN612/testingJSON/user64/user64.json,idx_86
pinch,trainingSamples,raw_data/EMG-EPN612/testingJSON/user64/user64.json,idx_87
pinch,trainingSamples,raw_data/EMG-EPN612/testingJSON/user64/user64.json,idx_88
pinch,trainingSamples,raw_data/EMG-EPN612/testingJSON/user64/user64.json,idx_89
pinch,trainingSamples,raw_data/EMG-EPN612/testingJSON/user64/user64.json,idx_90
pinch,trainingSamples,raw_data/EMG-EPN612/testingJSON/user64/user64.json,idx_91
pinch,trainingSamples,raw_data/EMG-EPN612/testingJSON/user64/user64.json,idx_92
pinch,trainingSamples,raw_data/EMG-EPN612/testingJSON/user64/user64.json,idx_93
pinch,trainingSamples,raw_data/EMG-EPN612/testingJSON/user64/user64.json,idx_94
pinch,trainingSamples,raw_data/EMG-EPN612/testingJSON/user64/user64.json,idx_95
pinch,trainingSamples,raw_data/EMG-EPN612/testingJSON/user64/user64.json,idx_96
pinch,trainingSamples,raw_data/EMG-EPN612/testingJSON/user64/user64.json,idx_97
pinch,trainingSamples,raw_data/EMG-EPN612/testingJSON/user64/user64.json,idx_98
pinch,trainingSamples,raw_data/EMG-EPN612/testingJSON/user64/user64.json,idx_99
pinch,trainingSamples,raw_data/EMG-EPN612/testingJSON/user64/user64.json,idx_100
waveOut,trainingSamples,raw_data/EMG-EPN612/testingJSON/user64/user64.json,idx_101
waveOut,trainingSamples,raw_data/EMG-EPN612/testingJSON/user64/user64.json,idx_102
waveOut,trainingSamples,raw_data/EMG-EPN612/testingJSON/user64/user64.json,idx_103
waveOut,trainingSamples,raw_data/EMG-EPN612/testingJSON/user64/user64.json,idx_104
waveOut,trainingSamples,raw_data/EMG-EPN612/testingJSON/user64/user64.json,idx_105
waveOut,trainingSamples,raw_data/EMG-EPN612/testingJSON/user64/user64.json,idx_106
waveOut,trainingSamples,raw_data/EMG-EPN612/testingJSON/user64/user64.json,idx_107
waveOut,trainingSamples,raw_data/EMG-EPN612/testingJSON/user64/user64.json,idx_108
waveOut,trainingSamples,raw_data/EMG-EPN612/testingJSON/user64/user64.json,idx_109
waveOut,trainingSamples,raw_data/EMG-EPN612/testingJSON/user64/user64.json,idx_110
waveOut,trainingSamples,raw_data/EMG-EPN612/testingJSON/user64/user64.json,idx_111
waveOut,trainingSamples,raw_data/EMG-EPN612/testingJSON/user64/user64.json,idx_112
waveOut,trainingSamples,raw_data/EMG-EPN612/testingJSON/user64/user64.json,idx_113
waveOut,trainingSamples,raw_data/EMG-EPN612/testingJSON/user64/user64.json,idx_114
waveOut,trainingSamples,raw_data/EMG-EPN612/testingJSON/user64/user64.json,idx_115
waveOut,trainingSamples,raw_data/EMG-EPN612/testingJSON/user64/user64.json,idx_116
waveOut,trainingSamples,raw_data/EMG-EPN612/testingJSON/user64/user64.json,idx_117
waveOut,trainingSamples,raw_data/EMG-EPN612/testingJSON/user64/user64.json,idx_118
waveOut,trainingSamples,raw_data/EMG-EPN612/testingJSON/user64/user64.json,idx_119
waveOut,trainingSamples,raw_data/EMG-EPN612/testingJSON/user64/user64.json,idx_120
waveOut,trainingSamples,raw_data/EMG-EPN612/testingJSON/user64/user64.json,idx_121
waveOut,trainingSamples,raw_data/EMG-EPN612/testingJSON/user64/user64.json,idx_122
waveOut,trainingSamples,raw_data/EMG-EPN612/testingJSON/user64/user64.json,idx_123
waveOut,trainingSamples,raw_data/EMG-EPN612/testingJSON/user64/user64.json,idx_124
waveOut,trainingSamples,raw_data/EMG-EPN612/testingJSON/user64/user64.json,idx_125
waveIn,trainingSamples,raw_data/EMG-EPN612/testingJSON/user64/user64.json,idx_126
waveIn,trainingSamples,raw_data/EMG-EPN612/testingJSON/user64/user64.json,idx_127
waveIn,trainingSamples,raw_data/EMG-EPN612/testingJSON/user64/user64.json,idx_128
waveIn,trainingSamples,raw_data/EMG-EPN612/testingJSON/user64/user64.json,idx_129
waveIn,trainingSamples,raw_data/EMG-EPN612/testingJSON/user64/user64.json,idx_130
waveIn,trainingSamples,raw_data/EMG-EPN612/testingJSON/user64/user64.json,idx_131
waveIn,trainingSamples,raw_data/EMG-EPN612/testingJSON/user64/user64.json,idx_132
waveIn,trainingSamples,raw_data/EMG-EPN612/testingJSON/user64/user64.json,idx_133
waveIn,trainingSamples,raw_data/EMG-EPN612/testingJSON/user64/user64.json,idx_134
waveIn,trainingSamples,raw_data/EMG-EPN612/testingJSON/user64/user64.json,idx_135
waveIn,trainingSamples,raw_data/EMG-EPN612/testingJSON/user64/user64.json,idx_136
waveIn,trainingSamples,raw_data/EMG-EPN612/testingJSON/user64/user64.json,idx_137
waveIn,trainingSamples,raw_data/EMG-EPN612/testingJSON/user64/user64.json,idx_138
waveIn,trainingSamples,raw_data/EMG-EPN612/testingJSON/user64/user64.json,idx_139
waveIn,trainingSamples,raw_data/EMG-EPN612/testingJSON/user64/user64.json,idx_140
waveIn,trainingSamples,raw_data/EMG-EPN612/testingJSON/user64/user64.json,idx_141
waveIn,trainingSamples,raw_data/EMG-EPN612/testingJSON/user64/user64.json,idx_142
waveIn,trainingSamples,raw_data/EMG-EPN612/testingJSON/user64/user64.json,idx_143
waveIn,trainingSamples,raw_data/EMG-EPN612/testingJSON/user64/user64.json,idx_144
waveIn,trainingSamples,raw_data/EMG-EPN612/testingJSON/user64/user64.json,idx_145
waveIn,trainingSamples,raw_data/EMG-EPN612/testingJSON/user64/user64.json,idx_146
waveIn,trainingSamples,raw_data/EMG-EPN612/testingJSON/user64/user64.json,idx_147
waveIn,trainingSamples,raw_data/EMG-EPN612/testingJSON/user64/user64.json,idx_148
waveIn,trainingSamples,raw_data/EMG-EPN612/testingJSON/user64/user64.json,idx_149
waveIn,trainingSamples,raw_data/EMG-EPN612/testingJSON/user64/user64.json,idx_150
noGesture,trainingSamples,raw_data/EMG-EPN612/testingJSON/user65/user65.json,idx_1
noGesture,trainingSamples,raw_data/EMG-EPN612/testingJSON/user65/user65.json,idx_2
noGesture,trainingSamples,raw_data/EMG-EPN612/testingJSON/user65/user65.json,idx_3
noGesture,trainingSamples,raw_data/EMG-EPN612/testingJSON/user65/user65.json,idx_4
noGesture,trainingSamples,raw_data/EMG-EPN612/testingJSON/user65/user65.json,idx_5
noGesture,trainingSamples,raw_data/EMG-EPN612/testingJSON/user65/user65.json,idx_6
noGesture,trainingSamples,raw_data/EMG-EPN612/testingJSON/user65/user65.json,idx_7
noGesture,trainingSamples,raw_data/EMG-EPN612/testingJSON/user65/user65.json,idx_8
noGesture,trainingSamples,raw_data/EMG-EPN612/testingJSON/user65/user65.json,idx_9
noGesture,trainingSamples,raw_data/EMG-EPN612/testingJSON/user65/user65.json,idx_10
noGesture,trainingSamples,raw_data/EMG-EPN612/testingJSON/user65/user65.json,idx_11
noGesture,trainingSamples,raw_data/EMG-EPN612/testingJSON/user65/user65.json,idx_12
noGesture,trainingSamples,raw_data/EMG-EPN612/testingJSON/user65/user65.json,idx_13
noGesture,trainingSamples,raw_data/EMG-EPN612/testingJSON/user65/user65.json,idx_14
noGesture,trainingSamples,raw_data/EMG-EPN612/testingJSON/user65/user65.json,idx_15
noGesture,trainingSamples,raw_data/EMG-EPN612/testingJSON/user65/user65.json,idx_16
noGesture,trainingSamples,raw_data/EMG-EPN612/testingJSON/user65/user65.json,idx_17
noGesture,trainingSamples,raw_data/EMG-EPN612/testingJSON/user65/user65.json,idx_18
noGesture,trainingSamples,raw_data/EMG-EPN612/testingJSON/user65/user65.json,idx_19
noGesture,trainingSamples,raw_data/EMG-EPN612/testingJSON/user65/user65.json,idx_20
noGesture,trainingSamples,raw_data/EMG-EPN612/testingJSON/user65/user65.json,idx_21
noGesture,trainingSamples,raw_data/EMG-EPN612/testingJSON/user65/user65.json,idx_22
noGesture,trainingSamples,raw_data/EMG-EPN612/testingJSON/user65/user65.json,idx_23
noGesture,trainingSamples,raw_data/EMG-EPN612/testingJSON/user65/user65.json,idx_24
noGesture,trainingSamples,raw_data/EMG-EPN612/testingJSON/user65/user65.json,idx_25
open,trainingSamples,raw_data/EMG-EPN612/testingJSON/user65/user65.json,idx_26
open,trainingSamples,raw_data/EMG-EPN612/testingJSON/user65/user65.json,idx_27
open,trainingSamples,raw_data/EMG-EPN612/testingJSON/user65/user65.json,idx_28
open,trainingSamples,raw_data/EMG-EPN612/testingJSON/user65/user65.json,idx_29
open,trainingSamples,raw_data/EMG-EPN612/testingJSON/user65/user65.json,idx_30
open,trainingSamples,raw_data/EMG-EPN612/testingJSON/user65/user65.json,idx_31
open,trainingSamples,raw_data/EMG-EPN612/testingJSON/user65/user65.json,idx_32
open,trainingSamples,raw_data/EMG-EPN612/testingJSON/user65/user65.json,idx_33
open,trainingSamples,raw_data/EMG-EPN612/testingJSON/user65/user65.json,idx_34
open,trainingSamples,raw_data/EMG-EPN612/testingJSON/user65/user65.json,idx_35
open,trainingSamples,raw_data/EMG-EPN612/testingJSON/user65/user65.json,idx_36
open,trainingSamples,raw_data/EMG-EPN612/testingJSON/user65/user65.json,idx_37
open,trainingSamples,raw_data/EMG-EPN612/testingJSON/user65/user65.json,idx_38
open,trainingSamples,raw_data/EMG-EPN612/testingJSON/user65/user65.json,idx_39
open,trainingSamples,raw_data/EMG-EPN612/testingJSON/user65/user65.json,idx_40
open,trainingSamples,raw_data/EMG-EPN612/testingJSON/user65/user65.json,idx_41
open,trainingSamples,raw_data/EMG-EPN612/testingJSON/user65/user65.json,idx_42
open,trainingSamples,raw_data/EMG-EPN612/testingJSON/user65/user65.json,idx_43
open,trainingSamples,raw_data/EMG-EPN612/testingJSON/user65/user65.json,idx_44
open,trainingSamples,raw_data/EMG-EPN612/testingJSON/user65/user65.json,idx_45
open,trainingSamples,raw_data/EMG-EPN612/testingJSON/user65/user65.json,idx_46
open,trainingSamples,raw_data/EMG-EPN612/testingJSON/user65/user65.json,idx_47
open,trainingSamples,raw_data/EMG-EPN612/testingJSON/user65/user65.json,idx_48
open,trainingSamples,raw_data/EMG-EPN612/testingJSON/user65/user65.json,idx_49
open,trainingSamples,raw_data/EMG-EPN612/testingJSON/user65/user65.json,idx_50
pinch,trainingSamples,raw_data/EMG-EPN612/testingJSON/user65/user65.json,idx_51
pinch,trainingSamples,raw_data/EMG-EPN612/testingJSON/user65/user65.json,idx_52
pinch,trainingSamples,raw_data/EMG-EPN612/testingJSON/user65/user65.json,idx_53
pinch,trainingSamples,raw_data/EMG-EPN612/testingJSON/user65/user65.json,idx_54
pinch,trainingSamples,raw_data/EMG-EPN612/testingJSON/user65/user65.json,idx_55
pinch,trainingSamples,raw_data/EMG-EPN612/testingJSON/user65/user65.json,idx_56
pinch,trainingSamples,raw_data/EMG-EPN612/testingJSON/user65/user65.json,idx_57
pinch,trainingSamples,raw_data/EMG-EPN612/testingJSON/user65/user65.json,idx_58
pinch,trainingSamples,raw_data/EMG-EPN612/testingJSON/user65/user65.json,idx_59
pinch,trainingSamples,raw_data/EMG-EPN612/testingJSON/user65/user65.json,idx_60
pinch,trainingSamples,raw_data/EMG-EPN612/testingJSON/user65/user65.json,idx_61
pinch,trainingSamples,raw_data/EMG-EPN612/testingJSON/user65/user65.json,idx_62
pinch,trainingSamples,raw_data/EMG-EPN612/testingJSON/user65/user65.json,idx_63
pinch,trainingSamples,raw_data/EMG-EPN612/testingJSON/user65/user65.json,idx_64
pinch,trainingSamples,raw_data/EMG-EPN612/testingJSON/user65/user65.json,idx_65
pinch,trainingSamples,raw_data/EMG-EPN612/testingJSON/user65/user65.json,idx_66
pinch,trainingSamples,raw_data/EMG-EPN612/testingJSON/user65/user65.json,idx_67
pinch,trainingSamples,raw_data/EMG-EPN612/testingJSON/user65/user65.json,idx_68
pinch,trainingSamples,raw_data/EMG-EPN612/testingJSON/user65/user65.json,idx_69
pinch,trainingSamples,raw_data/EMG-EPN612/testingJSON/user65/user65.json,idx_70
pinch,trainingSamples,raw_data/EMG-EPN612/testingJSON/user65/user65.json,idx_71
pinch,trainingSamples,raw_data/EMG-EPN612/testingJSON/user65/user65.json,idx_72
pinch,trainingSamples,raw_data/EMG-EPN612/testingJSON/user65/user65.json,idx_73
pinch,trainingSamples,raw_data/EMG-EPN612/testingJSON/user65/user65.json,idx_74
pinch,trainingSamples,raw_data/EMG-EPN612/testingJSON/user65/user65.json,idx_75
waveIn,trainingSamples,raw_data/EMG-EPN612/testingJSON/user65/user65.json,idx_76
waveIn,trainingSamples,raw_data/EMG-EPN612/testingJSON/user65/user65.json,idx_77
waveIn,trainingSamples,raw_data/EMG-EPN612/testingJSON/user65/user65.json,idx_78
waveIn,trainingSamples,raw_data/EMG-EPN612/testingJSON/user65/user65.json,idx_79
waveIn,trainingSamples,raw_data/EMG-EPN612/testingJSON/user65/user65.json,idx_80
waveIn,trainingSamples,raw_data/EMG-EPN612/testingJSON/user65/user65.json,idx_81
waveIn,trainingSamples,raw_data/EMG-EPN612/testingJSON/user65/user65.json,idx_82
waveIn,trainingSamples,raw_data/EMG-EPN612/testingJSON/user65/user65.json,idx_83
waveIn,trainingSamples,raw_data/EMG-EPN612/testingJSON/user65/user65.json,idx_84
waveIn,trainingSamples,raw_data/EMG-EPN612/testingJSON/user65/user65.json,idx_85
waveIn,trainingSamples,raw_data/EMG-EPN612/testingJSON/user65/user65.json,idx_86
waveIn,trainingSamples,raw_data/EMG-EPN612/testingJSON/user65/user65.json,idx_87
waveIn,trainingSamples,raw_data/EMG-EPN612/testingJSON/user65/user65.json,idx_88
waveIn,trainingSamples,raw_data/EMG-EPN612/testingJSON/user65/user65.json,idx_89
waveIn,trainingSamples,raw_data/EMG-EPN612/testingJSON/user65/user65.json,idx_90
waveIn,trainingSamples,raw_data/EMG-EPN612/testingJSON/user65/user65.json,idx_91
waveIn,trainingSamples,raw_data/EMG-EPN612/testingJSON/user65/user65.json,idx_92
waveIn,trainingSamples,raw_data/EMG-EPN612/testingJSON/user65/user65.json,idx_93
waveIn,trainingSamples,raw_data/EMG-EPN612/testingJSON/user65/user65.json,idx_94
waveIn,trainingSamples,raw_data/EMG-EPN612/testingJSON/user65/user65.json,idx_95
waveIn,trainingSamples,raw_data/EMG-EPN612/testingJSON/user65/user65.json,idx_96
waveIn,trainingSamples,raw_data/EMG-EPN612/testingJSON/user65/user65.json,idx_97
waveIn,trainingSamples,raw_data/EMG-EPN612/testingJSON/user65/user65.json,idx_98
waveIn,trainingSamples,raw_data/EMG-EPN612/testingJSON/user65/user65.json,idx_99
waveIn,trainingSamples,raw_data/EMG-EPN612/testingJSON/user65/user65.json,idx_100
waveOut,trainingSamples,raw_data/EMG-EPN612/testingJSON/user65/user65.json,idx_101
waveOut,trainingSamples,raw_data/EMG-EPN612/testingJSON/user65/user65.json,idx_102
waveOut,trainingSamples,raw_data/EMG-EPN612/testingJSON/user65/user65.json,idx_103
waveOut,trainingSamples,raw_data/EMG-EPN612/testingJSON/user65/user65.json,idx_104
waveOut,trainingSamples,raw_data/EMG-EPN612/testingJSON/user65/user65.json,idx_105
waveOut,trainingSamples,raw_data/EMG-EPN612/testingJSON/user65/user65.json,idx_106
waveOut,trainingSamples,raw_data/EMG-EPN612/testingJSON/user65/user65.json,idx_107
waveOut,trainingSamples,raw_data/EMG-EPN612/testingJSON/user65/user65.json,idx_108
waveOut,trainingSamples,raw_data/EMG-EPN612/testingJSON/user65/user65.json,idx_109
waveOut,trainingSamples,raw_data/EMG-EPN612/testingJSON/user65/user65.json,idx_110
waveOut,trainingSamples,raw_data/EMG-EPN612/testingJSON/user65/user65.json,idx_111
waveOut,trainingSamples,raw_data/EMG-EPN612/testingJSON/user65/user65.json,idx_112
waveOut,trainingSamples,raw_data/EMG-EPN612/testingJSON/user65/user65.json,idx_113
waveOut,trainingSamples,raw_data/EMG-EPN612/testingJSON/user65/user65.json,idx_114
waveOut,trainingSamples,raw_data/EMG-EPN612/testingJSON/user65/user65.json,idx_115
waveOut,trainingSamples,raw_data/EMG-EPN612/testingJSON/user65/user65.json,idx_116
waveOut,trainingSamples,raw_data/EMG-EPN612/testingJSON/user65/user65.json,idx_117
waveOut,trainingSamples,raw_data/EMG-EPN612/testingJSON/user65/user65.json,idx_118
waveOut,trainingSamples,raw_data/EMG-EPN612/testingJSON/user65/user65.json,idx_119
waveOut,trainingSamples,raw_data/EMG-EPN612/testingJSON/user65/user65.json,idx_120
waveOut,trainingSamples,raw_data/EMG-EPN612/testingJSON/user65/user65.json,idx_121
waveOut,trainingSamples,raw_data/EMG-EPN612/testingJSON/user65/user65.json,idx_122
waveOut,trainingSamples,raw_data/EMG-EPN612/testingJSON/user65/user65.json,idx_123
waveOut,trainingSamples,raw_data/EMG-EPN612/testingJSON/user65/user65.json,idx_124
waveOut,trainingSamples,raw_data/EMG-EPN612/testingJSON/user65/user65.json,idx_125
fist,trainingSamples,raw_data/EMG-EPN612/testingJSON/user65/user65.json,idx_126
fist,trainingSamples,raw_data/EMG-EPN612/testingJSON/user65/user65.json,idx_127
fist,trainingSamples,raw_data/EMG-EPN612/testingJSON/user65/user65.json,idx_128
fist,trainingSamples,raw_data/EMG-EPN612/testingJSON/user65/user65.json,idx_129
fist,trainingSamples,raw_data/EMG-EPN612/testingJSON/user65/user65.json,idx_130
fist,trainingSamples,raw_data/EMG-EPN612/testingJSON/user65/user65.json,idx_131
fist,trainingSamples,raw_data/EMG-EPN612/testingJSON/user65/user65.json,idx_132
fist,trainingSamples,raw_data/EMG-EPN612/testingJSON/user65/user65.json,idx_133
fist,trainingSamples,raw_data/EMG-EPN612/testingJSON/user65/user65.json,idx_134
fist,trainingSamples,raw_data/EMG-EPN612/testingJSON/user65/user65.json,idx_135
fist,trainingSamples,raw_data/EMG-EPN612/testingJSON/user65/user65.json,idx_136
fist,trainingSamples,raw_data/EMG-EPN612/testingJSON/user65/user65.json,idx_137
fist,trainingSamples,raw_data/EMG-EPN612/testingJSON/user65/user65.json,idx_138
fist,trainingSamples,raw_data/EMG-EPN612/testingJSON/user65/user65.json,idx_139
fist,trainingSamples,raw_data/EMG-EPN612/testingJSON/user65/user65.json,idx_140
fist,trainingSamples,raw_data/EMG-EPN612/testingJSON/user65/user65.json,idx_141
fist,trainingSamples,raw_data/EMG-EPN612/testingJSON/user65/user65.json,idx_142
fist,trainingSamples,raw_data/EMG-EPN612/testingJSON/user65/user65.json,idx_143
fist,trainingSamples,raw_data/EMG-EPN612/testingJSON/user65/user65.json,idx_144
fist,trainingSamples,raw_data/EMG-EPN612/testingJSON/user65/user65.json,idx_145
fist,trainingSamples,raw_data/EMG-EPN612/testingJSON/user65/user65.json,idx_146
fist,trainingSamples,raw_data/EMG-EPN612/testingJSON/user65/user65.json,idx_147
fist,trainingSamples,raw_data/EMG-EPN612/testingJSON/user65/user65.json,idx_148
fist,trainingSamples,raw_data/EMG-EPN612/testingJSON/user65/user65.json,idx_149
fist,trainingSamples,raw_data/EMG-EPN612/testingJSON/user65/user65.json,idx_150
noGesture,trainingSamples,raw_data/EMG-EPN612/testingJSON/user66/user66.json,idx_1
noGesture,trainingSamples,raw_data/EMG-EPN612/testingJSON/user66/user66.json,idx_2
noGesture,trainingSamples,raw_data/EMG-EPN612/testingJSON/user66/user66.json,idx_3
noGesture,trainingSamples,raw_data/EMG-EPN612/testingJSON/user66/user66.json,idx_4
noGesture,trainingSamples,raw_data/EMG-EPN612/testingJSON/user66/user66.json,idx_5
noGesture,trainingSamples,raw_data/EMG-EPN612/testingJSON/user66/user66.json,idx_6
noGesture,trainingSamples,raw_data/EMG-EPN612/testingJSON/user66/user66.json,idx_7
noGesture,trainingSamples,raw_data/EMG-EPN612/testingJSON/user66/user66.json,idx_8
noGesture,trainingSamples,raw_data/EMG-EPN612/testingJSON/user66/user66.json,idx_9
noGesture,trainingSamples,raw_data/EMG-EPN612/testingJSON/user66/user66.json,idx_10
noGesture,trainingSamples,raw_data/EMG-EPN612/testingJSON/user66/user66.json,idx_11
noGesture,trainingSamples,raw_data/EMG-EPN612/testingJSON/user66/user66.json,idx_12
noGesture,trainingSamples,raw_data/EMG-EPN612/testingJSON/user66/user66.json,idx_13
noGesture,trainingSamples,raw_data/EMG-EPN612/testingJSON/user66/user66.json,idx_14
noGesture,trainingSamples,raw_data/EMG-EPN612/testingJSON/user66/user66.json,idx_15
noGesture,trainingSamples,raw_data/EMG-EPN612/testingJSON/user66/user66.json,idx_16
noGesture,trainingSamples,raw_data/EMG-EPN612/testingJSON/user66/user66.json,idx_17
noGesture,trainingSamples,raw_data/EMG-EPN612/testingJSON/user66/user66.json,idx_18
noGesture,trainingSamples,raw_data/EMG-EPN612/testingJSON/user66/user66.json,idx_19
noGesture,trainingSamples,raw_data/EMG-EPN612/testingJSON/user66/user66.json,idx_20
noGesture,trainingSamples,raw_data/EMG-EPN612/testingJSON/user66/user66.json,idx_21
noGesture,trainingSamples,raw_data/EMG-EPN612/testingJSON/user66/user66.json,idx_22
noGesture,trainingSamples,raw_data/EMG-EPN612/testingJSON/user66/user66.json,idx_23
noGesture,trainingSamples,raw_data/EMG-EPN612/testingJSON/user66/user66.json,idx_24
noGesture,trainingSamples,raw_data/EMG-EPN612/testingJSON/user66/user66.json,idx_25
waveOut,trainingSamples,raw_data/EMG-EPN612/testingJSON/user66/user66.json,idx_26
waveOut,trainingSamples,raw_data/EMG-EPN612/testingJSON/user66/user66.json,idx_27
waveOut,trainingSamples,raw_data/EMG-EPN612/testingJSON/user66/user66.json,idx_28
waveOut,trainingSamples,raw_data/EMG-EPN612/testingJSON/user66/user66.json,idx_29
waveOut,trainingSamples,raw_data/EMG-EPN612/testingJSON/user66/user66.json,idx_30
waveOut,trainingSamples,raw_data/EMG-EPN612/testingJSON/user66/user66.json,idx_31
waveOut,trainingSamples,raw_data/EMG-EPN612/testingJSON/user66/user66.json,idx_32
waveOut,trainingSamples,raw_data/EMG-EPN612/testingJSON/user66/user66.json,idx_33
waveOut,trainingSamples,raw_data/EMG-EPN612/testingJSON/user66/user66.json,idx_34
waveOut,trainingSamples,raw_data/EMG-EPN612/testingJSON/user66/user66.json,idx_35
waveOut,trainingSamples,raw_data/EMG-EPN612/testingJSON/user66/user66.json,idx_36
waveOut,trainingSamples,raw_data/EMG-EPN612/testingJSON/user66/user66.json,idx_37
waveOut,trainingSamples,raw_data/EMG-EPN612/testingJSON/user66/user66.json,idx_38
waveOut,trainingSamples,raw_data/EMG-EPN612/testingJSON/user66/user66.json,idx_39
waveOut,trainingSamples,raw_data/EMG-EPN612/testingJSON/user66/user66.json,idx_40
waveOut,trainingSamples,raw_data/EMG-EPN612/testingJSON/user66/user66.json,idx_41
waveOut,trainingSamples,raw_data/EMG-EPN612/testingJSON/user66/user66.json,idx_42
waveOut,trainingSamples,raw_data/EMG-EPN612/testingJSON/user66/user66.json,idx_43
waveOut,trainingSamples,raw_data/EMG-EPN612/testingJSON/user66/user66.json,idx_44
waveOut,trainingSamples,raw_data/EMG-EPN612/testingJSON/user66/user66.json,idx_45
waveOut,trainingSamples,raw_data/EMG-EPN612/testingJSON/user66/user66.json,idx_46
waveOut,trainingSamples,raw_data/EMG-EPN612/testingJSON/user66/user66.json,idx_47
waveOut,trainingSamples,raw_data/EMG-EPN612/testingJSON/user66/user66.json,idx_48
waveOut,trainingSamples,raw_data/EMG-EPN612/testingJSON/user66/user66.json,idx_49
waveOut,trainingSamples,raw_data/EMG-EPN612/testingJSON/user66/user66.json,idx_50
pinch,trainingSamples,raw_data/EMG-EPN612/testingJSON/user66/user66.json,idx_51
pinch,trainingSamples,raw_data/EMG-EPN612/testingJSON/user66/user66.json,idx_52
pinch,trainingSamples,raw_data/EMG-EPN612/testingJSON/user66/user66.json,idx_53
pinch,trainingSamples,raw_data/EMG-EPN612/testingJSON/user66/user66.json,idx_54
pinch,trainingSamples,raw_data/EMG-EPN612/testingJSON/user66/user66.json,idx_55
pinch,trainingSamples,raw_data/EMG-EPN612/testingJSON/user66/user66.json,idx_56
pinch,trainingSamples,raw_data/EMG-EPN612/testingJSON/user66/user66.json,idx_57
pinch,trainingSamples,raw_data/EMG-EPN612/testingJSON/user66/user66.json,idx_58
pinch,trainingSamples,raw_data/EMG-EPN612/testingJSON/user66/user66.json,idx_59
pinch,trainingSamples,raw_data/EMG-EPN612/testingJSON/user66/user66.json,idx_60
pinch,trainingSamples,raw_data/EMG-EPN612/testingJSON/user66/user66.json,idx_61
pinch,trainingSamples,raw_data/EMG-EPN612/testingJSON/user66/user66.json,idx_62
pinch,trainingSamples,raw_data/EMG-EPN612/testingJSON/user66/user66.json,idx_63
pinch,trainingSamples,raw_data/EMG-EPN612/testingJSON/user66/user66.json,idx_64
pinch,trainingSamples,raw_data/EMG-EPN612/testingJSON/user66/user66.json,idx_65
pinch,trainingSamples,raw_data/EMG-EPN612/testingJSON/user66/user66.json,idx_66
pinch,trainingSamples,raw_data/EMG-EPN612/testingJSON/user66/user66.json,idx_67
pinch,trainingSamples,raw_data/EMG-EPN612/testingJSON/user66/user66.json,idx_68
pinch,trainingSamples,raw_data/EMG-EPN612/testingJSON/user66/user66.json,idx_69
pinch,trainingSamples,raw_data/EMG-EPN612/testingJSON/user66/user66.json,idx_70
pinch,trainingSamples,raw_data/EMG-EPN612/testingJSON/user66/user66.json,idx_71
pinch,trainingSamples,raw_data/EMG-EPN612/testingJSON/user66/user66.json,idx_72
pinch,trainingSamples,raw_data/EMG-EPN612/testingJSON/user66/user66.json,idx_73
pinch,trainingSamples,raw_data/EMG-EPN612/testingJSON/user66/user66.json,idx_74
pinch,trainingSamples,raw_data/EMG-EPN612/testingJSON/user66/user66.json,idx_75
fist,trainingSamples,raw_data/EMG-EPN612/testingJSON/user66/user66.json,idx_76
fist,trainingSamples,raw_data/EMG-EPN612/testingJSON/user66/user66.json,idx_77
fist,trainingSamples,raw_data/EMG-EPN612/testingJSON/user66/user66.json,idx_78
fist,trainingSamples,raw_data/EMG-EPN612/testingJSON/user66/user66.json,idx_79
fist,trainingSamples,raw_data/EMG-EPN612/testingJSON/user66/user66.json,idx_80
fist,trainingSamples,raw_data/EMG-EPN612/testingJSON/user66/user66.json,idx_81
fist,trainingSamples,raw_data/EMG-EPN612/testingJSON/user66/user66.json,idx_82
fist,trainingSamples,raw_data/EMG-EPN612/testingJSON/user66/user66.json,idx_83
fist,trainingSamples,raw_data/EMG-EPN612/testingJSON/user66/user66.json,idx_84
fist,trainingSamples,raw_data/EMG-EPN612/testingJSON/user66/user66.json,idx_85
fist,trainingSamples,raw_data/EMG-EPN612/testingJSON/user66/user66.json,idx_86
fist,trainingSamples,raw_data/EMG-EPN612/testingJSON/user66/user66.json,idx_87
fist,trainingSamples,raw_data/EMG-EPN612/testingJSON/user66/user66.json,idx_88
fist,trainingSamples,raw_data/EMG-EPN612/testingJSON/user66/user66.json,idx_89
fist,trainingSamples,raw_data/EMG-EPN612/testingJSON/user66/user66.json,idx_90
fist,trainingSamples,raw_data/EMG-EPN612/testingJSON/user66/user66.json,idx_91
fist,trainingSamples,raw_data/EMG-EPN612/testingJSON/user66/user66.json,idx_92
fist,trainingSamples,raw_data/EMG-EPN612/testingJSON/user66/user66.json,idx_93
fist,trainingSamples,raw_data/EMG-EPN612/testingJSON/user66/user66.json,idx_94
fist,trainingSamples,raw_data/EMG-EPN612/testingJSON/user66/user66.json,idx_95
fist,trainingSamples,raw_data/EMG-EPN612/testingJSON/user66/user66.json,idx_96
fist,trainingSamples,raw_data/EMG-EPN612/testingJSON/user66/user66.json,idx_97
fist,trainingSamples,raw_data/EMG-EPN612/testingJSON/user66/user66.json,idx_98
fist,trainingSamples,raw_data/EMG-EPN612/testingJSON/user66/user66.json,idx_99
fist,trainingSamples,raw_data/EMG-EPN612/testingJSON/user66/user66.json,idx_100
waveIn,trainingSamples,raw_data/EMG-EPN612/testingJSON/user66/user66.json,idx_101
waveIn,trainingSamples,raw_data/EMG-EPN612/testingJSON/user66/user66.json,idx_102
waveIn,trainingSamples,raw_data/EMG-EPN612/testingJSON/user66/user66.json,idx_103
waveIn,trainingSamples,raw_data/EMG-EPN612/testingJSON/user66/user66.json,idx_104
waveIn,trainingSamples,raw_data/EMG-EPN612/testingJSON/user66/user66.json,idx_105
waveIn,trainingSamples,raw_data/EMG-EPN612/testingJSON/user66/user66.json,idx_106
waveIn,trainingSamples,raw_data/EMG-EPN612/testingJSON/user66/user66.json,idx_107
waveIn,trainingSamples,raw_data/EMG-EPN612/testingJSON/user66/user66.json,idx_108
waveIn,trainingSamples,raw_data/EMG-EPN612/testingJSON/user66/user66.json,idx_109
waveIn,trainingSamples,raw_data/EMG-EPN612/testingJSON/user66/user66.json,idx_110
waveIn,trainingSamples,raw_data/EMG-EPN612/testingJSON/user66/user66.json,idx_111
waveIn,trainingSamples,raw_data/EMG-EPN612/testingJSON/user66/user66.json,idx_112
waveIn,trainingSamples,raw_data/EMG-EPN612/testingJSON/user66/user66.json,idx_113
waveIn,trainingSamples,raw_data/EMG-EPN612/testingJSON/user66/user66.json,idx_114
waveIn,trainingSamples,raw_data/EMG-EPN612/testingJSON/user66/user66.json,idx_115
waveIn,trainingSamples,raw_data/EMG-EPN612/testingJSON/user66/user66.json,idx_116
waveIn,trainingSamples,raw_data/EMG-EPN612/testingJSON/user66/user66.json,idx_117
waveIn,trainingSamples,raw_data/EMG-EPN612/testingJSON/user66/user66.json,idx_118
waveIn,trainingSamples,raw_data/EMG-EPN612/testingJSON/user66/user66.json,idx_119
waveIn,trainingSamples,raw_data/EMG-EPN612/testingJSON/user66/user66.json,idx_120
waveIn,trainingSamples,raw_data/EMG-EPN612/testingJSON/user66/user66.json,idx_121
waveIn,trainingSamples,raw_data/EMG-EPN612/testingJSON/user66/user66.json,idx_122
waveIn,trainingSamples,raw_data/EMG-EPN612/testingJSON/user66/user66.json,idx_123
waveIn,trainingSamples,raw_data/EMG-EPN612/testingJSON/user66/user66.json,idx_124
waveIn,trainingSamples,raw_data/EMG-EPN612/testingJSON/user66/user66.json,idx_125
open,trainingSamples,raw_data/EMG-EPN612/testingJSON/user66/user66.json,idx_126
open,trainingSamples,raw_data/EMG-EPN612/testingJSON/user66/user66.json,idx_127
open,trainingSamples,raw_data/EMG-EPN612/testingJSON/user66/user66.json,idx_128
open,trainingSamples,raw_data/EMG-EPN612/testingJSON/user66/user66.json,idx_129
open,trainingSamples,raw_data/EMG-EPN612/testingJSON/user66/user66.json,idx_130
open,trainingSamples,raw_data/EMG-EPN612/testingJSON/user66/user66.json,idx_131
open,trainingSamples,raw_data/EMG-EPN612/testingJSON/user66/user66.json,idx_132
open,trainingSamples,raw_data/EMG-EPN612/testingJSON/user66/user66.json,idx_133
open,trainingSamples,raw_data/EMG-EPN612/testingJSON/user66/user66.json,idx_134
open,trainingSamples,raw_data/EMG-EPN612/testingJSON/user66/user66.json,idx_135
open,trainingSamples,raw_data/EMG-EPN612/testingJSON/user66/user66.json,idx_136
open,trainingSamples,raw_data/EMG-EPN612/testingJSON/user66/user66.json,idx_137
open,trainingSamples,raw_data/EMG-EPN612/testingJSON/user66/user66.json,idx_138
open,trainingSamples,raw_data/EMG-EPN612/testingJSON/user66/user66.json,idx_139
open,trainingSamples,raw_data/EMG-EPN612/testingJSON/user66/user66.json,idx_140
open,trainingSamples,raw_data/EMG-EPN612/testingJSON/user66/user66.json,idx_141
open,trainingSamples,raw_data/EMG-EPN612/testingJSON/user66/user66.json,idx_142
open,trainingSamples,raw_data/EMG-EPN612/testingJSON/user66/user66.json,idx_143
open,trainingSamples,raw_data/EMG-EPN612/testingJSON/user66/user66.json,idx_144
open,trainingSamples,raw_data/EMG-EPN612/testingJSON/user66/user66.json,idx_145
open,trainingSamples,raw_data/EMG-EPN612/testingJSON/user66/user66.json,idx_146
open,trainingSamples,raw_data/EMG-EPN612/testingJSON/user66/user66.json,idx_147
open,trainingSamples,raw_data/EMG-EPN612/testingJSON/user66/user66.json,idx_148
open,trainingSamples,raw_data/EMG-EPN612/testingJSON/user66/user66.json,idx_149
open,trainingSamples,raw_data/EMG-EPN612/testingJSON/user66/user66.json,idx_150
noGesture,trainingSamples,raw_data/EMG-EPN612/testingJSON/user67/user67.json,idx_1
noGesture,trainingSamples,raw_data/EMG-EPN612/testingJSON/user67/user67.json,idx_2
noGesture,trainingSamples,raw_data/EMG-EPN612/testingJSON/user67/user67.json,idx_3
noGesture,trainingSamples,raw_data/EMG-EPN612/testingJSON/user67/user67.json,idx_4
noGesture,trainingSamples,raw_data/EMG-EPN612/testingJSON/user67/user67.json,idx_5
noGesture,trainingSamples,raw_data/EMG-EPN612/testingJSON/user67/user67.json,idx_6
noGesture,trainingSamples,raw_data/EMG-EPN612/testingJSON/user67/user67.json,idx_7
noGesture,trainingSamples,raw_data/EMG-EPN612/testingJSON/user67/user67.json,idx_8
noGesture,trainingSamples,raw_data/EMG-EPN612/testingJSON/user67/user67.json,idx_9
noGesture,trainingSamples,raw_data/EMG-EPN612/testingJSON/user67/user67.json,idx_10
noGesture,trainingSamples,raw_data/EMG-EPN612/testingJSON/user67/user67.json,idx_11
noGesture,trainingSamples,raw_data/EMG-EPN612/testingJSON/user67/user67.json,idx_12
noGesture,trainingSamples,raw_data/EMG-EPN612/testingJSON/user67/user67.json,idx_13
noGesture,trainingSamples,raw_data/EMG-EPN612/testingJSON/user67/user67.json,idx_14
noGesture,trainingSamples,raw_data/EMG-EPN612/testingJSON/user67/user67.json,idx_15
noGesture,trainingSamples,raw_data/EMG-EPN612/testingJSON/user67/user67.json,idx_16
noGesture,trainingSamples,raw_data/EMG-EPN612/testingJSON/user67/user67.json,idx_17
noGesture,trainingSamples,raw_data/EMG-EPN612/testingJSON/user67/user67.json,idx_18
noGesture,trainingSamples,raw_data/EMG-EPN612/testingJSON/user67/user67.json,idx_19
noGesture,trainingSamples,raw_data/EMG-EPN612/testingJSON/user67/user67.json,idx_20
noGesture,trainingSamples,raw_data/EMG-EPN612/testingJSON/user67/user67.json,idx_21
noGesture,trainingSamples,raw_data/EMG-EPN612/testingJSON/user67/user67.json,idx_22
noGesture,trainingSamples,raw_data/EMG-EPN612/testingJSON/user67/user67.json,idx_23
noGesture,trainingSamples,raw_data/EMG-EPN612/testingJSON/user67/user67.json,idx_24
noGesture,trainingSamples,raw_data/EMG-EPN612/testingJSON/user67/user67.json,idx_25
pinch,trainingSamples,raw_data/EMG-EPN612/testingJSON/user67/user67.json,idx_26
pinch,trainingSamples,raw_data/EMG-EPN612/testingJSON/user67/user67.json,idx_27
pinch,trainingSamples,raw_data/EMG-EPN612/testingJSON/user67/user67.json,idx_28
pinch,trainingSamples,raw_data/EMG-EPN612/testingJSON/user67/user67.json,idx_29
pinch,trainingSamples,raw_data/EMG-EPN612/testingJSON/user67/user67.json,idx_30
pinch,trainingSamples,raw_data/EMG-EPN612/testingJSON/user67/user67.json,idx_31
pinch,trainingSamples,raw_data/EMG-EPN612/testingJSON/user67/user67.json,idx_32
pinch,trainingSamples,raw_data/EMG-EPN612/testingJSON/user67/user67.json,idx_33
pinch,trainingSamples,raw_data/EMG-EPN612/testingJSON/user67/user67.json,idx_34
pinch,trainingSamples,raw_data/EMG-EPN612/testingJSON/user67/user67.json,idx_35
pinch,trainingSamples,raw_data/EMG-EPN612/testingJSON/user67/user67.json,idx_36
pinch,trainingSamples,raw_data/EMG-EPN612/testingJSON/user67/user67.json,idx_37
pinch,trainingSamples,raw_data/EMG-EPN612/testingJSON/user67/user67.json,idx_38
pinch,trainingSamples,raw_data/EMG-EPN612/testingJSON/user67/user67.json,idx_39
pinch,trainingSamples,raw_data/EMG-EPN612/testingJSON/user67/user67.json,idx_40
pinch,trainingSamples,raw_data/EMG-EPN612/testingJSON/user67/user67.json,idx_41
pinch,trainingSamples,raw_data/EMG-EPN612/testingJSON/user67/user67.json,idx_42
pinch,trainingSamples,raw_data/EMG-EPN612/testingJSON/user67/user67.json,idx_43
pinch,trainingSamples,raw_data/EMG-EPN612/testingJSON/user67/user67.json,idx_44
pinch,trainingSamples,raw_data/EMG-EPN612/testingJSON/user67/user67.json,idx_45
pinch,trainingSamples,raw_data/EMG-EPN612/testingJSON/user67/user67.json,idx_46
pinch,trainingSamples,raw_data/EMG-EPN612/testingJSON/user67/user67.json,idx_47
pinch,trainingSamples,raw_data/EMG-EPN612/testingJSON/user67/user67.json,idx_48
pinch,trainingSamples,raw_data/EMG-EPN612/testingJSON/user67/user67.json,idx_49
pinch,trainingSamples,raw_data/EMG-EPN612/testingJSON/user67/user67.json,idx_50
fist,trainingSamples,raw_data/EMG-EPN612/testingJSON/user67/user67.json,idx_51
fist,trainingSamples,raw_data/EMG-EPN612/testingJSON/user67/user67.json,idx_52
fist,trainingSamples,raw_data/EMG-EPN612/testingJSON/user67/user67.json,idx_53
fist,trainingSamples,raw_data/EMG-EPN612/testingJSON/user67/user67.json,idx_54
fist,trainingSamples,raw_data/EMG-EPN612/testingJSON/user67/user67.json,idx_55
fist,trainingSamples,raw_data/EMG-EPN612/testingJSON/user67/user67.json,idx_56
fist,trainingSamples,raw_data/EMG-EPN612/testingJSON/user67/user67.json,idx_57
fist,trainingSamples,raw_data/EMG-EPN612/testingJSON/user67/user67.json,idx_58
fist,trainingSamples,raw_data/EMG-EPN612/testingJSON/user67/user67.json,idx_59
fist,trainingSamples,raw_data/EMG-EPN612/testingJSON/user67/user67.json,idx_60
fist,trainingSamples,raw_data/EMG-EPN612/testingJSON/user67/user67.json,idx_61
fist,trainingSamples,raw_data/EMG-EPN612/testingJSON/user67/user67.json,idx_62
fist,trainingSamples,raw_data/EMG-EPN612/testingJSON/user67/user67.json,idx_63
fist,trainingSamples,raw_data/EMG-EPN612/testingJSON/user67/user67.json,idx_64
fist,trainingSamples,raw_data/EMG-EPN612/testingJSON/user67/user67.json,idx_65
fist,trainingSamples,raw_data/EMG-EPN612/testingJSON/user67/user67.json,idx_66
fist,trainingSamples,raw_data/EMG-EPN612/testingJSON/user67/user67.json,idx_67
fist,trainingSamples,raw_data/EMG-EPN612/testingJSON/user67/user67.json,idx_68
fist,trainingSamples,raw_data/EMG-EPN612/testingJSON/user67/user67.json,idx_69
fist,trainingSamples,raw_data/EMG-EPN612/testingJSON/user67/user67.json,idx_70
fist,trainingSamples,raw_data/EMG-EPN612/testingJSON/user67/user67.json,idx_71
fist,trainingSamples,raw_data/EMG-EPN612/testingJSON/user67/user67.json,idx_72
fist,trainingSamples,raw_data/EMG-EPN612/testingJSON/user67/user67.json,idx_73
fist,trainingSamples,raw_data/EMG-EPN612/testingJSON/user67/user67.json,idx_74
fist,trainingSamples,raw_data/EMG-EPN612/testingJSON/user67/user67.json,idx_75
waveIn,trainingSamples,raw_data/EMG-EPN612/testingJSON/user67/user67.json,idx_76
waveIn,trainingSamples,raw_data/EMG-EPN612/testingJSON/user67/user67.json,idx_77
waveIn,trainingSamples,raw_data/EMG-EPN612/testingJSON/user67/user67.json,idx_78
waveIn,trainingSamples,raw_data/EMG-EPN612/testingJSON/user67/user67.json,idx_79
waveIn,trainingSamples,raw_data/EMG-EPN612/testingJSON/user67/user67.json,idx_80
waveIn,trainingSamples,raw_data/EMG-EPN612/testingJSON/user67/user67.json,idx_81
waveIn,trainingSamples,raw_data/EMG-EPN612/testingJSON/user67/user67.json,idx_82
waveIn,trainingSamples,raw_data/EMG-EPN612/testingJSON/user67/user67.json,idx_83
waveIn,trainingSamples,raw_data/EMG-EPN612/testingJSON/user67/user67.json,idx_84
waveIn,trainingSamples,raw_data/EMG-EPN612/testingJSON/user67/user67.json,idx_85
waveIn,trainingSamples,raw_data/EMG-EPN612/testingJSON/user67/user67.json,idx_86
waveIn,trainingSamples,raw_data/EMG-EPN612/testingJSON/user67/user67.json,idx_87
waveIn,trainingSamples,raw_data/EMG-EPN612/testingJSON/user67/user67.json,idx_88
waveIn,trainingSamples,raw_data/EMG-EPN612/testingJSON/user67/user67.json,idx_89
waveIn,trainingSamples,raw_data/EMG-EPN612/testingJSON/user67/user67.json,idx_90
waveIn,trainingSamples,raw_data/EMG-EPN612/testingJSON/user67/user67.json,idx_91
waveIn,trainingSamples,raw_data/EMG-EPN612/testingJSON/user67/user67.json,idx_92
waveIn,trainingSamples,raw_data/EMG-EPN612/testingJSON/user67/user67.json,idx_93
waveIn,trainingSamples,raw_data/EMG-EPN612/testingJSON/user67/user67.json,idx_94
waveIn,trainingSamples,raw_data/EMG-EPN612/testingJSON/user67/user67.json,idx_95
waveIn,trainingSamples,raw_data/EMG-EPN612/testingJSON/user67/user67.json,idx_96
waveIn,trainingSamples,raw_data/EMG-EPN612/testingJSON/user67/user67.json,idx_97
waveIn,trainingSamples,raw_data/EMG-EPN612/testingJSON/user67/user67.json,idx_98
waveIn,trainingSamples,raw_data/EMG-EPN612/testingJSON/user67/user67.json,idx_99
waveIn,trainingSamples,raw_data/EMG-EPN612/testingJSON/user67/user67.json,idx_100
waveOut,trainingSamples,raw_data/EMG-EPN612/testingJSON/user67/user67.json,idx_101
waveOut,trainingSamples,raw_data/EMG-EPN612/testingJSON/user67/user67.json,idx_102
waveOut,trainingSamples,raw_data/EMG-EPN612/testingJSON/user67/user67.json,idx_103
waveOut,trainingSamples,raw_data/EMG-EPN612/testingJSON/user67/user67.json,idx_104
waveOut,trainingSamples,raw_data/EMG-EPN612/testingJSON/user67/user67.json,idx_105
waveOut,trainingSamples,raw_data/EMG-EPN612/testingJSON/user67/user67.json,idx_106
waveOut,trainingSamples,raw_data/EMG-EPN612/testingJSON/user67/user67.json,idx_107
waveOut,trainingSamples,raw_data/EMG-EPN612/testingJSON/user67/user67.json,idx_108
waveOut,trainingSamples,raw_data/EMG-EPN612/testingJSON/user67/user67.json,idx_109
waveOut,trainingSamples,raw_data/EMG-EPN612/testingJSON/user67/user67.json,idx_110
waveOut,trainingSamples,raw_data/EMG-EPN612/testingJSON/user67/user67.json,idx_111
waveOut,trainingSamples,raw_data/EMG-EPN612/testingJSON/user67/user67.json,idx_112
waveOut,trainingSamples,raw_data/EMG-EPN612/testingJSON/user67/user67.json,idx_113
waveOut,trainingSamples,raw_data/EMG-EPN612/testingJSON/user67/user67.json,idx_114
waveOut,trainingSamples,raw_data/EMG-EPN612/testingJSON/user67/user67.json,idx_115
waveOut,trainingSamples,raw_data/EMG-EPN612/testingJSON/user67/user67.json,idx_116
waveOut,trainingSamples,raw_data/EMG-EPN612/testingJSON/user67/user67.json,idx_117
waveOut,trainingSamples,raw_data/EMG-EPN612/testingJSON/user67/user67.json,idx_118
waveOut,trainingSamples,raw_data/EMG-EPN612/testingJSON/user67/user67.json,idx_119
waveOut,trainingSamples,raw_data/EMG-EPN612/testingJSON/user67/user67.json,idx_120
waveOut,trainingSamples,raw_data/EMG-EPN612/testingJSON/user67/user67.json,idx_121
waveOut,trainingSamples,raw_data/EMG-EPN612/testingJSON/user67/user67.json,idx_122
waveOut,trainingSamples,raw_data/EMG-EPN612/testingJSON/user67/user67.json,idx_123
waveOut,trainingSamples,raw_data/EMG-EPN612/testingJSON/user67/user67.json,idx_124
waveOut,trainingSamples,raw_data/EMG-EPN612/testingJSON/user67/user67.json,idx_125
open,trainingSamples,raw_data/EMG-EPN612/testingJSON/user67/user67.json,idx_126
open,trainingSamples,raw_data/EMG-EPN612/testingJSON/user67/user67.json,idx_127
open,trainingSamples,raw_data/EMG-EPN612/testingJSON/user67/user67.json,idx_128
open,trainingSamples,raw_data/EMG-EPN612/testingJSON/user67/user67.json,idx_129
open,trainingSamples,raw_data/EMG-EPN612/testingJSON/user67/user67.json,idx_130
open,trainingSamples,raw_data/EMG-EPN612/testingJSON/user67/user67.json,idx_131
open,trainingSamples,raw_data/EMG-EPN612/testingJSON/user67/user67.json,idx_132
open,trainingSamples,raw_data/EMG-EPN612/testingJSON/user67/user67.json,idx_133
open,trainingSamples,raw_data/EMG-EPN612/testingJSON/user67/user67.json,idx_134
open,trainingSamples,raw_data/EMG-EPN612/testingJSON/user67/user67.json,idx_135
open,trainingSamples,raw_data/EMG-EPN612/testingJSON/user67/user67.json,idx_136
open,trainingSamples,raw_data/EMG-EPN612/testingJSON/user67/user67.json,idx_137
open,trainingSamples,raw_data/EMG-EPN612/testingJSON/user67/user67.json,idx_138
open,trainingSamples,raw_data/EMG-EPN612/testingJSON/user67/user67.json,idx_139
open,trainingSamples,raw_data/EMG-EPN612/testingJSON/user67/user67.json,idx_140
open,trainingSamples,raw_data/EMG-EPN612/testingJSON/user67/user67.json,idx_141
open,trainingSamples,raw_data/EMG-EPN612/testingJSON/user67/user67.json,idx_142
open,trainingSamples,raw_data/EMG-EPN612/testingJSON/user67/user67.json,idx_143
open,trainingSamples,raw_data/EMG-EPN612/testingJSON/user67/user67.json,idx_144
open,trainingSamples,raw_data/EMG-EPN612/testingJSON/user67/user67.json,idx_145
open,trainingSamples,raw_data/EMG-EPN612/testingJSON/user67/user67.json,idx_146
open,trainingSamples,raw_data/EMG-EPN612/testingJSON/user67/user67.json,idx_147
open,trainingSamples,raw_data/EMG-EPN612/testingJSON/user67/user67.json,idx_148
open,trainingSamples,raw_data/EMG-EPN612/testingJSON/user67/user67.json,idx_149
open,trainingSamples,raw_data/EMG-EPN612/testingJSON/user67/user67.json,idx_150
noGesture,trainingSamples,raw_data/EMG-EPN612/testingJSON/user68/user68.json,idx_1
noGesture,trainingSamples,raw_data/EMG-EPN612/testingJSON/user68/user68.json,idx_2
noGesture,trainingSamples,raw_data/EMG-EPN612/testingJSON/user68/user68.json,idx_3
noGesture,trainingSamples,raw_data/EMG-EPN612/testingJSON/user68/user68.json,idx_4
noGesture,trainingSamples,raw_data/EMG-EPN612/testingJSON/user68/user68.json,idx_5
noGesture,trainingSamples,raw_data/EMG-EPN612/testingJSON/user68/user68.json,idx_6
noGesture,trainingSamples,raw_data/EMG-EPN612/testingJSON/user68/user68.json,idx_7
noGesture,trainingSamples,raw_data/EMG-EPN612/testingJSON/user68/user68.json,idx_8
noGesture,trainingSamples,raw_data/EMG-EPN612/testingJSON/user68/user68.json,idx_9
noGesture,trainingSamples,raw_data/EMG-EPN612/testingJSON/user68/user68.json,idx_10
noGesture,trainingSamples,raw_data/EMG-EPN612/testingJSON/user68/user68.json,idx_11
noGesture,trainingSamples,raw_data/EMG-EPN612/testingJSON/user68/user68.json,idx_12
noGesture,trainingSamples,raw_data/EMG-EPN612/testingJSON/user68/user68.json,idx_13
noGesture,trainingSamples,raw_data/EMG-EPN612/testingJSON/user68/user68.json,idx_14
noGesture,trainingSamples,raw_data/EMG-EPN612/testingJSON/user68/user68.json,idx_15
noGesture,trainingSamples,raw_data/EMG-EPN612/testingJSON/user68/user68.json,idx_16
noGesture,trainingSamples,raw_data/EMG-EPN612/testingJSON/user68/user68.json,idx_17
noGesture,trainingSamples,raw_data/EMG-EPN612/testingJSON/user68/user68.json,idx_18
noGesture,trainingSamples,raw_data/EMG-EPN612/testingJSON/user68/user68.json,idx_19
noGesture,trainingSamples,raw_data/EMG-EPN612/testingJSON/user68/user68.json,idx_20
noGesture,trainingSamples,raw_data/EMG-EPN612/testingJSON/user68/user68.json,idx_21
noGesture,trainingSamples,raw_data/EMG-EPN612/testingJSON/user68/user68.json,idx_22
noGesture,trainingSamples,raw_data/EMG-EPN612/testingJSON/user68/user68.json,idx_23
noGesture,trainingSamples,raw_data/EMG-EPN612/testingJSON/user68/user68.json,idx_24
noGesture,trainingSamples,raw_data/EMG-EPN612/testingJSON/user68/user68.json,idx_25
waveIn,trainingSamples,raw_data/EMG-EPN612/testingJSON/user68/user68.json,idx_26
waveIn,trainingSamples,raw_data/EMG-EPN612/testingJSON/user68/user68.json,idx_27
waveIn,trainingSamples,raw_data/EMG-EPN612/testingJSON/user68/user68.json,idx_28
waveIn,trainingSamples,raw_data/EMG-EPN612/testingJSON/user68/user68.json,idx_29
waveIn,trainingSamples,raw_data/EMG-EPN612/testingJSON/user68/user68.json,idx_30
waveIn,trainingSamples,raw_data/EMG-EPN612/testingJSON/user68/user68.json,idx_31
waveIn,trainingSamples,raw_data/EMG-EPN612/testingJSON/user68/user68.json,idx_32
waveIn,trainingSamples,raw_data/EMG-EPN612/testingJSON/user68/user68.json,idx_33
waveIn,trainingSamples,raw_data/EMG-EPN612/testingJSON/user68/user68.json,idx_34
waveIn,trainingSamples,raw_data/EMG-EPN612/testingJSON/user68/user68.json,idx_35
waveIn,trainingSamples,raw_data/EMG-EPN612/testingJSON/user68/user68.json,idx_36
waveIn,trainingSamples,raw_data/EMG-EPN612/testingJSON/user68/user68.json,idx_37
waveIn,trainingSamples,raw_data/EMG-EPN612/testingJSON/user68/user68.json,idx_38
waveIn,trainingSamples,raw_data/EMG-EPN612/testingJSON/user68/user68.json,idx_39
waveIn,trainingSamples,raw_data/EMG-EPN612/testingJSON/user68/user68.json,idx_40
waveIn,trainingSamples,raw_data/EMG-EPN612/testingJSON/user68/user68.json,idx_41
waveIn,trainingSamples,raw_data/EMG-EPN612/testingJSON/user68/user68.json,idx_42
waveIn,trainingSamples,raw_data/EMG-EPN612/testingJSON/user68/user68.json,idx_43
waveIn,trainingSamples,raw_data/EMG-EPN612/testingJSON/user68/user68.json,idx_44
waveIn,trainingSamples,raw_data/EMG-EPN612/testingJSON/user68/user68.json,idx_45
waveIn,trainingSamples,raw_data/EMG-EPN612/testingJSON/user68/user68.json,idx_46
waveIn,trainingSamples,raw_data/EMG-EPN612/testingJSON/user68/user68.json,idx_47
waveIn,trainingSamples,raw_data/EMG-EPN612/testingJSON/user68/user68.json,idx_48
waveIn,trainingSamples,raw_data/EMG-EPN612/testingJSON/user68/user68.json,idx_49
waveIn,trainingSamples,raw_data/EMG-EPN612/testingJSON/user68/user68.json,idx_50
fist,trainingSamples,raw_data/EMG-EPN612/testingJSON/user68/user68.json,idx_51
fist,trainingSamples,raw_data/EMG-EPN612/testingJSON/user68/user68.json,idx_52
fist,trainingSamples,raw_data/EMG-EPN612/testingJSON/user68/user68.json,idx_53
fist,trainingSamples,raw_data/EMG-EPN612/testingJSON/user68/user68.json,idx_54
fist,trainingSamples,raw_data/EMG-EPN612/testingJSON/user68/user68.json,idx_55
fist,trainingSamples,raw_data/EMG-EPN612/testingJSON/user68/user68.json,idx_56
fist,trainingSamples,raw_data/EMG-EPN612/testingJSON/user68/user68.json,idx_57
fist,trainingSamples,raw_data/EMG-EPN612/testingJSON/user68/user68.json,idx_58
fist,trainingSamples,raw_data/EMG-EPN612/testingJSON/user68/user68.json,idx_59
fist,trainingSamples,raw_data/EMG-EPN612/testingJSON/user68/user68.json,idx_60
fist,trainingSamples,raw_data/EMG-EPN612/testingJSON/user68/user68.json,idx_61
fist,trainingSamples,raw_data/EMG-EPN612/testingJSON/user68/user68.json,idx_62
fist,trainingSamples,raw_data/EMG-EPN612/testingJSON/user68/user68.json,idx_63
fist,trainingSamples,raw_data/EMG-EPN612/testingJSON/user68/user68.json,idx_64
fist,trainingSamples,raw_data/EMG-EPN612/testingJSON/user68/user68.json,idx_65
fist,trainingSamples,raw_data/EMG-EPN612/testingJSON/user68/user68.json,idx_66
fist,trainingSamples,raw_data/EMG-EPN612/testingJSON/user68/user68.json,idx_67
fist,trainingSamples,raw_data/EMG-EPN612/testingJSON/user68/user68.json,idx_68
fist,trainingSamples,raw_data/EMG-EPN612/testingJSON/user68/user68.json,idx_69
fist,trainingSamples,raw_data/EMG-EPN612/testingJSON/user68/user68.json,idx_70
fist,trainingSamples,raw_data/EMG-EPN612/testingJSON/user68/user68.json,idx_71
fist,trainingSamples,raw_data/EMG-EPN612/testingJSON/user68/user68.json,idx_72
fist,trainingSamples,raw_data/EMG-EPN612/testingJSON/user68/user68.json,idx_73
fist,trainingSamples,raw_data/EMG-EPN612/testingJSON/user68/user68.json,idx_74
fist,trainingSamples,raw_data/EMG-EPN612/testingJSON/user68/user68.json,idx_75
pinch,trainingSamples,raw_data/EMG-EPN612/testingJSON/user68/user68.json,idx_76
pinch,trainingSamples,raw_data/EMG-EPN612/testingJSON/user68/user68.json,idx_77
pinch,trainingSamples,raw_data/EMG-EPN612/testingJSON/user68/user68.json,idx_78
pinch,trainingSamples,raw_data/EMG-EPN612/testingJSON/user68/user68.json,idx_79
pinch,trainingSamples,raw_data/EMG-EPN612/testingJSON/user68/user68.json,idx_80
pinch,trainingSamples,raw_data/EMG-EPN612/testingJSON/user68/user68.json,idx_81
pinch,trainingSamples,raw_data/EMG-EPN612/testingJSON/user68/user68.json,idx_82
pinch,trainingSamples,raw_data/EMG-EPN612/testingJSON/user68/user68.json,idx_83
pinch,trainingSamples,raw_data/EMG-EPN612/testingJSON/user68/user68.json,idx_84
pinch,trainingSamples,raw_data/EMG-EPN612/testingJSON/user68/user68.json,idx_85
pinch,trainingSamples,raw_data/EMG-EPN612/testingJSON/user68/user68.json,idx_86
pinch,trainingSamples,raw_data/EMG-EPN612/testingJSON/user68/user68.json,idx_87
pinch,trainingSamples,raw_data/EMG-EPN612/testingJSON/user68/user68.json,idx_88
pinch,trainingSamples,raw_data/EMG-EPN612/testingJSON/user68/user68.json,idx_89
pinch,trainingSamples,raw_data/EMG-EPN612/testingJSON/user68/user68.json,idx_90
pinch,trainingSamples,raw_data/EMG-EPN612/testingJSON/user68/user68.json,idx_91
pinch,trainingSamples,raw_data/EMG-EPN612/testingJSON/user68/user68.json,idx_92
pinch,trainingSamples,raw_data/EMG-EPN612/testingJSON/user68/user68.json,idx_93
pinch,trainingSamples,raw_data/EMG-EPN612/testingJSON/user68/user68.json,idx_94
pinch,trainingSamples,raw_data/EMG-EPN612/testingJSON/user68/user68.json,idx_95
pinch,trainingSamples,raw_data/EMG-EPN612/testingJSON/user68/user68.json,idx_96
pinch,trainingSamples,raw_data/EMG-EPN612/testingJSON/user68/user68.json,idx_97
pinch,trainingSamples,raw_data/EMG-EPN612/testingJSON/user68/user68.json,idx_98
pinch,trainingSamples,raw_data/EMG-EPN612/testingJSON/user68/user68.json,idx_99
pinch,trainingSamples,raw_data/EMG-EPN612/testingJSON/user68/user68.json,idx_100
waveOut,trainingSamples,raw_data/EMG-EPN612/testingJSON/user68/user68.json,idx_101
waveOut,trainingSamples,raw_data/EMG-EPN612/testingJSON/user68/user68.json,idx_102
waveOut,trainingSamples,raw_data/EMG-EPN612/testingJSON/user68/user68.json,idx_103
waveOut,trainingSamples,raw_data/EMG-EPN612/testingJSON/user68/user68.json,idx_104
waveOut,trainingSamples,raw_data/EMG-EPN612/testingJSON/user68/user68.json,idx_105
waveOut,trainingSamples,raw_data/EMG-EPN612/testingJSON/user68/user68.json,idx_106
waveOut,trainingSamples,raw_data/EMG-EPN612/testingJSON/user68/user68.json,idx_107
waveOut,trainingSamples,raw_data/EMG-EPN612/testingJSON/user68/user68.json,idx_108
waveOut,trainingSamples,raw_data/EMG-EPN612/testingJSON/user68/user68.json,idx_109
waveOut,trainingSamples,raw_data/EMG-EPN612/testingJSON/user68/user68.json,idx_110
waveOut,trainingSamples,raw_data/EMG-EPN612/testingJSON/user68/user68.json,idx_111
waveOut,trainingSamples,raw_data/EMG-EPN612/testingJSON/user68/user68.json,idx_112
waveOut,trainingSamples,raw_data/EMG-EPN612/testingJSON/user68/user68.json,idx_113
waveOut,trainingSamples,raw_data/EMG-EPN612/testingJSON/user68/user68.json,idx_114
waveOut,trainingSamples,raw_data/EMG-EPN612/testingJSON/user68/user68.json,idx_115
waveOut,trainingSamples,raw_data/EMG-EPN612/testingJSON/user68/user68.json,idx_116
waveOut,trainingSamples,raw_data/EMG-EPN612/testingJSON/user68/user68.json,idx_117
waveOut,trainingSamples,raw_data/EMG-EPN612/testingJSON/user68/user68.json,idx_118
waveOut,trainingSamples,raw_data/EMG-EPN612/testingJSON/user68/user68.json,idx_119
waveOut,trainingSamples,raw_data/EMG-EPN612/testingJSON/user68/user68.json,idx_120
waveOut,trainingSamples,raw_data/EMG-EPN612/testingJSON/user68/user68.json,idx_121
waveOut,trainingSamples,raw_data/EMG-EPN612/testingJSON/user68/user68.json,idx_122
waveOut,trainingSamples,raw_data/EMG-EPN612/testingJSON/user68/user68.json,idx_123
waveOut,trainingSamples,raw_data/EMG-EPN612/testingJSON/user68/user68.json,idx_124
waveOut,trainingSamples,raw_data/EMG-EPN612/testingJSON/user68/user68.json,idx_125
open,trainingSamples,raw_data/EMG-EPN612/testingJSON/user68/user68.json,idx_126
open,trainingSamples,raw_data/EMG-EPN612/testingJSON/user68/user68.json,idx_127
open,trainingSamples,raw_data/EMG-EPN612/testingJSON/user68/user68.json,idx_128
open,trainingSamples,raw_data/EMG-EPN612/testingJSON/user68/user68.json,idx_129
open,trainingSamples,raw_data/EMG-EPN612/testingJSON/user68/user68.json,idx_130
open,trainingSamples,raw_data/EMG-EPN612/testingJSON/user68/user68.json,idx_131
open,trainingSamples,raw_data/EMG-EPN612/testingJSON/user68/user68.json,idx_132
open,trainingSamples,raw_data/EMG-EPN612/testingJSON/user68/user68.json,idx_133
open,trainingSamples,raw_data/EMG-EPN612/testingJSON/user68/user68.json,idx_134
open,trainingSamples,raw_data/EMG-EPN612/testingJSON/user68/user68.json,idx_135
open,trainingSamples,raw_data/EMG-EPN612/testingJSON/user68/user68.json,idx_136
open,trainingSamples,raw_data/EMG-EPN612/testingJSON/user68/user68.json,idx_137
open,trainingSamples,raw_data/EMG-EPN612/testingJSON/user68/user68.json,idx_138
open,trainingSamples,raw_data/EMG-EPN612/testingJSON/user68/user68.json,idx_139
open,trainingSamples,raw_data/EMG-EPN612/testingJSON/user68/user68.json,idx_140
open,trainingSamples,raw_data/EMG-EPN612/testingJSON/user68/user68.json,idx_141
open,trainingSamples,raw_data/EMG-EPN612/testingJSON/user68/user68.json,idx_142
open,trainingSamples,raw_data/EMG-EPN612/testingJSON/user68/user68.json,idx_143
open,trainingSamples,raw_data/EMG-EPN612/testingJSON/user68/user68.json,idx_144
open,trainingSamples,raw_data/EMG-EPN612/testingJSON/user68/user68.json,idx_145
open,trainingSamples,raw_data/EMG-EPN612/testingJSON/user68/user68.json,idx_146
open,trainingSamples,raw_data/EMG-EPN612/testingJSON/user68/user68.json,idx_147
open,trainingSamples,raw_data/EMG-EPN612/testingJSON/user68/user68.json,idx_148
open,trainingSamples,raw_data/EMG-EPN612/testingJSON/user68/user68.json,idx_149
open,trainingSamples,raw_data/EMG-EPN612/testingJSON/user68/user68.json,idx_150
noGesture,trainingSamples,raw_data/EMG-EPN612/testingJSON/user69/user69.json,idx_1
noGesture,trainingSamples,raw_data/EMG-EPN612/testingJSON/user69/user69.json,idx_2
noGesture,trainingSamples,raw_data/EMG-EPN612/testingJSON/user69/user69.json,idx_3
noGesture,trainingSamples,raw_data/EMG-EPN612/testingJSON/user69/user69.json,idx_4
noGesture,trainingSamples,raw_data/EMG-EPN612/testingJSON/user69/user69.json,idx_5
noGesture,trainingSamples,raw_data/EMG-EPN612/testingJSON/user69/user69.json,idx_6
noGesture,trainingSamples,raw_data/EMG-EPN612/testingJSON/user69/user69.json,idx_7
noGesture,trainingSamples,raw_data/EMG-EPN612/testingJSON/user69/user69.json,idx_8
noGesture,trainingSamples,raw_data/EMG-EPN612/testingJSON/user69/user69.json,idx_9
noGesture,trainingSamples,raw_data/EMG-EPN612/testingJSON/user69/user69.json,idx_10
noGesture,trainingSamples,raw_data/EMG-EPN612/testingJSON/user69/user69.json,idx_11
noGesture,trainingSamples,raw_data/EMG-EPN612/testingJSON/user69/user69.json,idx_12
noGesture,trainingSamples,raw_data/EMG-EPN612/testingJSON/user69/user69.json,idx_13
noGesture,trainingSamples,raw_data/EMG-EPN612/testingJSON/user69/user69.json,idx_14
noGesture,trainingSamples,raw_data/EMG-EPN612/testingJSON/user69/user69.json,idx_15
noGesture,trainingSamples,raw_data/EMG-EPN612/testingJSON/user69/user69.json,idx_16
noGesture,trainingSamples,raw_data/EMG-EPN612/testingJSON/user69/user69.json,idx_17
noGesture,trainingSamples,raw_data/EMG-EPN612/testingJSON/user69/user69.json,idx_18
noGesture,trainingSamples,raw_data/EMG-EPN612/testingJSON/user69/user69.json,idx_19
noGesture,trainingSamples,raw_data/EMG-EPN612/testingJSON/user69/user69.json,idx_20
noGesture,trainingSamples,raw_data/EMG-EPN612/testingJSON/user69/user69.json,idx_21
noGesture,trainingSamples,raw_data/EMG-EPN612/testingJSON/user69/user69.json,idx_22
noGesture,trainingSamples,raw_data/EMG-EPN612/testingJSON/user69/user69.json,idx_23
noGesture,trainingSamples,raw_data/EMG-EPN612/testingJSON/user69/user69.json,idx_24
noGesture,trainingSamples,raw_data/EMG-EPN612/testingJSON/user69/user69.json,idx_25
fist,trainingSamples,raw_data/EMG-EPN612/testingJSON/user69/user69.json,idx_26
fist,trainingSamples,raw_data/EMG-EPN612/testingJSON/user69/user69.json,idx_27
fist,trainingSamples,raw_data/EMG-EPN612/testingJSON/user69/user69.json,idx_28
fist,trainingSamples,raw_data/EMG-EPN612/testingJSON/user69/user69.json,idx_29
fist,trainingSamples,raw_data/EMG-EPN612/testingJSON/user69/user69.json,idx_30
fist,trainingSamples,raw_data/EMG-EPN612/testingJSON/user69/user69.json,idx_31
fist,trainingSamples,raw_data/EMG-EPN612/testingJSON/user69/user69.json,idx_32
fist,trainingSamples,raw_data/EMG-EPN612/testingJSON/user69/user69.json,idx_33
fist,trainingSamples,raw_data/EMG-EPN612/testingJSON/user69/user69.json,idx_34
fist,trainingSamples,raw_data/EMG-EPN612/testingJSON/user69/user69.json,idx_35
fist,trainingSamples,raw_data/EMG-EPN612/testingJSON/user69/user69.json,idx_36
fist,trainingSamples,raw_data/EMG-EPN612/testingJSON/user69/user69.json,idx_37
fist,trainingSamples,raw_data/EMG-EPN612/testingJSON/user69/user69.json,idx_38
fist,trainingSamples,raw_data/EMG-EPN612/testingJSON/user69/user69.json,idx_39
fist,trainingSamples,raw_data/EMG-EPN612/testingJSON/user69/user69.json,idx_40
fist,trainingSamples,raw_data/EMG-EPN612/testingJSON/user69/user69.json,idx_41
fist,trainingSamples,raw_data/EMG-EPN612/testingJSON/user69/user69.json,idx_42
fist,trainingSamples,raw_data/EMG-EPN612/testingJSON/user69/user69.json,idx_43
fist,trainingSamples,raw_data/EMG-EPN612/testingJSON/user69/user69.json,idx_44
fist,trainingSamples,raw_data/EMG-EPN612/testingJSON/user69/user69.json,idx_45
fist,trainingSamples,raw_data/EMG-EPN612/testingJSON/user69/user69.json,idx_46
fist,trainingSamples,raw_data/EMG-EPN612/testingJSON/user69/user69.json,idx_47
fist,trainingSamples,raw_data/EMG-EPN612/testingJSON/user69/user69.json,idx_48
fist,trainingSamples,raw_data/EMG-EPN612/testingJSON/user69/user69.json,idx_49
fist,trainingSamples,raw_data/EMG-EPN612/testingJSON/user69/user69.json,idx_50
open,trainingSamples,raw_data/EMG-EPN612/testingJSON/user69/user69.json,idx_51
open,trainingSamples,raw_data/EMG-EPN612/testingJSON/user69/user69.json,idx_52
open,trainingSamples,raw_data/EMG-EPN612/testingJSON/user69/user69.json,idx_53
open,trainingSamples,raw_data/EMG-EPN612/testingJSON/user69/user69.json,idx_54
open,trainingSamples,raw_data/EMG-EPN612/testingJSON/user69/user69.json,idx_55
open,trainingSamples,raw_data/EMG-EPN612/testingJSON/user69/user69.json,idx_56
open,trainingSamples,raw_data/EMG-EPN612/testingJSON/user69/user69.json,idx_57
open,trainingSamples,raw_data/EMG-EPN612/testingJSON/user69/user69.json,idx_58
open,trainingSamples,raw_data/EMG-EPN612/testingJSON/user69/user69.json,idx_59
open,trainingSamples,raw_data/EMG-EPN612/testingJSON/user69/user69.json,idx_60
open,trainingSamples,raw_data/EMG-EPN612/testingJSON/user69/user69.json,idx_61
open,trainingSamples,raw_data/EMG-EPN612/testingJSON/user69/user69.json,idx_62
open,trainingSamples,raw_data/EMG-EPN612/testingJSON/user69/user69.json,idx_63
open,trainingSamples,raw_data/EMG-EPN612/testingJSON/user69/user69.json,idx_64
open,trainingSamples,raw_data/EMG-EPN612/testingJSON/user69/user69.json,idx_65
open,trainingSamples,raw_data/EMG-EPN612/testingJSON/user69/user69.json,idx_66
open,trainingSamples,raw_data/EMG-EPN612/testingJSON/user69/user69.json,idx_67
open,trainingSamples,raw_data/EMG-EPN612/testingJSON/user69/user69.json,idx_68
open,trainingSamples,raw_data/EMG-EPN612/testingJSON/user69/user69.json,idx_69
open,trainingSamples,raw_data/EMG-EPN612/testingJSON/user69/user69.json,idx_70
open,trainingSamples,raw_data/EMG-EPN612/testingJSON/user69/user69.json,idx_71
open,trainingSamples,raw_data/EMG-EPN612/testingJSON/user69/user69.json,idx_72
open,trainingSamples,raw_data/EMG-EPN612/testingJSON/user69/user69.json,idx_73
open,trainingSamples,raw_data/EMG-EPN612/testingJSON/user69/user69.json,idx_74
open,trainingSamples,raw_data/EMG-EPN612/testingJSON/user69/user69.json,idx_75
pinch,trainingSamples,raw_data/EMG-EPN612/testingJSON/user69/user69.json,idx_76
pinch,trainingSamples,raw_data/EMG-EPN612/testingJSON/user69/user69.json,idx_77
pinch,trainingSamples,raw_data/EMG-EPN612/testingJSON/user69/user69.json,idx_78
pinch,trainingSamples,raw_data/EMG-EPN612/testingJSON/user69/user69.json,idx_79
pinch,trainingSamples,raw_data/EMG-EPN612/testingJSON/user69/user69.json,idx_80
pinch,trainingSamples,raw_data/EMG-EPN612/testingJSON/user69/user69.json,idx_81
pinch,trainingSamples,raw_data/EMG-EPN612/testingJSON/user69/user69.json,idx_82
pinch,trainingSamples,raw_data/EMG-EPN612/testingJSON/user69/user69.json,idx_83
pinch,trainingSamples,raw_data/EMG-EPN612/testingJSON/user69/user69.json,idx_84
pinch,trainingSamples,raw_data/EMG-EPN612/testingJSON/user69/user69.json,idx_85
pinch,trainingSamples,raw_data/EMG-EPN612/testingJSON/user69/user69.json,idx_86
pinch,trainingSamples,raw_data/EMG-EPN612/testingJSON/user69/user69.json,idx_87
pinch,trainingSamples,raw_data/EMG-EPN612/testingJSON/user69/user69.json,idx_88
pinch,trainingSamples,raw_data/EMG-EPN612/testingJSON/user69/user69.json,idx_89
pinch,trainingSamples,raw_data/EMG-EPN612/testingJSON/user69/user69.json,idx_90
pinch,trainingSamples,raw_data/EMG-EPN612/testingJSON/user69/user69.json,idx_91
pinch,trainingSamples,raw_data/EMG-EPN612/testingJSON/user69/user69.json,idx_92
pinch,trainingSamples,raw_data/EMG-EPN612/testingJSON/user69/user69.json,idx_93
pinch,trainingSamples,raw_data/EMG-EPN612/testingJSON/user69/user69.json,idx_94
pinch,trainingSamples,raw_data/EMG-EPN612/testingJSON/user69/user69.json,idx_95
pinch,trainingSamples,raw_data/EMG-EPN612/testingJSON/user69/user69.json,idx_96
pinch,trainingSamples,raw_data/EMG-EPN612/testingJSON/user69/user69.json,idx_97
pinch,trainingSamples,raw_data/EMG-EPN612/testingJSON/user69/user69.json,idx_98
pinch,trainingSamples,raw_data/EMG-EPN612/testingJSON/user69/user69.json,idx_99
pinch,trainingSamples,raw_data/EMG-EPN612/testingJSON/user69/user69.json,idx_100
waveOut,trainingSamples,raw_data/EMG-EPN612/testingJSON/user69/user69.json,idx_101
waveOut,trainingSamples,raw_data/EMG-EPN612/testingJSON/user69/user69.json,idx_102
waveOut,trainingSamples,raw_data/EMG-EPN612/testingJSON/user69/user69.json,idx_103
waveOut,trainingSamples,raw_data/EMG-EPN612/testingJSON/user69/user69.json,idx_104
waveOut,trainingSamples,raw_data/EMG-EPN612/testingJSON/user69/user69.json,idx_105
waveOut,trainingSamples,raw_data/EMG-EPN612/testingJSON/user69/user69.json,idx_106
waveOut,trainingSamples,raw_data/EMG-EPN612/testingJSON/user69/user69.json,idx_107
waveOut,trainingSamples,raw_data/EMG-EPN612/testingJSON/user69/user69.json,idx_108
waveOut,trainingSamples,raw_data/EMG-EPN612/testingJSON/user69/user69.json,idx_109
waveOut,trainingSamples,raw_data/EMG-EPN612/testingJSON/user69/user69.json,idx_110
waveOut,trainingSamples,raw_data/EMG-EPN612/testingJSON/user69/user69.json,idx_111
waveOut,trainingSamples,raw_data/EMG-EPN612/testingJSON/user69/user69.json,idx_112
waveOut,trainingSamples,raw_data/EMG-EPN612/testingJSON/user69/user69.json,idx_113
waveOut,trainingSamples,raw_data/EMG-EPN612/testingJSON/user69/user69.json,idx_114
waveOut,trainingSamples,raw_data/EMG-EPN612/testingJSON/user69/user69.json,idx_115
waveOut,trainingSamples,raw_data/EMG-EPN612/testingJSON/user69/user69.json,idx_116
waveOut,trainingSamples,raw_data/EMG-EPN612/testingJSON/user69/user69.json,idx_117
waveOut,trainingSamples,raw_data/EMG-EPN612/testingJSON/user69/user69.json,idx_118
waveOut,trainingSamples,raw_data/EMG-EPN612/testingJSON/user69/user69.json,idx_119
waveOut,trainingSamples,raw_data/EMG-EPN612/testingJSON/user69/user69.json,idx_120
waveOut,trainingSamples,raw_data/EMG-EPN612/testingJSON/user69/user69.json,idx_121
waveOut,trainingSamples,raw_data/EMG-EPN612/testingJSON/user69/user69.json,idx_122
waveOut,trainingSamples,raw_data/EMG-EPN612/testingJSON/user69/user69.json,idx_123
waveOut,trainingSamples,raw_data/EMG-EPN612/testingJSON/user69/user69.json,idx_124
waveOut,trainingSamples,raw_data/EMG-EPN612/testingJSON/user69/user69.json,idx_125
waveIn,trainingSamples,raw_data/EMG-EPN612/testingJSON/user69/user69.json,idx_126
waveIn,trainingSamples,raw_data/EMG-EPN612/testingJSON/user69/user69.json,idx_127
waveIn,trainingSamples,raw_data/EMG-EPN612/testingJSON/user69/user69.json,idx_128
waveIn,trainingSamples,raw_data/EMG-EPN612/testingJSON/user69/user69.json,idx_129
waveIn,trainingSamples,raw_data/EMG-EPN612/testingJSON/user69/user69.json,idx_130
waveIn,trainingSamples,raw_data/EMG-EPN612/testingJSON/user69/user69.json,idx_131
waveIn,trainingSamples,raw_data/EMG-EPN612/testingJSON/user69/user69.json,idx_132
waveIn,trainingSamples,raw_data/EMG-EPN612/testingJSON/user69/user69.json,idx_133
waveIn,trainingSamples,raw_data/EMG-EPN612/testingJSON/user69/user69.json,idx_134
waveIn,trainingSamples,raw_data/EMG-EPN612/testingJSON/user69/user69.json,idx_135
waveIn,trainingSamples,raw_data/EMG-EPN612/testingJSON/user69/user69.json,idx_136
waveIn,trainingSamples,raw_data/EMG-EPN612/testingJSON/user69/user69.json,idx_137
waveIn,trainingSamples,raw_data/EMG-EPN612/testingJSON/user69/user69.json,idx_138
waveIn,trainingSamples,raw_data/EMG-EPN612/testingJSON/user69/user69.json,idx_139
waveIn,trainingSamples,raw_data/EMG-EPN612/testingJSON/user69/user69.json,idx_140
waveIn,trainingSamples,raw_data/EMG-EPN612/testingJSON/user69/user69.json,idx_141
waveIn,trainingSamples,raw_data/EMG-EPN612/testingJSON/user69/user69.json,idx_142
waveIn,trainingSamples,raw_data/EMG-EPN612/testingJSON/user69/user69.json,idx_143
waveIn,trainingSamples,raw_data/EMG-EPN612/testingJSON/user69/user69.json,idx_144
waveIn,trainingSamples,raw_data/EMG-EPN612/testingJSON/user69/user69.json,idx_145
waveIn,trainingSamples,raw_data/EMG-EPN612/testingJSON/user69/user69.json,idx_146
waveIn,trainingSamples,raw_data/EMG-EPN612/testingJSON/user69/user69.json,idx_147
waveIn,trainingSamples,raw_data/EMG-EPN612/testingJSON/user69/user69.json,idx_148
waveIn,trainingSamples,raw_data/EMG-EPN612/testingJSON/user69/user69.json,idx_149
waveIn,trainingSamples,raw_data/EMG-EPN612/testingJSON/user69/user69.json,idx_150
noGesture,trainingSamples,raw_data/EMG-EPN612/testingJSON/user7/user7.json,idx_1
noGesture,trainingSamples,raw_data/EMG-EPN612/testingJSON/user7/user7.json,idx_2
noGesture,trainingSamples,raw_data/EMG-EPN612/testingJSON/user7/user7.json,idx_3
noGesture,trainingSamples,raw_data/EMG-EPN612/testingJSON/user7/user7.json,idx_4
noGesture,trainingSamples,raw_data/EMG-EPN612/testingJSON/user7/user7.json,idx_5
noGesture,trainingSamples,raw_data/EMG-EPN612/testingJSON/user7/user7.json,idx_6
noGesture,trainingSamples,raw_data/EMG-EPN612/testingJSON/user7/user7.json,idx_7
noGesture,trainingSamples,raw_data/EMG-EPN612/testingJSON/user7/user7.json,idx_8
noGesture,trainingSamples,raw_data/EMG-EPN612/testingJSON/user7/user7.json,idx_9
noGesture,trainingSamples,raw_data/EMG-EPN612/testingJSON/user7/user7.json,idx_10
noGesture,trainingSamples,raw_data/EMG-EPN612/testingJSON/user7/user7.json,idx_11
noGesture,trainingSamples,raw_data/EMG-EPN612/testingJSON/user7/user7.json,idx_12
noGesture,trainingSamples,raw_data/EMG-EPN612/testingJSON/user7/user7.json,idx_13
noGesture,trainingSamples,raw_data/EMG-EPN612/testingJSON/user7/user7.json,idx_14
noGesture,trainingSamples,raw_data/EMG-EPN612/testingJSON/user7/user7.json,idx_15
noGesture,trainingSamples,raw_data/EMG-EPN612/testingJSON/user7/user7.json,idx_16
noGesture,trainingSamples,raw_data/EMG-EPN612/testingJSON/user7/user7.json,idx_17
noGesture,trainingSamples,raw_data/EMG-EPN612/testingJSON/user7/user7.json,idx_18
noGesture,trainingSamples,raw_data/EMG-EPN612/testingJSON/user7/user7.json,idx_19
noGesture,trainingSamples,raw_data/EMG-EPN612/testingJSON/user7/user7.json,idx_20
noGesture,trainingSamples,raw_data/EMG-EPN612/testingJSON/user7/user7.json,idx_21
noGesture,trainingSamples,raw_data/EMG-EPN612/testingJSON/user7/user7.json,idx_22
noGesture,trainingSamples,raw_data/EMG-EPN612/testingJSON/user7/user7.json,idx_23
noGesture,trainingSamples,raw_data/EMG-EPN612/testingJSON/user7/user7.json,idx_24
noGesture,trainingSamples,raw_data/EMG-EPN612/testingJSON/user7/user7.json,idx_25
waveOut,trainingSamples,raw_data/EMG-EPN612/testingJSON/user7/user7.json,idx_26
waveOut,trainingSamples,raw_data/EMG-EPN612/testingJSON/user7/user7.json,idx_27
waveOut,trainingSamples,raw_data/EMG-EPN612/testingJSON/user7/user7.json,idx_28
waveOut,trainingSamples,raw_data/EMG-EPN612/testingJSON/user7/user7.json,idx_29
waveOut,trainingSamples,raw_data/EMG-EPN612/testingJSON/user7/user7.json,idx_30
waveOut,trainingSamples,raw_data/EMG-EPN612/testingJSON/user7/user7.json,idx_31
waveOut,trainingSamples,raw_data/EMG-EPN612/testingJSON/user7/user7.json,idx_32
waveOut,trainingSamples,raw_data/EMG-EPN612/testingJSON/user7/user7.json,idx_33
waveOut,trainingSamples,raw_data/EMG-EPN612/testingJSON/user7/user7.json,idx_34
waveOut,trainingSamples,raw_data/EMG-EPN612/testingJSON/user7/user7.json,idx_35
waveOut,trainingSamples,raw_data/EMG-EPN612/testingJSON/user7/user7.json,idx_36
waveOut,trainingSamples,raw_data/EMG-EPN612/testingJSON/user7/user7.json,idx_37
waveOut,trainingSamples,raw_data/EMG-EPN612/testingJSON/user7/user7.json,idx_38
waveOut,trainingSamples,raw_data/EMG-EPN612/testingJSON/user7/user7.json,idx_39
waveOut,trainingSamples,raw_data/EMG-EPN612/testingJSON/user7/user7.json,idx_40
waveOut,trainingSamples,raw_data/EMG-EPN612/testingJSON/user7/user7.json,idx_41
waveOut,trainingSamples,raw_data/EMG-EPN612/testingJSON/user7/user7.json,idx_42
waveOut,trainingSamples,raw_data/EMG-EPN612/testingJSON/user7/user7.json,idx_43
waveOut,trainingSamples,raw_data/EMG-EPN612/testingJSON/user7/user7.json,idx_44
waveOut,trainingSamples,raw_data/EMG-EPN612/testingJSON/user7/user7.json,idx_45
waveOut,trainingSamples,raw_data/EMG-EPN612/testingJSON/user7/user7.json,idx_46
waveOut,trainingSamples,raw_data/EMG-EPN612/testingJSON/user7/user7.json,idx_47
waveOut,trainingSamples,raw_data/EMG-EPN612/testingJSON/user7/user7.json,idx_48
waveOut,trainingSamples,raw_data/EMG-EPN612/testingJSON/user7/user7.json,idx_49
waveOut,trainingSamples,raw_data/EMG-EPN612/testingJSON/user7/user7.json,idx_50
pinch,trainingSamples,raw_data/EMG-EPN612/testingJSON/user7/user7.json,idx_51
pinch,trainingSamples,raw_data/EMG-EPN612/testingJSON/user7/user7.json,idx_52
pinch,trainingSamples,raw_data/EMG-EPN612/testingJSON/user7/user7.json,idx_53
pinch,trainingSamples,raw_data/EMG-EPN612/testingJSON/user7/user7.json,idx_54
pinch,trainingSamples,raw_data/EMG-EPN612/testingJSON/user7/user7.json,idx_55
pinch,trainingSamples,raw_data/EMG-EPN612/testingJSON/user7/user7.json,idx_56
pinch,trainingSamples,raw_data/EMG-EPN612/testingJSON/user7/user7.json,idx_57
pinch,trainingSamples,raw_data/EMG-EPN612/testingJSON/user7/user7.json,idx_58
pinch,trainingSamples,raw_data/EMG-EPN612/testingJSON/user7/user7.json,idx_59
pinch,trainingSamples,raw_data/EMG-EPN612/testingJSON/user7/user7.json,idx_60
pinch,trainingSamples,raw_data/EMG-EPN612/testingJSON/user7/user7.json,idx_61
pinch,trainingSamples,raw_data/EMG-EPN612/testingJSON/user7/user7.json,idx_62
pinch,trainingSamples,raw_data/EMG-EPN612/testingJSON/user7/user7.json,idx_63
pinch,trainingSamples,raw_data/EMG-EPN612/testingJSON/user7/user7.json,idx_64
pinch,trainingSamples,raw_data/EMG-EPN612/testingJSON/user7/user7.json,idx_65
pinch,trainingSamples,raw_data/EMG-EPN612/testingJSON/user7/user7.json,idx_66
pinch,trainingSamples,raw_data/EMG-EPN612/testingJSON/user7/user7.json,idx_67
pinch,trainingSamples,raw_data/EMG-EPN612/testingJSON/user7/user7.json,idx_68
pinch,trainingSamples,raw_data/EMG-EPN612/testingJSON/user7/user7.json,idx_69
pinch,trainingSamples,raw_data/EMG-EPN612/testingJSON/user7/user7.json,idx_70
pinch,trainingSamples,raw_data/EMG-EPN612/testingJSON/user7/user7.json,idx_71
pinch,trainingSamples,raw_data/EMG-EPN612/testingJSON/user7/user7.json,idx_72
pinch,trainingSamples,raw_data/EMG-EPN612/testingJSON/user7/user7.json,idx_73
pinch,trainingSamples,raw_data/EMG-EPN612/testingJSON/user7/user7.json,idx_74
pinch,trainingSamples,raw_data/EMG-EPN612/testingJSON/user7/user7.json,idx_75
fist,trainingSamples,raw_data/EMG-EPN612/testingJSON/user7/user7.json,idx_76
fist,trainingSamples,raw_data/EMG-EPN612/testingJSON/user7/user7.json,idx_77
fist,trainingSamples,raw_data/EMG-EPN612/testingJSON/user7/user7.json,idx_78
fist,trainingSamples,raw_data/EMG-EPN612/testingJSON/user7/user7.json,idx_79
fist,trainingSamples,raw_data/EMG-EPN612/testingJSON/user7/user7.json,idx_80
fist,trainingSamples,raw_data/EMG-EPN612/testingJSON/user7/user7.json,idx_81
fist,trainingSamples,raw_data/EMG-EPN612/testingJSON/user7/user7.json,idx_82
fist,trainingSamples,raw_data/EMG-EPN612/testingJSON/user7/user7.json,idx_83
fist,trainingSamples,raw_data/EMG-EPN612/testingJSON/user7/user7.json,idx_84
fist,trainingSamples,raw_data/EMG-EPN612/testingJSON/user7/user7.json,idx_85
fist,trainingSamples,raw_data/EMG-EPN612/testingJSON/user7/user7.json,idx_86
fist,trainingSamples,raw_data/EMG-EPN612/testingJSON/user7/user7.json,idx_87
fist,trainingSamples,raw_data/EMG-EPN612/testingJSON/user7/user7.json,idx_88
fist,trainingSamples,raw_data/EMG-EPN612/testingJSON/user7/user7.json,idx_89
fist,trainingSamples,raw_data/EMG-EPN612/testingJSON/user7/user7.json,idx_90
fist,trainingSamples,raw_data/EMG-EPN612/testingJSON/user7/user7.json,idx_91
fist,trainingSamples,raw_data/EMG-EPN612/testingJSON/user7/user7.json,idx_92
fist,trainingSamples,raw_data/EMG-EPN612/testingJSON/user7/user7.json,idx_93
fist,trainingSamples,raw_data/EMG-EPN612/testingJSON/user7/user7.json,idx_94
fist,trainingSamples,raw_data/EMG-EPN612/testingJSON/user7/user7.json,idx_95
fist,trainingSamples,raw_data/EMG-EPN612/testingJSON/user7/user7.json,idx_96
fist,trainingSamples,raw_data/EMG-EPN612/testingJSON/user7/user7.json,idx_97
fist,trainingSamples,raw_data/EMG-EPN612/testingJSON/user7/user7.json,idx_98
fist,trainingSamples,raw_data/EMG-EPN612/testingJSON/user7/user7.json,idx_99
fist,trainingSamples,raw_data/EMG-EPN612/testingJSON/user7/user7.json,idx_100
waveIn,trainingSamples,raw_data/EMG-EPN612/testingJSON/user7/user7.json,idx_101
waveIn,trainingSamples,raw_data/EMG-EPN612/testingJSON/user7/user7.json,idx_102
waveIn,trainingSamples,raw_data/EMG-EPN612/testingJSON/user7/user7.json,idx_103
waveIn,trainingSamples,raw_data/EMG-EPN612/testingJSON/user7/user7.json,idx_104
waveIn,trainingSamples,raw_data/EMG-EPN612/testingJSON/user7/user7.json,idx_105
waveIn,trainingSamples,raw_data/EMG-EPN612/testingJSON/user7/user7.json,idx_106
waveIn,trainingSamples,raw_data/EMG-EPN612/testingJSON/user7/user7.json,idx_107
waveIn,trainingSamples,raw_data/EMG-EPN612/testingJSON/user7/user7.json,idx_108
waveIn,trainingSamples,raw_data/EMG-EPN612/testingJSON/user7/user7.json,idx_109
waveIn,trainingSamples,raw_data/EMG-EPN612/testingJSON/user7/user7.json,idx_110
waveIn,trainingSamples,raw_data/EMG-EPN612/testingJSON/user7/user7.json,idx_111
waveIn,trainingSamples,raw_data/EMG-EPN612/testingJSON/user7/user7.json,idx_112
waveIn,trainingSamples,raw_data/EMG-EPN612/testingJSON/user7/user7.json,idx_113
waveIn,trainingSamples,raw_data/EMG-EPN612/testingJSON/user7/user7.json,idx_114
waveIn,trainingSamples,raw_data/EMG-EPN612/testingJSON/user7/user7.json,idx_115
waveIn,trainingSamples,raw_data/EMG-EPN612/testingJSON/user7/user7.json,idx_116
waveIn,trainingSamples,raw_data/EMG-EPN612/testingJSON/user7/user7.json,idx_117
waveIn,trainingSamples,raw_data/EMG-EPN612/testingJSON/user7/user7.json,idx_118
waveIn,trainingSamples,raw_data/EMG-EPN612/testingJSON/user7/user7.json,idx_119
waveIn,trainingSamples,raw_data/EMG-EPN612/testingJSON/user7/user7.json,idx_120
waveIn,trainingSamples,raw_data/EMG-EPN612/testingJSON/user7/user7.json,idx_121
waveIn,trainingSamples,raw_data/EMG-EPN612/testingJSON/user7/user7.json,idx_122
waveIn,trainingSamples,raw_data/EMG-EPN612/testingJSON/user7/user7.json,idx_123
waveIn,trainingSamples,raw_data/EMG-EPN612/testingJSON/user7/user7.json,idx_124
waveIn,trainingSamples,raw_data/EMG-EPN612/testingJSON/user7/user7.json,idx_125
open,trainingSamples,raw_data/EMG-EPN612/testingJSON/user7/user7.json,idx_126
open,trainingSamples,raw_data/EMG-EPN612/testingJSON/user7/user7.json,idx_127
open,trainingSamples,raw_data/EMG-EPN612/testingJSON/user7/user7.json,idx_128
open,trainingSamples,raw_data/EMG-EPN612/testingJSON/user7/user7.json,idx_129
open,trainingSamples,raw_data/EMG-EPN612/testingJSON/user7/user7.json,idx_130
open,trainingSamples,raw_data/EMG-EPN612/testingJSON/user7/user7.json,idx_131
open,trainingSamples,raw_data/EMG-EPN612/testingJSON/user7/user7.json,idx_132
open,trainingSamples,raw_data/EMG-EPN612/testingJSON/user7/user7.json,idx_133
open,trainingSamples,raw_data/EMG-EPN612/testingJSON/user7/user7.json,idx_134
open,trainingSamples,raw_data/EMG-EPN612/testingJSON/user7/user7.json,idx_135
open,trainingSamples,raw_data/EMG-EPN612/testingJSON/user7/user7.json,idx_136
open,trainingSamples,raw_data/EMG-EPN612/testingJSON/user7/user7.json,idx_137
open,trainingSamples,raw_data/EMG-EPN612/testingJSON/user7/user7.json,idx_138
open,trainingSamples,raw_data/EMG-EPN612/testingJSON/user7/user7.json,idx_139
open,trainingSamples,raw_data/EMG-EPN612/testingJSON/user7/user7.json,idx_140
open,trainingSamples,raw_data/EMG-EPN612/testingJSON/user7/user7.json,idx_141
open,trainingSamples,raw_data/EMG-EPN612/testingJSON/user7/user7.json,idx_142
open,trainingSamples,raw_data/EMG-EPN612/testingJSON/user7/user7.json,idx_143
open,trainingSamples,raw_data/EMG-EPN612/testingJSON/user7/user7.json,idx_144
open,trainingSamples,raw_data/EMG-EPN612/testingJSON/user7/user7.json,idx_145
open,trainingSamples,raw_data/EMG-EPN612/testingJSON/user7/user7.json,idx_146
open,trainingSamples,raw_data/EMG-EPN612/testingJSON/user7/user7.json,idx_147
open,trainingSamples,raw_data/EMG-EPN612/testingJSON/user7/user7.json,idx_148
open,trainingSamples,raw_data/EMG-EPN612/testingJSON/user7/user7.json,idx_149
open,trainingSamples,raw_data/EMG-EPN612/testingJSON/user7/user7.json,idx_150
noGesture,trainingSamples,raw_data/EMG-EPN612/testingJSON/user70/user70.json,idx_1
noGesture,trainingSamples,raw_data/EMG-EPN612/testingJSON/user70/user70.json,idx_2
noGesture,trainingSamples,raw_data/EMG-EPN612/testingJSON/user70/user70.json,idx_3
noGesture,trainingSamples,raw_data/EMG-EPN612/testingJSON/user70/user70.json,idx_4
noGesture,trainingSamples,raw_data/EMG-EPN612/testingJSON/user70/user70.json,idx_5
noGesture,trainingSamples,raw_data/EMG-EPN612/testingJSON/user70/user70.json,idx_6
noGesture,trainingSamples,raw_data/EMG-EPN612/testingJSON/user70/user70.json,idx_7
noGesture,trainingSamples,raw_data/EMG-EPN612/testingJSON/user70/user70.json,idx_8
noGesture,trainingSamples,raw_data/EMG-EPN612/testingJSON/user70/user70.json,idx_9
noGesture,trainingSamples,raw_data/EMG-EPN612/testingJSON/user70/user70.json,idx_10
noGesture,trainingSamples,raw_data/EMG-EPN612/testingJSON/user70/user70.json,idx_11
noGesture,trainingSamples,raw_data/EMG-EPN612/testingJSON/user70/user70.json,idx_12
noGesture,trainingSamples,raw_data/EMG-EPN612/testingJSON/user70/user70.json,idx_13
noGesture,trainingSamples,raw_data/EMG-EPN612/testingJSON/user70/user70.json,idx_14
noGesture,trainingSamples,raw_data/EMG-EPN612/testingJSON/user70/user70.json,idx_15
noGesture,trainingSamples,raw_data/EMG-EPN612/testingJSON/user70/user70.json,idx_16
noGesture,trainingSamples,raw_data/EMG-EPN612/testingJSON/user70/user70.json,idx_17
noGesture,trainingSamples,raw_data/EMG-EPN612/testingJSON/user70/user70.json,idx_18
noGesture,trainingSamples,raw_data/EMG-EPN612/testingJSON/user70/user70.json,idx_19
noGesture,trainingSamples,raw_data/EMG-EPN612/testingJSON/user70/user70.json,idx_20
noGesture,trainingSamples,raw_data/EMG-EPN612/testingJSON/user70/user70.json,idx_21
noGesture,trainingSamples,raw_data/EMG-EPN612/testingJSON/user70/user70.json,idx_22
noGesture,trainingSamples,raw_data/EMG-EPN612/testingJSON/user70/user70.json,idx_23
noGesture,trainingSamples,raw_data/EMG-EPN612/testingJSON/user70/user70.json,idx_24
noGesture,trainingSamples,raw_data/EMG-EPN612/testingJSON/user70/user70.json,idx_25
waveOut,trainingSamples,raw_data/EMG-EPN612/testingJSON/user70/user70.json,idx_26
waveOut,trainingSamples,raw_data/EMG-EPN612/testingJSON/user70/user70.json,idx_27
waveOut,trainingSamples,raw_data/EMG-EPN612/testingJSON/user70/user70.json,idx_28
waveOut,trainingSamples,raw_data/EMG-EPN612/testingJSON/user70/user70.json,idx_29
waveOut,trainingSamples,raw_data/EMG-EPN612/testingJSON/user70/user70.json,idx_30
waveOut,trainingSamples,raw_data/EMG-EPN612/testingJSON/user70/user70.json,idx_31
waveOut,trainingSamples,raw_data/EMG-EPN612/testingJSON/user70/user70.json,idx_32
waveOut,trainingSamples,raw_data/EMG-EPN612/testingJSON/user70/user70.json,idx_33
waveOut,trainingSamples,raw_data/EMG-EPN612/testingJSON/user70/user70.json,idx_34
waveOut,trainingSamples,raw_data/EMG-EPN612/testingJSON/user70/user70.json,idx_35
waveOut,trainingSamples,raw_data/EMG-EPN612/testingJSON/user70/user70.json,idx_36
waveOut,trainingSamples,raw_data/EMG-EPN612/testingJSON/user70/user70.json,idx_37
waveOut,trainingSamples,raw_data/EMG-EPN612/testingJSON/user70/user70.json,idx_38
waveOut,trainingSamples,raw_data/EMG-EPN612/testingJSON/user70/user70.json,idx_39
waveOut,trainingSamples,raw_data/EMG-EPN612/testingJSON/user70/user70.json,idx_40
waveOut,trainingSamples,raw_data/EMG-EPN612/testingJSON/user70/user70.json,idx_41
waveOut,trainingSamples,raw_data/EMG-EPN612/testingJSON/user70/user70.json,idx_42
waveOut,trainingSamples,raw_data/EMG-EPN612/testingJSON/user70/user70.json,idx_43
waveOut,trainingSamples,raw_data/EMG-EPN612/testingJSON/user70/user70.json,idx_44
waveOut,trainingSamples,raw_data/EMG-EPN612/testingJSON/user70/user70.json,idx_45
waveOut,trainingSamples,raw_data/EMG-EPN612/testingJSON/user70/user70.json,idx_46
waveOut,trainingSamples,raw_data/EMG-EPN612/testingJSON/user70/user70.json,idx_47
waveOut,trainingSamples,raw_data/EMG-EPN612/testingJSON/user70/user70.json,idx_48
waveOut,trainingSamples,raw_data/EMG-EPN612/testingJSON/user70/user70.json,idx_49
waveOut,trainingSamples,raw_data/EMG-EPN612/testingJSON/user70/user70.json,idx_50
waveIn,trainingSamples,raw_data/EMG-EPN612/testingJSON/user70/user70.json,idx_51
waveIn,trainingSamples,raw_data/EMG-EPN612/testingJSON/user70/user70.json,idx_52
waveIn,trainingSamples,raw_data/EMG-EPN612/testingJSON/user70/user70.json,idx_53
waveIn,trainingSamples,raw_data/EMG-EPN612/testingJSON/user70/user70.json,idx_54
waveIn,trainingSamples,raw_data/EMG-EPN612/testingJSON/user70/user70.json,idx_55
waveIn,trainingSamples,raw_data/EMG-EPN612/testingJSON/user70/user70.json,idx_56
waveIn,trainingSamples,raw_data/EMG-EPN612/testingJSON/user70/user70.json,idx_57
waveIn,trainingSamples,raw_data/EMG-EPN612/testingJSON/user70/user70.json,idx_58
waveIn,trainingSamples,raw_data/EMG-EPN612/testingJSON/user70/user70.json,idx_59
waveIn,trainingSamples,raw_data/EMG-EPN612/testingJSON/user70/user70.json,idx_60
waveIn,trainingSamples,raw_data/EMG-EPN612/testingJSON/user70/user70.json,idx_61
waveIn,trainingSamples,raw_data/EMG-EPN612/testingJSON/user70/user70.json,idx_62
waveIn,trainingSamples,raw_data/EMG-EPN612/testingJSON/user70/user70.json,idx_63
waveIn,trainingSamples,raw_data/EMG-EPN612/testingJSON/user70/user70.json,idx_64
waveIn,trainingSamples,raw_data/EMG-EPN612/testingJSON/user70/user70.json,idx_65
waveIn,trainingSamples,raw_data/EMG-EPN612/testingJSON/user70/user70.json,idx_66
waveIn,trainingSamples,raw_data/EMG-EPN612/testingJSON/user70/user70.json,idx_67
waveIn,trainingSamples,raw_data/EMG-EPN612/testingJSON/user70/user70.json,idx_68
waveIn,trainingSamples,raw_data/EMG-EPN612/testingJSON/user70/user70.json,idx_69
waveIn,trainingSamples,raw_data/EMG-EPN612/testingJSON/user70/user70.json,idx_70
waveIn,trainingSamples,raw_data/EMG-EPN612/testingJSON/user70/user70.json,idx_71
waveIn,trainingSamples,raw_data/EMG-EPN612/testingJSON/user70/user70.json,idx_72
waveIn,trainingSamples,raw_data/EMG-EPN612/testingJSON/user70/user70.json,idx_73
waveIn,trainingSamples,raw_data/EMG-EPN612/testingJSON/user70/user70.json,idx_74
waveIn,trainingSamples,raw_data/EMG-EPN612/testingJSON/user70/user70.json,idx_75
open,trainingSamples,raw_data/EMG-EPN612/testingJSON/user70/user70.json,idx_76
open,trainingSamples,raw_data/EMG-EPN612/testingJSON/user70/user70.json,idx_77
open,trainingSamples,raw_data/EMG-EPN612/testingJSON/user70/user70.json,idx_78
open,trainingSamples,raw_data/EMG-EPN612/testingJSON/user70/user70.json,idx_79
open,trainingSamples,raw_data/EMG-EPN612/testingJSON/user70/user70.json,idx_80
open,trainingSamples,raw_data/EMG-EPN612/testingJSON/user70/user70.json,idx_81
open,trainingSamples,raw_data/EMG-EPN612/testingJSON/user70/user70.json,idx_82
open,trainingSamples,raw_data/EMG-EPN612/testingJSON/user70/user70.json,idx_83
open,trainingSamples,raw_data/EMG-EPN612/testingJSON/user70/user70.json,idx_84
open,trainingSamples,raw_data/EMG-EPN612/testingJSON/user70/user70.json,idx_85
open,trainingSamples,raw_data/EMG-EPN612/testingJSON/user70/user70.json,idx_86
open,trainingSamples,raw_data/EMG-EPN612/testingJSON/user70/user70.json,idx_87
open,trainingSamples,raw_data/EMG-EPN612/testingJSON/user70/user70.json,idx_88
open,trainingSamples,raw_data/EMG-EPN612/testingJSON/user70/user70.json,idx_89
open,trainingSamples,raw_data/EMG-EPN612/testingJSON/user70/user70.json,idx_90
open,trainingSamples,raw_data/EMG-EPN612/testingJSON/user70/user70.json,idx_91
open,trainingSamples,raw_data/EMG-EPN612/testingJSON/user70/user70.json,idx_92
open,trainingSamples,raw_data/EMG-EPN612/testingJSON/user70/user70.json,idx_93
open,trainingSamples,raw_data/EMG-EPN612/testingJSON/user70/user70.json,idx_94
open,trainingSamples,raw_data/EMG-EPN612/testingJSON/user70/user70.json,idx_95
open,trainingSamples,raw_data/EMG-EPN612/testingJSON/user70/user70.json,idx_96
open,trainingSamples,raw_data/EMG-EPN612/testingJSON/user70/user70.json,idx_97
open,trainingSamples,raw_data/EMG-EPN612/testingJSON/user70/user70.json,idx_98
open,trainingSamples,raw_data/EMG-EPN612/testingJSON/user70/user70.json,idx_99
open,trainingSamples,raw_data/EMG-EPN612/testingJSON/user70/user70.json,idx_100
fist,trainingSamples,raw_data/EMG-EPN612/testingJSON/user70/user70.json,idx_101
fist,trainingSamples,raw_data/EMG-EPN612/testingJSON/user70/user70.json,idx_102
fist,trainingSamples,raw_data/EMG-EPN612/testingJSON/user70/user70.json,idx_103
fist,trainingSamples,raw_data/EMG-EPN612/testingJSON/user70/user70.json,idx_104
fist,trainingSamples,raw_data/EMG-EPN612/testingJSON/user70/user70.json,idx_105
fist,trainingSamples,raw_data/EMG-EPN612/testingJSON/user70/user70.json,idx_106
fist,trainingSamples,raw_data/EMG-EPN612/testingJSON/user70/user70.json,idx_107
fist,trainingSamples,raw_data/EMG-EPN612/testingJSON/user70/user70.json,idx_108
fist,trainingSamples,raw_data/EMG-EPN612/testingJSON/user70/user70.json,idx_109
fist,trainingSamples,raw_data/EMG-EPN612/testingJSON/user70/user70.json,idx_110
fist,trainingSamples,raw_data/EMG-EPN612/testingJSON/user70/user70.json,idx_111
fist,trainingSamples,raw_data/EMG-EPN612/testingJSON/user70/user70.json,idx_112
fist,trainingSamples,raw_data/EMG-EPN612/testingJSON/user70/user70.json,idx_113
fist,trainingSamples,raw_data/EMG-EPN612/testingJSON/user70/user70.json,idx_114
fist,trainingSamples,raw_data/EMG-EPN612/testingJSON/user70/user70.json,idx_115
fist,trainingSamples,raw_data/EMG-EPN612/testingJSON/user70/user70.json,idx_116
fist,trainingSamples,raw_data/EMG-EPN612/testingJSON/user70/user70.json,idx_117
fist,trainingSamples,raw_data/EMG-EPN612/testingJSON/user70/user70.json,idx_118
fist,trainingSamples,raw_data/EMG-EPN612/testingJSON/user70/user70.json,idx_119
fist,trainingSamples,raw_data/EMG-EPN612/testingJSON/user70/user70.json,idx_120
fist,trainingSamples,raw_data/EMG-EPN612/testingJSON/user70/user70.json,idx_121
fist,trainingSamples,raw_data/EMG-EPN612/testingJSON/user70/user70.json,idx_122
fist,trainingSamples,raw_data/EMG-EPN612/testingJSON/user70/user70.json,idx_123
fist,trainingSamples,raw_data/EMG-EPN612/testingJSON/user70/user70.json,idx_124
fist,trainingSamples,raw_data/EMG-EPN612/testingJSON/user70/user70.json,idx_125
pinch,trainingSamples,raw_data/EMG-EPN612/testingJSON/user70/user70.json,idx_126
pinch,trainingSamples,raw_data/EMG-EPN612/testingJSON/user70/user70.json,idx_127
pinch,trainingSamples,raw_data/EMG-EPN612/testingJSON/user70/user70.json,idx_128
pinch,trainingSamples,raw_data/EMG-EPN612/testingJSON/user70/user70.json,idx_129
pinch,trainingSamples,raw_data/EMG-EPN612/testingJSON/user70/user70.json,idx_130
pinch,trainingSamples,raw_data/EMG-EPN612/testingJSON/user70/user70.json,idx_131
pinch,trainingSamples,raw_data/EMG-EPN612/testingJSON/user70/user70.json,idx_132
pinch,trainingSamples,raw_data/EMG-EPN612/testingJSON/user70/user70.json,idx_133
pinch,trainingSamples,raw_data/EMG-EPN612/testingJSON/user70/user70.json,idx_134
pinch,trainingSamples,raw_data/EMG-EPN612/testingJSON/user70/user70.json,idx_135
pinch,trainingSamples,raw_data/EMG-EPN612/testingJSON/user70/user70.json,idx_136
pinch,trainingSamples,raw_data/EMG-EPN612/testingJSON/user70/user70.json,idx_137
pinch,trainingSamples,raw_data/EMG-EPN612/testingJSON/user70/user70.json,idx_138
pinch,trainingSamples,raw_data/EMG-EPN612/testingJSON/user70/user70.json,idx_139
pinch,trainingSamples,raw_data/EMG-EPN612/testingJSON/user70/user70.json,idx_140
pinch,trainingSamples,raw_data/EMG-EPN612/testingJSON/user70/user70.json,idx_141
pinch,trainingSamples,raw_data/EMG-EPN612/testingJSON/user70/user70.json,idx_142
pinch,trainingSamples,raw_data/EMG-EPN612/testingJSON/user70/user70.json,idx_143
pinch,trainingSamples,raw_data/EMG-EPN612/testingJSON/user70/user70.json,idx_144
pinch,trainingSamples,raw_data/EMG-EPN612/testingJSON/user70/user70.json,idx_145
pinch,trainingSamples,raw_data/EMG-EPN612/testingJSON/user70/user70.json,idx_146
pinch,trainingSamples,raw_data/EMG-EPN612/testingJSON/user70/user70.json,idx_147
pinch,trainingSamples,raw_data/EMG-EPN612/testingJSON/user70/user70.json,idx_148
pinch,trainingSamples,raw_data/EMG-EPN612/testingJSON/user70/user70.json,idx_149
pinch,trainingSamples,raw_data/EMG-EPN612/testingJSON/user70/user70.json,idx_150
noGesture,trainingSamples,raw_data/EMG-EPN612/testingJSON/user71/user71.json,idx_1
noGesture,trainingSamples,raw_data/EMG-EPN612/testingJSON/user71/user71.json,idx_2
noGesture,trainingSamples,raw_data/EMG-EPN612/testingJSON/user71/user71.json,idx_3
noGesture,trainingSamples,raw_data/EMG-EPN612/testingJSON/user71/user71.json,idx_4
noGesture,trainingSamples,raw_data/EMG-EPN612/testingJSON/user71/user71.json,idx_5
noGesture,trainingSamples,raw_data/EMG-EPN612/testingJSON/user71/user71.json,idx_6
noGesture,trainingSamples,raw_data/EMG-EPN612/testingJSON/user71/user71.json,idx_7
noGesture,trainingSamples,raw_data/EMG-EPN612/testingJSON/user71/user71.json,idx_8
noGesture,trainingSamples,raw_data/EMG-EPN612/testingJSON/user71/user71.json,idx_9
noGesture,trainingSamples,raw_data/EMG-EPN612/testingJSON/user71/user71.json,idx_10
noGesture,trainingSamples,raw_data/EMG-EPN612/testingJSON/user71/user71.json,idx_11
noGesture,trainingSamples,raw_data/EMG-EPN612/testingJSON/user71/user71.json,idx_12
noGesture,trainingSamples,raw_data/EMG-EPN612/testingJSON/user71/user71.json,idx_13
noGesture,trainingSamples,raw_data/EMG-EPN612/testingJSON/user71/user71.json,idx_14
noGesture,trainingSamples,raw_data/EMG-EPN612/testingJSON/user71/user71.json,idx_15
noGesture,trainingSamples,raw_data/EMG-EPN612/testingJSON/user71/user71.json,idx_16
noGesture,trainingSamples,raw_data/EMG-EPN612/testingJSON/user71/user71.json,idx_17
noGesture,trainingSamples,raw_data/EMG-EPN612/testingJSON/user71/user71.json,idx_18
noGesture,trainingSamples,raw_data/EMG-EPN612/testingJSON/user71/user71.json,idx_19
noGesture,trainingSamples,raw_data/EMG-EPN612/testingJSON/user71/user71.json,idx_20
noGesture,trainingSamples,raw_data/EMG-EPN612/testingJSON/user71/user71.json,idx_21
noGesture,trainingSamples,raw_data/EMG-EPN612/testingJSON/user71/user71.json,idx_22
noGesture,trainingSamples,raw_data/EMG-EPN612/testingJSON/user71/user71.json,idx_23
noGesture,trainingSamples,raw_data/EMG-EPN612/testingJSON/user71/user71.json,idx_24
noGesture,trainingSamples,raw_data/EMG-EPN612/testingJSON/user71/user71.json,idx_25
waveOut,trainingSamples,raw_data/EMG-EPN612/testingJSON/user71/user71.json,idx_26
waveOut,trainingSamples,raw_data/EMG-EPN612/testingJSON/user71/user71.json,idx_27
waveOut,trainingSamples,raw_data/EMG-EPN612/testingJSON/user71/user71.json,idx_28
waveOut,trainingSamples,raw_data/EMG-EPN612/testingJSON/user71/user71.json,idx_29
waveOut,trainingSamples,raw_data/EMG-EPN612/testingJSON/user71/user71.json,idx_30
waveOut,trainingSamples,raw_data/EMG-EPN612/testingJSON/user71/user71.json,idx_31
waveOut,trainingSamples,raw_data/EMG-EPN612/testingJSON/user71/user71.json,idx_32
waveOut,trainingSamples,raw_data/EMG-EPN612/testingJSON/user71/user71.json,idx_33
waveOut,trainingSamples,raw_data/EMG-EPN612/testingJSON/user71/user71.json,idx_34
waveOut,trainingSamples,raw_data/EMG-EPN612/testingJSON/user71/user71.json,idx_35
waveOut,trainingSamples,raw_data/EMG-EPN612/testingJSON/user71/user71.json,idx_36
waveOut,trainingSamples,raw_data/EMG-EPN612/testingJSON/user71/user71.json,idx_37
waveOut,trainingSamples,raw_data/EMG-EPN612/testingJSON/user71/user71.json,idx_38
waveOut,trainingSamples,raw_data/EMG-EPN612/testingJSON/user71/user71.json,idx_39
waveOut,trainingSamples,raw_data/EMG-EPN612/testingJSON/user71/user71.json,idx_40
waveOut,trainingSamples,raw_data/EMG-EPN612/testingJSON/user71/user71.json,idx_41
waveOut,trainingSamples,raw_data/EMG-EPN612/testingJSON/user71/user71.json,idx_42
waveOut,trainingSamples,raw_data/EMG-EPN612/testingJSON/user71/user71.json,idx_43
waveOut,trainingSamples,raw_data/EMG-EPN612/testingJSON/user71/user71.json,idx_44
waveOut,trainingSamples,raw_data/EMG-EPN612/testingJSON/user71/user71.json,idx_45
waveOut,trainingSamples,raw_data/EMG-EPN612/testingJSON/user71/user71.json,idx_46
waveOut,trainingSamples,raw_data/EMG-EPN612/testingJSON/user71/user71.json,idx_47
waveOut,trainingSamples,raw_data/EMG-EPN612/testingJSON/user71/user71.json,idx_48
waveOut,trainingSamples,raw_data/EMG-EPN612/testingJSON/user71/user71.json,idx_49
waveOut,trainingSamples,raw_data/EMG-EPN612/testingJSON/user71/user71.json,idx_50
pinch,trainingSamples,raw_data/EMG-EPN612/testingJSON/user71/user71.json,idx_51
pinch,trainingSamples,raw_data/EMG-EPN612/testingJSON/user71/user71.json,idx_52
pinch,trainingSamples,raw_data/EMG-EPN612/testingJSON/user71/user71.json,idx_53
pinch,trainingSamples,raw_data/EMG-EPN612/testingJSON/user71/user71.json,idx_54
pinch,trainingSamples,raw_data/EMG-EPN612/testingJSON/user71/user71.json,idx_55
pinch,trainingSamples,raw_data/EMG-EPN612/testingJSON/user71/user71.json,idx_56
pinch,trainingSamples,raw_data/EMG-EPN612/testingJSON/user71/user71.json,idx_57
pinch,trainingSamples,raw_data/EMG-EPN612/testingJSON/user71/user71.json,idx_58
pinch,trainingSamples,raw_data/EMG-EPN612/testingJSON/user71/user71.json,idx_59
pinch,trainingSamples,raw_data/EMG-EPN612/testingJSON/user71/user71.json,idx_60
pinch,trainingSamples,raw_data/EMG-EPN612/testingJSON/user71/user71.json,idx_61
pinch,trainingSamples,raw_data/EMG-EPN612/testingJSON/user71/user71.json,idx_62
pinch,trainingSamples,raw_data/EMG-EPN612/testingJSON/user71/user71.json,idx_63
pinch,trainingSamples,raw_data/EMG-EPN612/testingJSON/user71/user71.json,idx_64
pinch,trainingSamples,raw_data/EMG-EPN612/testingJSON/user71/user71.json,idx_65
pinch,trainingSamples,raw_data/EMG-EPN612/testingJSON/user71/user71.json,idx_66
pinch,trainingSamples,raw_data/EMG-EPN612/testingJSON/user71/user71.json,idx_67
pinch,trainingSamples,raw_data/EMG-EPN612/testingJSON/user71/user71.json,idx_68
pinch,trainingSamples,raw_data/EMG-EPN612/testingJSON/user71/user71.json,idx_69
pinch,trainingSamples,raw_data/EMG-EPN612/testingJSON/user71/user71.json,idx_70
pinch,trainingSamples,raw_data/EMG-EPN612/testingJSON/user71/user71.json,idx_71
pinch,trainingSamples,raw_data/EMG-EPN612/testingJSON/user71/user71.json,idx_72
pinch,trainingSamples,raw_data/EMG-EPN612/testingJSON/user71/user71.json,idx_73
pinch,trainingSamples,raw_data/EMG-EPN612/testingJSON/user71/user71.json,idx_74
pinch,trainingSamples,raw_data/EMG-EPN612/testingJSON/user71/user71.json,idx_75
fist,trainingSamples,raw_data/EMG-EPN612/testingJSON/user71/user71.json,idx_76
fist,trainingSamples,raw_data/EMG-EPN612/testingJSON/user71/user71.json,idx_77
fist,trainingSamples,raw_data/EMG-EPN612/testingJSON/user71/user71.json,idx_78
fist,trainingSamples,raw_data/EMG-EPN612/testingJSON/user71/user71.json,idx_79
fist,trainingSamples,raw_data/EMG-EPN612/testingJSON/user71/user71.json,idx_80
fist,trainingSamples,raw_data/EMG-EPN612/testingJSON/user71/user71.json,idx_81
fist,trainingSamples,raw_data/EMG-EPN612/testingJSON/user71/user71.json,idx_82
fist,trainingSamples,raw_data/EMG-EPN612/testingJSON/user71/user71.json,idx_83
fist,trainingSamples,raw_data/EMG-EPN612/testingJSON/user71/user71.json,idx_84
fist,trainingSamples,raw_data/EMG-EPN612/testingJSON/user71/user71.json,idx_85
fist,trainingSamples,raw_data/EMG-EPN612/testingJSON/user71/user71.json,idx_86
fist,trainingSamples,raw_data/EMG-EPN612/testingJSON/user71/user71.json,idx_87
fist,trainingSamples,raw_data/EMG-EPN612/testingJSON/user71/user71.json,idx_88
fist,trainingSamples,raw_data/EMG-EPN612/testingJSON/user71/user71.json,idx_89
fist,trainingSamples,raw_data/EMG-EPN612/testingJSON/user71/user71.json,idx_90
fist,trainingSamples,raw_data/EMG-EPN612/testingJSON/user71/user71.json,idx_91
fist,trainingSamples,raw_data/EMG-EPN612/testingJSON/user71/user71.json,idx_92
fist,trainingSamples,raw_data/EMG-EPN612/testingJSON/user71/user71.json,idx_93
fist,trainingSamples,raw_data/EMG-EPN612/testingJSON/user71/user71.json,idx_94
fist,trainingSamples,raw_data/EMG-EPN612/testingJSON/user71/user71.json,idx_95
fist,trainingSamples,raw_data/EMG-EPN612/testingJSON/user71/user71.json,idx_96
fist,trainingSamples,raw_data/EMG-EPN612/testingJSON/user71/user71.json,idx_97
fist,trainingSamples,raw_data/EMG-EPN612/testingJSON/user71/user71.json,idx_98
fist,trainingSamples,raw_data/EMG-EPN612/testingJSON/user71/user71.json,idx_99
fist,trainingSamples,raw_data/EMG-EPN612/testingJSON/user71/user71.json,idx_100
waveIn,trainingSamples,raw_data/EMG-EPN612/testingJSON/user71/user71.json,idx_101
waveIn,trainingSamples,raw_data/EMG-EPN612/testingJSON/user71/user71.json,idx_102
waveIn,trainingSamples,raw_data/EMG-EPN612/testingJSON/user71/user71.json,idx_103
waveIn,trainingSamples,raw_data/EMG-EPN612/testingJSON/user71/user71.json,idx_104
waveIn,trainingSamples,raw_data/EMG-EPN612/testingJSON/user71/user71.json,idx_105
waveIn,trainingSamples,raw_data/EMG-EPN612/testingJSON/user71/user71.json,idx_106
waveIn,trainingSamples,raw_data/EMG-EPN612/testingJSON/user71/user71.json,idx_107
waveIn,trainingSamples,raw_data/EMG-EPN612/testingJSON/user71/user71.json,idx_108
waveIn,trainingSamples,raw_data/EMG-EPN612/testingJSON/user71/user71.json,idx_109
waveIn,trainingSamples,raw_data/EMG-EPN612/testingJSON/user71/user71.json,idx_110
waveIn,trainingSamples,raw_data/EMG-EPN612/testingJSON/user71/user71.json,idx_111
waveIn,trainingSamples,raw_data/EMG-EPN612/testingJSON/user71/user71.json,idx_112
waveIn,trainingSamples,raw_data/EMG-EPN612/testingJSON/user71/user71.json,idx_113
waveIn,trainingSamples,raw_data/EMG-EPN612/testingJSON/user71/user71.json,idx_114
waveIn,trainingSamples,raw_data/EMG-EPN612/testingJSON/user71/user71.json,idx_115
waveIn,trainingSamples,raw_data/EMG-EPN612/testingJSON/user71/user71.json,idx_116
waveIn,trainingSamples,raw_data/EMG-EPN612/testingJSON/user71/user71.json,idx_117
waveIn,trainingSamples,raw_data/EMG-EPN612/testingJSON/user71/user71.json,idx_118
waveIn,trainingSamples,raw_data/EMG-EPN612/testingJSON/user71/user71.json,idx_119
waveIn,trainingSamples,raw_data/EMG-EPN612/testingJSON/user71/user71.json,idx_120
waveIn,trainingSamples,raw_data/EMG-EPN612/testingJSON/user71/user71.json,idx_121
waveIn,trainingSamples,raw_data/EMG-EPN612/testingJSON/user71/user71.json,idx_122
waveIn,trainingSamples,raw_data/EMG-EPN612/testingJSON/user71/user71.json,idx_123
waveIn,trainingSamples,raw_data/EMG-EPN612/testingJSON/user71/user71.json,idx_124
waveIn,trainingSamples,raw_data/EMG-EPN612/testingJSON/user71/user71.json,idx_125
open,trainingSamples,raw_data/EMG-EPN612/testingJSON/user71/user71.json,idx_126
open,trainingSamples,raw_data/EMG-EPN612/testingJSON/user71/user71.json,idx_127
open,trainingSamples,raw_data/EMG-EPN612/testingJSON/user71/user71.json,idx_128
open,trainingSamples,raw_data/EMG-EPN612/testingJSON/user71/user71.json,idx_129
open,trainingSamples,raw_data/EMG-EPN612/testingJSON/user71/user71.json,idx_130
open,trainingSamples,raw_data/EMG-EPN612/testingJSON/user71/user71.json,idx_131
open,trainingSamples,raw_data/EMG-EPN612/testingJSON/user71/user71.json,idx_132
open,trainingSamples,raw_data/EMG-EPN612/testingJSON/user71/user71.json,idx_133
open,trainingSamples,raw_data/EMG-EPN612/testingJSON/user71/user71.json,idx_134
open,trainingSamples,raw_data/EMG-EPN612/testingJSON/user71/user71.json,idx_135
open,trainingSamples,raw_data/EMG-EPN612/testingJSON/user71/user71.json,idx_136
open,trainingSamples,raw_data/EMG-EPN612/testingJSON/user71/user71.json,idx_137
open,trainingSamples,raw_data/EMG-EPN612/testingJSON/user71/user71.json,idx_138
open,trainingSamples,raw_data/EMG-EPN612/testingJSON/user71/user71.json,idx_139
open,trainingSamples,raw_data/EMG-EPN612/testingJSON/user71/user71.json,idx_140
open,trainingSamples,raw_data/EMG-EPN612/testingJSON/user71/user71.json,idx_141
open,trainingSamples,raw_data/EMG-EPN612/testingJSON/user71/user71.json,idx_142
open,trainingSamples,raw_data/EMG-EPN612/testingJSON/user71/user71.json,idx_143
open,trainingSamples,raw_data/EMG-EPN612/testingJSON/user71/user71.json,idx_144
open,trainingSamples,raw_data/EMG-EPN612/testingJSON/user71/user71.json,idx_145
open,trainingSamples,raw_data/EMG-EPN612/testingJSON/user71/user71.json,idx_146
open,trainingSamples,raw_data/EMG-EPN612/testingJSON/user71/user71.json,idx_147
open,trainingSamples,raw_data/EMG-EPN612/testingJSON/user71/user71.json,idx_148
open,trainingSamples,raw_data/EMG-EPN612/testingJSON/user71/user71.json,idx_149
open,trainingSamples,raw_data/EMG-EPN612/testingJSON/user71/user71.json,idx_150
noGesture,trainingSamples,raw_data/EMG-EPN612/testingJSON/user72/user72.json,idx_1
noGesture,trainingSamples,raw_data/EMG-EPN612/testingJSON/user72/user72.json,idx_2
noGesture,trainingSamples,raw_data/EMG-EPN612/testingJSON/user72/user72.json,idx_3
noGesture,trainingSamples,raw_data/EMG-EPN612/testingJSON/user72/user72.json,idx_4
noGesture,trainingSamples,raw_data/EMG-EPN612/testingJSON/user72/user72.json,idx_5
noGesture,trainingSamples,raw_data/EMG-EPN612/testingJSON/user72/user72.json,idx_6
noGesture,trainingSamples,raw_data/EMG-EPN612/testingJSON/user72/user72.json,idx_7
noGesture,trainingSamples,raw_data/EMG-EPN612/testingJSON/user72/user72.json,idx_8
noGesture,trainingSamples,raw_data/EMG-EPN612/testingJSON/user72/user72.json,idx_9
noGesture,trainingSamples,raw_data/EMG-EPN612/testingJSON/user72/user72.json,idx_10
noGesture,trainingSamples,raw_data/EMG-EPN612/testingJSON/user72/user72.json,idx_11
noGesture,trainingSamples,raw_data/EMG-EPN612/testingJSON/user72/user72.json,idx_12
noGesture,trainingSamples,raw_data/EMG-EPN612/testingJSON/user72/user72.json,idx_13
noGesture,trainingSamples,raw_data/EMG-EPN612/testingJSON/user72/user72.json,idx_14
noGesture,trainingSamples,raw_data/EMG-EPN612/testingJSON/user72/user72.json,idx_15
noGesture,trainingSamples,raw_data/EMG-EPN612/testingJSON/user72/user72.json,idx_16
noGesture,trainingSamples,raw_data/EMG-EPN612/testingJSON/user72/user72.json,idx_17
noGesture,trainingSamples,raw_data/EMG-EPN612/testingJSON/user72/user72.json,idx_18
noGesture,trainingSamples,raw_data/EMG-EPN612/testingJSON/user72/user72.json,idx_19
noGesture,trainingSamples,raw_data/EMG-EPN612/testingJSON/user72/user72.json,idx_20
noGesture,trainingSamples,raw_data/EMG-EPN612/testingJSON/user72/user72.json,idx_21
noGesture,trainingSamples,raw_data/EMG-EPN612/testingJSON/user72/user72.json,idx_22
noGesture,trainingSamples,raw_data/EMG-EPN612/testingJSON/user72/user72.json,idx_23
noGesture,trainingSamples,raw_data/EMG-EPN612/testingJSON/user72/user72.json,idx_24
noGesture,trainingSamples,raw_data/EMG-EPN612/testingJSON/user72/user72.json,idx_25
pinch,trainingSamples,raw_data/EMG-EPN612/testingJSON/user72/user72.json,idx_26
pinch,trainingSamples,raw_data/EMG-EPN612/testingJSON/user72/user72.json,idx_27
pinch,trainingSamples,raw_data/EMG-EPN612/testingJSON/user72/user72.json,idx_28
pinch,trainingSamples,raw_data/EMG-EPN612/testingJSON/user72/user72.json,idx_29
pinch,trainingSamples,raw_data/EMG-EPN612/testingJSON/user72/user72.json,idx_30
pinch,trainingSamples,raw_data/EMG-EPN612/testingJSON/user72/user72.json,idx_31
pinch,trainingSamples,raw_data/EMG-EPN612/testingJSON/user72/user72.json,idx_32
pinch,trainingSamples,raw_data/EMG-EPN612/testingJSON/user72/user72.json,idx_33
pinch,trainingSamples,raw_data/EMG-EPN612/testingJSON/user72/user72.json,idx_34
pinch,trainingSamples,raw_data/EMG-EPN612/testingJSON/user72/user72.json,idx_35
pinch,trainingSamples,raw_data/EMG-EPN612/testingJSON/user72/user72.json,idx_36
pinch,trainingSamples,raw_data/EMG-EPN612/testingJSON/user72/user72.json,idx_37
pinch,trainingSamples,raw_data/EMG-EPN612/testingJSON/user72/user72.json,idx_38
pinch,trainingSamples,raw_data/EMG-EPN612/testingJSON/user72/user72.json,idx_39
pinch,trainingSamples,raw_data/EMG-EPN612/testingJSON/user72/user72.json,idx_40
pinch,trainingSamples,raw_data/EMG-EPN612/testingJSON/user72/user72.json,idx_41
pinch,trainingSamples,raw_data/EMG-EPN612/testingJSON/user72/user72.json,idx_42
pinch,trainingSamples,raw_data/EMG-EPN612/testingJSON/user72/user72.json,idx_43
pinch,trainingSamples,raw_data/EMG-EPN612/testingJSON/user72/user72.json,idx_44
pinch,trainingSamples,raw_data/EMG-EPN612/testingJSON/user72/user72.json,idx_45
pinch,trainingSamples,raw_data/EMG-EPN612/testingJSON/user72/user72.json,idx_46
pinch,trainingSamples,raw_data/EMG-EPN612/testingJSON/user72/user72.json,idx_47
pinch,trainingSamples,raw_data/EMG-EPN612/testingJSON/user72/user72.json,idx_48
pinch,trainingSamples,raw_data/EMG-EPN612/testingJSON/user72/user72.json,idx_49
pinch,trainingSamples,raw_data/EMG-EPN612/testingJSON/user72/user72.json,idx_50
waveIn,trainingSamples,raw_data/EMG-EPN612/testingJSON/user72/user72.json,idx_51
waveIn,trainingSamples,raw_data/EMG-EPN612/testingJSON/user72/user72.json,idx_52
waveIn,trainingSamples,raw_data/EMG-EPN612/testingJSON/user72/user72.json,idx_53
waveIn,trainingSamples,raw_data/EMG-EPN612/testingJSON/user72/user72.json,idx_54
waveIn,trainingSamples,raw_data/EMG-EPN612/testingJSON/user72/user72.json,idx_55
waveIn,trainingSamples,raw_data/EMG-EPN612/testingJSON/user72/user72.json,idx_56
waveIn,trainingSamples,raw_data/EMG-EPN612/testingJSON/user72/user72.json,idx_57
waveIn,trainingSamples,raw_data/EMG-EPN612/testingJSON/user72/user72.json,idx_58
waveIn,trainingSamples,raw_data/EMG-EPN612/testingJSON/user72/user72.json,idx_59
waveIn,trainingSamples,raw_data/EMG-EPN612/testingJSON/user72/user72.json,idx_60
waveIn,trainingSamples,raw_data/EMG-EPN612/testingJSON/user72/user72.json,idx_61
waveIn,trainingSamples,raw_data/EMG-EPN612/testingJSON/user72/user72.json,idx_62
waveIn,trainingSamples,raw_data/EMG-EPN612/testingJSON/user72/user72.json,idx_63
waveIn,trainingSamples,raw_data/EMG-EPN612/testingJSON/user72/user72.json,idx_64
waveIn,trainingSamples,raw_data/EMG-EPN612/testingJSON/user72/user72.json,idx_65
waveIn,trainingSamples,raw_data/EMG-EPN612/testingJSON/user72/user72.json,idx_66
waveIn,trainingSamples,raw_data/EMG-EPN612/testingJSON/user72/user72.json,idx_67
waveIn,trainingSamples,raw_data/EMG-EPN612/testingJSON/user72/user72.json,idx_68
waveIn,trainingSamples,raw_data/EMG-EPN612/testingJSON/user72/user72.json,idx_69
waveIn,trainingSamples,raw_data/EMG-EPN612/testingJSON/user72/user72.json,idx_70
waveIn,trainingSamples,raw_data/EMG-EPN612/testingJSON/user72/user72.json,idx_71
waveIn,trainingSamples,raw_data/EMG-EPN612/testingJSON/user72/user72.json,idx_72
waveIn,trainingSamples,raw_data/EMG-EPN612/testingJSON/user72/user72.json,idx_73
waveIn,trainingSamples,raw_data/EMG-EPN612/testingJSON/user72/user72.json,idx_74
waveIn,trainingSamples,raw_data/EMG-EPN612/testingJSON/user72/user72.json,idx_75
open,trainingSamples,raw_data/EMG-EPN612/testingJSON/user72/user72.json,idx_76
open,trainingSamples,raw_data/EMG-EPN612/testingJSON/user72/user72.json,idx_77
open,trainingSamples,raw_data/EMG-EPN612/testingJSON/user72/user72.json,idx_78
open,trainingSamples,raw_data/EMG-EPN612/testingJSON/user72/user72.json,idx_79
open,trainingSamples,raw_data/EMG-EPN612/testingJSON/user72/user72.json,idx_80
open,trainingSamples,raw_data/EMG-EPN612/testingJSON/user72/user72.json,idx_81
open,trainingSamples,raw_data/EMG-EPN612/testingJSON/user72/user72.json,idx_82
open,trainingSamples,raw_data/EMG-EPN612/testingJSON/user72/user72.json,idx_83
open,trainingSamples,raw_data/EMG-EPN612/testingJSON/user72/user72.json,idx_84
open,trainingSamples,raw_data/EMG-EPN612/testingJSON/user72/user72.json,idx_85
open,trainingSamples,raw_data/EMG-EPN612/testingJSON/user72/user72.json,idx_86
open,trainingSamples,raw_data/EMG-EPN612/testingJSON/user72/user72.json,idx_87
open,trainingSamples,raw_data/EMG-EPN612/testingJSON/user72/user72.json,idx_88
open,trainingSamples,raw_data/EMG-EPN612/testingJSON/user72/user72.json,idx_89
open,trainingSamples,raw_data/EMG-EPN612/testingJSON/user72/user72.json,idx_90
open,trainingSamples,raw_data/EMG-EPN612/testingJSON/user72/user72.json,idx_91
open,trainingSamples,raw_data/EMG-EPN612/testingJSON/user72/user72.json,idx_92
open,trainingSamples,raw_data/EMG-EPN612/testingJSON/user72/user72.json,idx_93
open,trainingSamples,raw_data/EMG-EPN612/testingJSON/user72/user72.json,idx_94
open,trainingSamples,raw_data/EMG-EPN612/testingJSON/user72/user72.json,idx_95
open,trainingSamples,raw_data/EMG-EPN612/testingJSON/user72/user72.json,idx_96
open,trainingSamples,raw_data/EMG-EPN612/testingJSON/user72/user72.json,idx_97
open,trainingSamples,raw_data/EMG-EPN612/testingJSON/user72/user72.json,idx_98
open,trainingSamples,raw_data/EMG-EPN612/testingJSON/user72/user72.json,idx_99
open,trainingSamples,raw_data/EMG-EPN612/testingJSON/user72/user72.json,idx_100
waveOut,trainingSamples,raw_data/EMG-EPN612/testingJSON/user72/user72.json,idx_101
waveOut,trainingSamples,raw_data/EMG-EPN612/testingJSON/user72/user72.json,idx_102
waveOut,trainingSamples,raw_data/EMG-EPN612/testingJSON/user72/user72.json,idx_103
waveOut,trainingSamples,raw_data/EMG-EPN612/testingJSON/user72/user72.json,idx_104
waveOut,trainingSamples,raw_data/EMG-EPN612/testingJSON/user72/user72.json,idx_105
waveOut,trainingSamples,raw_data/EMG-EPN612/testingJSON/user72/user72.json,idx_106
waveOut,trainingSamples,raw_data/EMG-EPN612/testingJSON/user72/user72.json,idx_107
waveOut,trainingSamples,raw_data/EMG-EPN612/testingJSON/user72/user72.json,idx_108
waveOut,trainingSamples,raw_data/EMG-EPN612/testingJSON/user72/user72.json,idx_109
waveOut,trainingSamples,raw_data/EMG-EPN612/testingJSON/user72/user72.json,idx_110
waveOut,trainingSamples,raw_data/EMG-EPN612/testingJSON/user72/user72.json,idx_111
waveOut,trainingSamples,raw_data/EMG-EPN612/testingJSON/user72/user72.json,idx_112
waveOut,trainingSamples,raw_data/EMG-EPN612/testingJSON/user72/user72.json,idx_113
waveOut,trainingSamples,raw_data/EMG-EPN612/testingJSON/user72/user72.json,idx_114
waveOut,trainingSamples,raw_data/EMG-EPN612/testingJSON/user72/user72.json,idx_115
waveOut,trainingSamples,raw_data/EMG-EPN612/testingJSON/user72/user72.json,idx_116
waveOut,trainingSamples,raw_data/EMG-EPN612/testingJSON/user72/user72.json,idx_117
waveOut,trainingSamples,raw_data/EMG-EPN612/testingJSON/user72/user72.json,idx_118
waveOut,trainingSamples,raw_data/EMG-EPN612/testingJSON/user72/user72.json,idx_119
waveOut,trainingSamples,raw_data/EMG-EPN612/testingJSON/user72/user72.json,idx_120
waveOut,trainingSamples,raw_data/EMG-EPN612/testingJSON/user72/user72.json,idx_121
waveOut,trainingSamples,raw_data/EMG-EPN612/testingJSON/user72/user72.json,idx_122
waveOut,trainingSamples,raw_data/EMG-EPN612/testingJSON/user72/user72.json,idx_123
waveOut,trainingSamples,raw_data/EMG-EPN612/testingJSON/user72/user72.json,idx_124
waveOut,trainingSamples,raw_data/EMG-EPN612/testingJSON/user72/user72.json,idx_125
fist,trainingSamples,raw_data/EMG-EPN612/testingJSON/user72/user72.json,idx_126
fist,trainingSamples,raw_data/EMG-EPN612/testingJSON/user72/user72.json,idx_127
fist,trainingSamples,raw_data/EMG-EPN612/testingJSON/user72/user72.json,idx_128
fist,trainingSamples,raw_data/EMG-EPN612/testingJSON/user72/user72.json,idx_129
fist,trainingSamples,raw_data/EMG-EPN612/testingJSON/user72/user72.json,idx_130
fist,trainingSamples,raw_data/EMG-EPN612/testingJSON/user72/user72.json,idx_131
fist,trainingSamples,raw_data/EMG-EPN612/testingJSON/user72/user72.json,idx_132
fist,trainingSamples,raw_data/EMG-EPN612/testingJSON/user72/user72.json,idx_133
fist,trainingSamples,raw_data/EMG-EPN612/testingJSON/user72/user72.json,idx_134
fist,trainingSamples,raw_data/EMG-EPN612/testingJSON/user72/user72.json,idx_135
fist,trainingSamples,raw_data/EMG-EPN612/testingJSON/user72/user72.json,idx_136
fist,trainingSamples,raw_data/EMG-EPN612/testingJSON/user72/user72.json,idx_137
fist,trainingSamples,raw_data/EMG-EPN612/testingJSON/user72/user72.json,idx_138
fist,trainingSamples,raw_data/EMG-EPN612/testingJSON/user72/user72.json,idx_139
fist,trainingSamples,raw_data/EMG-EPN612/testingJSON/user72/user72.json,idx_140
fist,trainingSamples,raw_data/EMG-EPN612/testingJSON/user72/user72.json,idx_141
fist,trainingSamples,raw_data/EMG-EPN612/testingJSON/user72/user72.json,idx_142
fist,trainingSamples,raw_data/EMG-EPN612/testingJSON/user72/user72.json,idx_143
fist,trainingSamples,raw_data/EMG-EPN612/testingJSON/user72/user72.json,idx_144
fist,trainingSamples,raw_data/EMG-EPN612/testingJSON/user72/user72.json,idx_145
fist,trainingSamples,raw_data/EMG-EPN612/testingJSON/user72/user72.json,idx_146
fist,trainingSamples,raw_data/EMG-EPN612/testingJSON/user72/user72.json,idx_147
fist,trainingSamples,raw_data/EMG-EPN612/testingJSON/user72/user72.json,idx_148
fist,trainingSamples,raw_data/EMG-EPN612/testingJSON/user72/user72.json,idx_149
fist,trainingSamples,raw_data/EMG-EPN612/testingJSON/user72/user72.json,idx_150
noGesture,trainingSamples,raw_data/EMG-EPN612/testingJSON/user73/user73.json,idx_1
noGesture,trainingSamples,raw_data/EMG-EPN612/testingJSON/user73/user73.json,idx_2
noGesture,trainingSamples,raw_data/EMG-EPN612/testingJSON/user73/user73.json,idx_3
noGesture,trainingSamples,raw_data/EMG-EPN612/testingJSON/user73/user73.json,idx_4
noGesture,trainingSamples,raw_data/EMG-EPN612/testingJSON/user73/user73.json,idx_5
noGesture,trainingSamples,raw_data/EMG-EPN612/testingJSON/user73/user73.json,idx_6
noGesture,trainingSamples,raw_data/EMG-EPN612/testingJSON/user73/user73.json,idx_7
noGesture,trainingSamples,raw_data/EMG-EPN612/testingJSON/user73/user73.json,idx_8
noGesture,trainingSamples,raw_data/EMG-EPN612/testingJSON/user73/user73.json,idx_9
noGesture,trainingSamples,raw_data/EMG-EPN612/testingJSON/user73/user73.json,idx_10
noGesture,trainingSamples,raw_data/EMG-EPN612/testingJSON/user73/user73.json,idx_11
noGesture,trainingSamples,raw_data/EMG-EPN612/testingJSON/user73/user73.json,idx_12
noGesture,trainingSamples,raw_data/EMG-EPN612/testingJSON/user73/user73.json,idx_13
noGesture,trainingSamples,raw_data/EMG-EPN612/testingJSON/user73/user73.json,idx_14
noGesture,trainingSamples,raw_data/EMG-EPN612/testingJSON/user73/user73.json,idx_15
noGesture,trainingSamples,raw_data/EMG-EPN612/testingJSON/user73/user73.json,idx_16
noGesture,trainingSamples,raw_data/EMG-EPN612/testingJSON/user73/user73.json,idx_17
noGesture,trainingSamples,raw_data/EMG-EPN612/testingJSON/user73/user73.json,idx_18
noGesture,trainingSamples,raw_data/EMG-EPN612/testingJSON/user73/user73.json,idx_19
noGesture,trainingSamples,raw_data/EMG-EPN612/testingJSON/user73/user73.json,idx_20
noGesture,trainingSamples,raw_data/EMG-EPN612/testingJSON/user73/user73.json,idx_21
noGesture,trainingSamples,raw_data/EMG-EPN612/testingJSON/user73/user73.json,idx_22
noGesture,trainingSamples,raw_data/EMG-EPN612/testingJSON/user73/user73.json,idx_23
noGesture,trainingSamples,raw_data/EMG-EPN612/testingJSON/user73/user73.json,idx_24
noGesture,trainingSamples,raw_data/EMG-EPN612/testingJSON/user73/user73.json,idx_25
waveOut,trainingSamples,raw_data/EMG-EPN612/testingJSON/user73/user73.json,idx_26
waveOut,trainingSamples,raw_data/EMG-EPN612/testingJSON/user73/user73.json,idx_27
waveOut,trainingSamples,raw_data/EMG-EPN612/testingJSON/user73/user73.json,idx_28
waveOut,trainingSamples,raw_data/EMG-EPN612/testingJSON/user73/user73.json,idx_29
waveOut,trainingSamples,raw_data/EMG-EPN612/testingJSON/user73/user73.json,idx_30
waveOut,trainingSamples,raw_data/EMG-EPN612/testingJSON/user73/user73.json,idx_31
waveOut,trainingSamples,raw_data/EMG-EPN612/testingJSON/user73/user73.json,idx_32
waveOut,trainingSamples,raw_data/EMG-EPN612/testingJSON/user73/user73.json,idx_33
waveOut,trainingSamples,raw_data/EMG-EPN612/testingJSON/user73/user73.json,idx_34
waveOut,trainingSamples,raw_data/EMG-EPN612/testingJSON/user73/user73.json,idx_35
waveOut,trainingSamples,raw_data/EMG-EPN612/testingJSON/user73/user73.json,idx_36
waveOut,trainingSamples,raw_data/EMG-EPN612/testingJSON/user73/user73.json,idx_37
waveOut,trainingSamples,raw_data/EMG-EPN612/testingJSON/user73/user73.json,idx_38
waveOut,trainingSamples,raw_data/EMG-EPN612/testingJSON/user73/user73.json,idx_39
waveOut,trainingSamples,raw_data/EMG-EPN612/testingJSON/user73/user73.json,idx_40
waveOut,trainingSamples,raw_data/EMG-EPN612/testingJSON/user73/user73.json,idx_41
waveOut,trainingSamples,raw_data/EMG-EPN612/testingJSON/user73/user73.json,idx_42
waveOut,trainingSamples,raw_data/EMG-EPN612/testingJSON/user73/user73.json,idx_43
waveOut,trainingSamples,raw_data/EMG-EPN612/testingJSON/user73/user73.json,idx_44
waveOut,trainingSamples,raw_data/EMG-EPN612/testingJSON/user73/user73.json,idx_45
waveOut,trainingSamples,raw_data/EMG-EPN612/testingJSON/user73/user73.json,idx_46
waveOut,trainingSamples,raw_data/EMG-EPN612/testingJSON/user73/user73.json,idx_47
waveOut,trainingSamples,raw_data/EMG-EPN612/testingJSON/user73/user73.json,idx_48
waveOut,trainingSamples,raw_data/EMG-EPN612/testingJSON/user73/user73.json,idx_49
waveOut,trainingSamples,raw_data/EMG-EPN612/testingJSON/user73/user73.json,idx_50
pinch,trainingSamples,raw_data/EMG-EPN612/testingJSON/user73/user73.json,idx_51
pinch,trainingSamples,raw_data/EMG-EPN612/testingJSON/user73/user73.json,idx_52
pinch,trainingSamples,raw_data/EMG-EPN612/testingJSON/user73/user73.json,idx_53
pinch,trainingSamples,raw_data/EMG-EPN612/testingJSON/user73/user73.json,idx_54
pinch,trainingSamples,raw_data/EMG-EPN612/testingJSON/user73/user73.json,idx_55
pinch,trainingSamples,raw_data/EMG-EPN612/testingJSON/user73/user73.json,idx_56
pinch,trainingSamples,raw_data/EMG-EPN612/testingJSON/user73/user73.json,idx_57
pinch,trainingSamples,raw_data/EMG-EPN612/testingJSON/user73/user73.json,idx_58
pinch,trainingSamples,raw_data/EMG-EPN612/testingJSON/user73/user73.json,idx_59
pinch,trainingSamples,raw_data/EMG-EPN612/testingJSON/user73/user73.json,idx_60
pinch,trainingSamples,raw_data/EMG-EPN612/testingJSON/user73/user73.json,idx_61
pinch,trainingSamples,raw_data/EMG-EPN612/testingJSON/user73/user73.json,idx_62
pinch,trainingSamples,raw_data/EMG-EPN612/testingJSON/user73/user73.json,idx_63
pinch,trainingSamples,raw_data/EMG-EPN612/testingJSON/user73/user73.json,idx_64
pinch,trainingSamples,raw_data/EMG-EPN612/testingJSON/user73/user73.json,idx_65
pinch,trainingSamples,raw_data/EMG-EPN612/testingJSON/user73/user73.json,idx_66
pinch,trainingSamples,raw_data/EMG-EPN612/testingJSON/user73/user73.json,idx_67
pinch,trainingSamples,raw_data/EMG-EPN612/testingJSON/user73/user73.json,idx_68
pinch,trainingSamples,raw_data/EMG-EPN612/testingJSON/user73/user73.json,idx_69
pinch,trainingSamples,raw_data/EMG-EPN612/testingJSON/user73/user73.json,idx_70
pinch,trainingSamples,raw_data/EMG-EPN612/testingJSON/user73/user73.json,idx_71
pinch,trainingSamples,raw_data/EMG-EPN612/testingJSON/user73/user73.json,idx_72
pinch,trainingSamples,raw_data/EMG-EPN612/testingJSON/user73/user73.json,idx_73
pinch,trainingSamples,raw_data/EMG-EPN612/testingJSON/user73/user73.json,idx_74
pinch,trainingSamples,raw_data/EMG-EPN612/testingJSON/user73/user73.json,idx_75
fist,trainingSamples,raw_data/EMG-EPN612/testingJSON/user73/user73.json,idx_76
fist,trainingSamples,raw_data/EMG-EPN612/testingJSON/user73/user73.json,idx_77
fist,trainingSamples,raw_data/EMG-EPN612/testingJSON/user73/user73.json,idx_78
fist,trainingSamples,raw_data/EMG-EPN612/testingJSON/user73/user73.json,idx_79
fist,trainingSamples,raw_data/EMG-EPN612/testingJSON/user73/user73.json,idx_80
fist,trainingSamples,raw_data/EMG-EPN612/testingJSON/user73/user73.json,idx_81
fist,trainingSamples,raw_data/EMG-EPN612/testingJSON/user73/user73.json,idx_82
fist,trainingSamples,raw_data/EMG-EPN612/testingJSON/user73/user73.json,idx_83
fist,trainingSamples,raw_data/EMG-EPN612/testingJSON/user73/user73.json,idx_84
fist,trainingSamples,raw_data/EMG-EPN612/testingJSON/user73/user73.json,idx_85
fist,trainingSamples,raw_data/EMG-EPN612/testingJSON/user73/user73.json,idx_86
fist,trainingSamples,raw_data/EMG-EPN612/testingJSON/user73/user73.json,idx_87
fist,trainingSamples,raw_data/EMG-EPN612/testingJSON/user73/user73.json,idx_88
fist,trainingSamples,raw_data/EMG-EPN612/testingJSON/user73/user73.json,idx_89
fist,trainingSamples,raw_data/EMG-EPN612/testingJSON/user73/user73.json,idx_90
fist,trainingSamples,raw_data/EMG-EPN612/testingJSON/user73/user73.json,idx_91
fist,trainingSamples,raw_data/EMG-EPN612/testingJSON/user73/user73.json,idx_92
fist,trainingSamples,raw_data/EMG-EPN612/testingJSON/user73/user73.json,idx_93
fist,trainingSamples,raw_data/EMG-EPN612/testingJSON/user73/user73.json,idx_94
fist,trainingSamples,raw_data/EMG-EPN612/testingJSON/user73/user73.json,idx_95
fist,trainingSamples,raw_data/EMG-EPN612/testingJSON/user73/user73.json,idx_96
fist,trainingSamples,raw_data/EMG-EPN612/testingJSON/user73/user73.json,idx_97
fist,trainingSamples,raw_data/EMG-EPN612/testingJSON/user73/user73.json,idx_98
fist,trainingSamples,raw_data/EMG-EPN612/testingJSON/user73/user73.json,idx_99
fist,trainingSamples,raw_data/EMG-EPN612/testingJSON/user73/user73.json,idx_100
waveIn,trainingSamples,raw_data/EMG-EPN612/testingJSON/user73/user73.json,idx_101
waveIn,trainingSamples,raw_data/EMG-EPN612/testingJSON/user73/user73.json,idx_102
waveIn,trainingSamples,raw_data/EMG-EPN612/testingJSON/user73/user73.json,idx_103
waveIn,trainingSamples,raw_data/EMG-EPN612/testingJSON/user73/user73.json,idx_104
waveIn,trainingSamples,raw_data/EMG-EPN612/testingJSON/user73/user73.json,idx_105
waveIn,trainingSamples,raw_data/EMG-EPN612/testingJSON/user73/user73.json,idx_106
waveIn,trainingSamples,raw_data/EMG-EPN612/testingJSON/user73/user73.json,idx_107
waveIn,trainingSamples,raw_data/EMG-EPN612/testingJSON/user73/user73.json,idx_108
waveIn,trainingSamples,raw_data/EMG-EPN612/testingJSON/user73/user73.json,idx_109
waveIn,trainingSamples,raw_data/EMG-EPN612/testingJSON/user73/user73.json,idx_110
waveIn,trainingSamples,raw_data/EMG-EPN612/testingJSON/user73/user73.json,idx_111
waveIn,trainingSamples,raw_data/EMG-EPN612/testingJSON/user73/user73.json,idx_112
waveIn,trainingSamples,raw_data/EMG-EPN612/testingJSON/user73/user73.json,idx_113
waveIn,trainingSamples,raw_data/EMG-EPN612/testingJSON/user73/user73.json,idx_114
waveIn,trainingSamples,raw_data/EMG-EPN612/testingJSON/user73/user73.json,idx_115
waveIn,trainingSamples,raw_data/EMG-EPN612/testingJSON/user73/user73.json,idx_116
waveIn,trainingSamples,raw_data/EMG-EPN612/testingJSON/user73/user73.json,idx_117
waveIn,trainingSamples,raw_data/EMG-EPN612/testingJSON/user73/user73.json,idx_118
waveIn,trainingSamples,raw_data/EMG-EPN612/testingJSON/user73/user73.json,idx_119
waveIn,trainingSamples,raw_data/EMG-EPN612/testingJSON/user73/user73.json,idx_120
waveIn,trainingSamples,raw_data/EMG-EPN612/testingJSON/user73/user73.json,idx_121
waveIn,trainingSamples,raw_data/EMG-EPN612/testingJSON/user73/user73.json,idx_122
waveIn,trainingSamples,raw_data/EMG-EPN612/testingJSON/user73/user73.json,idx_123
waveIn,trainingSamples,raw_data/EMG-EPN612/testingJSON/user73/user73.json,idx_124
waveIn,trainingSamples,raw_data/EMG-EPN612/testingJSON/user73/user73.json,idx_125
open,trainingSamples,raw_data/EMG-EPN612/testingJSON/user73/user73.json,idx_126
open,trainingSamples,raw_data/EMG-EPN612/testingJSON/user73/user73.json,idx_127
open,trainingSamples,raw_data/EMG-EPN612/testingJSON/user73/user73.json,idx_128
open,trainingSamples,raw_data/EMG-EPN612/testingJSON/user73/user73.json,idx_129
open,trainingSamples,raw_data/EMG-EPN612/testingJSON/user73/user73.json,idx_130
open,trainingSamples,raw_data/EMG-EPN612/testingJSON/user73/user73.json,idx_131
open,trainingSamples,raw_data/EMG-EPN612/testingJSON/user73/user73.json,idx_132
open,trainingSamples,raw_data/EMG-EPN612/testingJSON/user73/user73.json,idx_133
open,trainingSamples,raw_data/EMG-EPN612/testingJSON/user73/user73.json,idx_134
open,trainingSamples,raw_data/EMG-EPN612/testingJSON/user73/user73.json,idx_135
open,trainingSamples,raw_data/EMG-EPN612/testingJSON/user73/user73.json,idx_136
open,trainingSamples,raw_data/EMG-EPN612/testingJSON/user73/user73.json,idx_137
open,trainingSamples,raw_data/EMG-EPN612/testingJSON/user73/user73.json,idx_138
open,trainingSamples,raw_data/EMG-EPN612/testingJSON/user73/user73.json,idx_139
open,trainingSamples,raw_data/EMG-EPN612/testingJSON/user73/user73.json,idx_140
open,trainingSamples,raw_data/EMG-EPN612/testingJSON/user73/user73.json,idx_141
open,trainingSamples,raw_data/EMG-EPN612/testingJSON/user73/user73.json,idx_142
open,trainingSamples,raw_data/EMG-EPN612/testingJSON/user73/user73.json,idx_143
open,trainingSamples,raw_data/EMG-EPN612/testingJSON/user73/user73.json,idx_144
open,trainingSamples,raw_data/EMG-EPN612/testingJSON/user73/user73.json,idx_145
open,trainingSamples,raw_data/EMG-EPN612/testingJSON/user73/user73.json,idx_146
open,trainingSamples,raw_data/EMG-EPN612/testingJSON/user73/user73.json,idx_147
open,trainingSamples,raw_data/EMG-EPN612/testingJSON/user73/user73.json,idx_148
open,trainingSamples,raw_data/EMG-EPN612/testingJSON/user73/user73.json,idx_149
open,trainingSamples,raw_data/EMG-EPN612/testingJSON/user73/user73.json,idx_150
noGesture,trainingSamples,raw_data/EMG-EPN612/testingJSON/user74/user74.json,idx_1
noGesture,trainingSamples,raw_data/EMG-EPN612/testingJSON/user74/user74.json,idx_2
noGesture,trainingSamples,raw_data/EMG-EPN612/testingJSON/user74/user74.json,idx_3
noGesture,trainingSamples,raw_data/EMG-EPN612/testingJSON/user74/user74.json,idx_4
noGesture,trainingSamples,raw_data/EMG-EPN612/testingJSON/user74/user74.json,idx_5
noGesture,trainingSamples,raw_data/EMG-EPN612/testingJSON/user74/user74.json,idx_6
noGesture,trainingSamples,raw_data/EMG-EPN612/testingJSON/user74/user74.json,idx_7
noGesture,trainingSamples,raw_data/EMG-EPN612/testingJSON/user74/user74.json,idx_8
noGesture,trainingSamples,raw_data/EMG-EPN612/testingJSON/user74/user74.json,idx_9
noGesture,trainingSamples,raw_data/EMG-EPN612/testingJSON/user74/user74.json,idx_10
noGesture,trainingSamples,raw_data/EMG-EPN612/testingJSON/user74/user74.json,idx_11
noGesture,trainingSamples,raw_data/EMG-EPN612/testingJSON/user74/user74.json,idx_12
noGesture,trainingSamples,raw_data/EMG-EPN612/testingJSON/user74/user74.json,idx_13
noGesture,trainingSamples,raw_data/EMG-EPN612/testingJSON/user74/user74.json,idx_14
noGesture,trainingSamples,raw_data/EMG-EPN612/testingJSON/user74/user74.json,idx_15
noGesture,trainingSamples,raw_data/EMG-EPN612/testingJSON/user74/user74.json,idx_16
noGesture,trainingSamples,raw_data/EMG-EPN612/testingJSON/user74/user74.json,idx_17
noGesture,trainingSamples,raw_data/EMG-EPN612/testingJSON/user74/user74.json,idx_18
noGesture,trainingSamples,raw_data/EMG-EPN612/testingJSON/user74/user74.json,idx_19
noGesture,trainingSamples,raw_data/EMG-EPN612/testingJSON/user74/user74.json,idx_20
noGesture,trainingSamples,raw_data/EMG-EPN612/testingJSON/user74/user74.json,idx_21
noGesture,trainingSamples,raw_data/EMG-EPN612/testingJSON/user74/user74.json,idx_22
noGesture,trainingSamples,raw_data/EMG-EPN612/testingJSON/user74/user74.json,idx_23
noGesture,trainingSamples,raw_data/EMG-EPN612/testingJSON/user74/user74.json,idx_24
noGesture,trainingSamples,raw_data/EMG-EPN612/testingJSON/user74/user74.json,idx_25
waveOut,trainingSamples,raw_data/EMG-EPN612/testingJSON/user74/user74.json,idx_26
waveOut,trainingSamples,raw_data/EMG-EPN612/testingJSON/user74/user74.json,idx_27
waveOut,trainingSamples,raw_data/EMG-EPN612/testingJSON/user74/user74.json,idx_28
waveOut,trainingSamples,raw_data/EMG-EPN612/testingJSON/user74/user74.json,idx_29
waveOut,trainingSamples,raw_data/EMG-EPN612/testingJSON/user74/user74.json,idx_30
waveOut,trainingSamples,raw_data/EMG-EPN612/testingJSON/user74/user74.json,idx_31
waveOut,trainingSamples,raw_data/EMG-EPN612/testingJSON/user74/user74.json,idx_32
waveOut,trainingSamples,raw_data/EMG-EPN612/testingJSON/user74/user74.json,idx_33
waveOut,trainingSamples,raw_data/EMG-EPN612/testingJSON/user74/user74.json,idx_34
waveOut,trainingSamples,raw_data/EMG-EPN612/testingJSON/user74/user74.json,idx_35
waveOut,trainingSamples,raw_data/EMG-EPN612/testingJSON/user74/user74.json,idx_36
waveOut,trainingSamples,raw_data/EMG-EPN612/testingJSON/user74/user74.json,idx_37
waveOut,trainingSamples,raw_data/EMG-EPN612/testingJSON/user74/user74.json,idx_38
waveOut,trainingSamples,raw_data/EMG-EPN612/testingJSON/user74/user74.json,idx_39
waveOut,trainingSamples,raw_data/EMG-EPN612/testingJSON/user74/user74.json,idx_40
waveOut,trainingSamples,raw_data/EMG-EPN612/testingJSON/user74/user74.json,idx_41
waveOut,trainingSamples,raw_data/EMG-EPN612/testingJSON/user74/user74.json,idx_42
waveOut,trainingSamples,raw_data/EMG-EPN612/testingJSON/user74/user74.json,idx_43
waveOut,trainingSamples,raw_data/EMG-EPN612/testingJSON/user74/user74.json,idx_44
waveOut,trainingSamples,raw_data/EMG-EPN612/testingJSON/user74/user74.json,idx_45
waveOut,trainingSamples,raw_data/EMG-EPN612/testingJSON/user74/user74.json,idx_46
waveOut,trainingSamples,raw_data/EMG-EPN612/testingJSON/user74/user74.json,idx_47
waveOut,trainingSamples,raw_data/EMG-EPN612/testingJSON/user74/user74.json,idx_48
waveOut,trainingSamples,raw_data/EMG-EPN612/testingJSON/user74/user74.json,idx_49
waveOut,trainingSamples,raw_data/EMG-EPN612/testingJSON/user74/user74.json,idx_50
pinch,trainingSamples,raw_data/EMG-EPN612/testingJSON/user74/user74.json,idx_51
pinch,trainingSamples,raw_data/EMG-EPN612/testingJSON/user74/user74.json,idx_52
pinch,trainingSamples,raw_data/EMG-EPN612/testingJSON/user74/user74.json,idx_53
pinch,trainingSamples,raw_data/EMG-EPN612/testingJSON/user74/user74.json,idx_54
pinch,trainingSamples,raw_data/EMG-EPN612/testingJSON/user74/user74.json,idx_55
pinch,trainingSamples,raw_data/EMG-EPN612/testingJSON/user74/user74.json,idx_56
pinch,trainingSamples,raw_data/EMG-EPN612/testingJSON/user74/user74.json,idx_57
pinch,trainingSamples,raw_data/EMG-EPN612/testingJSON/user74/user74.json,idx_58
pinch,trainingSamples,raw_data/EMG-EPN612/testingJSON/user74/user74.json,idx_59
pinch,trainingSamples,raw_data/EMG-EPN612/testingJSON/user74/user74.json,idx_60
pinch,trainingSamples,raw_data/EMG-EPN612/testingJSON/user74/user74.json,idx_61
pinch,trainingSamples,raw_data/EMG-EPN612/testingJSON/user74/user74.json,idx_62
pinch,trainingSamples,raw_data/EMG-EPN612/testingJSON/user74/user74.json,idx_63
pinch,trainingSamples,raw_data/EMG-EPN612/testingJSON/user74/user74.json,idx_64
pinch,trainingSamples,raw_data/EMG-EPN612/testingJSON/user74/user74.json,idx_65
pinch,trainingSamples,raw_data/EMG-EPN612/testingJSON/user74/user74.json,idx_66
pinch,trainingSamples,raw_data/EMG-EPN612/testingJSON/user74/user74.json,idx_67
pinch,trainingSamples,raw_data/EMG-EPN612/testingJSON/user74/user74.json,idx_68
pinch,trainingSamples,raw_data/EMG-EPN612/testingJSON/user74/user74.json,idx_69
pinch,trainingSamples,raw_data/EMG-EPN612/testingJSON/user74/user74.json,idx_70
pinch,trainingSamples,raw_data/EMG-EPN612/testingJSON/user74/user74.json,idx_71
pinch,trainingSamples,raw_data/EMG-EPN612/testingJSON/user74/user74.json,idx_72
pinch,trainingSamples,raw_data/EMG-EPN612/testingJSON/user74/user74.json,idx_73
pinch,trainingSamples,raw_data/EMG-EPN612/testingJSON/user74/user74.json,idx_74
pinch,trainingSamples,raw_data/EMG-EPN612/testingJSON/user74/user74.json,idx_75
fist,trainingSamples,raw_data/EMG-EPN612/testingJSON/user74/user74.json,idx_76
fist,trainingSamples,raw_data/EMG-EPN612/testingJSON/user74/user74.json,idx_77
fist,trainingSamples,raw_data/EMG-EPN612/testingJSON/user74/user74.json,idx_78
fist,trainingSamples,raw_data/EMG-EPN612/testingJSON/user74/user74.json,idx_79
fist,trainingSamples,raw_data/EMG-EPN612/testingJSON/user74/user74.json,idx_80
fist,trainingSamples,raw_data/EMG-EPN612/testingJSON/user74/user74.json,idx_81
fist,trainingSamples,raw_data/EMG-EPN612/testingJSON/user74/user74.json,idx_82
fist,trainingSamples,raw_data/EMG-EPN612/testingJSON/user74/user74.json,idx_83
fist,trainingSamples,raw_data/EMG-EPN612/testingJSON/user74/user74.json,idx_84
fist,trainingSamples,raw_data/EMG-EPN612/testingJSON/user74/user74.json,idx_85
fist,trainingSamples,raw_data/EMG-EPN612/testingJSON/user74/user74.json,idx_86
fist,trainingSamples,raw_data/EMG-EPN612/testingJSON/user74/user74.json,idx_87
fist,trainingSamples,raw_data/EMG-EPN612/testingJSON/user74/user74.json,idx_88
fist,trainingSamples,raw_data/EMG-EPN612/testingJSON/user74/user74.json,idx_89
fist,trainingSamples,raw_data/EMG-EPN612/testingJSON/user74/user74.json,idx_90
fist,trainingSamples,raw_data/EMG-EPN612/testingJSON/user74/user74.json,idx_91
fist,trainingSamples,raw_data/EMG-EPN612/testingJSON/user74/user74.json,idx_92
fist,trainingSamples,raw_data/EMG-EPN612/testingJSON/user74/user74.json,idx_93
fist,trainingSamples,raw_data/EMG-EPN612/testingJSON/user74/user74.json,idx_94
fist,trainingSamples,raw_data/EMG-EPN612/testingJSON/user74/user74.json,idx_95
fist,trainingSamples,raw_data/EMG-EPN612/testingJSON/user74/user74.json,idx_96
fist,trainingSamples,raw_data/EMG-EPN612/testingJSON/user74/user74.json,idx_97
fist,trainingSamples,raw_data/EMG-EPN612/testingJSON/user74/user74.json,idx_98
fist,trainingSamples,raw_data/EMG-EPN612/testingJSON/user74/user74.json,idx_99
fist,trainingSamples,raw_data/EMG-EPN612/testingJSON/user74/user74.json,idx_100
waveIn,trainingSamples,raw_data/EMG-EPN612/testingJSON/user74/user74.json,idx_101
waveIn,trainingSamples,raw_data/EMG-EPN612/testingJSON/user74/user74.json,idx_102
waveIn,trainingSamples,raw_data/EMG-EPN612/testingJSON/user74/user74.json,idx_103
waveIn,trainingSamples,raw_data/EMG-EPN612/testingJSON/user74/user74.json,idx_104
waveIn,trainingSamples,raw_data/EMG-EPN612/testingJSON/user74/user74.json,idx_105
waveIn,trainingSamples,raw_data/EMG-EPN612/testingJSON/user74/user74.json,idx_106
waveIn,trainingSamples,raw_data/EMG-EPN612/testingJSON/user74/user74.json,idx_107
waveIn,trainingSamples,raw_data/EMG-EPN612/testingJSON/user74/user74.json,idx_108
waveIn,trainingSamples,raw_data/EMG-EPN612/testingJSON/user74/user74.json,idx_109
waveIn,trainingSamples,raw_data/EMG-EPN612/testingJSON/user74/user74.json,idx_110
waveIn,trainingSamples,raw_data/EMG-EPN612/testingJSON/user74/user74.json,idx_111
waveIn,trainingSamples,raw_data/EMG-EPN612/testingJSON/user74/user74.json,idx_112
waveIn,trainingSamples,raw_data/EMG-EPN612/testingJSON/user74/user74.json,idx_113
waveIn,trainingSamples,raw_data/EMG-EPN612/testingJSON/user74/user74.json,idx_114
waveIn,trainingSamples,raw_data/EMG-EPN612/testingJSON/user74/user74.json,idx_115
waveIn,trainingSamples,raw_data/EMG-EPN612/testingJSON/user74/user74.json,idx_116
waveIn,trainingSamples,raw_data/EMG-EPN612/testingJSON/user74/user74.json,idx_117
waveIn,trainingSamples,raw_data/EMG-EPN612/testingJSON/user74/user74.json,idx_118
waveIn,trainingSamples,raw_data/EMG-EPN612/testingJSON/user74/user74.json,idx_119
waveIn,trainingSamples,raw_data/EMG-EPN612/testingJSON/user74/user74.json,idx_120
waveIn,trainingSamples,raw_data/EMG-EPN612/testingJSON/user74/user74.json,idx_121
waveIn,trainingSamples,raw_data/EMG-EPN612/testingJSON/user74/user74.json,idx_122
waveIn,trainingSamples,raw_data/EMG-EPN612/testingJSON/user74/user74.json,idx_123
waveIn,trainingSamples,raw_data/EMG-EPN612/testingJSON/user74/user74.json,idx_124
waveIn,trainingSamples,raw_data/EMG-EPN612/testingJSON/user74/user74.json,idx_125
open,trainingSamples,raw_data/EMG-EPN612/testingJSON/user74/user74.json,idx_126
open,trainingSamples,raw_data/EMG-EPN612/testingJSON/user74/user74.json,idx_127
open,trainingSamples,raw_data/EMG-EPN612/testingJSON/user74/user74.json,idx_128
open,trainingSamples,raw_data/EMG-EPN612/testingJSON/user74/user74.json,idx_129
open,trainingSamples,raw_data/EMG-EPN612/testingJSON/user74/user74.json,idx_130
open,trainingSamples,raw_data/EMG-EPN612/testingJSON/user74/user74.json,idx_131
open,trainingSamples,raw_data/EMG-EPN612/testingJSON/user74/user74.json,idx_132
open,trainingSamples,raw_data/EMG-EPN612/testingJSON/user74/user74.json,idx_133
open,trainingSamples,raw_data/EMG-EPN612/testingJSON/user74/user74.json,idx_134
open,trainingSamples,raw_data/EMG-EPN612/testingJSON/user74/user74.json,idx_135
open,trainingSamples,raw_data/EMG-EPN612/testingJSON/user74/user74.json,idx_136
open,trainingSamples,raw_data/EMG-EPN612/testingJSON/user74/user74.json,idx_137
open,trainingSamples,raw_data/EMG-EPN612/testingJSON/user74/user74.json,idx_138
open,trainingSamples,raw_data/EMG-EPN612/testingJSON/user74/user74.json,idx_139
open,trainingSamples,raw_data/EMG-EPN612/testingJSON/user74/user74.json,idx_140
open,trainingSamples,raw_data/EMG-EPN612/testingJSON/user74/user74.json,idx_141
open,trainingSamples,raw_data/EMG-EPN612/testingJSON/user74/user74.json,idx_142
open,trainingSamples,raw_data/EMG-EPN612/testingJSON/user74/user74.json,idx_143
open,trainingSamples,raw_data/EMG-EPN612/testingJSON/user74/user74.json,idx_144
open,trainingSamples,raw_data/EMG-EPN612/testingJSON/user74/user74.json,idx_145
open,trainingSamples,raw_data/EMG-EPN612/testingJSON/user74/user74.json,idx_146
open,trainingSamples,raw_data/EMG-EPN612/testingJSON/user74/user74.json,idx_147
open,trainingSamples,raw_data/EMG-EPN612/testingJSON/user74/user74.json,idx_148
open,trainingSamples,raw_data/EMG-EPN612/testingJSON/user74/user74.json,idx_149
open,trainingSamples,raw_data/EMG-EPN612/testingJSON/user74/user74.json,idx_150
noGesture,trainingSamples,raw_data/EMG-EPN612/testingJSON/user75/user75.json,idx_1
noGesture,trainingSamples,raw_data/EMG-EPN612/testingJSON/user75/user75.json,idx_2
noGesture,trainingSamples,raw_data/EMG-EPN612/testingJSON/user75/user75.json,idx_3
noGesture,trainingSamples,raw_data/EMG-EPN612/testingJSON/user75/user75.json,idx_4
noGesture,trainingSamples,raw_data/EMG-EPN612/testingJSON/user75/user75.json,idx_5
noGesture,trainingSamples,raw_data/EMG-EPN612/testingJSON/user75/user75.json,idx_6
noGesture,trainingSamples,raw_data/EMG-EPN612/testingJSON/user75/user75.json,idx_7
noGesture,trainingSamples,raw_data/EMG-EPN612/testingJSON/user75/user75.json,idx_8
noGesture,trainingSamples,raw_data/EMG-EPN612/testingJSON/user75/user75.json,idx_9
noGesture,trainingSamples,raw_data/EMG-EPN612/testingJSON/user75/user75.json,idx_10
noGesture,trainingSamples,raw_data/EMG-EPN612/testingJSON/user75/user75.json,idx_11
noGesture,trainingSamples,raw_data/EMG-EPN612/testingJSON/user75/user75.json,idx_12
noGesture,trainingSamples,raw_data/EMG-EPN612/testingJSON/user75/user75.json,idx_13
noGesture,trainingSamples,raw_data/EMG-EPN612/testingJSON/user75/user75.json,idx_14
noGesture,trainingSamples,raw_data/EMG-EPN612/testingJSON/user75/user75.json,idx_15
noGesture,trainingSamples,raw_data/EMG-EPN612/testingJSON/user75/user75.json,idx_16
noGesture,trainingSamples,raw_data/EMG-EPN612/testingJSON/user75/user75.json,idx_17
noGesture,trainingSamples,raw_data/EMG-EPN612/testingJSON/user75/user75.json,idx_18
noGesture,trainingSamples,raw_data/EMG-EPN612/testingJSON/user75/user75.json,idx_19
noGesture,trainingSamples,raw_data/EMG-EPN612/testingJSON/user75/user75.json,idx_20
noGesture,trainingSamples,raw_data/EMG-EPN612/testingJSON/user75/user75.json,idx_21
noGesture,trainingSamples,raw_data/EMG-EPN612/testingJSON/user75/user75.json,idx_22
noGesture,trainingSamples,raw_data/EMG-EPN612/testingJSON/user75/user75.json,idx_23
noGesture,trainingSamples,raw_data/EMG-EPN612/testingJSON/user75/user75.json,idx_24
noGesture,trainingSamples,raw_data/EMG-EPN612/testingJSON/user75/user75.json,idx_25
fist,trainingSamples,raw_data/EMG-EPN612/testingJSON/user75/user75.json,idx_26
fist,trainingSamples,raw_data/EMG-EPN612/testingJSON/user75/user75.json,idx_27
fist,trainingSamples,raw_data/EMG-EPN612/testingJSON/user75/user75.json,idx_28
fist,trainingSamples,raw_data/EMG-EPN612/testingJSON/user75/user75.json,idx_29
fist,trainingSamples,raw_data/EMG-EPN612/testingJSON/user75/user75.json,idx_30
fist,trainingSamples,raw_data/EMG-EPN612/testingJSON/user75/user75.json,idx_31
fist,trainingSamples,raw_data/EMG-EPN612/testingJSON/user75/user75.json,idx_32
fist,trainingSamples,raw_data/EMG-EPN612/testingJSON/user75/user75.json,idx_33
fist,trainingSamples,raw_data/EMG-EPN612/testingJSON/user75/user75.json,idx_34
fist,trainingSamples,raw_data/EMG-EPN612/testingJSON/user75/user75.json,idx_35
fist,trainingSamples,raw_data/EMG-EPN612/testingJSON/user75/user75.json,idx_36
fist,trainingSamples,raw_data/EMG-EPN612/testingJSON/user75/user75.json,idx_37
fist,trainingSamples,raw_data/EMG-EPN612/testingJSON/user75/user75.json,idx_38
fist,trainingSamples,raw_data/EMG-EPN612/testingJSON/user75/user75.json,idx_39
fist,trainingSamples,raw_data/EMG-EPN612/testingJSON/user75/user75.json,idx_40
fist,trainingSamples,raw_data/EMG-EPN612/testingJSON/user75/user75.json,idx_41
fist,trainingSamples,raw_data/EMG-EPN612/testingJSON/user75/user75.json,idx_42
fist,trainingSamples,raw_data/EMG-EPN612/testingJSON/user75/user75.json,idx_43
fist,trainingSamples,raw_data/EMG-EPN612/testingJSON/user75/user75.json,idx_44
fist,trainingSamples,raw_data/EMG-EPN612/testingJSON/user75/user75.json,idx_45
fist,trainingSamples,raw_data/EMG-EPN612/testingJSON/user75/user75.json,idx_46
fist,trainingSamples,raw_data/EMG-EPN612/testingJSON/user75/user75.json,idx_47
fist,trainingSamples,raw_data/EMG-EPN612/testingJSON/user75/user75.json,idx_48
fist,trainingSamples,raw_data/EMG-EPN612/testingJSON/user75/user75.json,idx_49
fist,trainingSamples,raw_data/EMG-EPN612/testingJSON/user75/user75.json,idx_50
open,trainingSamples,raw_data/EMG-EPN612/testingJSON/user75/user75.json,idx_51
open,trainingSamples,raw_data/EMG-EPN612/testingJSON/user75/user75.json,idx_52
open,trainingSamples,raw_data/EMG-EPN612/testingJSON/user75/user75.json,idx_53
open,trainingSamples,raw_data/EMG-EPN612/testingJSON/user75/user75.json,idx_54
open,trainingSamples,raw_data/EMG-EPN612/testingJSON/user75/user75.json,idx_55
open,trainingSamples,raw_data/EMG-EPN612/testingJSON/user75/user75.json,idx_56
open,trainingSamples,raw_data/EMG-EPN612/testingJSON/user75/user75.json,idx_57
open,trainingSamples,raw_data/EMG-EPN612/testingJSON/user75/user75.json,idx_58
open,trainingSamples,raw_data/EMG-EPN612/testingJSON/user75/user75.json,idx_59
open,trainingSamples,raw_data/EMG-EPN612/testingJSON/user75/user75.json,idx_60
open,trainingSamples,raw_data/EMG-EPN612/testingJSON/user75/user75.json,idx_61
open,trainingSamples,raw_data/EMG-EPN612/testingJSON/user75/user75.json,idx_62
open,trainingSamples,raw_data/EMG-EPN612/testingJSON/user75/user75.json,idx_63
open,trainingSamples,raw_data/EMG-EPN612/testingJSON/user75/user75.json,idx_64
open,trainingSamples,raw_data/EMG-EPN612/testingJSON/user75/user75.json,idx_65
open,trainingSamples,raw_data/EMG-EPN612/testingJSON/user75/user75.json,idx_66
open,trainingSamples,raw_data/EMG-EPN612/testingJSON/user75/user75.json,idx_67
open,trainingSamples,raw_data/EMG-EPN612/testingJSON/user75/user75.json,idx_68
open,trainingSamples,raw_data/EMG-EPN612/testingJSON/user75/user75.json,idx_69
open,trainingSamples,raw_data/EMG-EPN612/testingJSON/user75/user75.json,idx_70
open,trainingSamples,raw_data/EMG-EPN612/testingJSON/user75/user75.json,idx_71
open,trainingSamples,raw_data/EMG-EPN612/testingJSON/user75/user75.json,idx_72
open,trainingSamples,raw_data/EMG-EPN612/testingJSON/user75/user75.json,idx_73
open,trainingSamples,raw_data/EMG-EPN612/testingJSON/user75/user75.json,idx_74
open,trainingSamples,raw_data/EMG-EPN612/testingJSON/user75/user75.json,idx_75
pinch,trainingSamples,raw_data/EMG-EPN612/testingJSON/user75/user75.json,idx_76
pinch,trainingSamples,raw_data/EMG-EPN612/testingJSON/user75/user75.json,idx_77
pinch,trainingSamples,raw_data/EMG-EPN612/testingJSON/user75/user75.json,idx_78
pinch,trainingSamples,raw_data/EMG-EPN612/testingJSON/user75/user75.json,idx_79
pinch,trainingSamples,raw_data/EMG-EPN612/testingJSON/user75/user75.json,idx_80
pinch,trainingSamples,raw_data/EMG-EPN612/testingJSON/user75/user75.json,idx_81
pinch,trainingSamples,raw_data/EMG-EPN612/testingJSON/user75/user75.json,idx_82
pinch,trainingSamples,raw_data/EMG-EPN612/testingJSON/user75/user75.json,idx_83
pinch,trainingSamples,raw_data/EMG-EPN612/testingJSON/user75/user75.json,idx_84
pinch,trainingSamples,raw_data/EMG-EPN612/testingJSON/user75/user75.json,idx_85
pinch,trainingSamples,raw_data/EMG-EPN612/testingJSON/user75/user75.json,idx_86
pinch,trainingSamples,raw_data/EMG-EPN612/testingJSON/user75/user75.json,idx_87
pinch,trainingSamples,raw_data/EMG-EPN612/testingJSON/user75/user75.json,idx_88
pinch,trainingSamples,raw_data/EMG-EPN612/testingJSON/user75/user75.json,idx_89
pinch,trainingSamples,raw_data/EMG-EPN612/testingJSON/user75/user75.json,idx_90
pinch,trainingSamples,raw_data/EMG-EPN612/testingJSON/user75/user75.json,idx_91
pinch,trainingSamples,raw_data/EMG-EPN612/testingJSON/user75/user75.json,idx_92
pinch,trainingSamples,raw_data/EMG-EPN612/testingJSON/user75/user75.json,idx_93
pinch,trainingSamples,raw_data/EMG-EPN612/testingJSON/user75/user75.json,idx_94
pinch,trainingSamples,raw_data/EMG-EPN612/testingJSON/user75/user75.json,idx_95
pinch,trainingSamples,raw_data/EMG-EPN612/testingJSON/user75/user75.json,idx_96
pinch,trainingSamples,raw_data/EMG-EPN612/testingJSON/user75/user75.json,idx_97
pinch,trainingSamples,raw_data/EMG-EPN612/testingJSON/user75/user75.json,idx_98
pinch,trainingSamples,raw_data/EMG-EPN612/testingJSON/user75/user75.json,idx_99
pinch,trainingSamples,raw_data/EMG-EPN612/testingJSON/user75/user75.json,idx_100
waveOut,trainingSamples,raw_data/EMG-EPN612/testingJSON/user75/user75.json,idx_101
waveOut,trainingSamples,raw_data/EMG-EPN612/testingJSON/user75/user75.json,idx_102
waveOut,trainingSamples,raw_data/EMG-EPN612/testingJSON/user75/user75.json,idx_103
waveOut,trainingSamples,raw_data/EMG-EPN612/testingJSON/user75/user75.json,idx_104
waveOut,trainingSamples,raw_data/EMG-EPN612/testingJSON/user75/user75.json,idx_105
waveOut,trainingSamples,raw_data/EMG-EPN612/testingJSON/user75/user75.json,idx_106
waveOut,trainingSamples,raw_data/EMG-EPN612/testingJSON/user75/user75.json,idx_107
waveOut,trainingSamples,raw_data/EMG-EPN612/testingJSON/user75/user75.json,idx_108
waveOut,trainingSamples,raw_data/EMG-EPN612/testingJSON/user75/user75.json,idx_109
waveOut,trainingSamples,raw_data/EMG-EPN612/testingJSON/user75/user75.json,idx_110
waveOut,trainingSamples,raw_data/EMG-EPN612/testingJSON/user75/user75.json,idx_111
waveOut,trainingSamples,raw_data/EMG-EPN612/testingJSON/user75/user75.json,idx_112
waveOut,trainingSamples,raw_data/EMG-EPN612/testingJSON/user75/user75.json,idx_113
waveOut,trainingSamples,raw_data/EMG-EPN612/testingJSON/user75/user75.json,idx_114
waveOut,trainingSamples,raw_data/EMG-EPN612/testingJSON/user75/user75.json,idx_115
waveOut,trainingSamples,raw_data/EMG-EPN612/testingJSON/user75/user75.json,idx_116
waveOut,trainingSamples,raw_data/EMG-EPN612/testingJSON/user75/user75.json,idx_117
waveOut,trainingSamples,raw_data/EMG-EPN612/testingJSON/user75/user75.json,idx_118
waveOut,trainingSamples,raw_data/EMG-EPN612/testingJSON/user75/user75.json,idx_119
waveOut,trainingSamples,raw_data/EMG-EPN612/testingJSON/user75/user75.json,idx_120
waveOut,trainingSamples,raw_data/EMG-EPN612/testingJSON/user75/user75.json,idx_121
waveOut,trainingSamples,raw_data/EMG-EPN612/testingJSON/user75/user75.json,idx_122
waveOut,trainingSamples,raw_data/EMG-EPN612/testingJSON/user75/user75.json,idx_123
waveOut,trainingSamples,raw_data/EMG-EPN612/testingJSON/user75/user75.json,idx_124
waveOut,trainingSamples,raw_data/EMG-EPN612/testingJSON/user75/user75.json,idx_125
waveIn,trainingSamples,raw_data/EMG-EPN612/testingJSON/user75/user75.json,idx_126
waveIn,trainingSamples,raw_data/EMG-EPN612/testingJSON/user75/user75.json,idx_127
waveIn,trainingSamples,raw_data/EMG-EPN612/testingJSON/user75/user75.json,idx_128
waveIn,trainingSamples,raw_data/EMG-EPN612/testingJSON/user75/user75.json,idx_129
waveIn,trainingSamples,raw_data/EMG-EPN612/testingJSON/user75/user75.json,idx_130
waveIn,trainingSamples,raw_data/EMG-EPN612/testingJSON/user75/user75.json,idx_131
waveIn,trainingSamples,raw_data/EMG-EPN612/testingJSON/user75/user75.json,idx_132
waveIn,trainingSamples,raw_data/EMG-EPN612/testingJSON/user75/user75.json,idx_133
waveIn,trainingSamples,raw_data/EMG-EPN612/testingJSON/user75/user75.json,idx_134
waveIn,trainingSamples,raw_data/EMG-EPN612/testingJSON/user75/user75.json,idx_135
waveIn,trainingSamples,raw_data/EMG-EPN612/testingJSON/user75/user75.json,idx_136
waveIn,trainingSamples,raw_data/EMG-EPN612/testingJSON/user75/user75.json,idx_137
waveIn,trainingSamples,raw_data/EMG-EPN612/testingJSON/user75/user75.json,idx_138
waveIn,trainingSamples,raw_data/EMG-EPN612/testingJSON/user75/user75.json,idx_139
waveIn,trainingSamples,raw_data/EMG-EPN612/testingJSON/user75/user75.json,idx_140
waveIn,trainingSamples,raw_data/EMG-EPN612/testingJSON/user75/user75.json,idx_141
waveIn,trainingSamples,raw_data/EMG-EPN612/testingJSON/user75/user75.json,idx_142
waveIn,trainingSamples,raw_data/EMG-EPN612/testingJSON/user75/user75.json,idx_143
waveIn,trainingSamples,raw_data/EMG-EPN612/testingJSON/user75/user75.json,idx_144
waveIn,trainingSamples,raw_data/EMG-EPN612/testingJSON/user75/user75.json,idx_145
waveIn,trainingSamples,raw_data/EMG-EPN612/testingJSON/user75/user75.json,idx_146
waveIn,trainingSamples,raw_data/EMG-EPN612/testingJSON/user75/user75.json,idx_147
waveIn,trainingSamples,raw_data/EMG-EPN612/testingJSON/user75/user75.json,idx_148
waveIn,trainingSamples,raw_data/EMG-EPN612/testingJSON/user75/user75.json,idx_149
waveIn,trainingSamples,raw_data/EMG-EPN612/testingJSON/user75/user75.json,idx_150
noGesture,trainingSamples,raw_data/EMG-EPN612/testingJSON/user76/user76.json,idx_1
noGesture,trainingSamples,raw_data/EMG-EPN612/testingJSON/user76/user76.json,idx_2
noGesture,trainingSamples,raw_data/EMG-EPN612/testingJSON/user76/user76.json,idx_3
noGesture,trainingSamples,raw_data/EMG-EPN612/testingJSON/user76/user76.json,idx_4
noGesture,trainingSamples,raw_data/EMG-EPN612/testingJSON/user76/user76.json,idx_5
noGesture,trainingSamples,raw_data/EMG-EPN612/testingJSON/user76/user76.json,idx_6
noGesture,trainingSamples,raw_data/EMG-EPN612/testingJSON/user76/user76.json,idx_7
noGesture,trainingSamples,raw_data/EMG-EPN612/testingJSON/user76/user76.json,idx_8
noGesture,trainingSamples,raw_data/EMG-EPN612/testingJSON/user76/user76.json,idx_9
noGesture,trainingSamples,raw_data/EMG-EPN612/testingJSON/user76/user76.json,idx_10
noGesture,trainingSamples,raw_data/EMG-EPN612/testingJSON/user76/user76.json,idx_11
noGesture,trainingSamples,raw_data/EMG-EPN612/testingJSON/user76/user76.json,idx_12
noGesture,trainingSamples,raw_data/EMG-EPN612/testingJSON/user76/user76.json,idx_13
noGesture,trainingSamples,raw_data/EMG-EPN612/testingJSON/user76/user76.json,idx_14
noGesture,trainingSamples,raw_data/EMG-EPN612/testingJSON/user76/user76.json,idx_15
noGesture,trainingSamples,raw_data/EMG-EPN612/testingJSON/user76/user76.json,idx_16
noGesture,trainingSamples,raw_data/EMG-EPN612/testingJSON/user76/user76.json,idx_17
noGesture,trainingSamples,raw_data/EMG-EPN612/testingJSON/user76/user76.json,idx_18
noGesture,trainingSamples,raw_data/EMG-EPN612/testingJSON/user76/user76.json,idx_19
noGesture,trainingSamples,raw_data/EMG-EPN612/testingJSON/user76/user76.json,idx_20
noGesture,trainingSamples,raw_data/EMG-EPN612/testingJSON/user76/user76.json,idx_21
noGesture,trainingSamples,raw_data/EMG-EPN612/testingJSON/user76/user76.json,idx_22
noGesture,trainingSamples,raw_data/EMG-EPN612/testingJSON/user76/user76.json,idx_23
noGesture,trainingSamples,raw_data/EMG-EPN612/testingJSON/user76/user76.json,idx_24
noGesture,trainingSamples,raw_data/EMG-EPN612/testingJSON/user76/user76.json,idx_25
fist,trainingSamples,raw_data/EMG-EPN612/testingJSON/user76/user76.json,idx_26
fist,trainingSamples,raw_data/EMG-EPN612/testingJSON/user76/user76.json,idx_27
fist,trainingSamples,raw_data/EMG-EPN612/testingJSON/user76/user76.json,idx_28
fist,trainingSamples,raw_data/EMG-EPN612/testingJSON/user76/user76.json,idx_29
fist,trainingSamples,raw_data/EMG-EPN612/testingJSON/user76/user76.json,idx_30
fist,trainingSamples,raw_data/EMG-EPN612/testingJSON/user76/user76.json,idx_31
fist,trainingSamples,raw_data/EMG-EPN612/testingJSON/user76/user76.json,idx_32
fist,trainingSamples,raw_data/EMG-EPN612/testingJSON/user76/user76.json,idx_33
fist,trainingSamples,raw_data/EMG-EPN612/testingJSON/user76/user76.json,idx_34
fist,trainingSamples,raw_data/EMG-EPN612/testingJSON/user76/user76.json,idx_35
fist,trainingSamples,raw_data/EMG-EPN612/testingJSON/user76/user76.json,idx_36
fist,trainingSamples,raw_data/EMG-EPN612/testingJSON/user76/user76.json,idx_37
fist,trainingSamples,raw_data/EMG-EPN612/testingJSON/user76/user76.json,idx_38
fist,trainingSamples,raw_data/EMG-EPN612/testingJSON/user76/user76.json,idx_39
fist,trainingSamples,raw_data/EMG-EPN612/testingJSON/user76/user76.json,idx_40
fist,trainingSamples,raw_data/EMG-EPN612/testingJSON/user76/user76.json,idx_41
fist,trainingSamples,raw_data/EMG-EPN612/testingJSON/user76/user76.json,idx_42
fist,trainingSamples,raw_data/EMG-EPN612/testingJSON/user76/user76.json,idx_43
fist,trainingSamples,raw_data/EMG-EPN612/testingJSON/user76/user76.json,idx_44
fist,trainingSamples,raw_data/EMG-EPN612/testingJSON/user76/user76.json,idx_45
fist,trainingSamples,raw_data/EMG-EPN612/testingJSON/user76/user76.json,idx_46
fist,trainingSamples,raw_data/EMG-EPN612/testingJSON/user76/user76.json,idx_47
fist,trainingSamples,raw_data/EMG-EPN612/testingJSON/user76/user76.json,idx_48
fist,trainingSamples,raw_data/EMG-EPN612/testingJSON/user76/user76.json,idx_49
fist,trainingSamples,raw_data/EMG-EPN612/testingJSON/user76/user76.json,idx_50
waveOut,trainingSamples,raw_data/EMG-EPN612/testingJSON/user76/user76.json,idx_51
waveOut,trainingSamples,raw_data/EMG-EPN612/testingJSON/user76/user76.json,idx_52
waveOut,trainingSamples,raw_data/EMG-EPN612/testingJSON/user76/user76.json,idx_53
waveOut,trainingSamples,raw_data/EMG-EPN612/testingJSON/user76/user76.json,idx_54
waveOut,trainingSamples,raw_data/EMG-EPN612/testingJSON/user76/user76.json,idx_55
waveOut,trainingSamples,raw_data/EMG-EPN612/testingJSON/user76/user76.json,idx_56
waveOut,trainingSamples,raw_data/EMG-EPN612/testingJSON/user76/user76.json,idx_57
waveOut,trainingSamples,raw_data/EMG-EPN612/testingJSON/user76/user76.json,idx_58
waveOut,trainingSamples,raw_data/EMG-EPN612/testingJSON/user76/user76.json,idx_59
waveOut,trainingSamples,raw_data/EMG-EPN612/testingJSON/user76/user76.json,idx_60
waveOut,trainingSamples,raw_data/EMG-EPN612/testingJSON/user76/user76.json,idx_61
waveOut,trainingSamples,raw_data/EMG-EPN612/testingJSON/user76/user76.json,idx_62
waveOut,trainingSamples,raw_data/EMG-EPN612/testingJSON/user76/user76.json,idx_63
waveOut,trainingSamples,raw_data/EMG-EPN612/testingJSON/user76/user76.json,idx_64
waveOut,trainingSamples,raw_data/EMG-EPN612/testingJSON/user76/user76.json,idx_65
waveOut,trainingSamples,raw_data/EMG-EPN612/testingJSON/user76/user76.json,idx_66
waveOut,trainingSamples,raw_data/EMG-EPN612/testingJSON/user76/user76.json,idx_67
waveOut,trainingSamples,raw_data/EMG-EPN612/testingJSON/user76/user76.json,idx_68
waveOut,trainingSamples,raw_data/EMG-EPN612/testingJSON/user76/user76.json,idx_69
waveOut,trainingSamples,raw_data/EMG-EPN612/testingJSON/user76/user76.json,idx_70
waveOut,trainingSamples,raw_data/EMG-EPN612/testingJSON/user76/user76.json,idx_71
waveOut,trainingSamples,raw_data/EMG-EPN612/testingJSON/user76/user76.json,idx_72
waveOut,trainingSamples,raw_data/EMG-EPN612/testingJSON/user76/user76.json,idx_73
waveOut,trainingSamples,raw_data/EMG-EPN612/testingJSON/user76/user76.json,idx_74
waveOut,trainingSamples,raw_data/EMG-EPN612/testingJSON/user76/user76.json,idx_75
waveIn,trainingSamples,raw_data/EMG-EPN612/testingJSON/user76/user76.json,idx_76
waveIn,trainingSamples,raw_data/EMG-EPN612/testingJSON/user76/user76.json,idx_77
waveIn,trainingSamples,raw_data/EMG-EPN612/testingJSON/user76/user76.json,idx_78
waveIn,trainingSamples,raw_data/EMG-EPN612/testingJSON/user76/user76.json,idx_79
waveIn,trainingSamples,raw_data/EMG-EPN612/testingJSON/user76/user76.json,idx_80
waveIn,trainingSamples,raw_data/EMG-EPN612/testingJSON/user76/user76.json,idx_81
waveIn,trainingSamples,raw_data/EMG-EPN612/testingJSON/user76/user76.json,idx_82
waveIn,trainingSamples,raw_data/EMG-EPN612/testingJSON/user76/user76.json,idx_83
waveIn,trainingSamples,raw_data/EMG-EPN612/testingJSON/user76/user76.json,idx_84
waveIn,trainingSamples,raw_data/EMG-EPN612/testingJSON/user76/user76.json,idx_85
waveIn,trainingSamples,raw_data/EMG-EPN612/testingJSON/user76/user76.json,idx_86
waveIn,trainingSamples,raw_data/EMG-EPN612/testingJSON/user76/user76.json,idx_87
waveIn,trainingSamples,raw_data/EMG-EPN612/testingJSON/user76/user76.json,idx_88
waveIn,trainingSamples,raw_data/EMG-EPN612/testingJSON/user76/user76.json,idx_89
waveIn,trainingSamples,raw_data/EMG-EPN612/testingJSON/user76/user76.json,idx_90
waveIn,trainingSamples,raw_data/EMG-EPN612/testingJSON/user76/user76.json,idx_91
waveIn,trainingSamples,raw_data/EMG-EPN612/testingJSON/user76/user76.json,idx_92
waveIn,trainingSamples,raw_data/EMG-EPN612/testingJSON/user76/user76.json,idx_93
waveIn,trainingSamples,raw_data/EMG-EPN612/testingJSON/user76/user76.json,idx_94
waveIn,trainingSamples,raw_data/EMG-EPN612/testingJSON/user76/user76.json,idx_95
waveIn,trainingSamples,raw_data/EMG-EPN612/testingJSON/user76/user76.json,idx_96
waveIn,trainingSamples,raw_data/EMG-EPN612/testingJSON/user76/user76.json,idx_97
waveIn,trainingSamples,raw_data/EMG-EPN612/testingJSON/user76/user76.json,idx_98
waveIn,trainingSamples,raw_data/EMG-EPN612/testingJSON/user76/user76.json,idx_99
waveIn,trainingSamples,raw_data/EMG-EPN612/testingJSON/user76/user76.json,idx_100
open,trainingSamples,raw_data/EMG-EPN612/testingJSON/user76/user76.json,idx_101
open,trainingSamples,raw_data/EMG-EPN612/testingJSON/user76/user76.json,idx_102
open,trainingSamples,raw_data/EMG-EPN612/testingJSON/user76/user76.json,idx_103
open,trainingSamples,raw_data/EMG-EPN612/testingJSON/user76/user76.json,idx_104
open,trainingSamples,raw_data/EMG-EPN612/testingJSON/user76/user76.json,idx_105
open,trainingSamples,raw_data/EMG-EPN612/testingJSON/user76/user76.json,idx_106
open,trainingSamples,raw_data/EMG-EPN612/testingJSON/user76/user76.json,idx_107
open,trainingSamples,raw_data/EMG-EPN612/testingJSON/user76/user76.json,idx_108
open,trainingSamples,raw_data/EMG-EPN612/testingJSON/user76/user76.json,idx_109
open,trainingSamples,raw_data/EMG-EPN612/testingJSON/user76/user76.json,idx_110
open,trainingSamples,raw_data/EMG-EPN612/testingJSON/user76/user76.json,idx_111
open,trainingSamples,raw_data/EMG-EPN612/testingJSON/user76/user76.json,idx_112
open,trainingSamples,raw_data/EMG-EPN612/testingJSON/user76/user76.json,idx_113
open,trainingSamples,raw_data/EMG-EPN612/testingJSON/user76/user76.json,idx_114
open,trainingSamples,raw_data/EMG-EPN612/testingJSON/user76/user76.json,idx_115
open,trainingSamples,raw_data/EMG-EPN612/testingJSON/user76/user76.json,idx_116
open,trainingSamples,raw_data/EMG-EPN612/testingJSON/user76/user76.json,idx_117
open,trainingSamples,raw_data/EMG-EPN612/testingJSON/user76/user76.json,idx_118
open,trainingSamples,raw_data/EMG-EPN612/testingJSON/user76/user76.json,idx_119
open,trainingSamples,raw_data/EMG-EPN612/testingJSON/user76/user76.json,idx_120
open,trainingSamples,raw_data/EMG-EPN612/testingJSON/user76/user76.json,idx_121
open,trainingSamples,raw_data/EMG-EPN612/testingJSON/user76/user76.json,idx_122
open,trainingSamples,raw_data/EMG-EPN612/testingJSON/user76/user76.json,idx_123
open,trainingSamples,raw_data/EMG-EPN612/testingJSON/user76/user76.json,idx_124
open,trainingSamples,raw_data/EMG-EPN612/testingJSON/user76/user76.json,idx_125
pinch,trainingSamples,raw_data/EMG-EPN612/testingJSON/user76/user76.json,idx_126
pinch,trainingSamples,raw_data/EMG-EPN612/testingJSON/user76/user76.json,idx_127
pinch,trainingSamples,raw_data/EMG-EPN612/testingJSON/user76/user76.json,idx_128
pinch,trainingSamples,raw_data/EMG-EPN612/testingJSON/user76/user76.json,idx_129
pinch,trainingSamples,raw_data/EMG-EPN612/testingJSON/user76/user76.json,idx_130
pinch,trainingSamples,raw_data/EMG-EPN612/testingJSON/user76/user76.json,idx_131
pinch,trainingSamples,raw_data/EMG-EPN612/testingJSON/user76/user76.json,idx_132
pinch,trainingSamples,raw_data/EMG-EPN612/testingJSON/user76/user76.json,idx_133
pinch,trainingSamples,raw_data/EMG-EPN612/testingJSON/user76/user76.json,idx_134
pinch,trainingSamples,raw_data/EMG-EPN612/testingJSON/user76/user76.json,idx_135
pinch,trainingSamples,raw_data/EMG-EPN612/testingJSON/user76/user76.json,idx_136
pinch,trainingSamples,raw_data/EMG-EPN612/testingJSON/user76/user76.json,idx_137
pinch,trainingSamples,raw_data/EMG-EPN612/testingJSON/user76/user76.json,idx_138
pinch,trainingSamples,raw_data/EMG-EPN612/testingJSON/user76/user76.json,idx_139
pinch,trainingSamples,raw_data/EMG-EPN612/testingJSON/user76/user76.json,idx_140
pinch,trainingSamples,raw_data/EMG-EPN612/testingJSON/user76/user76.json,idx_141
pinch,trainingSamples,raw_data/EMG-EPN612/testingJSON/user76/user76.json,idx_142
pinch,trainingSamples,raw_data/EMG-EPN612/testingJSON/user76/user76.json,idx_143
pinch,trainingSamples,raw_data/EMG-EPN612/testingJSON/user76/user76.json,idx_144
pinch,trainingSamples,raw_data/EMG-EPN612/testingJSON/user76/user76.json,idx_145
pinch,trainingSamples,raw_data/EMG-EPN612/testingJSON/user76/user76.json,idx_146
pinch,trainingSamples,raw_data/EMG-EPN612/testingJSON/user76/user76.json,idx_147
pinch,trainingSamples,raw_data/EMG-EPN612/testingJSON/user76/user76.json,idx_148
pinch,trainingSamples,raw_data/EMG-EPN612/testingJSON/user76/user76.json,idx_149
pinch,trainingSamples,raw_data/EMG-EPN612/testingJSON/user76/user76.json,idx_150
noGesture,trainingSamples,raw_data/EMG-EPN612/testingJSON/user77/user77.json,idx_1
noGesture,trainingSamples,raw_data/EMG-EPN612/testingJSON/user77/user77.json,idx_2
noGesture,trainingSamples,raw_data/EMG-EPN612/testingJSON/user77/user77.json,idx_3
noGesture,trainingSamples,raw_data/EMG-EPN612/testingJSON/user77/user77.json,idx_4
noGesture,trainingSamples,raw_data/EMG-EPN612/testingJSON/user77/user77.json,idx_5
noGesture,trainingSamples,raw_data/EMG-EPN612/testingJSON/user77/user77.json,idx_6
noGesture,trainingSamples,raw_data/EMG-EPN612/testingJSON/user77/user77.json,idx_7
noGesture,trainingSamples,raw_data/EMG-EPN612/testingJSON/user77/user77.json,idx_8
noGesture,trainingSamples,raw_data/EMG-EPN612/testingJSON/user77/user77.json,idx_9
noGesture,trainingSamples,raw_data/EMG-EPN612/testingJSON/user77/user77.json,idx_10
noGesture,trainingSamples,raw_data/EMG-EPN612/testingJSON/user77/user77.json,idx_11
noGesture,trainingSamples,raw_data/EMG-EPN612/testingJSON/user77/user77.json,idx_12
noGesture,trainingSamples,raw_data/EMG-EPN612/testingJSON/user77/user77.json,idx_13
noGesture,trainingSamples,raw_data/EMG-EPN612/testingJSON/user77/user77.json,idx_14
noGesture,trainingSamples,raw_data/EMG-EPN612/testingJSON/user77/user77.json,idx_15
noGesture,trainingSamples,raw_data/EMG-EPN612/testingJSON/user77/user77.json,idx_16
noGesture,trainingSamples,raw_data/EMG-EPN612/testingJSON/user77/user77.json,idx_17
noGesture,trainingSamples,raw_data/EMG-EPN612/testingJSON/user77/user77.json,idx_18
noGesture,trainingSamples,raw_data/EMG-EPN612/testingJSON/user77/user77.json,idx_19
noGesture,trainingSamples,raw_data/EMG-EPN612/testingJSON/user77/user77.json,idx_20
noGesture,trainingSamples,raw_data/EMG-EPN612/testingJSON/user77/user77.json,idx_21
noGesture,trainingSamples,raw_data/EMG-EPN612/testingJSON/user77/user77.json,idx_22
noGesture,trainingSamples,raw_data/EMG-EPN612/testingJSON/user77/user77.json,idx_23
noGesture,trainingSamples,raw_data/EMG-EPN612/testingJSON/user77/user77.json,idx_24
noGesture,trainingSamples,raw_data/EMG-EPN612/testingJSON/user77/user77.json,idx_25
open,trainingSamples,raw_data/EMG-EPN612/testingJSON/user77/user77.json,idx_26
open,trainingSamples,raw_data/EMG-EPN612/testingJSON/user77/user77.json,idx_27
open,trainingSamples,raw_data/EMG-EPN612/testingJSON/user77/user77.json,idx_28
open,trainingSamples,raw_data/EMG-EPN612/testingJSON/user77/user77.json,idx_29
open,trainingSamples,raw_data/EMG-EPN612/testingJSON/user77/user77.json,idx_30
open,trainingSamples,raw_data/EMG-EPN612/testingJSON/user77/user77.json,idx_31
open,trainingSamples,raw_data/EMG-EPN612/testingJSON/user77/user77.json,idx_32
open,trainingSamples,raw_data/EMG-EPN612/testingJSON/user77/user77.json,idx_33
open,trainingSamples,raw_data/EMG-EPN612/testingJSON/user77/user77.json,idx_34
open,trainingSamples,raw_data/EMG-EPN612/testingJSON/user77/user77.json,idx_35
open,trainingSamples,raw_data/EMG-EPN612/testingJSON/user77/user77.json,idx_36
open,trainingSamples,raw_data/EMG-EPN612/testingJSON/user77/user77.json,idx_37
open,trainingSamples,raw_data/EMG-EPN612/testingJSON/user77/user77.json,idx_38
open,trainingSamples,raw_data/EMG-EPN612/testingJSON/user77/user77.json,idx_39
open,trainingSamples,raw_data/EMG-EPN612/testingJSON/user77/user77.json,idx_40
open,trainingSamples,raw_data/EMG-EPN612/testingJSON/user77/user77.json,idx_41
open,trainingSamples,raw_data/EMG-EPN612/testingJSON/user77/user77.json,idx_42
open,trainingSamples,raw_data/EMG-EPN612/testingJSON/user77/user77.json,idx_43
open,trainingSamples,raw_data/EMG-EPN612/testingJSON/user77/user77.json,idx_44
open,trainingSamples,raw_data/EMG-EPN612/testingJSON/user77/user77.json,idx_45
open,trainingSamples,raw_data/EMG-EPN612/testingJSON/user77/user77.json,idx_46
open,trainingSamples,raw_data/EMG-EPN612/testingJSON/user77/user77.json,idx_47
open,trainingSamples,raw_data/EMG-EPN612/testingJSON/user77/user77.json,idx_48
open,trainingSamples,raw_data/EMG-EPN612/testingJSON/user77/user77.json,idx_49
open,trainingSamples,raw_data/EMG-EPN612/testingJSON/user77/user77.json,idx_50
pinch,trainingSamples,raw_data/EMG-EPN612/testingJSON/user77/user77.json,idx_51
pinch,trainingSamples,raw_data/EMG-EPN612/testingJSON/user77/user77.json,idx_52
pinch,trainingSamples,raw_data/EMG-EPN612/testingJSON/user77/user77.json,idx_53
pinch,trainingSamples,raw_data/EMG-EPN612/testingJSON/user77/user77.json,idx_54
pinch,trainingSamples,raw_data/EMG-EPN612/testingJSON/user77/user77.json,idx_55
pinch,trainingSamples,raw_data/EMG-EPN612/testingJSON/user77/user77.json,idx_56
pinch,trainingSamples,raw_data/EMG-EPN612/testingJSON/user77/user77.json,idx_57
pinch,trainingSamples,raw_data/EMG-EPN612/testingJSON/user77/user77.json,idx_58
pinch,trainingSamples,raw_data/EMG-EPN612/testingJSON/user77/user77.json,idx_59
pinch,trainingSamples,raw_data/EMG-EPN612/testingJSON/user77/user77.json,idx_60
pinch,trainingSamples,raw_data/EMG-EPN612/testingJSON/user77/user77.json,idx_61
pinch,trainingSamples,raw_data/EMG-EPN612/testingJSON/user77/user77.json,idx_62
pinch,trainingSamples,raw_data/EMG-EPN612/testingJSON/user77/user77.json,idx_63
pinch,trainingSamples,raw_data/EMG-EPN612/testingJSON/user77/user77.json,idx_64
pinch,trainingSamples,raw_data/EMG-EPN612/testingJSON/user77/user77.json,idx_65
pinch,trainingSamples,raw_data/EMG-EPN612/testingJSON/user77/user77.json,idx_66
pinch,trainingSamples,raw_data/EMG-EPN612/testingJSON/user77/user77.json,idx_67
pinch,trainingSamples,raw_data/EMG-EPN612/testingJSON/user77/user77.json,idx_68
pinch,trainingSamples,raw_data/EMG-EPN612/testingJSON/user77/user77.json,idx_69
pinch,trainingSamples,raw_data/EMG-EPN612/testingJSON/user77/user77.json,idx_70
pinch,trainingSamples,raw_data/EMG-EPN612/testingJSON/user77/user77.json,idx_71
pinch,trainingSamples,raw_data/EMG-EPN612/testingJSON/user77/user77.json,idx_72
pinch,trainingSamples,raw_data/EMG-EPN612/testingJSON/user77/user77.json,idx_73
pinch,trainingSamples,raw_data/EMG-EPN612/testingJSON/user77/user77.json,idx_74
pinch,trainingSamples,raw_data/EMG-EPN612/testingJSON/user77/user77.json,idx_75
waveIn,trainingSamples,raw_data/EMG-EPN612/testingJSON/user77/user77.json,idx_76
waveIn,trainingSamples,raw_data/EMG-EPN612/testingJSON/user77/user77.json,idx_77
waveIn,trainingSamples,raw_data/EMG-EPN612/testingJSON/user77/user77.json,idx_78
waveIn,trainingSamples,raw_data/EMG-EPN612/testingJSON/user77/user77.json,idx_79
waveIn,trainingSamples,raw_data/EMG-EPN612/testingJSON/user77/user77.json,idx_80
waveIn,trainingSamples,raw_data/EMG-EPN612/testingJSON/user77/user77.json,idx_81
waveIn,trainingSamples,raw_data/EMG-EPN612/testingJSON/user77/user77.json,idx_82
waveIn,trainingSamples,raw_data/EMG-EPN612/testingJSON/user77/user77.json,idx_83
waveIn,trainingSamples,raw_data/EMG-EPN612/testingJSON/user77/user77.json,idx_84
waveIn,trainingSamples,raw_data/EMG-EPN612/testingJSON/user77/user77.json,idx_85
waveIn,trainingSamples,raw_data/EMG-EPN612/testingJSON/user77/user77.json,idx_86
waveIn,trainingSamples,raw_data/EMG-EPN612/testingJSON/user77/user77.json,idx_87
waveIn,trainingSamples,raw_data/EMG-EPN612/testingJSON/user77/user77.json,idx_88
waveIn,trainingSamples,raw_data/EMG-EPN612/testingJSON/user77/user77.json,idx_89
waveIn,trainingSamples,raw_data/EMG-EPN612/testingJSON/user77/user77.json,idx_90
waveIn,trainingSamples,raw_data/EMG-EPN612/testingJSON/user77/user77.json,idx_91
waveIn,trainingSamples,raw_data/EMG-EPN612/testingJSON/user77/user77.json,idx_92
waveIn,trainingSamples,raw_data/EMG-EPN612/testingJSON/user77/user77.json,idx_93
waveIn,trainingSamples,raw_data/EMG-EPN612/testingJSON/user77/user77.json,idx_94
waveIn,trainingSamples,raw_data/EMG-EPN612/testingJSON/user77/user77.json,idx_95
waveIn,trainingSamples,raw_data/EMG-EPN612/testingJSON/user77/user77.json,idx_96
waveIn,trainingSamples,raw_data/EMG-EPN612/testingJSON/user77/user77.json,idx_97
waveIn,trainingSamples,raw_data/EMG-EPN612/testingJSON/user77/user77.json,idx_98
waveIn,trainingSamples,raw_data/EMG-EPN612/testingJSON/user77/user77.json,idx_99
waveIn,trainingSamples,raw_data/EMG-EPN612/testingJSON/user77/user77.json,idx_100
waveOut,trainingSamples,raw_data/EMG-EPN612/testingJSON/user77/user77.json,idx_101
waveOut,trainingSamples,raw_data/EMG-EPN612/testingJSON/user77/user77.json,idx_102
waveOut,trainingSamples,raw_data/EMG-EPN612/testingJSON/user77/user77.json,idx_103
waveOut,trainingSamples,raw_data/EMG-EPN612/testingJSON/user77/user77.json,idx_104
waveOut,trainingSamples,raw_data/EMG-EPN612/testingJSON/user77/user77.json,idx_105
waveOut,trainingSamples,raw_data/EMG-EPN612/testingJSON/user77/user77.json,idx_106
waveOut,trainingSamples,raw_data/EMG-EPN612/testingJSON/user77/user77.json,idx_107
waveOut,trainingSamples,raw_data/EMG-EPN612/testingJSON/user77/user77.json,idx_108
waveOut,trainingSamples,raw_data/EMG-EPN612/testingJSON/user77/user77.json,idx_109
waveOut,trainingSamples,raw_data/EMG-EPN612/testingJSON/user77/user77.json,idx_110
waveOut,trainingSamples,raw_data/EMG-EPN612/testingJSON/user77/user77.json,idx_111
waveOut,trainingSamples,raw_data/EMG-EPN612/testingJSON/user77/user77.json,idx_112
waveOut,trainingSamples,raw_data/EMG-EPN612/testingJSON/user77/user77.json,idx_113
waveOut,trainingSamples,raw_data/EMG-EPN612/testingJSON/user77/user77.json,idx_114
waveOut,trainingSamples,raw_data/EMG-EPN612/testingJSON/user77/user77.json,idx_115
waveOut,trainingSamples,raw_data/EMG-EPN612/testingJSON/user77/user77.json,idx_116
waveOut,trainingSamples,raw_data/EMG-EPN612/testingJSON/user77/user77.json,idx_117
waveOut,trainingSamples,raw_data/EMG-EPN612/testingJSON/user77/user77.json,idx_118
waveOut,trainingSamples,raw_data/EMG-EPN612/testingJSON/user77/user77.json,idx_119
waveOut,trainingSamples,raw_data/EMG-EPN612/testingJSON/user77/user77.json,idx_120
waveOut,trainingSamples,raw_data/EMG-EPN612/testingJSON/user77/user77.json,idx_121
waveOut,trainingSamples,raw_data/EMG-EPN612/testingJSON/user77/user77.json,idx_122
waveOut,trainingSamples,raw_data/EMG-EPN612/testingJSON/user77/user77.json,idx_123
waveOut,trainingSamples,raw_data/EMG-EPN612/testingJSON/user77/user77.json,idx_124
waveOut,trainingSamples,raw_data/EMG-EPN612/testingJSON/user77/user77.json,idx_125
fist,trainingSamples,raw_data/EMG-EPN612/testingJSON/user77/user77.json,idx_126
fist,trainingSamples,raw_data/EMG-EPN612/testingJSON/user77/user77.json,idx_127
fist,trainingSamples,raw_data/EMG-EPN612/testingJSON/user77/user77.json,idx_128
fist,trainingSamples,raw_data/EMG-EPN612/testingJSON/user77/user77.json,idx_129
fist,trainingSamples,raw_data/EMG-EPN612/testingJSON/user77/user77.json,idx_130
fist,trainingSamples,raw_data/EMG-EPN612/testingJSON/user77/user77.json,idx_131
fist,trainingSamples,raw_data/EMG-EPN612/testingJSON/user77/user77.json,idx_132
fist,trainingSamples,raw_data/EMG-EPN612/testingJSON/user77/user77.json,idx_133
fist,trainingSamples,raw_data/EMG-EPN612/testingJSON/user77/user77.json,idx_134
fist,trainingSamples,raw_data/EMG-EPN612/testingJSON/user77/user77.json,idx_135
fist,trainingSamples,raw_data/EMG-EPN612/testingJSON/user77/user77.json,idx_136
fist,trainingSamples,raw_data/EMG-EPN612/testingJSON/user77/user77.json,idx_137
fist,trainingSamples,raw_data/EMG-EPN612/testingJSON/user77/user77.json,idx_138
fist,trainingSamples,raw_data/EMG-EPN612/testingJSON/user77/user77.json,idx_139
fist,trainingSamples,raw_data/EMG-EPN612/testingJSON/user77/user77.json,idx_140
fist,trainingSamples,raw_data/EMG-EPN612/testingJSON/user77/user77.json,idx_141
fist,trainingSamples,raw_data/EMG-EPN612/testingJSON/user77/user77.json,idx_142
fist,trainingSamples,raw_data/EMG-EPN612/testingJSON/user77/user77.json,idx_143
fist,trainingSamples,raw_data/EMG-EPN612/testingJSON/user77/user77.json,idx_144
fist,trainingSamples,raw_data/EMG-EPN612/testingJSON/user77/user77.json,idx_145
fist,trainingSamples,raw_data/EMG-EPN612/testingJSON/user77/user77.json,idx_146
fist,trainingSamples,raw_data/EMG-EPN612/testingJSON/user77/user77.json,idx_147
fist,trainingSamples,raw_data/EMG-EPN612/testingJSON/user77/user77.json,idx_148
fist,trainingSamples,raw_data/EMG-EPN612/testingJSON/user77/user77.json,idx_149
fist,trainingSamples,raw_data/EMG-EPN612/testingJSON/user77/user77.json,idx_150
noGesture,trainingSamples,raw_data/EMG-EPN612/testingJSON/user78/user78.json,idx_1
noGesture,trainingSamples,raw_data/EMG-EPN612/testingJSON/user78/user78.json,idx_2
noGesture,trainingSamples,raw_data/EMG-EPN612/testingJSON/user78/user78.json,idx_3
noGesture,trainingSamples,raw_data/EMG-EPN612/testingJSON/user78/user78.json,idx_4
noGesture,trainingSamples,raw_data/EMG-EPN612/testingJSON/user78/user78.json,idx_5
noGesture,trainingSamples,raw_data/EMG-EPN612/testingJSON/user78/user78.json,idx_6
noGesture,trainingSamples,raw_data/EMG-EPN612/testingJSON/user78/user78.json,idx_7
noGesture,trainingSamples,raw_data/EMG-EPN612/testingJSON/user78/user78.json,idx_8
noGesture,trainingSamples,raw_data/EMG-EPN612/testingJSON/user78/user78.json,idx_9
noGesture,trainingSamples,raw_data/EMG-EPN612/testingJSON/user78/user78.json,idx_10
noGesture,trainingSamples,raw_data/EMG-EPN612/testingJSON/user78/user78.json,idx_11
noGesture,trainingSamples,raw_data/EMG-EPN612/testingJSON/user78/user78.json,idx_12
noGesture,trainingSamples,raw_data/EMG-EPN612/testingJSON/user78/user78.json,idx_13
noGesture,trainingSamples,raw_data/EMG-EPN612/testingJSON/user78/user78.json,idx_14
noGesture,trainingSamples,raw_data/EMG-EPN612/testingJSON/user78/user78.json,idx_15
noGesture,trainingSamples,raw_data/EMG-EPN612/testingJSON/user78/user78.json,idx_16
noGesture,trainingSamples,raw_data/EMG-EPN612/testingJSON/user78/user78.json,idx_17
noGesture,trainingSamples,raw_data/EMG-EPN612/testingJSON/user78/user78.json,idx_18
noGesture,trainingSamples,raw_data/EMG-EPN612/testingJSON/user78/user78.json,idx_19
noGesture,trainingSamples,raw_data/EMG-EPN612/testingJSON/user78/user78.json,idx_20
noGesture,trainingSamples,raw_data/EMG-EPN612/testingJSON/user78/user78.json,idx_21
noGesture,trainingSamples,raw_data/EMG-EPN612/testingJSON/user78/user78.json,idx_22
noGesture,trainingSamples,raw_data/EMG-EPN612/testingJSON/user78/user78.json,idx_23
noGesture,trainingSamples,raw_data/EMG-EPN612/testingJSON/user78/user78.json,idx_24
noGesture,trainingSamples,raw_data/EMG-EPN612/testingJSON/user78/user78.json,idx_25
waveOut,trainingSamples,raw_data/EMG-EPN612/testingJSON/user78/user78.json,idx_26
waveOut,trainingSamples,raw_data/EMG-EPN612/testingJSON/user78/user78.json,idx_27
waveOut,trainingSamples,raw_data/EMG-EPN612/testingJSON/user78/user78.json,idx_28
waveOut,trainingSamples,raw_data/EMG-EPN612/testingJSON/user78/user78.json,idx_29
waveOut,trainingSamples,raw_data/EMG-EPN612/testingJSON/user78/user78.json,idx_30
waveOut,trainingSamples,raw_data/EMG-EPN612/testingJSON/user78/user78.json,idx_31
waveOut,trainingSamples,raw_data/EMG-EPN612/testingJSON/user78/user78.json,idx_32
waveOut,trainingSamples,raw_data/EMG-EPN612/testingJSON/user78/user78.json,idx_33
waveOut,trainingSamples,raw_data/EMG-EPN612/testingJSON/user78/user78.json,idx_34
waveOut,trainingSamples,raw_data/EMG-EPN612/testingJSON/user78/user78.json,idx_35
waveOut,trainingSamples,raw_data/EMG-EPN612/testingJSON/user78/user78.json,idx_36
waveOut,trainingSamples,raw_data/EMG-EPN612/testingJSON/user78/user78.json,idx_37
waveOut,trainingSamples,raw_data/EMG-EPN612/testingJSON/user78/user78.json,idx_38
waveOut,trainingSamples,raw_data/EMG-EPN612/testingJSON/user78/user78.json,idx_39
waveOut,trainingSamples,raw_data/EMG-EPN612/testingJSON/user78/user78.json,idx_40
waveOut,trainingSamples,raw_data/EMG-EPN612/testingJSON/user78/user78.json,idx_41
waveOut,trainingSamples,raw_data/EMG-EPN612/testingJSON/user78/user78.json,idx_42
waveOut,trainingSamples,raw_data/EMG-EPN612/testingJSON/user78/user78.json,idx_43
waveOut,trainingSamples,raw_data/EMG-EPN612/testingJSON/user78/user78.json,idx_44
waveOut,trainingSamples,raw_data/EMG-EPN612/testingJSON/user78/user78.json,idx_45
waveOut,trainingSamples,raw_data/EMG-EPN612/testingJSON/user78/user78.json,idx_46
waveOut,trainingSamples,raw_data/EMG-EPN612/testingJSON/user78/user78.json,idx_47
waveOut,trainingSamples,raw_data/EMG-EPN612/testingJSON/user78/user78.json,idx_48
waveOut,trainingSamples,raw_data/EMG-EPN612/testingJSON/user78/user78.json,idx_49
waveOut,trainingSamples,raw_data/EMG-EPN612/testingJSON/user78/user78.json,idx_50
pinch,trainingSamples,raw_data/EMG-EPN612/testingJSON/user78/user78.json,idx_51
pinch,trainingSamples,raw_data/EMG-EPN612/testingJSON/user78/user78.json,idx_52
pinch,trainingSamples,raw_data/EMG-EPN612/testingJSON/user78/user78.json,idx_53
pinch,trainingSamples,raw_data/EMG-EPN612/testingJSON/user78/user78.json,idx_54
pinch,trainingSamples,raw_data/EMG-EPN612/testingJSON/user78/user78.json,idx_55
pinch,trainingSamples,raw_data/EMG-EPN612/testingJSON/user78/user78.json,idx_56
pinch,trainingSamples,raw_data/EMG-EPN612/testingJSON/user78/user78.json,idx_57
pinch,trainingSamples,raw_data/EMG-EPN612/testingJSON/user78/user78.json,idx_58
pinch,trainingSamples,raw_data/EMG-EPN612/testingJSON/user78/user78.json,idx_59
pinch,trainingSamples,raw_data/EMG-EPN612/testingJSON/user78/user78.json,idx_60
pinch,trainingSamples,raw_data/EMG-EPN612/testingJSON/user78/user78.json,idx_61
pinch,trainingSamples,raw_data/EMG-EPN612/testingJSON/user78/user78.json,idx_62
pinch,trainingSamples,raw_data/EMG-EPN612/testingJSON/user78/user78.json,idx_63
pinch,trainingSamples,raw_data/EMG-EPN612/testingJSON/user78/user78.json,idx_64
pinch,trainingSamples,raw_data/EMG-EPN612/testingJSON/user78/user78.json,idx_65
pinch,trainingSamples,raw_data/EMG-EPN612/testingJSON/user78/user78.json,idx_66
pinch,trainingSamples,raw_data/EMG-EPN612/testingJSON/user78/user78.json,idx_67
pinch,trainingSamples,raw_data/EMG-EPN612/testingJSON/user78/user78.json,idx_68
pinch,trainingSamples,raw_data/EMG-EPN612/testingJSON/user78/user78.json,idx_69
pinch,trainingSamples,raw_data/EMG-EPN612/testingJSON/user78/user78.json,idx_70
pinch,trainingSamples,raw_data/EMG-EPN612/testingJSON/user78/user78.json,idx_71
pinch,trainingSamples,raw_data/EMG-EPN612/testingJSON/user78/user78.json,idx_72
pinch,trainingSamples,raw_data/EMG-EPN612/testingJSON/user78/user78.json,idx_73
pinch,trainingSamples,raw_data/EMG-EPN612/testingJSON/user78/user78.json,idx_74
pinch,trainingSamples,raw_data/EMG-EPN612/testingJSON/user78/user78.json,idx_75
fist,trainingSamples,raw_data/EMG-EPN612/testingJSON/user78/user78.json,idx_76
fist,trainingSamples,raw_data/EMG-EPN612/testingJSON/user78/user78.json,idx_77
fist,trainingSamples,raw_data/EMG-EPN612/testingJSON/user78/user78.json,idx_78
fist,trainingSamples,raw_data/EMG-EPN612/testingJSON/user78/user78.json,idx_79
fist,trainingSamples,raw_data/EMG-EPN612/testingJSON/user78/user78.json,idx_80
fist,trainingSamples,raw_data/EMG-EPN612/testingJSON/user78/user78.json,idx_81
fist,trainingSamples,raw_data/EMG-EPN612/testingJSON/user78/user78.json,idx_82
fist,trainingSamples,raw_data/EMG-EPN612/testingJSON/user78/user78.json,idx_83
fist,trainingSamples,raw_data/EMG-EPN612/testingJSON/user78/user78.json,idx_84
fist,trainingSamples,raw_data/EMG-EPN612/testingJSON/user78/user78.json,idx_85
fist,trainingSamples,raw_data/EMG-EPN612/testingJSON/user78/user78.json,idx_86
fist,trainingSamples,raw_data/EMG-EPN612/testingJSON/user78/user78.json,idx_87
fist,trainingSamples,raw_data/EMG-EPN612/testingJSON/user78/user78.json,idx_88
fist,trainingSamples,raw_data/EMG-EPN612/testingJSON/user78/user78.json,idx_89
fist,trainingSamples,raw_data/EMG-EPN612/testingJSON/user78/user78.json,idx_90
fist,trainingSamples,raw_data/EMG-EPN612/testingJSON/user78/user78.json,idx_91
fist,trainingSamples,raw_data/EMG-EPN612/testingJSON/user78/user78.json,idx_92
fist,trainingSamples,raw_data/EMG-EPN612/testingJSON/user78/user78.json,idx_93
fist,trainingSamples,raw_data/EMG-EPN612/testingJSON/user78/user78.json,idx_94
fist,trainingSamples,raw_data/EMG-EPN612/testingJSON/user78/user78.json,idx_95
fist,trainingSamples,raw_data/EMG-EPN612/testingJSON/user78/user78.json,idx_96
fist,trainingSamples,raw_data/EMG-EPN612/testingJSON/user78/user78.json,idx_97
fist,trainingSamples,raw_data/EMG-EPN612/testingJSON/user78/user78.json,idx_98
fist,trainingSamples,raw_data/EMG-EPN612/testingJSON/user78/user78.json,idx_99
fist,trainingSamples,raw_data/EMG-EPN612/testingJSON/user78/user78.json,idx_100
waveIn,trainingSamples,raw_data/EMG-EPN612/testingJSON/user78/user78.json,idx_101
waveIn,trainingSamples,raw_data/EMG-EPN612/testingJSON/user78/user78.json,idx_102
waveIn,trainingSamples,raw_data/EMG-EPN612/testingJSON/user78/user78.json,idx_103
waveIn,trainingSamples,raw_data/EMG-EPN612/testingJSON/user78/user78.json,idx_104
waveIn,trainingSamples,raw_data/EMG-EPN612/testingJSON/user78/user78.json,idx_105
waveIn,trainingSamples,raw_data/EMG-EPN612/testingJSON/user78/user78.json,idx_106
waveIn,trainingSamples,raw_data/EMG-EPN612/testingJSON/user78/user78.json,idx_107
waveIn,trainingSamples,raw_data/EMG-EPN612/testingJSON/user78/user78.json,idx_108
waveIn,trainingSamples,raw_data/EMG-EPN612/testingJSON/user78/user78.json,idx_109
waveIn,trainingSamples,raw_data/EMG-EPN612/testingJSON/user78/user78.json,idx_110
waveIn,trainingSamples,raw_data/EMG-EPN612/testingJSON/user78/user78.json,idx_111
waveIn,trainingSamples,raw_data/EMG-EPN612/testingJSON/user78/user78.json,idx_112
waveIn,trainingSamples,raw_data/EMG-EPN612/testingJSON/user78/user78.json,idx_113
waveIn,trainingSamples,raw_data/EMG-EPN612/testingJSON/user78/user78.json,idx_114
waveIn,trainingSamples,raw_data/EMG-EPN612/testingJSON/user78/user78.json,idx_115
waveIn,trainingSamples,raw_data/EMG-EPN612/testingJSON/user78/user78.json,idx_116
waveIn,trainingSamples,raw_data/EMG-EPN612/testingJSON/user78/user78.json,idx_117
waveIn,trainingSamples,raw_data/EMG-EPN612/testingJSON/user78/user78.json,idx_118
waveIn,trainingSamples,raw_data/EMG-EPN612/testingJSON/user78/user78.json,idx_119
waveIn,trainingSamples,raw_data/EMG-EPN612/testingJSON/user78/user78.json,idx_120
waveIn,trainingSamples,raw_data/EMG-EPN612/testingJSON/user78/user78.json,idx_121
waveIn,trainingSamples,raw_data/EMG-EPN612/testingJSON/user78/user78.json,idx_122
waveIn,trainingSamples,raw_data/EMG-EPN612/testingJSON/user78/user78.json,idx_123
waveIn,trainingSamples,raw_data/EMG-EPN612/testingJSON/user78/user78.json,idx_124
waveIn,trainingSamples,raw_data/EMG-EPN612/testingJSON/user78/user78.json,idx_125
open,trainingSamples,raw_data/EMG-EPN612/testingJSON/user78/user78.json,idx_126
open,trainingSamples,raw_data/EMG-EPN612/testingJSON/user78/user78.json,idx_127
open,trainingSamples,raw_data/EMG-EPN612/testingJSON/user78/user78.json,idx_128
open,trainingSamples,raw_data/EMG-EPN612/testingJSON/user78/user78.json,idx_129
open,trainingSamples,raw_data/EMG-EPN612/testingJSON/user78/user78.json,idx_130
open,trainingSamples,raw_data/EMG-EPN612/testingJSON/user78/user78.json,idx_131
open,trainingSamples,raw_data/EMG-EPN612/testingJSON/user78/user78.json,idx_132
open,trainingSamples,raw_data/EMG-EPN612/testingJSON/user78/user78.json,idx_133
open,trainingSamples,raw_data/EMG-EPN612/testingJSON/user78/user78.json,idx_134
open,trainingSamples,raw_data/EMG-EPN612/testingJSON/user78/user78.json,idx_135
open,trainingSamples,raw_data/EMG-EPN612/testingJSON/user78/user78.json,idx_136
open,trainingSamples,raw_data/EMG-EPN612/testingJSON/user78/user78.json,idx_137
open,trainingSamples,raw_data/EMG-EPN612/testingJSON/user78/user78.json,idx_138
open,trainingSamples,raw_data/EMG-EPN612/testingJSON/user78/user78.json,idx_139
open,trainingSamples,raw_data/EMG-EPN612/testingJSON/user78/user78.json,idx_140
open,trainingSamples,raw_data/EMG-EPN612/testingJSON/user78/user78.json,idx_141
open,trainingSamples,raw_data/EMG-EPN612/testingJSON/user78/user78.json,idx_142
open,trainingSamples,raw_data/EMG-EPN612/testingJSON/user78/user78.json,idx_143
open,trainingSamples,raw_data/EMG-EPN612/testingJSON/user78/user78.json,idx_144
open,trainingSamples,raw_data/EMG-EPN612/testingJSON/user78/user78.json,idx_145
open,trainingSamples,raw_data/EMG-EPN612/testingJSON/user78/user78.json,idx_146
open,trainingSamples,raw_data/EMG-EPN612/testingJSON/user78/user78.json,idx_147
open,trainingSamples,raw_data/EMG-EPN612/testingJSON/user78/user78.json,idx_148
open,trainingSamples,raw_data/EMG-EPN612/testingJSON/user78/user78.json,idx_149
open,trainingSamples,raw_data/EMG-EPN612/testingJSON/user78/user78.json,idx_150
noGesture,trainingSamples,raw_data/EMG-EPN612/testingJSON/user79/user79.json,idx_1
noGesture,trainingSamples,raw_data/EMG-EPN612/testingJSON/user79/user79.json,idx_2
noGesture,trainingSamples,raw_data/EMG-EPN612/testingJSON/user79/user79.json,idx_3
noGesture,trainingSamples,raw_data/EMG-EPN612/testingJSON/user79/user79.json,idx_4
noGesture,trainingSamples,raw_data/EMG-EPN612/testingJSON/user79/user79.json,idx_5
noGesture,trainingSamples,raw_data/EMG-EPN612/testingJSON/user79/user79.json,idx_6
noGesture,trainingSamples,raw_data/EMG-EPN612/testingJSON/user79/user79.json,idx_7
noGesture,trainingSamples,raw_data/EMG-EPN612/testingJSON/user79/user79.json,idx_8
noGesture,trainingSamples,raw_data/EMG-EPN612/testingJSON/user79/user79.json,idx_9
noGesture,trainingSamples,raw_data/EMG-EPN612/testingJSON/user79/user79.json,idx_10
noGesture,trainingSamples,raw_data/EMG-EPN612/testingJSON/user79/user79.json,idx_11
noGesture,trainingSamples,raw_data/EMG-EPN612/testingJSON/user79/user79.json,idx_12
noGesture,trainingSamples,raw_data/EMG-EPN612/testingJSON/user79/user79.json,idx_13
noGesture,trainingSamples,raw_data/EMG-EPN612/testingJSON/user79/user79.json,idx_14
noGesture,trainingSamples,raw_data/EMG-EPN612/testingJSON/user79/user79.json,idx_15
noGesture,trainingSamples,raw_data/EMG-EPN612/testingJSON/user79/user79.json,idx_16
noGesture,trainingSamples,raw_data/EMG-EPN612/testingJSON/user79/user79.json,idx_17
noGesture,trainingSamples,raw_data/EMG-EPN612/testingJSON/user79/user79.json,idx_18
noGesture,trainingSamples,raw_data/EMG-EPN612/testingJSON/user79/user79.json,idx_19
noGesture,trainingSamples,raw_data/EMG-EPN612/testingJSON/user79/user79.json,idx_20
noGesture,trainingSamples,raw_data/EMG-EPN612/testingJSON/user79/user79.json,idx_21
noGesture,trainingSamples,raw_data/EMG-EPN612/testingJSON/user79/user79.json,idx_22
noGesture,trainingSamples,raw_data/EMG-EPN612/testingJSON/user79/user79.json,idx_23
noGesture,trainingSamples,raw_data/EMG-EPN612/testingJSON/user79/user79.json,idx_24
noGesture,trainingSamples,raw_data/EMG-EPN612/testingJSON/user79/user79.json,idx_25
waveIn,trainingSamples,raw_data/EMG-EPN612/testingJSON/user79/user79.json,idx_26
waveIn,trainingSamples,raw_data/EMG-EPN612/testingJSON/user79/user79.json,idx_27
waveIn,trainingSamples,raw_data/EMG-EPN612/testingJSON/user79/user79.json,idx_28
waveIn,trainingSamples,raw_data/EMG-EPN612/testingJSON/user79/user79.json,idx_29
waveIn,trainingSamples,raw_data/EMG-EPN612/testingJSON/user79/user79.json,idx_30
waveIn,trainingSamples,raw_data/EMG-EPN612/testingJSON/user79/user79.json,idx_31
waveIn,trainingSamples,raw_data/EMG-EPN612/testingJSON/user79/user79.json,idx_32
waveIn,trainingSamples,raw_data/EMG-EPN612/testingJSON/user79/user79.json,idx_33
waveIn,trainingSamples,raw_data/EMG-EPN612/testingJSON/user79/user79.json,idx_34
waveIn,trainingSamples,raw_data/EMG-EPN612/testingJSON/user79/user79.json,idx_35
waveIn,trainingSamples,raw_data/EMG-EPN612/testingJSON/user79/user79.json,idx_36
waveIn,trainingSamples,raw_data/EMG-EPN612/testingJSON/user79/user79.json,idx_37
waveIn,trainingSamples,raw_data/EMG-EPN612/testingJSON/user79/user79.json,idx_38
waveIn,trainingSamples,raw_data/EMG-EPN612/testingJSON/user79/user79.json,idx_39
waveIn,trainingSamples,raw_data/EMG-EPN612/testingJSON/user79/user79.json,idx_40
waveIn,trainingSamples,raw_data/EMG-EPN612/testingJSON/user79/user79.json,idx_41
waveIn,trainingSamples,raw_data/EMG-EPN612/testingJSON/user79/user79.json,idx_42
waveIn,trainingSamples,raw_data/EMG-EPN612/testingJSON/user79/user79.json,idx_43
waveIn,trainingSamples,raw_data/EMG-EPN612/testingJSON/user79/user79.json,idx_44
waveIn,trainingSamples,raw_data/EMG-EPN612/testingJSON/user79/user79.json,idx_45
waveIn,trainingSamples,raw_data/EMG-EPN612/testingJSON/user79/user79.json,idx_46
waveIn,trainingSamples,raw_data/EMG-EPN612/testingJSON/user79/user79.json,idx_47
waveIn,trainingSamples,raw_data/EMG-EPN612/testingJSON/user79/user79.json,idx_48
waveIn,trainingSamples,raw_data/EMG-EPN612/testingJSON/user79/user79.json,idx_49
waveIn,trainingSamples,raw_data/EMG-EPN612/testingJSON/user79/user79.json,idx_50
fist,trainingSamples,raw_data/EMG-EPN612/testingJSON/user79/user79.json,idx_51
fist,trainingSamples,raw_data/EMG-EPN612/testingJSON/user79/user79.json,idx_52
fist,trainingSamples,raw_data/EMG-EPN612/testingJSON/user79/user79.json,idx_53
fist,trainingSamples,raw_data/EMG-EPN612/testingJSON/user79/user79.json,idx_54
fist,trainingSamples,raw_data/EMG-EPN612/testingJSON/user79/user79.json,idx_55
fist,trainingSamples,raw_data/EMG-EPN612/testingJSON/user79/user79.json,idx_56
fist,trainingSamples,raw_data/EMG-EPN612/testingJSON/user79/user79.json,idx_57
fist,trainingSamples,raw_data/EMG-EPN612/testingJSON/user79/user79.json,idx_58
fist,trainingSamples,raw_data/EMG-EPN612/testingJSON/user79/user79.json,idx_59
fist,trainingSamples,raw_data/EMG-EPN612/testingJSON/user79/user79.json,idx_60
fist,trainingSamples,raw_data/EMG-EPN612/testingJSON/user79/user79.json,idx_61
fist,trainingSamples,raw_data/EMG-EPN612/testingJSON/user79/user79.json,idx_62
fist,trainingSamples,raw_data/EMG-EPN612/testingJSON/user79/user79.json,idx_63
fist,trainingSamples,raw_data/EMG-EPN612/testingJSON/user79/user79.json,idx_64
fist,trainingSamples,raw_data/EMG-EPN612/testingJSON/user79/user79.json,idx_65
fist,trainingSamples,raw_data/EMG-EPN612/testingJSON/user79/user79.json,idx_66
fist,trainingSamples,raw_data/EMG-EPN612/testingJSON/user79/user79.json,idx_67
fist,trainingSamples,raw_data/EMG-EPN612/testingJSON/user79/user79.json,idx_68
fist,trainingSamples,raw_data/EMG-EPN612/testingJSON/user79/user79.json,idx_69
fist,trainingSamples,raw_data/EMG-EPN612/testingJSON/user79/user79.json,idx_70
fist,trainingSamples,raw_data/EMG-EPN612/testingJSON/user79/user79.json,idx_71
fist,trainingSamples,raw_data/EMG-EPN612/testingJSON/user79/user79.json,idx_72
fist,trainingSamples,raw_data/EMG-EPN612/testingJSON/user79/user79.json,idx_73
fist,trainingSamples,raw_data/EMG-EPN612/testingJSON/user79/user79.json,idx_74
fist,trainingSamples,raw_data/EMG-EPN612/testingJSON/user79/user79.json,idx_75
pinch,trainingSamples,raw_data/EMG-EPN612/testingJSON/user79/user79.json,idx_76
pinch,trainingSamples,raw_data/EMG-EPN612/testingJSON/user79/user79.json,idx_77
pinch,trainingSamples,raw_data/EMG-EPN612/testingJSON/user79/user79.json,idx_78
pinch,trainingSamples,raw_data/EMG-EPN612/testingJSON/user79/user79.json,idx_79
pinch,trainingSamples,raw_data/EMG-EPN612/testingJSON/user79/user79.json,idx_80
pinch,trainingSamples,raw_data/EMG-EPN612/testingJSON/user79/user79.json,idx_81
pinch,trainingSamples,raw_data/EMG-EPN612/testingJSON/user79/user79.json,idx_82
pinch,trainingSamples,raw_data/EMG-EPN612/testingJSON/user79/user79.json,idx_83
pinch,trainingSamples,raw_data/EMG-EPN612/testingJSON/user79/user79.json,idx_84
pinch,trainingSamples,raw_data/EMG-EPN612/testingJSON/user79/user79.json,idx_85
pinch,trainingSamples,raw_data/EMG-EPN612/testingJSON/user79/user79.json,idx_86
pinch,trainingSamples,raw_data/EMG-EPN612/testingJSON/user79/user79.json,idx_87
pinch,trainingSamples,raw_data/EMG-EPN612/testingJSON/user79/user79.json,idx_88
pinch,trainingSamples,raw_data/EMG-EPN612/testingJSON/user79/user79.json,idx_89
pinch,trainingSamples,raw_data/EMG-EPN612/testingJSON/user79/user79.json,idx_90
pinch,trainingSamples,raw_data/EMG-EPN612/testingJSON/user79/user79.json,idx_91
pinch,trainingSamples,raw_data/EMG-EPN612/testingJSON/user79/user79.json,idx_92
pinch,trainingSamples,raw_data/EMG-EPN612/testingJSON/user79/user79.json,idx_93
pinch,trainingSamples,raw_data/EMG-EPN612/testingJSON/user79/user79.json,idx_94
pinch,trainingSamples,raw_data/EMG-EPN612/testingJSON/user79/user79.json,idx_95
pinch,trainingSamples,raw_data/EMG-EPN612/testingJSON/user79/user79.json,idx_96
pinch,trainingSamples,raw_data/EMG-EPN612/testingJSON/user79/user79.json,idx_97
pinch,trainingSamples,raw_data/EMG-EPN612/testingJSON/user79/user79.json,idx_98
pinch,trainingSamples,raw_data/EMG-EPN612/testingJSON/user79/user79.json,idx_99
pinch,trainingSamples,raw_data/EMG-EPN612/testingJSON/user79/user79.json,idx_100
waveOut,trainingSamples,raw_data/EMG-EPN612/testingJSON/user79/user79.json,idx_101
waveOut,trainingSamples,raw_data/EMG-EPN612/testingJSON/user79/user79.json,idx_102
waveOut,trainingSamples,raw_data/EMG-EPN612/testingJSON/user79/user79.json,idx_103
waveOut,trainingSamples,raw_data/EMG-EPN612/testingJSON/user79/user79.json,idx_104
waveOut,trainingSamples,raw_data/EMG-EPN612/testingJSON/user79/user79.json,idx_105
waveOut,trainingSamples,raw_data/EMG-EPN612/testingJSON/user79/user79.json,idx_106
waveOut,trainingSamples,raw_data/EMG-EPN612/testingJSON/user79/user79.json,idx_107
waveOut,trainingSamples,raw_data/EMG-EPN612/testingJSON/user79/user79.json,idx_108
waveOut,trainingSamples,raw_data/EMG-EPN612/testingJSON/user79/user79.json,idx_109
waveOut,trainingSamples,raw_data/EMG-EPN612/testingJSON/user79/user79.json,idx_110
waveOut,trainingSamples,raw_data/EMG-EPN612/testingJSON/user79/user79.json,idx_111
waveOut,trainingSamples,raw_data/EMG-EPN612/testingJSON/user79/user79.json,idx_112
waveOut,trainingSamples,raw_data/EMG-EPN612/testingJSON/user79/user79.json,idx_113
waveOut,trainingSamples,raw_data/EMG-EPN612/testingJSON/user79/user79.json,idx_114
waveOut,trainingSamples,raw_data/EMG-EPN612/testingJSON/user79/user79.json,idx_115
waveOut,trainingSamples,raw_data/EMG-EPN612/testingJSON/user79/user79.json,idx_116
waveOut,trainingSamples,raw_data/EMG-EPN612/testingJSON/user79/user79.json,idx_117
waveOut,trainingSamples,raw_data/EMG-EPN612/testingJSON/user79/user79.json,idx_118
waveOut,trainingSamples,raw_data/EMG-EPN612/testingJSON/user79/user79.json,idx_119
waveOut,trainingSamples,raw_data/EMG-EPN612/testingJSON/user79/user79.json,idx_120
waveOut,trainingSamples,raw_data/EMG-EPN612/testingJSON/user79/user79.json,idx_121
waveOut,trainingSamples,raw_data/EMG-EPN612/testingJSON/user79/user79.json,idx_122
waveOut,trainingSamples,raw_data/EMG-EPN612/testingJSON/user79/user79.json,idx_123
waveOut,trainingSamples,raw_data/EMG-EPN612/testingJSON/user79/user79.json,idx_124
waveOut,trainingSamples,raw_data/EMG-EPN612/testingJSON/user79/user79.json,idx_125
open,trainingSamples,raw_data/EMG-EPN612/testingJSON/user79/user79.json,idx_126
open,trainingSamples,raw_data/EMG-EPN612/testingJSON/user79/user79.json,idx_127
open,trainingSamples,raw_data/EMG-EPN612/testingJSON/user79/user79.json,idx_128
open,trainingSamples,raw_data/EMG-EPN612/testingJSON/user79/user79.json,idx_129
open,trainingSamples,raw_data/EMG-EPN612/testingJSON/user79/user79.json,idx_130
open,trainingSamples,raw_data/EMG-EPN612/testingJSON/user79/user79.json,idx_131
open,trainingSamples,raw_data/EMG-EPN612/testingJSON/user79/user79.json,idx_132
open,trainingSamples,raw_data/EMG-EPN612/testingJSON/user79/user79.json,idx_133
open,trainingSamples,raw_data/EMG-EPN612/testingJSON/user79/user79.json,idx_134
open,trainingSamples,raw_data/EMG-EPN612/testingJSON/user79/user79.json,idx_135
open,trainingSamples,raw_data/EMG-EPN612/testingJSON/user79/user79.json,idx_136
open,trainingSamples,raw_data/EMG-EPN612/testingJSON/user79/user79.json,idx_137
open,trainingSamples,raw_data/EMG-EPN612/testingJSON/user79/user79.json,idx_138
open,trainingSamples,raw_data/EMG-EPN612/testingJSON/user79/user79.json,idx_139
open,trainingSamples,raw_data/EMG-EPN612/testingJSON/user79/user79.json,idx_140
open,trainingSamples,raw_data/EMG-EPN612/testingJSON/user79/user79.json,idx_141
open,trainingSamples,raw_data/EMG-EPN612/testingJSON/user79/user79.json,idx_142
open,trainingSamples,raw_data/EMG-EPN612/testingJSON/user79/user79.json,idx_143
open,trainingSamples,raw_data/EMG-EPN612/testingJSON/user79/user79.json,idx_144
open,trainingSamples,raw_data/EMG-EPN612/testingJSON/user79/user79.json,idx_145
open,trainingSamples,raw_data/EMG-EPN612/testingJSON/user79/user79.json,idx_146
open,trainingSamples,raw_data/EMG-EPN612/testingJSON/user79/user79.json,idx_147
open,trainingSamples,raw_data/EMG-EPN612/testingJSON/user79/user79.json,idx_148
open,trainingSamples,raw_data/EMG-EPN612/testingJSON/user79/user79.json,idx_149
open,trainingSamples,raw_data/EMG-EPN612/testingJSON/user79/user79.json,idx_150
noGesture,trainingSamples,raw_data/EMG-EPN612/testingJSON/user8/user8.json,idx_1
noGesture,trainingSamples,raw_data/EMG-EPN612/testingJSON/user8/user8.json,idx_2
noGesture,trainingSamples,raw_data/EMG-EPN612/testingJSON/user8/user8.json,idx_3
noGesture,trainingSamples,raw_data/EMG-EPN612/testingJSON/user8/user8.json,idx_4
noGesture,trainingSamples,raw_data/EMG-EPN612/testingJSON/user8/user8.json,idx_5
noGesture,trainingSamples,raw_data/EMG-EPN612/testingJSON/user8/user8.json,idx_6
noGesture,trainingSamples,raw_data/EMG-EPN612/testingJSON/user8/user8.json,idx_7
noGesture,trainingSamples,raw_data/EMG-EPN612/testingJSON/user8/user8.json,idx_8
noGesture,trainingSamples,raw_data/EMG-EPN612/testingJSON/user8/user8.json,idx_9
noGesture,trainingSamples,raw_data/EMG-EPN612/testingJSON/user8/user8.json,idx_10
noGesture,trainingSamples,raw_data/EMG-EPN612/testingJSON/user8/user8.json,idx_11
noGesture,trainingSamples,raw_data/EMG-EPN612/testingJSON/user8/user8.json,idx_12
noGesture,trainingSamples,raw_data/EMG-EPN612/testingJSON/user8/user8.json,idx_13
noGesture,trainingSamples,raw_data/EMG-EPN612/testingJSON/user8/user8.json,idx_14
noGesture,trainingSamples,raw_data/EMG-EPN612/testingJSON/user8/user8.json,idx_15
noGesture,trainingSamples,raw_data/EMG-EPN612/testingJSON/user8/user8.json,idx_16
noGesture,trainingSamples,raw_data/EMG-EPN612/testingJSON/user8/user8.json,idx_17
noGesture,trainingSamples,raw_data/EMG-EPN612/testingJSON/user8/user8.json,idx_18
noGesture,trainingSamples,raw_data/EMG-EPN612/testingJSON/user8/user8.json,idx_19
noGesture,trainingSamples,raw_data/EMG-EPN612/testingJSON/user8/user8.json,idx_20
noGesture,trainingSamples,raw_data/EMG-EPN612/testingJSON/user8/user8.json,idx_21
noGesture,trainingSamples,raw_data/EMG-EPN612/testingJSON/user8/user8.json,idx_22
noGesture,trainingSamples,raw_data/EMG-EPN612/testingJSON/user8/user8.json,idx_23
noGesture,trainingSamples,raw_data/EMG-EPN612/testingJSON/user8/user8.json,idx_24
noGesture,trainingSamples,raw_data/EMG-EPN612/testingJSON/user8/user8.json,idx_25
waveOut,trainingSamples,raw_data/EMG-EPN612/testingJSON/user8/user8.json,idx_26
waveOut,trainingSamples,raw_data/EMG-EPN612/testingJSON/user8/user8.json,idx_27
waveOut,trainingSamples,raw_data/EMG-EPN612/testingJSON/user8/user8.json,idx_28
waveOut,trainingSamples,raw_data/EMG-EPN612/testingJSON/user8/user8.json,idx_29
waveOut,trainingSamples,raw_data/EMG-EPN612/testingJSON/user8/user8.json,idx_30
waveOut,trainingSamples,raw_data/EMG-EPN612/testingJSON/user8/user8.json,idx_31
waveOut,trainingSamples,raw_data/EMG-EPN612/testingJSON/user8/user8.json,idx_32
waveOut,trainingSamples,raw_data/EMG-EPN612/testingJSON/user8/user8.json,idx_33
waveOut,trainingSamples,raw_data/EMG-EPN612/testingJSON/user8/user8.json,idx_34
waveOut,trainingSamples,raw_data/EMG-EPN612/testingJSON/user8/user8.json,idx_35
waveOut,trainingSamples,raw_data/EMG-EPN612/testingJSON/user8/user8.json,idx_36
waveOut,trainingSamples,raw_data/EMG-EPN612/testingJSON/user8/user8.json,idx_37
waveOut,trainingSamples,raw_data/EMG-EPN612/testingJSON/user8/user8.json,idx_38
waveOut,trainingSamples,raw_data/EMG-EPN612/testingJSON/user8/user8.json,idx_39
waveOut,trainingSamples,raw_data/EMG-EPN612/testingJSON/user8/user8.json,idx_40
waveOut,trainingSamples,raw_data/EMG-EPN612/testingJSON/user8/user8.json,idx_41
waveOut,trainingSamples,raw_data/EMG-EPN612/testingJSON/user8/user8.json,idx_42
waveOut,trainingSamples,raw_data/EMG-EPN612/testingJSON/user8/user8.json,idx_43
waveOut,trainingSamples,raw_data/EMG-EPN612/testingJSON/user8/user8.json,idx_44
waveOut,trainingSamples,raw_data/EMG-EPN612/testingJSON/user8/user8.json,idx_45
waveOut,trainingSamples,raw_data/EMG-EPN612/testingJSON/user8/user8.json,idx_46
waveOut,trainingSamples,raw_data/EMG-EPN612/testingJSON/user8/user8.json,idx_47
waveOut,trainingSamples,raw_data/EMG-EPN612/testingJSON/user8/user8.json,idx_48
waveOut,trainingSamples,raw_data/EMG-EPN612/testingJSON/user8/user8.json,idx_49
waveOut,trainingSamples,raw_data/EMG-EPN612/testingJSON/user8/user8.json,idx_50
pinch,trainingSamples,raw_data/EMG-EPN612/testingJSON/user8/user8.json,idx_51
pinch,trainingSamples,raw_data/EMG-EPN612/testingJSON/user8/user8.json,idx_52
pinch,trainingSamples,raw_data/EMG-EPN612/testingJSON/user8/user8.json,idx_53
pinch,trainingSamples,raw_data/EMG-EPN612/testingJSON/user8/user8.json,idx_54
pinch,trainingSamples,raw_data/EMG-EPN612/testingJSON/user8/user8.json,idx_55
pinch,trainingSamples,raw_data/EMG-EPN612/testingJSON/user8/user8.json,idx_56
pinch,trainingSamples,raw_data/EMG-EPN612/testingJSON/user8/user8.json,idx_57
pinch,trainingSamples,raw_data/EMG-EPN612/testingJSON/user8/user8.json,idx_58
pinch,trainingSamples,raw_data/EMG-EPN612/testingJSON/user8/user8.json,idx_59
pinch,trainingSamples,raw_data/EMG-EPN612/testingJSON/user8/user8.json,idx_60
pinch,trainingSamples,raw_data/EMG-EPN612/testingJSON/user8/user8.json,idx_61
pinch,trainingSamples,raw_data/EMG-EPN612/testingJSON/user8/user8.json,idx_62
pinch,trainingSamples,raw_data/EMG-EPN612/testingJSON/user8/user8.json,idx_63
pinch,trainingSamples,raw_data/EMG-EPN612/testingJSON/user8/user8.json,idx_64
pinch,trainingSamples,raw_data/EMG-EPN612/testingJSON/user8/user8.json,idx_65
pinch,trainingSamples,raw_data/EMG-EPN612/testingJSON/user8/user8.json,idx_66
pinch,trainingSamples,raw_data/EMG-EPN612/testingJSON/user8/user8.json,idx_67
pinch,trainingSamples,raw_data/EMG-EPN612/testingJSON/user8/user8.json,idx_68
pinch,trainingSamples,raw_data/EMG-EPN612/testingJSON/user8/user8.json,idx_69
pinch,trainingSamples,raw_data/EMG-EPN612/testingJSON/user8/user8.json,idx_70
pinch,trainingSamples,raw_data/EMG-EPN612/testingJSON/user8/user8.json,idx_71
pinch,trainingSamples,raw_data/EMG-EPN612/testingJSON/user8/user8.json,idx_72
pinch,trainingSamples,raw_data/EMG-EPN612/testingJSON/user8/user8.json,idx_73
pinch,trainingSamples,raw_data/EMG-EPN612/testingJSON/user8/user8.json,idx_74
pinch,trainingSamples,raw_data/EMG-EPN612/testingJSON/user8/user8.json,idx_75
fist,trainingSamples,raw_data/EMG-EPN612/testingJSON/user8/user8.json,idx_76
fist,trainingSamples,raw_data/EMG-EPN612/testingJSON/user8/user8.json,idx_77
fist,trainingSamples,raw_data/EMG-EPN612/testingJSON/user8/user8.json,idx_78
fist,trainingSamples,raw_data/EMG-EPN612/testingJSON/user8/user8.json,idx_79
fist,trainingSamples,raw_data/EMG-EPN612/testingJSON/user8/user8.json,idx_80
fist,trainingSamples,raw_data/EMG-EPN612/testingJSON/user8/user8.json,idx_81
fist,trainingSamples,raw_data/EMG-EPN612/testingJSON/user8/user8.json,idx_82
fist,trainingSamples,raw_data/EMG-EPN612/testingJSON/user8/user8.json,idx_83
fist,trainingSamples,raw_data/EMG-EPN612/testingJSON/user8/user8.json,idx_84
fist,trainingSamples,raw_data/EMG-EPN612/testingJSON/user8/user8.json,idx_85
fist,trainingSamples,raw_data/EMG-EPN612/testingJSON/user8/user8.json,idx_86
fist,trainingSamples,raw_data/EMG-EPN612/testingJSON/user8/user8.json,idx_87
fist,trainingSamples,raw_data/EMG-EPN612/testingJSON/user8/user8.json,idx_88
fist,trainingSamples,raw_data/EMG-EPN612/testingJSON/user8/user8.json,idx_89
fist,trainingSamples,raw_data/EMG-EPN612/testingJSON/user8/user8.json,idx_90
fist,trainingSamples,raw_data/EMG-EPN612/testingJSON/user8/user8.json,idx_91
fist,trainingSamples,raw_data/EMG-EPN612/testingJSON/user8/user8.json,idx_92
fist,trainingSamples,raw_data/EMG-EPN612/testingJSON/user8/user8.json,idx_93
fist,trainingSamples,raw_data/EMG-EPN612/testingJSON/user8/user8.json,idx_94
fist,trainingSamples,raw_data/EMG-EPN612/testingJSON/user8/user8.json,idx_95
fist,trainingSamples,raw_data/EMG-EPN612/testingJSON/user8/user8.json,idx_96
fist,trainingSamples,raw_data/EMG-EPN612/testingJSON/user8/user8.json,idx_97
fist,trainingSamples,raw_data/EMG-EPN612/testingJSON/user8/user8.json,idx_98
fist,trainingSamples,raw_data/EMG-EPN612/testingJSON/user8/user8.json,idx_99
fist,trainingSamples,raw_data/EMG-EPN612/testingJSON/user8/user8.json,idx_100
waveIn,trainingSamples,raw_data/EMG-EPN612/testingJSON/user8/user8.json,idx_101
waveIn,trainingSamples,raw_data/EMG-EPN612/testingJSON/user8/user8.json,idx_102
waveIn,trainingSamples,raw_data/EMG-EPN612/testingJSON/user8/user8.json,idx_103
waveIn,trainingSamples,raw_data/EMG-EPN612/testingJSON/user8/user8.json,idx_104
waveIn,trainingSamples,raw_data/EMG-EPN612/testingJSON/user8/user8.json,idx_105
waveIn,trainingSamples,raw_data/EMG-EPN612/testingJSON/user8/user8.json,idx_106
waveIn,trainingSamples,raw_data/EMG-EPN612/testingJSON/user8/user8.json,idx_107
waveIn,trainingSamples,raw_data/EMG-EPN612/testingJSON/user8/user8.json,idx_108
waveIn,trainingSamples,raw_data/EMG-EPN612/testingJSON/user8/user8.json,idx_109
waveIn,trainingSamples,raw_data/EMG-EPN612/testingJSON/user8/user8.json,idx_110
waveIn,trainingSamples,raw_data/EMG-EPN612/testingJSON/user8/user8.json,idx_111
waveIn,trainingSamples,raw_data/EMG-EPN612/testingJSON/user8/user8.json,idx_112
waveIn,trainingSamples,raw_data/EMG-EPN612/testingJSON/user8/user8.json,idx_113
waveIn,trainingSamples,raw_data/EMG-EPN612/testingJSON/user8/user8.json,idx_114
waveIn,trainingSamples,raw_data/EMG-EPN612/testingJSON/user8/user8.json,idx_115
waveIn,trainingSamples,raw_data/EMG-EPN612/testingJSON/user8/user8.json,idx_116
waveIn,trainingSamples,raw_data/EMG-EPN612/testingJSON/user8/user8.json,idx_117
waveIn,trainingSamples,raw_data/EMG-EPN612/testingJSON/user8/user8.json,idx_118
waveIn,trainingSamples,raw_data/EMG-EPN612/testingJSON/user8/user8.json,idx_119
waveIn,trainingSamples,raw_data/EMG-EPN612/testingJSON/user8/user8.json,idx_120
waveIn,trainingSamples,raw_data/EMG-EPN612/testingJSON/user8/user8.json,idx_121
waveIn,trainingSamples,raw_data/EMG-EPN612/testingJSON/user8/user8.json,idx_122
waveIn,trainingSamples,raw_data/EMG-EPN612/testingJSON/user8/user8.json,idx_123
waveIn,trainingSamples,raw_data/EMG-EPN612/testingJSON/user8/user8.json,idx_124
waveIn,trainingSamples,raw_data/EMG-EPN612/testingJSON/user8/user8.json,idx_125
open,trainingSamples,raw_data/EMG-EPN612/testingJSON/user8/user8.json,idx_126
open,trainingSamples,raw_data/EMG-EPN612/testingJSON/user8/user8.json,idx_127
open,trainingSamples,raw_data/EMG-EPN612/testingJSON/user8/user8.json,idx_128
open,trainingSamples,raw_data/EMG-EPN612/testingJSON/user8/user8.json,idx_129
open,trainingSamples,raw_data/EMG-EPN612/testingJSON/user8/user8.json,idx_130
open,trainingSamples,raw_data/EMG-EPN612/testingJSON/user8/user8.json,idx_131
open,trainingSamples,raw_data/EMG-EPN612/testingJSON/user8/user8.json,idx_132
open,trainingSamples,raw_data/EMG-EPN612/testingJSON/user8/user8.json,idx_133
open,trainingSamples,raw_data/EMG-EPN612/testingJSON/user8/user8.json,idx_134
open,trainingSamples,raw_data/EMG-EPN612/testingJSON/user8/user8.json,idx_135
open,trainingSamples,raw_data/EMG-EPN612/testingJSON/user8/user8.json,idx_136
open,trainingSamples,raw_data/EMG-EPN612/testingJSON/user8/user8.json,idx_137
open,trainingSamples,raw_data/EMG-EPN612/testingJSON/user8/user8.json,idx_138
open,trainingSamples,raw_data/EMG-EPN612/testingJSON/user8/user8.json,idx_139
open,trainingSamples,raw_data/EMG-EPN612/testingJSON/user8/user8.json,idx_140
open,trainingSamples,raw_data/EMG-EPN612/testingJSON/user8/user8.json,idx_141
open,trainingSamples,raw_data/EMG-EPN612/testingJSON/user8/user8.json,idx_142
open,trainingSamples,raw_data/EMG-EPN612/testingJSON/user8/user8.json,idx_143
open,trainingSamples,raw_data/EMG-EPN612/testingJSON/user8/user8.json,idx_144
open,trainingSamples,raw_data/EMG-EPN612/testingJSON/user8/user8.json,idx_145
open,trainingSamples,raw_data/EMG-EPN612/testingJSON/user8/user8.json,idx_146
open,trainingSamples,raw_data/EMG-EPN612/testingJSON/user8/user8.json,idx_147
open,trainingSamples,raw_data/EMG-EPN612/testingJSON/user8/user8.json,idx_148
open,trainingSamples,raw_data/EMG-EPN612/testingJSON/user8/user8.json,idx_149
open,trainingSamples,raw_data/EMG-EPN612/testingJSON/user8/user8.json,idx_150
noGesture,trainingSamples,raw_data/EMG-EPN612/testingJSON/user80/user80.json,idx_1
noGesture,trainingSamples,raw_data/EMG-EPN612/testingJSON/user80/user80.json,idx_2
noGesture,trainingSamples,raw_data/EMG-EPN612/testingJSON/user80/user80.json,idx_3
noGesture,trainingSamples,raw_data/EMG-EPN612/testingJSON/user80/user80.json,idx_4
noGesture,trainingSamples,raw_data/EMG-EPN612/testingJSON/user80/user80.json,idx_5
noGesture,trainingSamples,raw_data/EMG-EPN612/testingJSON/user80/user80.json,idx_6
noGesture,trainingSamples,raw_data/EMG-EPN612/testingJSON/user80/user80.json,idx_7
noGesture,trainingSamples,raw_data/EMG-EPN612/testingJSON/user80/user80.json,idx_8
noGesture,trainingSamples,raw_data/EMG-EPN612/testingJSON/user80/user80.json,idx_9
noGesture,trainingSamples,raw_data/EMG-EPN612/testingJSON/user80/user80.json,idx_10
noGesture,trainingSamples,raw_data/EMG-EPN612/testingJSON/user80/user80.json,idx_11
noGesture,trainingSamples,raw_data/EMG-EPN612/testingJSON/user80/user80.json,idx_12
noGesture,trainingSamples,raw_data/EMG-EPN612/testingJSON/user80/user80.json,idx_13
noGesture,trainingSamples,raw_data/EMG-EPN612/testingJSON/user80/user80.json,idx_14
noGesture,trainingSamples,raw_data/EMG-EPN612/testingJSON/user80/user80.json,idx_15
noGesture,trainingSamples,raw_data/EMG-EPN612/testingJSON/user80/user80.json,idx_16
noGesture,trainingSamples,raw_data/EMG-EPN612/testingJSON/user80/user80.json,idx_17
noGesture,trainingSamples,raw_data/EMG-EPN612/testingJSON/user80/user80.json,idx_18
noGesture,trainingSamples,raw_data/EMG-EPN612/testingJSON/user80/user80.json,idx_19
noGesture,trainingSamples,raw_data/EMG-EPN612/testingJSON/user80/user80.json,idx_20
noGesture,trainingSamples,raw_data/EMG-EPN612/testingJSON/user80/user80.json,idx_21
noGesture,trainingSamples,raw_data/EMG-EPN612/testingJSON/user80/user80.json,idx_22
noGesture,trainingSamples,raw_data/EMG-EPN612/testingJSON/user80/user80.json,idx_23
noGesture,trainingSamples,raw_data/EMG-EPN612/testingJSON/user80/user80.json,idx_24
noGesture,trainingSamples,raw_data/EMG-EPN612/testingJSON/user80/user80.json,idx_25
waveOut,trainingSamples,raw_data/EMG-EPN612/testingJSON/user80/user80.json,idx_26
waveOut,trainingSamples,raw_data/EMG-EPN612/testingJSON/user80/user80.json,idx_27
waveOut,trainingSamples,raw_data/EMG-EPN612/testingJSON/user80/user80.json,idx_28
waveOut,trainingSamples,raw_data/EMG-EPN612/testingJSON/user80/user80.json,idx_29
waveOut,trainingSamples,raw_data/EMG-EPN612/testingJSON/user80/user80.json,idx_30
waveOut,trainingSamples,raw_data/EMG-EPN612/testingJSON/user80/user80.json,idx_31
waveOut,trainingSamples,raw_data/EMG-EPN612/testingJSON/user80/user80.json,idx_32
waveOut,trainingSamples,raw_data/EMG-EPN612/testingJSON/user80/user80.json,idx_33
waveOut,trainingSamples,raw_data/EMG-EPN612/testingJSON/user80/user80.json,idx_34
waveOut,trainingSamples,raw_data/EMG-EPN612/testingJSON/user80/user80.json,idx_35
waveOut,trainingSamples,raw_data/EMG-EPN612/testingJSON/user80/user80.json,idx_36
waveOut,trainingSamples,raw_data/EMG-EPN612/testingJSON/user80/user80.json,idx_37
waveOut,trainingSamples,raw_data/EMG-EPN612/testingJSON/user80/user80.json,idx_38
waveOut,trainingSamples,raw_data/EMG-EPN612/testingJSON/user80/user80.json,idx_39
waveOut,trainingSamples,raw_data/EMG-EPN612/testingJSON/user80/user80.json,idx_40
waveOut,trainingSamples,raw_data/EMG-EPN612/testingJSON/user80/user80.json,idx_41
waveOut,trainingSamples,raw_data/EMG-EPN612/testingJSON/user80/user80.json,idx_42
waveOut,trainingSamples,raw_data/EMG-EPN612/testingJSON/user80/user80.json,idx_43
waveOut,trainingSamples,raw_data/EMG-EPN612/testingJSON/user80/user80.json,idx_44
waveOut,trainingSamples,raw_data/EMG-EPN612/testingJSON/user80/user80.json,idx_45
waveOut,trainingSamples,raw_data/EMG-EPN612/testingJSON/user80/user80.json,idx_46
waveOut,trainingSamples,raw_data/EMG-EPN612/testingJSON/user80/user80.json,idx_47
waveOut,trainingSamples,raw_data/EMG-EPN612/testingJSON/user80/user80.json,idx_48
waveOut,trainingSamples,raw_data/EMG-EPN612/testingJSON/user80/user80.json,idx_49
waveOut,trainingSamples,raw_data/EMG-EPN612/testingJSON/user80/user80.json,idx_50
pinch,trainingSamples,raw_data/EMG-EPN612/testingJSON/user80/user80.json,idx_51
pinch,trainingSamples,raw_data/EMG-EPN612/testingJSON/user80/user80.json,idx_52
pinch,trainingSamples,raw_data/EMG-EPN612/testingJSON/user80/user80.json,idx_53
pinch,trainingSamples,raw_data/EMG-EPN612/testingJSON/user80/user80.json,idx_54
pinch,trainingSamples,raw_data/EMG-EPN612/testingJSON/user80/user80.json,idx_55
pinch,trainingSamples,raw_data/EMG-EPN612/testingJSON/user80/user80.json,idx_56
pinch,trainingSamples,raw_data/EMG-EPN612/testingJSON/user80/user80.json,idx_57
pinch,trainingSamples,raw_data/EMG-EPN612/testingJSON/user80/user80.json,idx_58
pinch,trainingSamples,raw_data/EMG-EPN612/testingJSON/user80/user80.json,idx_59
pinch,trainingSamples,raw_data/EMG-EPN612/testingJSON/user80/user80.json,idx_60
pinch,trainingSamples,raw_data/EMG-EPN612/testingJSON/user80/user80.json,idx_61
pinch,trainingSamples,raw_data/EMG-EPN612/testingJSON/user80/user80.json,idx_62
pinch,trainingSamples,raw_data/EMG-EPN612/testingJSON/user80/user80.json,idx_63
pinch,trainingSamples,raw_data/EMG-EPN612/testingJSON/user80/user80.json,idx_64
pinch,trainingSamples,raw_data/EMG-EPN612/testingJSON/user80/user80.json,idx_65
pinch,trainingSamples,raw_data/EMG-EPN612/testingJSON/user80/user80.json,idx_66
pinch,trainingSamples,raw_data/EMG-EPN612/testingJSON/user80/user80.json,idx_67
pinch,trainingSamples,raw_data/EMG-EPN612/testingJSON/user80/user80.json,idx_68
pinch,trainingSamples,raw_data/EMG-EPN612/testingJSON/user80/user80.json,idx_69
pinch,trainingSamples,raw_data/EMG-EPN612/testingJSON/user80/user80.json,idx_70
pinch,trainingSamples,raw_data/EMG-EPN612/testingJSON/user80/user80.json,idx_71
pinch,trainingSamples,raw_data/EMG-EPN612/testingJSON/user80/user80.json,idx_72
pinch,trainingSamples,raw_data/EMG-EPN612/testingJSON/user80/user80.json,idx_73
pinch,trainingSamples,raw_data/EMG-EPN612/testingJSON/user80/user80.json,idx_74
pinch,trainingSamples,raw_data/EMG-EPN612/testingJSON/user80/user80.json,idx_75
fist,trainingSamples,raw_data/EMG-EPN612/testingJSON/user80/user80.json,idx_76
fist,trainingSamples,raw_data/EMG-EPN612/testingJSON/user80/user80.json,idx_77
fist,trainingSamples,raw_data/EMG-EPN612/testingJSON/user80/user80.json,idx_78
fist,trainingSamples,raw_data/EMG-EPN612/testingJSON/user80/user80.json,idx_79
fist,trainingSamples,raw_data/EMG-EPN612/testingJSON/user80/user80.json,idx_80
fist,trainingSamples,raw_data/EMG-EPN612/testingJSON/user80/user80.json,idx_81
fist,trainingSamples,raw_data/EMG-EPN612/testingJSON/user80/user80.json,idx_82
fist,trainingSamples,raw_data/EMG-EPN612/testingJSON/user80/user80.json,idx_83
fist,trainingSamples,raw_data/EMG-EPN612/testingJSON/user80/user80.json,idx_84
fist,trainingSamples,raw_data/EMG-EPN612/testingJSON/user80/user80.json,idx_85
fist,trainingSamples,raw_data/EMG-EPN612/testingJSON/user80/user80.json,idx_86
fist,trainingSamples,raw_data/EMG-EPN612/testingJSON/user80/user80.json,idx_87
fist,trainingSamples,raw_data/EMG-EPN612/testingJSON/user80/user80.json,idx_88
fist,trainingSamples,raw_data/EMG-EPN612/testingJSON/user80/user80.json,idx_89
fist,trainingSamples,raw_data/EMG-EPN612/testingJSON/user80/user80.json,idx_90
fist,trainingSamples,raw_data/EMG-EPN612/testingJSON/user80/user80.json,idx_91
fist,trainingSamples,raw_data/EMG-EPN612/testingJSON/user80/user80.json,idx_92
fist,trainingSamples,raw_data/EMG-EPN612/testingJSON/user80/user80.json,idx_93
fist,trainingSamples,raw_data/EMG-EPN612/testingJSON/user80/user80.json,idx_94
fist,trainingSamples,raw_data/EMG-EPN612/testingJSON/user80/user80.json,idx_95
fist,trainingSamples,raw_data/EMG-EPN612/testingJSON/user80/user80.json,idx_96
fist,trainingSamples,raw_data/EMG-EPN612/testingJSON/user80/user80.json,idx_97
fist,trainingSamples,raw_data/EMG-EPN612/testingJSON/user80/user80.json,idx_98
fist,trainingSamples,raw_data/EMG-EPN612/testingJSON/user80/user80.json,idx_99
fist,trainingSamples,raw_data/EMG-EPN612/testingJSON/user80/user80.json,idx_100
waveIn,trainingSamples,raw_data/EMG-EPN612/testingJSON/user80/user80.json,idx_101
waveIn,trainingSamples,raw_data/EMG-EPN612/testingJSON/user80/user80.json,idx_102
waveIn,trainingSamples,raw_data/EMG-EPN612/testingJSON/user80/user80.json,idx_103
waveIn,trainingSamples,raw_data/EMG-EPN612/testingJSON/user80/user80.json,idx_104
waveIn,trainingSamples,raw_data/EMG-EPN612/testingJSON/user80/user80.json,idx_105
waveIn,trainingSamples,raw_data/EMG-EPN612/testingJSON/user80/user80.json,idx_106
waveIn,trainingSamples,raw_data/EMG-EPN612/testingJSON/user80/user80.json,idx_107
waveIn,trainingSamples,raw_data/EMG-EPN612/testingJSON/user80/user80.json,idx_108
waveIn,trainingSamples,raw_data/EMG-EPN612/testingJSON/user80/user80.json,idx_109
waveIn,trainingSamples,raw_data/EMG-EPN612/testingJSON/user80/user80.json,idx_110
waveIn,trainingSamples,raw_data/EMG-EPN612/testingJSON/user80/user80.json,idx_111
waveIn,trainingSamples,raw_data/EMG-EPN612/testingJSON/user80/user80.json,idx_112
waveIn,trainingSamples,raw_data/EMG-EPN612/testingJSON/user80/user80.json,idx_113
waveIn,trainingSamples,raw_data/EMG-EPN612/testingJSON/user80/user80.json,idx_114
waveIn,trainingSamples,raw_data/EMG-EPN612/testingJSON/user80/user80.json,idx_115
waveIn,trainingSamples,raw_data/EMG-EPN612/testingJSON/user80/user80.json,idx_116
waveIn,trainingSamples,raw_data/EMG-EPN612/testingJSON/user80/user80.json,idx_117
waveIn,trainingSamples,raw_data/EMG-EPN612/testingJSON/user80/user80.json,idx_118
waveIn,trainingSamples,raw_data/EMG-EPN612/testingJSON/user80/user80.json,idx_119
waveIn,trainingSamples,raw_data/EMG-EPN612/testingJSON/user80/user80.json,idx_120
waveIn,trainingSamples,raw_data/EMG-EPN612/testingJSON/user80/user80.json,idx_121
waveIn,trainingSamples,raw_data/EMG-EPN612/testingJSON/user80/user80.json,idx_122
waveIn,trainingSamples,raw_data/EMG-EPN612/testingJSON/user80/user80.json,idx_123
waveIn,trainingSamples,raw_data/EMG-EPN612/testingJSON/user80/user80.json,idx_124
waveIn,trainingSamples,raw_data/EMG-EPN612/testingJSON/user80/user80.json,idx_125
open,trainingSamples,raw_data/EMG-EPN612/testingJSON/user80/user80.json,idx_126
open,trainingSamples,raw_data/EMG-EPN612/testingJSON/user80/user80.json,idx_127
open,trainingSamples,raw_data/EMG-EPN612/testingJSON/user80/user80.json,idx_128
open,trainingSamples,raw_data/EMG-EPN612/testingJSON/user80/user80.json,idx_129
open,trainingSamples,raw_data/EMG-EPN612/testingJSON/user80/user80.json,idx_130
open,trainingSamples,raw_data/EMG-EPN612/testingJSON/user80/user80.json,idx_131
open,trainingSamples,raw_data/EMG-EPN612/testingJSON/user80/user80.json,idx_132
open,trainingSamples,raw_data/EMG-EPN612/testingJSON/user80/user80.json,idx_133
open,trainingSamples,raw_data/EMG-EPN612/testingJSON/user80/user80.json,idx_134
open,trainingSamples,raw_data/EMG-EPN612/testingJSON/user80/user80.json,idx_135
open,trainingSamples,raw_data/EMG-EPN612/testingJSON/user80/user80.json,idx_136
open,trainingSamples,raw_data/EMG-EPN612/testingJSON/user80/user80.json,idx_137
open,trainingSamples,raw_data/EMG-EPN612/testingJSON/user80/user80.json,idx_138
open,trainingSamples,raw_data/EMG-EPN612/testingJSON/user80/user80.json,idx_139
open,trainingSamples,raw_data/EMG-EPN612/testingJSON/user80/user80.json,idx_140
open,trainingSamples,raw_data/EMG-EPN612/testingJSON/user80/user80.json,idx_141
open,trainingSamples,raw_data/EMG-EPN612/testingJSON/user80/user80.json,idx_142
open,trainingSamples,raw_data/EMG-EPN612/testingJSON/user80/user80.json,idx_143
open,trainingSamples,raw_data/EMG-EPN612/testingJSON/user80/user80.json,idx_144
open,trainingSamples,raw_data/EMG-EPN612/testingJSON/user80/user80.json,idx_145
open,trainingSamples,raw_data/EMG-EPN612/testingJSON/user80/user80.json,idx_146
open,trainingSamples,raw_data/EMG-EPN612/testingJSON/user80/user80.json,idx_147
open,trainingSamples,raw_data/EMG-EPN612/testingJSON/user80/user80.json,idx_148
open,trainingSamples,raw_data/EMG-EPN612/testingJSON/user80/user80.json,idx_149
open,trainingSamples,raw_data/EMG-EPN612/testingJSON/user80/user80.json,idx_150
noGesture,trainingSamples,raw_data/EMG-EPN612/testingJSON/user81/user81.json,idx_1
noGesture,trainingSamples,raw_data/EMG-EPN612/testingJSON/user81/user81.json,idx_2
noGesture,trainingSamples,raw_data/EMG-EPN612/testingJSON/user81/user81.json,idx_3
noGesture,trainingSamples,raw_data/EMG-EPN612/testingJSON/user81/user81.json,idx_4
noGesture,trainingSamples,raw_data/EMG-EPN612/testingJSON/user81/user81.json,idx_5
noGesture,trainingSamples,raw_data/EMG-EPN612/testingJSON/user81/user81.json,idx_6
noGesture,trainingSamples,raw_data/EMG-EPN612/testingJSON/user81/user81.json,idx_7
noGesture,trainingSamples,raw_data/EMG-EPN612/testingJSON/user81/user81.json,idx_8
noGesture,trainingSamples,raw_data/EMG-EPN612/testingJSON/user81/user81.json,idx_9
noGesture,trainingSamples,raw_data/EMG-EPN612/testingJSON/user81/user81.json,idx_10
noGesture,trainingSamples,raw_data/EMG-EPN612/testingJSON/user81/user81.json,idx_11
noGesture,trainingSamples,raw_data/EMG-EPN612/testingJSON/user81/user81.json,idx_12
noGesture,trainingSamples,raw_data/EMG-EPN612/testingJSON/user81/user81.json,idx_13
noGesture,trainingSamples,raw_data/EMG-EPN612/testingJSON/user81/user81.json,idx_14
noGesture,trainingSamples,raw_data/EMG-EPN612/testingJSON/user81/user81.json,idx_15
noGesture,trainingSamples,raw_data/EMG-EPN612/testingJSON/user81/user81.json,idx_16
noGesture,trainingSamples,raw_data/EMG-EPN612/testingJSON/user81/user81.json,idx_17
noGesture,trainingSamples,raw_data/EMG-EPN612/testingJSON/user81/user81.json,idx_18
noGesture,trainingSamples,raw_data/EMG-EPN612/testingJSON/user81/user81.json,idx_19
noGesture,trainingSamples,raw_data/EMG-EPN612/testingJSON/user81/user81.json,idx_20
noGesture,trainingSamples,raw_data/EMG-EPN612/testingJSON/user81/user81.json,idx_21
noGesture,trainingSamples,raw_data/EMG-EPN612/testingJSON/user81/user81.json,idx_22
noGesture,trainingSamples,raw_data/EMG-EPN612/testingJSON/user81/user81.json,idx_23
noGesture,trainingSamples,raw_data/EMG-EPN612/testingJSON/user81/user81.json,idx_24
noGesture,trainingSamples,raw_data/EMG-EPN612/testingJSON/user81/user81.json,idx_25
fist,trainingSamples,raw_data/EMG-EPN612/testingJSON/user81/user81.json,idx_26
fist,trainingSamples,raw_data/EMG-EPN612/testingJSON/user81/user81.json,idx_27
fist,trainingSamples,raw_data/EMG-EPN612/testingJSON/user81/user81.json,idx_28
fist,trainingSamples,raw_data/EMG-EPN612/testingJSON/user81/user81.json,idx_29
fist,trainingSamples,raw_data/EMG-EPN612/testingJSON/user81/user81.json,idx_30
fist,trainingSamples,raw_data/EMG-EPN612/testingJSON/user81/user81.json,idx_31
fist,trainingSamples,raw_data/EMG-EPN612/testingJSON/user81/user81.json,idx_32
fist,trainingSamples,raw_data/EMG-EPN612/testingJSON/user81/user81.json,idx_33
fist,trainingSamples,raw_data/EMG-EPN612/testingJSON/user81/user81.json,idx_34
fist,trainingSamples,raw_data/EMG-EPN612/testingJSON/user81/user81.json,idx_35
fist,trainingSamples,raw_data/EMG-EPN612/testingJSON/user81/user81.json,idx_36
fist,trainingSamples,raw_data/EMG-EPN612/testingJSON/user81/user81.json,idx_37
fist,trainingSamples,raw_data/EMG-EPN612/testingJSON/user81/user81.json,idx_38
fist,trainingSamples,raw_data/EMG-EPN612/testingJSON/user81/user81.json,idx_39
fist,trainingSamples,raw_data/EMG-EPN612/testingJSON/user81/user81.json,idx_40
fist,trainingSamples,raw_data/EMG-EPN612/testingJSON/user81/user81.json,idx_41
fist,trainingSamples,raw_data/EMG-EPN612/testingJSON/user81/user81.json,idx_42
fist,trainingSamples,raw_data/EMG-EPN612/testingJSON/user81/user81.json,idx_43
fist,trainingSamples,raw_data/EMG-EPN612/testingJSON/user81/user81.json,idx_44
fist,trainingSamples,raw_data/EMG-EPN612/testingJSON/user81/user81.json,idx_45
fist,trainingSamples,raw_data/EMG-EPN612/testingJSON/user81/user81.json,idx_46
fist,trainingSamples,raw_data/EMG-EPN612/testingJSON/user81/user81.json,idx_47
fist,trainingSamples,raw_data/EMG-EPN612/testingJSON/user81/user81.json,idx_48
fist,trainingSamples,raw_data/EMG-EPN612/testingJSON/user81/user81.json,idx_49
fist,trainingSamples,raw_data/EMG-EPN612/testingJSON/user81/user81.json,idx_50
open,trainingSamples,raw_data/EMG-EPN612/testingJSON/user81/user81.json,idx_51
open,trainingSamples,raw_data/EMG-EPN612/testingJSON/user81/user81.json,idx_52
open,trainingSamples,raw_data/EMG-EPN612/testingJSON/user81/user81.json,idx_53
open,trainingSamples,raw_data/EMG-EPN612/testingJSON/user81/user81.json,idx_54
open,trainingSamples,raw_data/EMG-EPN612/testingJSON/user81/user81.json,idx_55
open,trainingSamples,raw_data/EMG-EPN612/testingJSON/user81/user81.json,idx_56
open,trainingSamples,raw_data/EMG-EPN612/testingJSON/user81/user81.json,idx_57
open,trainingSamples,raw_data/EMG-EPN612/testingJSON/user81/user81.json,idx_58
open,trainingSamples,raw_data/EMG-EPN612/testingJSON/user81/user81.json,idx_59
open,trainingSamples,raw_data/EMG-EPN612/testingJSON/user81/user81.json,idx_60
open,trainingSamples,raw_data/EMG-EPN612/testingJSON/user81/user81.json,idx_61
open,trainingSamples,raw_data/EMG-EPN612/testingJSON/user81/user81.json,idx_62
open,trainingSamples,raw_data/EMG-EPN612/testingJSON/user81/user81.json,idx_63
open,trainingSamples,raw_data/EMG-EPN612/testingJSON/user81/user81.json,idx_64
open,trainingSamples,raw_data/EMG-EPN612/testingJSON/user81/user81.json,idx_65
open,trainingSamples,raw_data/EMG-EPN612/testingJSON/user81/user81.json,idx_66
open,trainingSamples,raw_data/EMG-EPN612/testingJSON/user81/user81.json,idx_67
open,trainingSamples,raw_data/EMG-EPN612/testingJSON/user81/user81.json,idx_68
open,trainingSamples,raw_data/EMG-EPN612/testingJSON/user81/user81.json,idx_69
open,trainingSamples,raw_data/EMG-EPN612/testingJSON/user81/user81.json,idx_70
open,trainingSamples,raw_data/EMG-EPN612/testingJSON/user81/user81.json,idx_71
open,trainingSamples,raw_data/EMG-EPN612/testingJSON/user81/user81.json,idx_72
open,trainingSamples,raw_data/EMG-EPN612/testingJSON/user81/user81.json,idx_73
open,trainingSamples,raw_data/EMG-EPN612/testingJSON/user81/user81.json,idx_74
open,trainingSamples,raw_data/EMG-EPN612/testingJSON/user81/user81.json,idx_75
pinch,trainingSamples,raw_data/EMG-EPN612/testingJSON/user81/user81.json,idx_76
pinch,trainingSamples,raw_data/EMG-EPN612/testingJSON/user81/user81.json,idx_77
pinch,trainingSamples,raw_data/EMG-EPN612/testingJSON/user81/user81.json,idx_78
pinch,trainingSamples,raw_data/EMG-EPN612/testingJSON/user81/user81.json,idx_79
pinch,trainingSamples,raw_data/EMG-EPN612/testingJSON/user81/user81.json,idx_80
pinch,trainingSamples,raw_data/EMG-EPN612/testingJSON/user81/user81.json,idx_81
pinch,trainingSamples,raw_data/EMG-EPN612/testingJSON/user81/user81.json,idx_82
pinch,trainingSamples,raw_data/EMG-EPN612/testingJSON/user81/user81.json,idx_83
pinch,trainingSamples,raw_data/EMG-EPN612/testingJSON/user81/user81.json,idx_84
pinch,trainingSamples,raw_data/EMG-EPN612/testingJSON/user81/user81.json,idx_85
pinch,trainingSamples,raw_data/EMG-EPN612/testingJSON/user81/user81.json,idx_86
pinch,trainingSamples,raw_data/EMG-EPN612/testingJSON/user81/user81.json,idx_87
pinch,trainingSamples,raw_data/EMG-EPN612/testingJSON/user81/user81.json,idx_88
pinch,trainingSamples,raw_data/EMG-EPN612/testingJSON/user81/user81.json,idx_89
pinch,trainingSamples,raw_data/EMG-EPN612/testingJSON/user81/user81.json,idx_90
pinch,trainingSamples,raw_data/EMG-EPN612/testingJSON/user81/user81.json,idx_91
pinch,trainingSamples,raw_data/EMG-EPN612/testingJSON/user81/user81.json,idx_92
pinch,trainingSamples,raw_data/EMG-EPN612/testingJSON/user81/user81.json,idx_93
pinch,trainingSamples,raw_data/EMG-EPN612/testingJSON/user81/user81.json,idx_94
pinch,trainingSamples,raw_data/EMG-EPN612/testingJSON/user81/user81.json,idx_95
pinch,trainingSamples,raw_data/EMG-EPN612/testingJSON/user81/user81.json,idx_96
pinch,trainingSamples,raw_data/EMG-EPN612/testingJSON/user81/user81.json,idx_97
pinch,trainingSamples,raw_data/EMG-EPN612/testingJSON/user81/user81.json,idx_98
pinch,trainingSamples,raw_data/EMG-EPN612/testingJSON/user81/user81.json,idx_99
pinch,trainingSamples,raw_data/EMG-EPN612/testingJSON/user81/user81.json,idx_100
waveOut,trainingSamples,raw_data/EMG-EPN612/testingJSON/user81/user81.json,idx_101
waveOut,trainingSamples,raw_data/EMG-EPN612/testingJSON/user81/user81.json,idx_102
waveOut,trainingSamples,raw_data/EMG-EPN612/testingJSON/user81/user81.json,idx_103
waveOut,trainingSamples,raw_data/EMG-EPN612/testingJSON/user81/user81.json,idx_104
waveOut,trainingSamples,raw_data/EMG-EPN612/testingJSON/user81/user81.json,idx_105
waveOut,trainingSamples,raw_data/EMG-EPN612/testingJSON/user81/user81.json,idx_106
waveOut,trainingSamples,raw_data/EMG-EPN612/testingJSON/user81/user81.json,idx_107
waveOut,trainingSamples,raw_data/EMG-EPN612/testingJSON/user81/user81.json,idx_108
waveOut,trainingSamples,raw_data/EMG-EPN612/testingJSON/user81/user81.json,idx_109
waveOut,trainingSamples,raw_data/EMG-EPN612/testingJSON/user81/user81.json,idx_110
waveOut,trainingSamples,raw_data/EMG-EPN612/testingJSON/user81/user81.json,idx_111
waveOut,trainingSamples,raw_data/EMG-EPN612/testingJSON/user81/user81.json,idx_112
waveOut,trainingSamples,raw_data/EMG-EPN612/testingJSON/user81/user81.json,idx_113
waveOut,trainingSamples,raw_data/EMG-EPN612/testingJSON/user81/user81.json,idx_114
waveOut,trainingSamples,raw_data/EMG-EPN612/testingJSON/user81/user81.json,idx_115
waveOut,trainingSamples,raw_data/EMG-EPN612/testingJSON/user81/user81.json,idx_116
waveOut,trainingSamples,raw_data/EMG-EPN612/testingJSON/user81/user81.json,idx_117
waveOut,trainingSamples,raw_data/EMG-EPN612/testingJSON/user81/user81.json,idx_118
waveOut,trainingSamples,raw_data/EMG-EPN612/testingJSON/user81/user81.json,idx_119
waveOut,trainingSamples,raw_data/EMG-EPN612/testingJSON/user81/user81.json,idx_120
waveOut,trainingSamples,raw_data/EMG-EPN612/testingJSON/user81/user81.json,idx_121
waveOut,trainingSamples,raw_data/EMG-EPN612/testingJSON/user81/user81.json,idx_122
waveOut,trainingSamples,raw_data/EMG-EPN612/testingJSON/user81/user81.json,idx_123
waveOut,trainingSamples,raw_data/EMG-EPN612/testingJSON/user81/user81.json,idx_124
waveOut,trainingSamples,raw_data/EMG-EPN612/testingJSON/user81/user81.json,idx_125
waveIn,trainingSamples,raw_data/EMG-EPN612/testingJSON/user81/user81.json,idx_126
waveIn,trainingSamples,raw_data/EMG-EPN612/testingJSON/user81/user81.json,idx_127
waveIn,trainingSamples,raw_data/EMG-EPN612/testingJSON/user81/user81.json,idx_128
waveIn,trainingSamples,raw_data/EMG-EPN612/testingJSON/user81/user81.json,idx_129
waveIn,trainingSamples,raw_data/EMG-EPN612/testingJSON/user81/user81.json,idx_130
waveIn,trainingSamples,raw_data/EMG-EPN612/testingJSON/user81/user81.json,idx_131
waveIn,trainingSamples,raw_data/EMG-EPN612/testingJSON/user81/user81.json,idx_132
waveIn,trainingSamples,raw_data/EMG-EPN612/testingJSON/user81/user81.json,idx_133
waveIn,trainingSamples,raw_data/EMG-EPN612/testingJSON/user81/user81.json,idx_134
waveIn,trainingSamples,raw_data/EMG-EPN612/testingJSON/user81/user81.json,idx_135
waveIn,trainingSamples,raw_data/EMG-EPN612/testingJSON/user81/user81.json,idx_136
waveIn,trainingSamples,raw_data/EMG-EPN612/testingJSON/user81/user81.json,idx_137
waveIn,trainingSamples,raw_data/EMG-EPN612/testingJSON/user81/user81.json,idx_138
waveIn,trainingSamples,raw_data/EMG-EPN612/testingJSON/user81/user81.json,idx_139
waveIn,trainingSamples,raw_data/EMG-EPN612/testingJSON/user81/user81.json,idx_140
waveIn,trainingSamples,raw_data/EMG-EPN612/testingJSON/user81/user81.json,idx_141
waveIn,trainingSamples,raw_data/EMG-EPN612/testingJSON/user81/user81.json,idx_142
waveIn,trainingSamples,raw_data/EMG-EPN612/testingJSON/user81/user81.json,idx_143
waveIn,trainingSamples,raw_data/EMG-EPN612/testingJSON/user81/user81.json,idx_144
waveIn,trainingSamples,raw_data/EMG-EPN612/testingJSON/user81/user81.json,idx_145
waveIn,trainingSamples,raw_data/EMG-EPN612/testingJSON/user81/user81.json,idx_146
waveIn,trainingSamples,raw_data/EMG-EPN612/testingJSON/user81/user81.json,idx_147
waveIn,trainingSamples,raw_data/EMG-EPN612/testingJSON/user81/user81.json,idx_148
waveIn,trainingSamples,raw_data/EMG-EPN612/testingJSON/user81/user81.json,idx_149
waveIn,trainingSamples,raw_data/EMG-EPN612/testingJSON/user81/user81.json,idx_150
noGesture,trainingSamples,raw_data/EMG-EPN612/testingJSON/user82/user82.json,idx_1
noGesture,trainingSamples,raw_data/EMG-EPN612/testingJSON/user82/user82.json,idx_2
noGesture,trainingSamples,raw_data/EMG-EPN612/testingJSON/user82/user82.json,idx_3
noGesture,trainingSamples,raw_data/EMG-EPN612/testingJSON/user82/user82.json,idx_4
noGesture,trainingSamples,raw_data/EMG-EPN612/testingJSON/user82/user82.json,idx_5
noGesture,trainingSamples,raw_data/EMG-EPN612/testingJSON/user82/user82.json,idx_6
noGesture,trainingSamples,raw_data/EMG-EPN612/testingJSON/user82/user82.json,idx_7
noGesture,trainingSamples,raw_data/EMG-EPN612/testingJSON/user82/user82.json,idx_8
noGesture,trainingSamples,raw_data/EMG-EPN612/testingJSON/user82/user82.json,idx_9
noGesture,trainingSamples,raw_data/EMG-EPN612/testingJSON/user82/user82.json,idx_10
noGesture,trainingSamples,raw_data/EMG-EPN612/testingJSON/user82/user82.json,idx_11
noGesture,trainingSamples,raw_data/EMG-EPN612/testingJSON/user82/user82.json,idx_12
noGesture,trainingSamples,raw_data/EMG-EPN612/testingJSON/user82/user82.json,idx_13
noGesture,trainingSamples,raw_data/EMG-EPN612/testingJSON/user82/user82.json,idx_14
noGesture,trainingSamples,raw_data/EMG-EPN612/testingJSON/user82/user82.json,idx_15
noGesture,trainingSamples,raw_data/EMG-EPN612/testingJSON/user82/user82.json,idx_16
noGesture,trainingSamples,raw_data/EMG-EPN612/testingJSON/user82/user82.json,idx_17
noGesture,trainingSamples,raw_data/EMG-EPN612/testingJSON/user82/user82.json,idx_18
noGesture,trainingSamples,raw_data/EMG-EPN612/testingJSON/user82/user82.json,idx_19
noGesture,trainingSamples,raw_data/EMG-EPN612/testingJSON/user82/user82.json,idx_20
noGesture,trainingSamples,raw_data/EMG-EPN612/testingJSON/user82/user82.json,idx_21
noGesture,trainingSamples,raw_data/EMG-EPN612/testingJSON/user82/user82.json,idx_22
noGesture,trainingSamples,raw_data/EMG-EPN612/testingJSON/user82/user82.json,idx_23
noGesture,trainingSamples,raw_data/EMG-EPN612/testingJSON/user82/user82.json,idx_24
noGesture,trainingSamples,raw_data/EMG-EPN612/testingJSON/user82/user82.json,idx_25
waveOut,trainingSamples,raw_data/EMG-EPN612/testingJSON/user82/user82.json,idx_26
waveOut,trainingSamples,raw_data/EMG-EPN612/testingJSON/user82/user82.json,idx_27
waveOut,trainingSamples,raw_data/EMG-EPN612/testingJSON/user82/user82.json,idx_28
waveOut,trainingSamples,raw_data/EMG-EPN612/testingJSON/user82/user82.json,idx_29
waveOut,trainingSamples,raw_data/EMG-EPN612/testingJSON/user82/user82.json,idx_30
waveOut,trainingSamples,raw_data/EMG-EPN612/testingJSON/user82/user82.json,idx_31
waveOut,trainingSamples,raw_data/EMG-EPN612/testingJSON/user82/user82.json,idx_32
waveOut,trainingSamples,raw_data/EMG-EPN612/testingJSON/user82/user82.json,idx_33
waveOut,trainingSamples,raw_data/EMG-EPN612/testingJSON/user82/user82.json,idx_34
waveOut,trainingSamples,raw_data/EMG-EPN612/testingJSON/user82/user82.json,idx_35
waveOut,trainingSamples,raw_data/EMG-EPN612/testingJSON/user82/user82.json,idx_36
waveOut,trainingSamples,raw_data/EMG-EPN612/testingJSON/user82/user82.json,idx_37
waveOut,trainingSamples,raw_data/EMG-EPN612/testingJSON/user82/user82.json,idx_38
waveOut,trainingSamples,raw_data/EMG-EPN612/testingJSON/user82/user82.json,idx_39
waveOut,trainingSamples,raw_data/EMG-EPN612/testingJSON/user82/user82.json,idx_40
waveOut,trainingSamples,raw_data/EMG-EPN612/testingJSON/user82/user82.json,idx_41
waveOut,trainingSamples,raw_data/EMG-EPN612/testingJSON/user82/user82.json,idx_42
waveOut,trainingSamples,raw_data/EMG-EPN612/testingJSON/user82/user82.json,idx_43
waveOut,trainingSamples,raw_data/EMG-EPN612/testingJSON/user82/user82.json,idx_44
waveOut,trainingSamples,raw_data/EMG-EPN612/testingJSON/user82/user82.json,idx_45
waveOut,trainingSamples,raw_data/EMG-EPN612/testingJSON/user82/user82.json,idx_46
waveOut,trainingSamples,raw_data/EMG-EPN612/testingJSON/user82/user82.json,idx_47
waveOut,trainingSamples,raw_data/EMG-EPN612/testingJSON/user82/user82.json,idx_48
waveOut,trainingSamples,raw_data/EMG-EPN612/testingJSON/user82/user82.json,idx_49
waveOut,trainingSamples,raw_data/EMG-EPN612/testingJSON/user82/user82.json,idx_50
pinch,trainingSamples,raw_data/EMG-EPN612/testingJSON/user82/user82.json,idx_51
pinch,trainingSamples,raw_data/EMG-EPN612/testingJSON/user82/user82.json,idx_52
pinch,trainingSamples,raw_data/EMG-EPN612/testingJSON/user82/user82.json,idx_53
pinch,trainingSamples,raw_data/EMG-EPN612/testingJSON/user82/user82.json,idx_54
pinch,trainingSamples,raw_data/EMG-EPN612/testingJSON/user82/user82.json,idx_55
pinch,trainingSamples,raw_data/EMG-EPN612/testingJSON/user82/user82.json,idx_56
pinch,trainingSamples,raw_data/EMG-EPN612/testingJSON/user82/user82.json,idx_57
pinch,trainingSamples,raw_data/EMG-EPN612/testingJSON/user82/user82.json,idx_58
pinch,trainingSamples,raw_data/EMG-EPN612/testingJSON/user82/user82.json,idx_59
pinch,trainingSamples,raw_data/EMG-EPN612/testingJSON/user82/user82.json,idx_60
pinch,trainingSamples,raw_data/EMG-EPN612/testingJSON/user82/user82.json,idx_61
pinch,trainingSamples,raw_data/EMG-EPN612/testingJSON/user82/user82.json,idx_62
pinch,trainingSamples,raw_data/EMG-EPN612/testingJSON/user82/user82.json,idx_63
pinch,trainingSamples,raw_data/EMG-EPN612/testingJSON/user82/user82.json,idx_64
pinch,trainingSamples,raw_data/EMG-EPN612/testingJSON/user82/user82.json,idx_65
pinch,trainingSamples,raw_data/EMG-EPN612/testingJSON/user82/user82.json,idx_66
pinch,trainingSamples,raw_data/EMG-EPN612/testingJSON/user82/user82.json,idx_67
pinch,trainingSamples,raw_data/EMG-EPN612/testingJSON/user82/user82.json,idx_68
pinch,trainingSamples,raw_data/EMG-EPN612/testingJSON/user82/user82.json,idx_69
pinch,trainingSamples,raw_data/EMG-EPN612/testingJSON/user82/user82.json,idx_70
pinch,trainingSamples,raw_data/EMG-EPN612/testingJSON/user82/user82.json,idx_71
pinch,trainingSamples,raw_data/EMG-EPN612/testingJSON/user82/user82.json,idx_72
pinch,trainingSamples,raw_data/EMG-EPN612/testingJSON/user82/user82.json,idx_73
pinch,trainingSamples,raw_data/EMG-EPN612/testingJSON/user82/user82.json,idx_74
pinch,trainingSamples,raw_data/EMG-EPN612/testingJSON/user82/user82.json,idx_75
fist,trainingSamples,raw_data/EMG-EPN612/testingJSON/user82/user82.json,idx_76
fist,trainingSamples,raw_data/EMG-EPN612/testingJSON/user82/user82.json,idx_77
fist,trainingSamples,raw_data/EMG-EPN612/testingJSON/user82/user82.json,idx_78
fist,trainingSamples,raw_data/EMG-EPN612/testingJSON/user82/user82.json,idx_79
fist,trainingSamples,raw_data/EMG-EPN612/testingJSON/user82/user82.json,idx_80
fist,trainingSamples,raw_data/EMG-EPN612/testingJSON/user82/user82.json,idx_81
fist,trainingSamples,raw_data/EMG-EPN612/testingJSON/user82/user82.json,idx_82
fist,trainingSamples,raw_data/EMG-EPN612/testingJSON/user82/user82.json,idx_83
fist,trainingSamples,raw_data/EMG-EPN612/testingJSON/user82/user82.json,idx_84
fist,trainingSamples,raw_data/EMG-EPN612/testingJSON/user82/user82.json,idx_85
fist,trainingSamples,raw_data/EMG-EPN612/testingJSON/user82/user82.json,idx_86
fist,trainingSamples,raw_data/EMG-EPN612/testingJSON/user82/user82.json,idx_87
fist,trainingSamples,raw_data/EMG-EPN612/testingJSON/user82/user82.json,idx_88
fist,trainingSamples,raw_data/EMG-EPN612/testingJSON/user82/user82.json,idx_89
fist,trainingSamples,raw_data/EMG-EPN612/testingJSON/user82/user82.json,idx_90
fist,trainingSamples,raw_data/EMG-EPN612/testingJSON/user82/user82.json,idx_91
fist,trainingSamples,raw_data/EMG-EPN612/testingJSON/user82/user82.json,idx_92
fist,trainingSamples,raw_data/EMG-EPN612/testingJSON/user82/user82.json,idx_93
fist,trainingSamples,raw_data/EMG-EPN612/testingJSON/user82/user82.json,idx_94
fist,trainingSamples,raw_data/EMG-EPN612/testingJSON/user82/user82.json,idx_95
fist,trainingSamples,raw_data/EMG-EPN612/testingJSON/user82/user82.json,idx_96
fist,trainingSamples,raw_data/EMG-EPN612/testingJSON/user82/user82.json,idx_97
fist,trainingSamples,raw_data/EMG-EPN612/testingJSON/user82/user82.json,idx_98
fist,trainingSamples,raw_data/EMG-EPN612/testingJSON/user82/user82.json,idx_99
fist,trainingSamples,raw_data/EMG-EPN612/testingJSON/user82/user82.json,idx_100
waveIn,trainingSamples,raw_data/EMG-EPN612/testingJSON/user82/user82.json,idx_101
waveIn,trainingSamples,raw_data/EMG-EPN612/testingJSON/user82/user82.json,idx_102
waveIn,trainingSamples,raw_data/EMG-EPN612/testingJSON/user82/user82.json,idx_103
waveIn,trainingSamples,raw_data/EMG-EPN612/testingJSON/user82/user82.json,idx_104
waveIn,trainingSamples,raw_data/EMG-EPN612/testingJSON/user82/user82.json,idx_105
waveIn,trainingSamples,raw_data/EMG-EPN612/testingJSON/user82/user82.json,idx_106
waveIn,trainingSamples,raw_data/EMG-EPN612/testingJSON/user82/user82.json,idx_107
waveIn,trainingSamples,raw_data/EMG-EPN612/testingJSON/user82/user82.json,idx_108
waveIn,trainingSamples,raw_data/EMG-EPN612/testingJSON/user82/user82.json,idx_109
waveIn,trainingSamples,raw_data/EMG-EPN612/testingJSON/user82/user82.json,idx_110
waveIn,trainingSamples,raw_data/EMG-EPN612/testingJSON/user82/user82.json,idx_111
waveIn,trainingSamples,raw_data/EMG-EPN612/testingJSON/user82/user82.json,idx_112
waveIn,trainingSamples,raw_data/EMG-EPN612/testingJSON/user82/user82.json,idx_113
waveIn,trainingSamples,raw_data/EMG-EPN612/testingJSON/user82/user82.json,idx_114
waveIn,trainingSamples,raw_data/EMG-EPN612/testingJSON/user82/user82.json,idx_115
waveIn,trainingSamples,raw_data/EMG-EPN612/testingJSON/user82/user82.json,idx_116
waveIn,trainingSamples,raw_data/EMG-EPN612/testingJSON/user82/user82.json,idx_117
waveIn,trainingSamples,raw_data/EMG-EPN612/testingJSON/user82/user82.json,idx_118
waveIn,trainingSamples,raw_data/EMG-EPN612/testingJSON/user82/user82.json,idx_119
waveIn,trainingSamples,raw_data/EMG-EPN612/testingJSON/user82/user82.json,idx_120
waveIn,trainingSamples,raw_data/EMG-EPN612/testingJSON/user82/user82.json,idx_121
waveIn,trainingSamples,raw_data/EMG-EPN612/testingJSON/user82/user82.json,idx_122
waveIn,trainingSamples,raw_data/EMG-EPN612/testingJSON/user82/user82.json,idx_123
waveIn,trainingSamples,raw_data/EMG-EPN612/testingJSON/user82/user82.json,idx_124
waveIn,trainingSamples,raw_data/EMG-EPN612/testingJSON/user82/user82.json,idx_125
open,trainingSamples,raw_data/EMG-EPN612/testingJSON/user82/user82.json,idx_126
open,trainingSamples,raw_data/EMG-EPN612/testingJSON/user82/user82.json,idx_127
open,trainingSamples,raw_data/EMG-EPN612/testingJSON/user82/user82.json,idx_128
open,trainingSamples,raw_data/EMG-EPN612/testingJSON/user82/user82.json,idx_129
open,trainingSamples,raw_data/EMG-EPN612/testingJSON/user82/user82.json,idx_130
open,trainingSamples,raw_data/EMG-EPN612/testingJSON/user82/user82.json,idx_131
open,trainingSamples,raw_data/EMG-EPN612/testingJSON/user82/user82.json,idx_132
open,trainingSamples,raw_data/EMG-EPN612/testingJSON/user82/user82.json,idx_133
open,trainingSamples,raw_data/EMG-EPN612/testingJSON/user82/user82.json,idx_134
open,trainingSamples,raw_data/EMG-EPN612/testingJSON/user82/user82.json,idx_135
open,trainingSamples,raw_data/EMG-EPN612/testingJSON/user82/user82.json,idx_136
open,trainingSamples,raw_data/EMG-EPN612/testingJSON/user82/user82.json,idx_137
open,trainingSamples,raw_data/EMG-EPN612/testingJSON/user82/user82.json,idx_138
open,trainingSamples,raw_data/EMG-EPN612/testingJSON/user82/user82.json,idx_139
open,trainingSamples,raw_data/EMG-EPN612/testingJSON/user82/user82.json,idx_140
open,trainingSamples,raw_data/EMG-EPN612/testingJSON/user82/user82.json,idx_141
open,trainingSamples,raw_data/EMG-EPN612/testingJSON/user82/user82.json,idx_142
open,trainingSamples,raw_data/EMG-EPN612/testingJSON/user82/user82.json,idx_143
open,trainingSamples,raw_data/EMG-EPN612/testingJSON/user82/user82.json,idx_144
open,trainingSamples,raw_data/EMG-EPN612/testingJSON/user82/user82.json,idx_145
open,trainingSamples,raw_data/EMG-EPN612/testingJSON/user82/user82.json,idx_146
open,trainingSamples,raw_data/EMG-EPN612/testingJSON/user82/user82.json,idx_147
open,trainingSamples,raw_data/EMG-EPN612/testingJSON/user82/user82.json,idx_148
open,trainingSamples,raw_data/EMG-EPN612/testingJSON/user82/user82.json,idx_149
open,trainingSamples,raw_data/EMG-EPN612/testingJSON/user82/user82.json,idx_150
noGesture,trainingSamples,raw_data/EMG-EPN612/testingJSON/user83/user83.json,idx_1
noGesture,trainingSamples,raw_data/EMG-EPN612/testingJSON/user83/user83.json,idx_2
noGesture,trainingSamples,raw_data/EMG-EPN612/testingJSON/user83/user83.json,idx_3
noGesture,trainingSamples,raw_data/EMG-EPN612/testingJSON/user83/user83.json,idx_4
noGesture,trainingSamples,raw_data/EMG-EPN612/testingJSON/user83/user83.json,idx_5
noGesture,trainingSamples,raw_data/EMG-EPN612/testingJSON/user83/user83.json,idx_6
noGesture,trainingSamples,raw_data/EMG-EPN612/testingJSON/user83/user83.json,idx_7
noGesture,trainingSamples,raw_data/EMG-EPN612/testingJSON/user83/user83.json,idx_8
noGesture,trainingSamples,raw_data/EMG-EPN612/testingJSON/user83/user83.json,idx_9
noGesture,trainingSamples,raw_data/EMG-EPN612/testingJSON/user83/user83.json,idx_10
noGesture,trainingSamples,raw_data/EMG-EPN612/testingJSON/user83/user83.json,idx_11
noGesture,trainingSamples,raw_data/EMG-EPN612/testingJSON/user83/user83.json,idx_12
noGesture,trainingSamples,raw_data/EMG-EPN612/testingJSON/user83/user83.json,idx_13
noGesture,trainingSamples,raw_data/EMG-EPN612/testingJSON/user83/user83.json,idx_14
noGesture,trainingSamples,raw_data/EMG-EPN612/testingJSON/user83/user83.json,idx_15
noGesture,trainingSamples,raw_data/EMG-EPN612/testingJSON/user83/user83.json,idx_16
noGesture,trainingSamples,raw_data/EMG-EPN612/testingJSON/user83/user83.json,idx_17
noGesture,trainingSamples,raw_data/EMG-EPN612/testingJSON/user83/user83.json,idx_18
noGesture,trainingSamples,raw_data/EMG-EPN612/testingJSON/user83/user83.json,idx_19
noGesture,trainingSamples,raw_data/EMG-EPN612/testingJSON/user83/user83.json,idx_20
noGesture,trainingSamples,raw_data/EMG-EPN612/testingJSON/user83/user83.json,idx_21
noGesture,trainingSamples,raw_data/EMG-EPN612/testingJSON/user83/user83.json,idx_22
noGesture,trainingSamples,raw_data/EMG-EPN612/testingJSON/user83/user83.json,idx_23
noGesture,trainingSamples,raw_data/EMG-EPN612/testingJSON/user83/user83.json,idx_24
noGesture,trainingSamples,raw_data/EMG-EPN612/testingJSON/user83/user83.json,idx_25
waveOut,trainingSamples,raw_data/EMG-EPN612/testingJSON/user83/user83.json,idx_26
waveOut,trainingSamples,raw_data/EMG-EPN612/testingJSON/user83/user83.json,idx_27
waveOut,trainingSamples,raw_data/EMG-EPN612/testingJSON/user83/user83.json,idx_28
waveOut,trainingSamples,raw_data/EMG-EPN612/testingJSON/user83/user83.json,idx_29
waveOut,trainingSamples,raw_data/EMG-EPN612/testingJSON/user83/user83.json,idx_30
waveOut,trainingSamples,raw_data/EMG-EPN612/testingJSON/user83/user83.json,idx_31
waveOut,trainingSamples,raw_data/EMG-EPN612/testingJSON/user83/user83.json,idx_32
waveOut,trainingSamples,raw_data/EMG-EPN612/testingJSON/user83/user83.json,idx_33
waveOut,trainingSamples,raw_data/EMG-EPN612/testingJSON/user83/user83.json,idx_34
waveOut,trainingSamples,raw_data/EMG-EPN612/testingJSON/user83/user83.json,idx_35
waveOut,trainingSamples,raw_data/EMG-EPN612/testingJSON/user83/user83.json,idx_36
waveOut,trainingSamples,raw_data/EMG-EPN612/testingJSON/user83/user83.json,idx_37
waveOut,trainingSamples,raw_data/EMG-EPN612/testingJSON/user83/user83.json,idx_38
waveOut,trainingSamples,raw_data/EMG-EPN612/testingJSON/user83/user83.json,idx_39
waveOut,trainingSamples,raw_data/EMG-EPN612/testingJSON/user83/user83.json,idx_40
waveOut,trainingSamples,raw_data/EMG-EPN612/testingJSON/user83/user83.json,idx_41
waveOut,trainingSamples,raw_data/EMG-EPN612/testingJSON/user83/user83.json,idx_42
waveOut,trainingSamples,raw_data/EMG-EPN612/testingJSON/user83/user83.json,idx_43
waveOut,trainingSamples,raw_data/EMG-EPN612/testingJSON/user83/user83.json,idx_44
waveOut,trainingSamples,raw_data/EMG-EPN612/testingJSON/user83/user83.json,idx_45
waveOut,trainingSamples,raw_data/EMG-EPN612/testingJSON/user83/user83.json,idx_46
waveOut,trainingSamples,raw_data/EMG-EPN612/testingJSON/user83/user83.json,idx_47
waveOut,trainingSamples,raw_data/EMG-EPN612/testingJSON/user83/user83.json,idx_48
waveOut,trainingSamples,raw_data/EMG-EPN612/testingJSON/user83/user83.json,idx_49
waveOut,trainingSamples,raw_data/EMG-EPN612/testingJSON/user83/user83.json,idx_50
pinch,trainingSamples,raw_data/EMG-EPN612/testingJSON/user83/user83.json,idx_51
pinch,trainingSamples,raw_data/EMG-EPN612/testingJSON/user83/user83.json,idx_52
pinch,trainingSamples,raw_data/EMG-EPN612/testingJSON/user83/user83.json,idx_53
pinch,trainingSamples,raw_data/EMG-EPN612/testingJSON/user83/user83.json,idx_54
pinch,trainingSamples,raw_data/EMG-EPN612/testingJSON/user83/user83.json,idx_55
pinch,trainingSamples,raw_data/EMG-EPN612/testingJSON/user83/user83.json,idx_56
pinch,trainingSamples,raw_data/EMG-EPN612/testingJSON/user83/user83.json,idx_57
pinch,trainingSamples,raw_data/EMG-EPN612/testingJSON/user83/user83.json,idx_58
pinch,trainingSamples,raw_data/EMG-EPN612/testingJSON/user83/user83.json,idx_59
pinch,trainingSamples,raw_data/EMG-EPN612/testingJSON/user83/user83.json,idx_60
pinch,trainingSamples,raw_data/EMG-EPN612/testingJSON/user83/user83.json,idx_61
pinch,trainingSamples,raw_data/EMG-EPN612/testingJSON/user83/user83.json,idx_62
pinch,trainingSamples,raw_data/EMG-EPN612/testingJSON/user83/user83.json,idx_63
pinch,trainingSamples,raw_data/EMG-EPN612/testingJSON/user83/user83.json,idx_64
pinch,trainingSamples,raw_data/EMG-EPN612/testingJSON/user83/user83.json,idx_65
pinch,trainingSamples,raw_data/EMG-EPN612/testingJSON/user83/user83.json,idx_66
pinch,trainingSamples,raw_data/EMG-EPN612/testingJSON/user83/user83.json,idx_67
pinch,trainingSamples,raw_data/EMG-EPN612/testingJSON/user83/user83.json,idx_68
pinch,trainingSamples,raw_data/EMG-EPN612/testingJSON/user83/user83.json,idx_69
pinch,trainingSamples,raw_data/EMG-EPN612/testingJSON/user83/user83.json,idx_70
pinch,trainingSamples,raw_data/EMG-EPN612/testingJSON/user83/user83.json,idx_71
pinch,trainingSamples,raw_data/EMG-EPN612/testingJSON/user83/user83.json,idx_72
pinch,trainingSamples,raw_data/EMG-EPN612/testingJSON/user83/user83.json,idx_73
pinch,trainingSamples,raw_data/EMG-EPN612/testingJSON/user83/user83.json,idx_74
pinch,trainingSamples,raw_data/EMG-EPN612/testingJSON/user83/user83.json,idx_75
fist,trainingSamples,raw_data/EMG-EPN612/testingJSON/user83/user83.json,idx_76
fist,trainingSamples,raw_data/EMG-EPN612/testingJSON/user83/user83.json,idx_77
fist,trainingSamples,raw_data/EMG-EPN612/testingJSON/user83/user83.json,idx_78
fist,trainingSamples,raw_data/EMG-EPN612/testingJSON/user83/user83.json,idx_79
fist,trainingSamples,raw_data/EMG-EPN612/testingJSON/user83/user83.json,idx_80
fist,trainingSamples,raw_data/EMG-EPN612/testingJSON/user83/user83.json,idx_81
fist,trainingSamples,raw_data/EMG-EPN612/testingJSON/user83/user83.json,idx_82
fist,trainingSamples,raw_data/EMG-EPN612/testingJSON/user83/user83.json,idx_83
fist,trainingSamples,raw_data/EMG-EPN612/testingJSON/user83/user83.json,idx_84
fist,trainingSamples,raw_data/EMG-EPN612/testingJSON/user83/user83.json,idx_85
fist,trainingSamples,raw_data/EMG-EPN612/testingJSON/user83/user83.json,idx_86
fist,trainingSamples,raw_data/EMG-EPN612/testingJSON/user83/user83.json,idx_87
fist,trainingSamples,raw_data/EMG-EPN612/testingJSON/user83/user83.json,idx_88
fist,trainingSamples,raw_data/EMG-EPN612/testingJSON/user83/user83.json,idx_89
fist,trainingSamples,raw_data/EMG-EPN612/testingJSON/user83/user83.json,idx_90
fist,trainingSamples,raw_data/EMG-EPN612/testingJSON/user83/user83.json,idx_91
fist,trainingSamples,raw_data/EMG-EPN612/testingJSON/user83/user83.json,idx_92
fist,trainingSamples,raw_data/EMG-EPN612/testingJSON/user83/user83.json,idx_93
fist,trainingSamples,raw_data/EMG-EPN612/testingJSON/user83/user83.json,idx_94
fist,trainingSamples,raw_data/EMG-EPN612/testingJSON/user83/user83.json,idx_95
fist,trainingSamples,raw_data/EMG-EPN612/testingJSON/user83/user83.json,idx_96
fist,trainingSamples,raw_data/EMG-EPN612/testingJSON/user83/user83.json,idx_97
fist,trainingSamples,raw_data/EMG-EPN612/testingJSON/user83/user83.json,idx_98
fist,trainingSamples,raw_data/EMG-EPN612/testingJSON/user83/user83.json,idx_99
fist,trainingSamples,raw_data/EMG-EPN612/testingJSON/user83/user83.json,idx_100
waveIn,trainingSamples,raw_data/EMG-EPN612/testingJSON/user83/user83.json,idx_101
waveIn,trainingSamples,raw_data/EMG-EPN612/testingJSON/user83/user83.json,idx_102
waveIn,trainingSamples,raw_data/EMG-EPN612/testingJSON/user83/user83.json,idx_103
waveIn,trainingSamples,raw_data/EMG-EPN612/testingJSON/user83/user83.json,idx_104
waveIn,trainingSamples,raw_data/EMG-EPN612/testingJSON/user83/user83.json,idx_105
waveIn,trainingSamples,raw_data/EMG-EPN612/testingJSON/user83/user83.json,idx_106
waveIn,trainingSamples,raw_data/EMG-EPN612/testingJSON/user83/user83.json,idx_107
waveIn,trainingSamples,raw_data/EMG-EPN612/testingJSON/user83/user83.json,idx_108
waveIn,trainingSamples,raw_data/EMG-EPN612/testingJSON/user83/user83.json,idx_109
waveIn,trainingSamples,raw_data/EMG-EPN612/testingJSON/user83/user83.json,idx_110
waveIn,trainingSamples,raw_data/EMG-EPN612/testingJSON/user83/user83.json,idx_111
waveIn,trainingSamples,raw_data/EMG-EPN612/testingJSON/user83/user83.json,idx_112
waveIn,trainingSamples,raw_data/EMG-EPN612/testingJSON/user83/user83.json,idx_113
waveIn,trainingSamples,raw_data/EMG-EPN612/testingJSON/user83/user83.json,idx_114
waveIn,trainingSamples,raw_data/EMG-EPN612/testingJSON/user83/user83.json,idx_115
waveIn,trainingSamples,raw_data/EMG-EPN612/testingJSON/user83/user83.json,idx_116
waveIn,trainingSamples,raw_data/EMG-EPN612/testingJSON/user83/user83.json,idx_117
waveIn,trainingSamples,raw_data/EMG-EPN612/testingJSON/user83/user83.json,idx_118
waveIn,trainingSamples,raw_data/EMG-EPN612/testingJSON/user83/user83.json,idx_119
waveIn,trainingSamples,raw_data/EMG-EPN612/testingJSON/user83/user83.json,idx_120
waveIn,trainingSamples,raw_data/EMG-EPN612/testingJSON/user83/user83.json,idx_121
waveIn,trainingSamples,raw_data/EMG-EPN612/testingJSON/user83/user83.json,idx_122
waveIn,trainingSamples,raw_data/EMG-EPN612/testingJSON/user83/user83.json,idx_123
waveIn,trainingSamples,raw_data/EMG-EPN612/testingJSON/user83/user83.json,idx_124
waveIn,trainingSamples,raw_data/EMG-EPN612/testingJSON/user83/user83.json,idx_125
open,trainingSamples,raw_data/EMG-EPN612/testingJSON/user83/user83.json,idx_126
open,trainingSamples,raw_data/EMG-EPN612/testingJSON/user83/user83.json,idx_127
open,trainingSamples,raw_data/EMG-EPN612/testingJSON/user83/user83.json,idx_128
open,trainingSamples,raw_data/EMG-EPN612/testingJSON/user83/user83.json,idx_129
open,trainingSamples,raw_data/EMG-EPN612/testingJSON/user83/user83.json,idx_130
open,trainingSamples,raw_data/EMG-EPN612/testingJSON/user83/user83.json,idx_131
open,trainingSamples,raw_data/EMG-EPN612/testingJSON/user83/user83.json,idx_132
open,trainingSamples,raw_data/EMG-EPN612/testingJSON/user83/user83.json,idx_133
open,trainingSamples,raw_data/EMG-EPN612/testingJSON/user83/user83.json,idx_134
open,trainingSamples,raw_data/EMG-EPN612/testingJSON/user83/user83.json,idx_135
open,trainingSamples,raw_data/EMG-EPN612/testingJSON/user83/user83.json,idx_136
open,trainingSamples,raw_data/EMG-EPN612/testingJSON/user83/user83.json,idx_137
open,trainingSamples,raw_data/EMG-EPN612/testingJSON/user83/user83.json,idx_138
open,trainingSamples,raw_data/EMG-EPN612/testingJSON/user83/user83.json,idx_139
open,trainingSamples,raw_data/EMG-EPN612/testingJSON/user83/user83.json,idx_140
open,trainingSamples,raw_data/EMG-EPN612/testingJSON/user83/user83.json,idx_141
open,trainingSamples,raw_data/EMG-EPN612/testingJSON/user83/user83.json,idx_142
open,trainingSamples,raw_data/EMG-EPN612/testingJSON/user83/user83.json,idx_143
open,trainingSamples,raw_data/EMG-EPN612/testingJSON/user83/user83.json,idx_144
open,trainingSamples,raw_data/EMG-EPN612/testingJSON/user83/user83.json,idx_145
open,trainingSamples,raw_data/EMG-EPN612/testingJSON/user83/user83.json,idx_146
open,trainingSamples,raw_data/EMG-EPN612/testingJSON/user83/user83.json,idx_147
open,trainingSamples,raw_data/EMG-EPN612/testingJSON/user83/user83.json,idx_148
open,trainingSamples,raw_data/EMG-EPN612/testingJSON/user83/user83.json,idx_149
open,trainingSamples,raw_data/EMG-EPN612/testingJSON/user83/user83.json,idx_150
noGesture,trainingSamples,raw_data/EMG-EPN612/testingJSON/user84/user84.json,idx_1
noGesture,trainingSamples,raw_data/EMG-EPN612/testingJSON/user84/user84.json,idx_2
noGesture,trainingSamples,raw_data/EMG-EPN612/testingJSON/user84/user84.json,idx_3
noGesture,trainingSamples,raw_data/EMG-EPN612/testingJSON/user84/user84.json,idx_4
noGesture,trainingSamples,raw_data/EMG-EPN612/testingJSON/user84/user84.json,idx_5
noGesture,trainingSamples,raw_data/EMG-EPN612/testingJSON/user84/user84.json,idx_6
noGesture,trainingSamples,raw_data/EMG-EPN612/testingJSON/user84/user84.json,idx_7
noGesture,trainingSamples,raw_data/EMG-EPN612/testingJSON/user84/user84.json,idx_8
noGesture,trainingSamples,raw_data/EMG-EPN612/testingJSON/user84/user84.json,idx_9
noGesture,trainingSamples,raw_data/EMG-EPN612/testingJSON/user84/user84.json,idx_10
noGesture,trainingSamples,raw_data/EMG-EPN612/testingJSON/user84/user84.json,idx_11
noGesture,trainingSamples,raw_data/EMG-EPN612/testingJSON/user84/user84.json,idx_12
noGesture,trainingSamples,raw_data/EMG-EPN612/testingJSON/user84/user84.json,idx_13
noGesture,trainingSamples,raw_data/EMG-EPN612/testingJSON/user84/user84.json,idx_14
noGesture,trainingSamples,raw_data/EMG-EPN612/testingJSON/user84/user84.json,idx_15
noGesture,trainingSamples,raw_data/EMG-EPN612/testingJSON/user84/user84.json,idx_16
noGesture,trainingSamples,raw_data/EMG-EPN612/testingJSON/user84/user84.json,idx_17
noGesture,trainingSamples,raw_data/EMG-EPN612/testingJSON/user84/user84.json,idx_18
noGesture,trainingSamples,raw_data/EMG-EPN612/testingJSON/user84/user84.json,idx_19
noGesture,trainingSamples,raw_data/EMG-EPN612/testingJSON/user84/user84.json,idx_20
noGesture,trainingSamples,raw_data/EMG-EPN612/testingJSON/user84/user84.json,idx_21
noGesture,trainingSamples,raw_data/EMG-EPN612/testingJSON/user84/user84.json,idx_22
noGesture,trainingSamples,raw_data/EMG-EPN612/testingJSON/user84/user84.json,idx_23
noGesture,trainingSamples,raw_data/EMG-EPN612/testingJSON/user84/user84.json,idx_24
noGesture,trainingSamples,raw_data/EMG-EPN612/testingJSON/user84/user84.json,idx_25
fist,trainingSamples,raw_data/EMG-EPN612/testingJSON/user84/user84.json,idx_26
fist,trainingSamples,raw_data/EMG-EPN612/testingJSON/user84/user84.json,idx_27
fist,trainingSamples,raw_data/EMG-EPN612/testingJSON/user84/user84.json,idx_28
fist,trainingSamples,raw_data/EMG-EPN612/testingJSON/user84/user84.json,idx_29
fist,trainingSamples,raw_data/EMG-EPN612/testingJSON/user84/user84.json,idx_30
fist,trainingSamples,raw_data/EMG-EPN612/testingJSON/user84/user84.json,idx_31
fist,trainingSamples,raw_data/EMG-EPN612/testingJSON/user84/user84.json,idx_32
fist,trainingSamples,raw_data/EMG-EPN612/testingJSON/user84/user84.json,idx_33
fist,trainingSamples,raw_data/EMG-EPN612/testingJSON/user84/user84.json,idx_34
fist,trainingSamples,raw_data/EMG-EPN612/testingJSON/user84/user84.json,idx_35
fist,trainingSamples,raw_data/EMG-EPN612/testingJSON/user84/user84.json,idx_36
fist,trainingSamples,raw_data/EMG-EPN612/testingJSON/user84/user84.json,idx_37
fist,trainingSamples,raw_data/EMG-EPN612/testingJSON/user84/user84.json,idx_38
fist,trainingSamples,raw_data/EMG-EPN612/testingJSON/user84/user84.json,idx_39
fist,trainingSamples,raw_data/EMG-EPN612/testingJSON/user84/user84.json,idx_40
fist,trainingSamples,raw_data/EMG-EPN612/testingJSON/user84/user84.json,idx_41
fist,trainingSamples,raw_data/EMG-EPN612/testingJSON/user84/user84.json,idx_42
fist,trainingSamples,raw_data/EMG-EPN612/testingJSON/user84/user84.json,idx_43
fist,trainingSamples,raw_data/EMG-EPN612/testingJSON/user84/user84.json,idx_44
fist,trainingSamples,raw_data/EMG-EPN612/testingJSON/user84/user84.json,idx_45
fist,trainingSamples,raw_data/EMG-EPN612/testingJSON/user84/user84.json,idx_46
fist,trainingSamples,raw_data/EMG-EPN612/testingJSON/user84/user84.json,idx_47
fist,trainingSamples,raw_data/EMG-EPN612/testingJSON/user84/user84.json,idx_48
fist,trainingSamples,raw_data/EMG-EPN612/testingJSON/user84/user84.json,idx_49
fist,trainingSamples,raw_data/EMG-EPN612/testingJSON/user84/user84.json,idx_50
waveOut,trainingSamples,raw_data/EMG-EPN612/testingJSON/user84/user84.json,idx_51
waveOut,trainingSamples,raw_data/EMG-EPN612/testingJSON/user84/user84.json,idx_52
waveOut,trainingSamples,raw_data/EMG-EPN612/testingJSON/user84/user84.json,idx_53
waveOut,trainingSamples,raw_data/EMG-EPN612/testingJSON/user84/user84.json,idx_54
waveOut,trainingSamples,raw_data/EMG-EPN612/testingJSON/user84/user84.json,idx_55
waveOut,trainingSamples,raw_data/EMG-EPN612/testingJSON/user84/user84.json,idx_56
waveOut,trainingSamples,raw_data/EMG-EPN612/testingJSON/user84/user84.json,idx_57
waveOut,trainingSamples,raw_data/EMG-EPN612/testingJSON/user84/user84.json,idx_58
waveOut,trainingSamples,raw_data/EMG-EPN612/testingJSON/user84/user84.json,idx_59
waveOut,trainingSamples,raw_data/EMG-EPN612/testingJSON/user84/user84.json,idx_60
waveOut,trainingSamples,raw_data/EMG-EPN612/testingJSON/user84/user84.json,idx_61
waveOut,trainingSamples,raw_data/EMG-EPN612/testingJSON/user84/user84.json,idx_62
waveOut,trainingSamples,raw_data/EMG-EPN612/testingJSON/user84/user84.json,idx_63
waveOut,trainingSamples,raw_data/EMG-EPN612/testingJSON/user84/user84.json,idx_64
waveOut,trainingSamples,raw_data/EMG-EPN612/testingJSON/user84/user84.json,idx_65
waveOut,trainingSamples,raw_data/EMG-EPN612/testingJSON/user84/user84.json,idx_66
waveOut,trainingSamples,raw_data/EMG-EPN612/testingJSON/user84/user84.json,idx_67
waveOut,trainingSamples,raw_data/EMG-EPN612/testingJSON/user84/user84.json,idx_68
waveOut,trainingSamples,raw_data/EMG-EPN612/testingJSON/user84/user84.json,idx_69
waveOut,trainingSamples,raw_data/EMG-EPN612/testingJSON/user84/user84.json,idx_70
waveOut,trainingSamples,raw_data/EMG-EPN612/testingJSON/user84/user84.json,idx_71
waveOut,trainingSamples,raw_data/EMG-EPN612/testingJSON/user84/user84.json,idx_72
waveOut,trainingSamples,raw_data/EMG-EPN612/testingJSON/user84/user84.json,idx_73
waveOut,trainingSamples,raw_data/EMG-EPN612/testingJSON/user84/user84.json,idx_74
waveOut,trainingSamples,raw_data/EMG-EPN612/testingJSON/user84/user84.json,idx_75
open,trainingSamples,raw_data/EMG-EPN612/testingJSON/user84/user84.json,idx_76
open,trainingSamples,raw_data/EMG-EPN612/testingJSON/user84/user84.json,idx_77
open,trainingSamples,raw_data/EMG-EPN612/testingJSON/user84/user84.json,idx_78
open,trainingSamples,raw_data/EMG-EPN612/testingJSON/user84/user84.json,idx_79
open,trainingSamples,raw_data/EMG-EPN612/testingJSON/user84/user84.json,idx_80
open,trainingSamples,raw_data/EMG-EPN612/testingJSON/user84/user84.json,idx_81
open,trainingSamples,raw_data/EMG-EPN612/testingJSON/user84/user84.json,idx_82
open,trainingSamples,raw_data/EMG-EPN612/testingJSON/user84/user84.json,idx_83
open,trainingSamples,raw_data/EMG-EPN612/testingJSON/user84/user84.json,idx_84
open,trainingSamples,raw_data/EMG-EPN612/testingJSON/user84/user84.json,idx_85
open,trainingSamples,raw_data/EMG-EPN612/testingJSON/user84/user84.json,idx_86
open,trainingSamples,raw_data/EMG-EPN612/testingJSON/user84/user84.json,idx_87
open,trainingSamples,raw_data/EMG-EPN612/testingJSON/user84/user84.json,idx_88
open,trainingSamples,raw_data/EMG-EPN612/testingJSON/user84/user84.json,idx_89
open,trainingSamples,raw_data/EMG-EPN612/testingJSON/user84/user84.json,idx_90
open,trainingSamples,raw_data/EMG-EPN612/testingJSON/user84/user84.json,idx_91
open,trainingSamples,raw_data/EMG-EPN612/testingJSON/user84/user84.json,idx_92
open,trainingSamples,raw_data/EMG-EPN612/testingJSON/user84/user84.json,idx_93
open,trainingSamples,raw_data/EMG-EPN612/testingJSON/user84/user84.json,idx_94
open,trainingSamples,raw_data/EMG-EPN612/testingJSON/user84/user84.json,idx_95
open,trainingSamples,raw_data/EMG-EPN612/testingJSON/user84/user84.json,idx_96
open,trainingSamples,raw_data/EMG-EPN612/testingJSON/user84/user84.json,idx_97
open,trainingSamples,raw_data/EMG-EPN612/testingJSON/user84/user84.json,idx_98
open,trainingSamples,raw_data/EMG-EPN612/testingJSON/user84/user84.json,idx_99
open,trainingSamples,raw_data/EMG-EPN612/testingJSON/user84/user84.json,idx_100
waveIn,trainingSamples,raw_data/EMG-EPN612/testingJSON/user84/user84.json,idx_101
waveIn,trainingSamples,raw_data/EMG-EPN612/testingJSON/user84/user84.json,idx_102
waveIn,trainingSamples,raw_data/EMG-EPN612/testingJSON/user84/user84.json,idx_103
waveIn,trainingSamples,raw_data/EMG-EPN612/testingJSON/user84/user84.json,idx_104
waveIn,trainingSamples,raw_data/EMG-EPN612/testingJSON/user84/user84.json,idx_105
waveIn,trainingSamples,raw_data/EMG-EPN612/testingJSON/user84/user84.json,idx_106
waveIn,trainingSamples,raw_data/EMG-EPN612/testingJSON/user84/user84.json,idx_107
waveIn,trainingSamples,raw_data/EMG-EPN612/testingJSON/user84/user84.json,idx_108
waveIn,trainingSamples,raw_data/EMG-EPN612/testingJSON/user84/user84.json,idx_109
waveIn,trainingSamples,raw_data/EMG-EPN612/testingJSON/user84/user84.json,idx_110
waveIn,trainingSamples,raw_data/EMG-EPN612/testingJSON/user84/user84.json,idx_111
waveIn,trainingSamples,raw_data/EMG-EPN612/testingJSON/user84/user84.json,idx_112
waveIn,trainingSamples,raw_data/EMG-EPN612/testingJSON/user84/user84.json,idx_113
waveIn,trainingSamples,raw_data/EMG-EPN612/testingJSON/user84/user84.json,idx_114
waveIn,trainingSamples,raw_data/EMG-EPN612/testingJSON/user84/user84.json,idx_115
waveIn,trainingSamples,raw_data/EMG-EPN612/testingJSON/user84/user84.json,idx_116
waveIn,trainingSamples,raw_data/EMG-EPN612/testingJSON/user84/user84.json,idx_117
waveIn,trainingSamples,raw_data/EMG-EPN612/testingJSON/user84/user84.json,idx_118
waveIn,trainingSamples,raw_data/EMG-EPN612/testingJSON/user84/user84.json,idx_119
waveIn,trainingSamples,raw_data/EMG-EPN612/testingJSON/user84/user84.json,idx_120
waveIn,trainingSamples,raw_data/EMG-EPN612/testingJSON/user84/user84.json,idx_121
waveIn,trainingSamples,raw_data/EMG-EPN612/testingJSON/user84/user84.json,idx_122
waveIn,trainingSamples,raw_data/EMG-EPN612/testingJSON/user84/user84.json,idx_123
waveIn,trainingSamples,raw_data/EMG-EPN612/testingJSON/user84/user84.json,idx_124
waveIn,trainingSamples,raw_data/EMG-EPN612/testingJSON/user84/user84.json,idx_125
pinch,trainingSamples,raw_data/EMG-EPN612/testingJSON/user84/user84.json,idx_126
pinch,trainingSamples,raw_data/EMG-EPN612/testingJSON/user84/user84.json,idx_127
pinch,trainingSamples,raw_data/EMG-EPN612/testingJSON/user84/user84.json,idx_128
pinch,trainingSamples,raw_data/EMG-EPN612/testingJSON/user84/user84.json,idx_129
pinch,trainingSamples,raw_data/EMG-EPN612/testingJSON/user84/user84.json,idx_130
pinch,trainingSamples,raw_data/EMG-EPN612/testingJSON/user84/user84.json,idx_131
pinch,trainingSamples,raw_data/EMG-EPN612/testingJSON/user84/user84.json,idx_132
pinch,trainingSamples,raw_data/EMG-EPN612/testingJSON/user84/user84.json,idx_133
pinch,trainingSamples,raw_data/EMG-EPN612/testingJSON/user84/user84.json,idx_134
pinch,trainingSamples,raw_data/EMG-EPN612/testingJSON/user84/user84.json,idx_135
pinch,trainingSamples,raw_data/EMG-EPN612/testingJSON/user84/user84.json,idx_136
pinch,trainingSamples,raw_data/EMG-EPN612/testingJSON/user84/user84.json,idx_137
pinch,trainingSamples,raw_data/EMG-EPN612/testingJSON/user84/user84.json,idx_138
pinch,trainingSamples,raw_data/EMG-EPN612/testingJSON/user84/user84.json,idx_139
pinch,trainingSamples,raw_data/EMG-EPN612/testingJSON/user84/user84.json,idx_140
pinch,trainingSamples,raw_data/EMG-EPN612/testingJSON/user84/user84.json,idx_141
pinch,trainingSamples,raw_data/EMG-EPN612/testingJSON/user84/user84.json,idx_142
pinch,trainingSamples,raw_data/EMG-EPN612/testingJSON/user84/user84.json,idx_143
pinch,trainingSamples,raw_data/EMG-EPN612/testingJSON/user84/user84.json,idx_144
pinch,trainingSamples,raw_data/EMG-EPN612/testingJSON/user84/user84.json,idx_145
pinch,trainingSamples,raw_data/EMG-EPN612/testingJSON/user84/user84.json,idx_146
pinch,trainingSamples,raw_data/EMG-EPN612/testingJSON/user84/user84.json,idx_147
pinch,trainingSamples,raw_data/EMG-EPN612/testingJSON/user84/user84.json,idx_148
pinch,trainingSamples,raw_data/EMG-EPN612/testingJSON/user84/user84.json,idx_149
pinch,trainingSamples,raw_data/EMG-EPN612/testingJSON/user84/user84.json,idx_150
noGesture,trainingSamples,raw_data/EMG-EPN612/testingJSON/user85/user85.json,idx_1
noGesture,trainingSamples,raw_data/EMG-EPN612/testingJSON/user85/user85.json,idx_2
noGesture,trainingSamples,raw_data/EMG-EPN612/testingJSON/user85/user85.json,idx_3
noGesture,trainingSamples,raw_data/EMG-EPN612/testingJSON/user85/user85.json,idx_4
noGesture,trainingSamples,raw_data/EMG-EPN612/testingJSON/user85/user85.json,idx_5
noGesture,trainingSamples,raw_data/EMG-EPN612/testingJSON/user85/user85.json,idx_6
noGesture,trainingSamples,raw_data/EMG-EPN612/testingJSON/user85/user85.json,idx_7
noGesture,trainingSamples,raw_data/EMG-EPN612/testingJSON/user85/user85.json,idx_8
noGesture,trainingSamples,raw_data/EMG-EPN612/testingJSON/user85/user85.json,idx_9
noGesture,trainingSamples,raw_data/EMG-EPN612/testingJSON/user85/user85.json,idx_10
noGesture,trainingSamples,raw_data/EMG-EPN612/testingJSON/user85/user85.json,idx_11
noGesture,trainingSamples,raw_data/EMG-EPN612/testingJSON/user85/user85.json,idx_12
noGesture,trainingSamples,raw_data/EMG-EPN612/testingJSON/user85/user85.json,idx_13
noGesture,trainingSamples,raw_data/EMG-EPN612/testingJSON/user85/user85.json,idx_14
noGesture,trainingSamples,raw_data/EMG-EPN612/testingJSON/user85/user85.json,idx_15
noGesture,trainingSamples,raw_data/EMG-EPN612/testingJSON/user85/user85.json,idx_16
noGesture,trainingSamples,raw_data/EMG-EPN612/testingJSON/user85/user85.json,idx_17
noGesture,trainingSamples,raw_data/EMG-EPN612/testingJSON/user85/user85.json,idx_18
noGesture,trainingSamples,raw_data/EMG-EPN612/testingJSON/user85/user85.json,idx_19
noGesture,trainingSamples,raw_data/EMG-EPN612/testingJSON/user85/user85.json,idx_20
noGesture,trainingSamples,raw_data/EMG-EPN612/testingJSON/user85/user85.json,idx_21
noGesture,trainingSamples,raw_data/EMG-EPN612/testingJSON/user85/user85.json,idx_22
noGesture,trainingSamples,raw_data/EMG-EPN612/testingJSON/user85/user85.json,idx_23
noGesture,trainingSamples,raw_data/EMG-EPN612/testingJSON/user85/user85.json,idx_24
noGesture,trainingSamples,raw_data/EMG-EPN612/testingJSON/user85/user85.json,idx_25
waveOut,trainingSamples,raw_data/EMG-EPN612/testingJSON/user85/user85.json,idx_26
waveOut,trainingSamples,raw_data/EMG-EPN612/testingJSON/user85/user85.json,idx_27
waveOut,trainingSamples,raw_data/EMG-EPN612/testingJSON/user85/user85.json,idx_28
waveOut,trainingSamples,raw_data/EMG-EPN612/testingJSON/user85/user85.json,idx_29
waveOut,trainingSamples,raw_data/EMG-EPN612/testingJSON/user85/user85.json,idx_30
waveOut,trainingSamples,raw_data/EMG-EPN612/testingJSON/user85/user85.json,idx_31
waveOut,trainingSamples,raw_data/EMG-EPN612/testingJSON/user85/user85.json,idx_32
waveOut,trainingSamples,raw_data/EMG-EPN612/testingJSON/user85/user85.json,idx_33
waveOut,trainingSamples,raw_data/EMG-EPN612/testingJSON/user85/user85.json,idx_34
waveOut,trainingSamples,raw_data/EMG-EPN612/testingJSON/user85/user85.json,idx_35
waveOut,trainingSamples,raw_data/EMG-EPN612/testingJSON/user85/user85.json,idx_36
waveOut,trainingSamples,raw_data/EMG-EPN612/testingJSON/user85/user85.json,idx_37
waveOut,trainingSamples,raw_data/EMG-EPN612/testingJSON/user85/user85.json,idx_38
waveOut,trainingSamples,raw_data/EMG-EPN612/testingJSON/user85/user85.json,idx_39
waveOut,trainingSamples,raw_data/EMG-EPN612/testingJSON/user85/user85.json,idx_40
waveOut,trainingSamples,raw_data/EMG-EPN612/testingJSON/user85/user85.json,idx_41
waveOut,trainingSamples,raw_data/EMG-EPN612/testingJSON/user85/user85.json,idx_42
waveOut,trainingSamples,raw_data/EMG-EPN612/testingJSON/user85/user85.json,idx_43
waveOut,trainingSamples,raw_data/EMG-EPN612/testingJSON/user85/user85.json,idx_44
waveOut,trainingSamples,raw_data/EMG-EPN612/testingJSON/user85/user85.json,idx_45
waveOut,trainingSamples,raw_data/EMG-EPN612/testingJSON/user85/user85.json,idx_46
waveOut,trainingSamples,raw_data/EMG-EPN612/testingJSON/user85/user85.json,idx_47
waveOut,trainingSamples,raw_data/EMG-EPN612/testingJSON/user85/user85.json,idx_48
waveOut,trainingSamples,raw_data/EMG-EPN612/testingJSON/user85/user85.json,idx_49
waveOut,trainingSamples,raw_data/EMG-EPN612/testingJSON/user85/user85.json,idx_50
open,trainingSamples,raw_data/EMG-EPN612/testingJSON/user85/user85.json,idx_51
open,trainingSamples,raw_data/EMG-EPN612/testingJSON/user85/user85.json,idx_52
open,trainingSamples,raw_data/EMG-EPN612/testingJSON/user85/user85.json,idx_53
open,trainingSamples,raw_data/EMG-EPN612/testingJSON/user85/user85.json,idx_54
open,trainingSamples,raw_data/EMG-EPN612/testingJSON/user85/user85.json,idx_55
open,trainingSamples,raw_data/EMG-EPN612/testingJSON/user85/user85.json,idx_56
open,trainingSamples,raw_data/EMG-EPN612/testingJSON/user85/user85.json,idx_57
open,trainingSamples,raw_data/EMG-EPN612/testingJSON/user85/user85.json,idx_58
open,trainingSamples,raw_data/EMG-EPN612/testingJSON/user85/user85.json,idx_59
open,trainingSamples,raw_data/EMG-EPN612/testingJSON/user85/user85.json,idx_60
open,trainingSamples,raw_data/EMG-EPN612/testingJSON/user85/user85.json,idx_61
open,trainingSamples,raw_data/EMG-EPN612/testingJSON/user85/user85.json,idx_62
open,trainingSamples,raw_data/EMG-EPN612/testingJSON/user85/user85.json,idx_63
open,trainingSamples,raw_data/EMG-EPN612/testingJSON/user85/user85.json,idx_64
open,trainingSamples,raw_data/EMG-EPN612/testingJSON/user85/user85.json,idx_65
open,trainingSamples,raw_data/EMG-EPN612/testingJSON/user85/user85.json,idx_66
open,trainingSamples,raw_data/EMG-EPN612/testingJSON/user85/user85.json,idx_67
open,trainingSamples,raw_data/EMG-EPN612/testingJSON/user85/user85.json,idx_68
open,trainingSamples,raw_data/EMG-EPN612/testingJSON/user85/user85.json,idx_69
open,trainingSamples,raw_data/EMG-EPN612/testingJSON/user85/user85.json,idx_70
open,trainingSamples,raw_data/EMG-EPN612/testingJSON/user85/user85.json,idx_71
open,trainingSamples,raw_data/EMG-EPN612/testingJSON/user85/user85.json,idx_72
open,trainingSamples,raw_data/EMG-EPN612/testingJSON/user85/user85.json,idx_73
open,trainingSamples,raw_data/EMG-EPN612/testingJSON/user85/user85.json,idx_74
open,trainingSamples,raw_data/EMG-EPN612/testingJSON/user85/user85.json,idx_75
fist,trainingSamples,raw_data/EMG-EPN612/testingJSON/user85/user85.json,idx_76
fist,trainingSamples,raw_data/EMG-EPN612/testingJSON/user85/user85.json,idx_77
fist,trainingSamples,raw_data/EMG-EPN612/testingJSON/user85/user85.json,idx_78
fist,trainingSamples,raw_data/EMG-EPN612/testingJSON/user85/user85.json,idx_79
fist,trainingSamples,raw_data/EMG-EPN612/testingJSON/user85/user85.json,idx_80
fist,trainingSamples,raw_data/EMG-EPN612/testingJSON/user85/user85.json,idx_81
fist,trainingSamples,raw_data/EMG-EPN612/testingJSON/user85/user85.json,idx_82
fist,trainingSamples,raw_data/EMG-EPN612/testingJSON/user85/user85.json,idx_83
fist,trainingSamples,raw_data/EMG-EPN612/testingJSON/user85/user85.json,idx_84
fist,trainingSamples,raw_data/EMG-EPN612/testingJSON/user85/user85.json,idx_85
fist,trainingSamples,raw_data/EMG-EPN612/testingJSON/user85/user85.json,idx_86
fist,trainingSamples,raw_data/EMG-EPN612/testingJSON/user85/user85.json,idx_87
fist,trainingSamples,raw_data/EMG-EPN612/testingJSON/user85/user85.json,idx_88
fist,trainingSamples,raw_data/EMG-EPN612/testingJSON/user85/user85.json,idx_89
fist,trainingSamples,raw_data/EMG-EPN612/testingJSON/user85/user85.json,idx_90
fist,trainingSamples,raw_data/EMG-EPN612/testingJSON/user85/user85.json,idx_91
fist,trainingSamples,raw_data/EMG-EPN612/testingJSON/user85/user85.json,idx_92
fist,trainingSamples,raw_data/EMG-EPN612/testingJSON/user85/user85.json,idx_93
fist,trainingSamples,raw_data/EMG-EPN612/testingJSON/user85/user85.json,idx_94
fist,trainingSamples,raw_data/EMG-EPN612/testingJSON/user85/user85.json,idx_95
fist,trainingSamples,raw_data/EMG-EPN612/testingJSON/user85/user85.json,idx_96
fist,trainingSamples,raw_data/EMG-EPN612/testingJSON/user85/user85.json,idx_97
fist,trainingSamples,raw_data/EMG-EPN612/testingJSON/user85/user85.json,idx_98
fist,trainingSamples,raw_data/EMG-EPN612/testingJSON/user85/user85.json,idx_99
fist,trainingSamples,raw_data/EMG-EPN612/testingJSON/user85/user85.json,idx_100
waveIn,trainingSamples,raw_data/EMG-EPN612/testingJSON/user85/user85.json,idx_101
waveIn,trainingSamples,raw_data/EMG-EPN612/testingJSON/user85/user85.json,idx_102
waveIn,trainingSamples,raw_data/EMG-EPN612/testingJSON/user85/user85.json,idx_103
waveIn,trainingSamples,raw_data/EMG-EPN612/testingJSON/user85/user85.json,idx_104
waveIn,trainingSamples,raw_data/EMG-EPN612/testingJSON/user85/user85.json,idx_105
waveIn,trainingSamples,raw_data/EMG-EPN612/testingJSON/user85/user85.json,idx_106
waveIn,trainingSamples,raw_data/EMG-EPN612/testingJSON/user85/user85.json,idx_107
waveIn,trainingSamples,raw_data/EMG-EPN612/testingJSON/user85/user85.json,idx_108
waveIn,trainingSamples,raw_data/EMG-EPN612/testingJSON/user85/user85.json,idx_109
waveIn,trainingSamples,raw_data/EMG-EPN612/testingJSON/user85/user85.json,idx_110
waveIn,trainingSamples,raw_data/EMG-EPN612/testingJSON/user85/user85.json,idx_111
waveIn,trainingSamples,raw_data/EMG-EPN612/testingJSON/user85/user85.json,idx_112
waveIn,trainingSamples,raw_data/EMG-EPN612/testingJSON/user85/user85.json,idx_113
waveIn,trainingSamples,raw_data/EMG-EPN612/testingJSON/user85/user85.json,idx_114
waveIn,trainingSamples,raw_data/EMG-EPN612/testingJSON/user85/user85.json,idx_115
waveIn,trainingSamples,raw_data/EMG-EPN612/testingJSON/user85/user85.json,idx_116
waveIn,trainingSamples,raw_data/EMG-EPN612/testingJSON/user85/user85.json,idx_117
waveIn,trainingSamples,raw_data/EMG-EPN612/testingJSON/user85/user85.json,idx_118
waveIn,trainingSamples,raw_data/EMG-EPN612/testingJSON/user85/user85.json,idx_119
waveIn,trainingSamples,raw_data/EMG-EPN612/testingJSON/user85/user85.json,idx_120
waveIn,trainingSamples,raw_data/EMG-EPN612/testingJSON/user85/user85.json,idx_121
waveIn,trainingSamples,raw_data/EMG-EPN612/testingJSON/user85/user85.json,idx_122
waveIn,trainingSamples,raw_data/EMG-EPN612/testingJSON/user85/user85.json,idx_123
waveIn,trainingSamples,raw_data/EMG-EPN612/testingJSON/user85/user85.json,idx_124
waveIn,trainingSamples,raw_data/EMG-EPN612/testingJSON/user85/user85.json,idx_125
pinch,trainingSamples,raw_data/EMG-EPN612/testingJSON/user85/user85.json,idx_126
pinch,trainingSamples,raw_data/EMG-EPN612/testingJSON/user85/user85.json,idx_127
pinch,trainingSamples,raw_data/EMG-EPN612/testingJSON/user85/user85.json,idx_128
pinch,trainingSamples,raw_data/EMG-EPN612/testingJSON/user85/user85.json,idx_129
pinch,trainingSamples,raw_data/EMG-EPN612/testingJSON/user85/user85.json,idx_130
pinch,trainingSamples,raw_data/EMG-EPN612/testingJSON/user85/user85.json,idx_131
pinch,trainingSamples,raw_data/EMG-EPN612/testingJSON/user85/user85.json,idx_132
pinch,trainingSamples,raw_data/EMG-EPN612/testingJSON/user85/user85.json,idx_133
pinch,trainingSamples,raw_data/EMG-EPN612/testingJSON/user85/user85.json,idx_134
pinch,trainingSamples,raw_data/EMG-EPN612/testingJSON/user85/user85.json,idx_135
pinch,trainingSamples,raw_data/EMG-EPN612/testingJSON/user85/user85.json,idx_136
pinch,trainingSamples,raw_data/EMG-EPN612/testingJSON/user85/user85.json,idx_137
pinch,trainingSamples,raw_data/EMG-EPN612/testingJSON/user85/user85.json,idx_138
pinch,trainingSamples,raw_data/EMG-EPN612/testingJSON/user85/user85.json,idx_139
pinch,trainingSamples,raw_data/EMG-EPN612/testingJSON/user85/user85.json,idx_140
pinch,trainingSamples,raw_data/EMG-EPN612/testingJSON/user85/user85.json,idx_141
pinch,trainingSamples,raw_data/EMG-EPN612/testingJSON/user85/user85.json,idx_142
pinch,trainingSamples,raw_data/EMG-EPN612/testingJSON/user85/user85.json,idx_143
pinch,trainingSamples,raw_data/EMG-EPN612/testingJSON/user85/user85.json,idx_144
pinch,trainingSamples,raw_data/EMG-EPN612/testingJSON/user85/user85.json,idx_145
pinch,trainingSamples,raw_data/EMG-EPN612/testingJSON/user85/user85.json,idx_146
pinch,trainingSamples,raw_data/EMG-EPN612/testingJSON/user85/user85.json,idx_147
pinch,trainingSamples,raw_data/EMG-EPN612/testingJSON/user85/user85.json,idx_148
pinch,trainingSamples,raw_data/EMG-EPN612/testingJSON/user85/user85.json,idx_149
pinch,trainingSamples,raw_data/EMG-EPN612/testingJSON/user85/user85.json,idx_150
noGesture,trainingSamples,raw_data/EMG-EPN612/testingJSON/user86/user86.json,idx_1
noGesture,trainingSamples,raw_data/EMG-EPN612/testingJSON/user86/user86.json,idx_2
noGesture,trainingSamples,raw_data/EMG-EPN612/testingJSON/user86/user86.json,idx_3
noGesture,trainingSamples,raw_data/EMG-EPN612/testingJSON/user86/user86.json,idx_4
noGesture,trainingSamples,raw_data/EMG-EPN612/testingJSON/user86/user86.json,idx_5
noGesture,trainingSamples,raw_data/EMG-EPN612/testingJSON/user86/user86.json,idx_6
noGesture,trainingSamples,raw_data/EMG-EPN612/testingJSON/user86/user86.json,idx_7
noGesture,trainingSamples,raw_data/EMG-EPN612/testingJSON/user86/user86.json,idx_8
noGesture,trainingSamples,raw_data/EMG-EPN612/testingJSON/user86/user86.json,idx_9
noGesture,trainingSamples,raw_data/EMG-EPN612/testingJSON/user86/user86.json,idx_10
noGesture,trainingSamples,raw_data/EMG-EPN612/testingJSON/user86/user86.json,idx_11
noGesture,trainingSamples,raw_data/EMG-EPN612/testingJSON/user86/user86.json,idx_12
noGesture,trainingSamples,raw_data/EMG-EPN612/testingJSON/user86/user86.json,idx_13
noGesture,trainingSamples,raw_data/EMG-EPN612/testingJSON/user86/user86.json,idx_14
noGesture,trainingSamples,raw_data/EMG-EPN612/testingJSON/user86/user86.json,idx_15
noGesture,trainingSamples,raw_data/EMG-EPN612/testingJSON/user86/user86.json,idx_16
noGesture,trainingSamples,raw_data/EMG-EPN612/testingJSON/user86/user86.json,idx_17
noGesture,trainingSamples,raw_data/EMG-EPN612/testingJSON/user86/user86.json,idx_18
noGesture,trainingSamples,raw_data/EMG-EPN612/testingJSON/user86/user86.json,idx_19
noGesture,trainingSamples,raw_data/EMG-EPN612/testingJSON/user86/user86.json,idx_20
noGesture,trainingSamples,raw_data/EMG-EPN612/testingJSON/user86/user86.json,idx_21
noGesture,trainingSamples,raw_data/EMG-EPN612/testingJSON/user86/user86.json,idx_22
noGesture,trainingSamples,raw_data/EMG-EPN612/testingJSON/user86/user86.json,idx_23
noGesture,trainingSamples,raw_data/EMG-EPN612/testingJSON/user86/user86.json,idx_24
noGesture,trainingSamples,raw_data/EMG-EPN612/testingJSON/user86/user86.json,idx_25
waveOut,trainingSamples,raw_data/EMG-EPN612/testingJSON/user86/user86.json,idx_26
waveOut,trainingSamples,raw_data/EMG-EPN612/testingJSON/user86/user86.json,idx_27
waveOut,trainingSamples,raw_data/EMG-EPN612/testingJSON/user86/user86.json,idx_28
waveOut,trainingSamples,raw_data/EMG-EPN612/testingJSON/user86/user86.json,idx_29
waveOut,trainingSamples,raw_data/EMG-EPN612/testingJSON/user86/user86.json,idx_30
waveOut,trainingSamples,raw_data/EMG-EPN612/testingJSON/user86/user86.json,idx_31
waveOut,trainingSamples,raw_data/EMG-EPN612/testingJSON/user86/user86.json,idx_32
waveOut,trainingSamples,raw_data/EMG-EPN612/testingJSON/user86/user86.json,idx_33
waveOut,trainingSamples,raw_data/EMG-EPN612/testingJSON/user86/user86.json,idx_34
waveOut,trainingSamples,raw_data/EMG-EPN612/testingJSON/user86/user86.json,idx_35
waveOut,trainingSamples,raw_data/EMG-EPN612/testingJSON/user86/user86.json,idx_36
waveOut,trainingSamples,raw_data/EMG-EPN612/testingJSON/user86/user86.json,idx_37
waveOut,trainingSamples,raw_data/EMG-EPN612/testingJSON/user86/user86.json,idx_38
waveOut,trainingSamples,raw_data/EMG-EPN612/testingJSON/user86/user86.json,idx_39
waveOut,trainingSamples,raw_data/EMG-EPN612/testingJSON/user86/user86.json,idx_40
waveOut,trainingSamples,raw_data/EMG-EPN612/testingJSON/user86/user86.json,idx_41
waveOut,trainingSamples,raw_data/EMG-EPN612/testingJSON/user86/user86.json,idx_42
waveOut,trainingSamples,raw_data/EMG-EPN612/testingJSON/user86/user86.json,idx_43
waveOut,trainingSamples,raw_data/EMG-EPN612/testingJSON/user86/user86.json,idx_44
waveOut,trainingSamples,raw_data/EMG-EPN612/testingJSON/user86/user86.json,idx_45
waveOut,trainingSamples,raw_data/EMG-EPN612/testingJSON/user86/user86.json,idx_46
waveOut,trainingSamples,raw_data/EMG-EPN612/testingJSON/user86/user86.json,idx_47
waveOut,trainingSamples,raw_data/EMG-EPN612/testingJSON/user86/user86.json,idx_48
waveOut,trainingSamples,raw_data/EMG-EPN612/testingJSON/user86/user86.json,idx_49
waveOut,trainingSamples,raw_data/EMG-EPN612/testingJSON/user86/user86.json,idx_50
pinch,trainingSamples,raw_data/EMG-EPN612/testingJSON/user86/user86.json,idx_51
pinch,trainingSamples,raw_data/EMG-EPN612/testingJSON/user86/user86.json,idx_52
pinch,trainingSamples,raw_data/EMG-EPN612/testingJSON/user86/user86.json,idx_53
pinch,trainingSamples,raw_data/EMG-EPN612/testingJSON/user86/user86.json,idx_54
pinch,trainingSamples,raw_data/EMG-EPN612/testingJSON/user86/user86.json,idx_55
pinch,trainingSamples,raw_data/EMG-EPN612/testingJSON/user86/user86.json,idx_56
pinch,trainingSamples,raw_data/EMG-EPN612/testingJSON/user86/user86.json,idx_57
pinch,trainingSamples,raw_data/EMG-EPN612/testingJSON/user86/user86.json,idx_58
pinch,trainingSamples,raw_data/EMG-EPN612/testingJSON/user86/user86.json,idx_59
pinch,trainingSamples,raw_data/EMG-EPN612/testingJSON/user86/user86.json,idx_60
pinch,trainingSamples,raw_data/EMG-EPN612/testingJSON/user86/user86.json,idx_61
pinch,trainingSamples,raw_data/EMG-EPN612/testingJSON/user86/user86.json,idx_62
pinch,trainingSamples,raw_data/EMG-EPN612/testingJSON/user86/user86.json,idx_63
pinch,trainingSamples,raw_data/EMG-EPN612/testingJSON/user86/user86.json,idx_64
pinch,trainingSamples,raw_data/EMG-EPN612/testingJSON/user86/user86.json,idx_65
pinch,trainingSamples,raw_data/EMG-EPN612/testingJSON/user86/user86.json,idx_66
pinch,trainingSamples,raw_data/EMG-EPN612/testingJSON/user86/user86.json,idx_67
pinch,trainingSamples,raw_data/EMG-EPN612/testingJSON/user86/user86.json,idx_68
pinch,trainingSamples,raw_data/EMG-EPN612/testingJSON/user86/user86.json,idx_69
pinch,trainingSamples,raw_data/EMG-EPN612/testingJSON/user86/user86.json,idx_70
pinch,trainingSamples,raw_data/EMG-EPN612/testingJSON/user86/user86.json,idx_71
pinch,trainingSamples,raw_data/EMG-EPN612/testingJSON/user86/user86.json,idx_72
pinch,trainingSamples,raw_data/EMG-EPN612/testingJSON/user86/user86.json,idx_73
pinch,trainingSamples,raw_data/EMG-EPN612/testingJSON/user86/user86.json,idx_74
pinch,trainingSamples,raw_data/EMG-EPN612/testingJSON/user86/user86.json,idx_75
fist,trainingSamples,raw_data/EMG-EPN612/testingJSON/user86/user86.json,idx_76
fist,trainingSamples,raw_data/EMG-EPN612/testingJSON/user86/user86.json,idx_77
fist,trainingSamples,raw_data/EMG-EPN612/testingJSON/user86/user86.json,idx_78
fist,trainingSamples,raw_data/EMG-EPN612/testingJSON/user86/user86.json,idx_79
fist,trainingSamples,raw_data/EMG-EPN612/testingJSON/user86/user86.json,idx_80
fist,trainingSamples,raw_data/EMG-EPN612/testingJSON/user86/user86.json,idx_81
fist,trainingSamples,raw_data/EMG-EPN612/testingJSON/user86/user86.json,idx_82
fist,trainingSamples,raw_data/EMG-EPN612/testingJSON/user86/user86.json,idx_83
fist,trainingSamples,raw_data/EMG-EPN612/testingJSON/user86/user86.json,idx_84
fist,trainingSamples,raw_data/EMG-EPN612/testingJSON/user86/user86.json,idx_85
fist,trainingSamples,raw_data/EMG-EPN612/testingJSON/user86/user86.json,idx_86
fist,trainingSamples,raw_data/EMG-EPN612/testingJSON/user86/user86.json,idx_87
fist,trainingSamples,raw_data/EMG-EPN612/testingJSON/user86/user86.json,idx_88
fist,trainingSamples,raw_data/EMG-EPN612/testingJSON/user86/user86.json,idx_89
fist,trainingSamples,raw_data/EMG-EPN612/testingJSON/user86/user86.json,idx_90
fist,trainingSamples,raw_data/EMG-EPN612/testingJSON/user86/user86.json,idx_91
fist,trainingSamples,raw_data/EMG-EPN612/testingJSON/user86/user86.json,idx_92
fist,trainingSamples,raw_data/EMG-EPN612/testingJSON/user86/user86.json,idx_93
fist,trainingSamples,raw_data/EMG-EPN612/testingJSON/user86/user86.json,idx_94
fist,trainingSamples,raw_data/EMG-EPN612/testingJSON/user86/user86.json,idx_95
fist,trainingSamples,raw_data/EMG-EPN612/testingJSON/user86/user86.json,idx_96
fist,trainingSamples,raw_data/EMG-EPN612/testingJSON/user86/user86.json,idx_97
fist,trainingSamples,raw_data/EMG-EPN612/testingJSON/user86/user86.json,idx_98
fist,trainingSamples,raw_data/EMG-EPN612/testingJSON/user86/user86.json,idx_99
fist,trainingSamples,raw_data/EMG-EPN612/testingJSON/user86/user86.json,idx_100
waveIn,trainingSamples,raw_data/EMG-EPN612/testingJSON/user86/user86.json,idx_101
waveIn,trainingSamples,raw_data/EMG-EPN612/testingJSON/user86/user86.json,idx_102
waveIn,trainingSamples,raw_data/EMG-EPN612/testingJSON/user86/user86.json,idx_103
waveIn,trainingSamples,raw_data/EMG-EPN612/testingJSON/user86/user86.json,idx_104
waveIn,trainingSamples,raw_data/EMG-EPN612/testingJSON/user86/user86.json,idx_105
waveIn,trainingSamples,raw_data/EMG-EPN612/testingJSON/user86/user86.json,idx_106
waveIn,trainingSamples,raw_data/EMG-EPN612/testingJSON/user86/user86.json,idx_107
waveIn,trainingSamples,raw_data/EMG-EPN612/testingJSON/user86/user86.json,idx_108
waveIn,trainingSamples,raw_data/EMG-EPN612/testingJSON/user86/user86.json,idx_109
waveIn,trainingSamples,raw_data/EMG-EPN612/testingJSON/user86/user86.json,idx_110
waveIn,trainingSamples,raw_data/EMG-EPN612/testingJSON/user86/user86.json,idx_111
waveIn,trainingSamples,raw_data/EMG-EPN612/testingJSON/user86/user86.json,idx_112
waveIn,trainingSamples,raw_data/EMG-EPN612/testingJSON/user86/user86.json,idx_113
waveIn,trainingSamples,raw_data/EMG-EPN612/testingJSON/user86/user86.json,idx_114
waveIn,trainingSamples,raw_data/EMG-EPN612/testingJSON/user86/user86.json,idx_115
waveIn,trainingSamples,raw_data/EMG-EPN612/testingJSON/user86/user86.json,idx_116
waveIn,trainingSamples,raw_data/EMG-EPN612/testingJSON/user86/user86.json,idx_117
waveIn,trainingSamples,raw_data/EMG-EPN612/testingJSON/user86/user86.json,idx_118
waveIn,trainingSamples,raw_data/EMG-EPN612/testingJSON/user86/user86.json,idx_119
waveIn,trainingSamples,raw_data/EMG-EPN612/testingJSON/user86/user86.json,idx_120
waveIn,trainingSamples,raw_data/EMG-EPN612/testingJSON/user86/user86.json,idx_121
waveIn,trainingSamples,raw_data/EMG-EPN612/testingJSON/user86/user86.json,idx_122
waveIn,trainingSamples,raw_data/EMG-EPN612/testingJSON/user86/user86.json,idx_123
waveIn,trainingSamples,raw_data/EMG-EPN612/testingJSON/user86/user86.json,idx_124
waveIn,trainingSamples,raw_data/EMG-EPN612/testingJSON/user86/user86.json,idx_125
open,trainingSamples,raw_data/EMG-EPN612/testingJSON/user86/user86.json,idx_126
open,trainingSamples,raw_data/EMG-EPN612/testingJSON/user86/user86.json,idx_127
open,trainingSamples,raw_data/EMG-EPN612/testingJSON/user86/user86.json,idx_128
open,trainingSamples,raw_data/EMG-EPN612/testingJSON/user86/user86.json,idx_129
open,trainingSamples,raw_data/EMG-EPN612/testingJSON/user86/user86.json,idx_130
open,trainingSamples,raw_data/EMG-EPN612/testingJSON/user86/user86.json,idx_131
open,trainingSamples,raw_data/EMG-EPN612/testingJSON/user86/user86.json,idx_132
open,trainingSamples,raw_data/EMG-EPN612/testingJSON/user86/user86.json,idx_133
open,trainingSamples,raw_data/EMG-EPN612/testingJSON/user86/user86.json,idx_134
open,trainingSamples,raw_data/EMG-EPN612/testingJSON/user86/user86.json,idx_135
open,trainingSamples,raw_data/EMG-EPN612/testingJSON/user86/user86.json,idx_136
open,trainingSamples,raw_data/EMG-EPN612/testingJSON/user86/user86.json,idx_137
open,trainingSamples,raw_data/EMG-EPN612/testingJSON/user86/user86.json,idx_138
open,trainingSamples,raw_data/EMG-EPN612/testingJSON/user86/user86.json,idx_139
open,trainingSamples,raw_data/EMG-EPN612/testingJSON/user86/user86.json,idx_140
open,trainingSamples,raw_data/EMG-EPN612/testingJSON/user86/user86.json,idx_141
open,trainingSamples,raw_data/EMG-EPN612/testingJSON/user86/user86.json,idx_142
open,trainingSamples,raw_data/EMG-EPN612/testingJSON/user86/user86.json,idx_143
open,trainingSamples,raw_data/EMG-EPN612/testingJSON/user86/user86.json,idx_144
open,trainingSamples,raw_data/EMG-EPN612/testingJSON/user86/user86.json,idx_145
open,trainingSamples,raw_data/EMG-EPN612/testingJSON/user86/user86.json,idx_146
open,trainingSamples,raw_data/EMG-EPN612/testingJSON/user86/user86.json,idx_147
open,trainingSamples,raw_data/EMG-EPN612/testingJSON/user86/user86.json,idx_148
open,trainingSamples,raw_data/EMG-EPN612/testingJSON/user86/user86.json,idx_149
open,trainingSamples,raw_data/EMG-EPN612/testingJSON/user86/user86.json,idx_150
noGesture,trainingSamples,raw_data/EMG-EPN612/testingJSON/user87/user87.json,idx_1
noGesture,trainingSamples,raw_data/EMG-EPN612/testingJSON/user87/user87.json,idx_2
noGesture,trainingSamples,raw_data/EMG-EPN612/testingJSON/user87/user87.json,idx_3
noGesture,trainingSamples,raw_data/EMG-EPN612/testingJSON/user87/user87.json,idx_4
noGesture,trainingSamples,raw_data/EMG-EPN612/testingJSON/user87/user87.json,idx_5
noGesture,trainingSamples,raw_data/EMG-EPN612/testingJSON/user87/user87.json,idx_6
noGesture,trainingSamples,raw_data/EMG-EPN612/testingJSON/user87/user87.json,idx_7
noGesture,trainingSamples,raw_data/EMG-EPN612/testingJSON/user87/user87.json,idx_8
noGesture,trainingSamples,raw_data/EMG-EPN612/testingJSON/user87/user87.json,idx_9
noGesture,trainingSamples,raw_data/EMG-EPN612/testingJSON/user87/user87.json,idx_10
noGesture,trainingSamples,raw_data/EMG-EPN612/testingJSON/user87/user87.json,idx_11
noGesture,trainingSamples,raw_data/EMG-EPN612/testingJSON/user87/user87.json,idx_12
noGesture,trainingSamples,raw_data/EMG-EPN612/testingJSON/user87/user87.json,idx_13
noGesture,trainingSamples,raw_data/EMG-EPN612/testingJSON/user87/user87.json,idx_14
noGesture,trainingSamples,raw_data/EMG-EPN612/testingJSON/user87/user87.json,idx_15
noGesture,trainingSamples,raw_data/EMG-EPN612/testingJSON/user87/user87.json,idx_16
noGesture,trainingSamples,raw_data/EMG-EPN612/testingJSON/user87/user87.json,idx_17
noGesture,trainingSamples,raw_data/EMG-EPN612/testingJSON/user87/user87.json,idx_18
noGesture,trainingSamples,raw_data/EMG-EPN612/testingJSON/user87/user87.json,idx_19
noGesture,trainingSamples,raw_data/EMG-EPN612/testingJSON/user87/user87.json,idx_20
noGesture,trainingSamples,raw_data/EMG-EPN612/testingJSON/user87/user87.json,idx_21
noGesture,trainingSamples,raw_data/EMG-EPN612/testingJSON/user87/user87.json,idx_22
noGesture,trainingSamples,raw_data/EMG-EPN612/testingJSON/user87/user87.json,idx_23
noGesture,trainingSamples,raw_data/EMG-EPN612/testingJSON/user87/user87.json,idx_24
noGesture,trainingSamples,raw_data/EMG-EPN612/testingJSON/user87/user87.json,idx_25
open,trainingSamples,raw_data/EMG-EPN612/testingJSON/user87/user87.json,idx_26
open,trainingSamples,raw_data/EMG-EPN612/testingJSON/user87/user87.json,idx_27
open,trainingSamples,raw_data/EMG-EPN612/testingJSON/user87/user87.json,idx_28
open,trainingSamples,raw_data/EMG-EPN612/testingJSON/user87/user87.json,idx_29
open,trainingSamples,raw_data/EMG-EPN612/testingJSON/user87/user87.json,idx_30
open,trainingSamples,raw_data/EMG-EPN612/testingJSON/user87/user87.json,idx_31
open,trainingSamples,raw_data/EMG-EPN612/testingJSON/user87/user87.json,idx_32
open,trainingSamples,raw_data/EMG-EPN612/testingJSON/user87/user87.json,idx_33
open,trainingSamples,raw_data/EMG-EPN612/testingJSON/user87/user87.json,idx_34
open,trainingSamples,raw_data/EMG-EPN612/testingJSON/user87/user87.json,idx_35
open,trainingSamples,raw_data/EMG-EPN612/testingJSON/user87/user87.json,idx_36
open,trainingSamples,raw_data/EMG-EPN612/testingJSON/user87/user87.json,idx_37
open,trainingSamples,raw_data/EMG-EPN612/testingJSON/user87/user87.json,idx_38
open,trainingSamples,raw_data/EMG-EPN612/testingJSON/user87/user87.json,idx_39
open,trainingSamples,raw_data/EMG-EPN612/testingJSON/user87/user87.json,idx_40
open,trainingSamples,raw_data/EMG-EPN612/testingJSON/user87/user87.json,idx_41
open,trainingSamples,raw_data/EMG-EPN612/testingJSON/user87/user87.json,idx_42
open,trainingSamples,raw_data/EMG-EPN612/testingJSON/user87/user87.json,idx_43
open,trainingSamples,raw_data/EMG-EPN612/testingJSON/user87/user87.json,idx_44
open,trainingSamples,raw_data/EMG-EPN612/testingJSON/user87/user87.json,idx_45
open,trainingSamples,raw_data/EMG-EPN612/testingJSON/user87/user87.json,idx_46
open,trainingSamples,raw_data/EMG-EPN612/testingJSON/user87/user87.json,idx_47
open,trainingSamples,raw_data/EMG-EPN612/testingJSON/user87/user87.json,idx_48
open,trainingSamples,raw_data/EMG-EPN612/testingJSON/user87/user87.json,idx_49
open,trainingSamples,raw_data/EMG-EPN612/testingJSON/user87/user87.json,idx_50
pinch,trainingSamples,raw_data/EMG-EPN612/testingJSON/user87/user87.json,idx_51
pinch,trainingSamples,raw_data/EMG-EPN612/testingJSON/user87/user87.json,idx_52
pinch,trainingSamples,raw_data/EMG-EPN612/testingJSON/user87/user87.json,idx_53
pinch,trainingSamples,raw_data/EMG-EPN612/testingJSON/user87/user87.json,idx_54
pinch,trainingSamples,raw_data/EMG-EPN612/testingJSON/user87/user87.json,idx_55
pinch,trainingSamples,raw_data/EMG-EPN612/testingJSON/user87/user87.json,idx_56
pinch,trainingSamples,raw_data/EMG-EPN612/testingJSON/user87/user87.json,idx_57
pinch,trainingSamples,raw_data/EMG-EPN612/testingJSON/user87/user87.json,idx_58
pinch,trainingSamples,raw_data/EMG-EPN612/testingJSON/user87/user87.json,idx_59
pinch,trainingSamples,raw_data/EMG-EPN612/testingJSON/user87/user87.json,idx_60
pinch,trainingSamples,raw_data/EMG-EPN612/testingJSON/user87/user87.json,idx_61
pinch,trainingSamples,raw_data/EMG-EPN612/testingJSON/user87/user87.json,idx_62
pinch,trainingSamples,raw_data/EMG-EPN612/testingJSON/user87/user87.json,idx_63
pinch,trainingSamples,raw_data/EMG-EPN612/testingJSON/user87/user87.json,idx_64
pinch,trainingSamples,raw_data/EMG-EPN612/testingJSON/user87/user87.json,idx_65
pinch,trainingSamples,raw_data/EMG-EPN612/testingJSON/user87/user87.json,idx_66
pinch,trainingSamples,raw_data/EMG-EPN612/testingJSON/user87/user87.json,idx_67
pinch,trainingSamples,raw_data/EMG-EPN612/testingJSON/user87/user87.json,idx_68
pinch,trainingSamples,raw_data/EMG-EPN612/testingJSON/user87/user87.json,idx_69
pinch,trainingSamples,raw_data/EMG-EPN612/testingJSON/user87/user87.json,idx_70
pinch,trainingSamples,raw_data/EMG-EPN612/testingJSON/user87/user87.json,idx_71
pinch,trainingSamples,raw_data/EMG-EPN612/testingJSON/user87/user87.json,idx_72
pinch,trainingSamples,raw_data/EMG-EPN612/testingJSON/user87/user87.json,idx_73
pinch,trainingSamples,raw_data/EMG-EPN612/testingJSON/user87/user87.json,idx_74
pinch,trainingSamples,raw_data/EMG-EPN612/testingJSON/user87/user87.json,idx_75
fist,trainingSamples,raw_data/EMG-EPN612/testingJSON/user87/user87.json,idx_76
fist,trainingSamples,raw_data/EMG-EPN612/testingJSON/user87/user87.json,idx_77
fist,trainingSamples,raw_data/EMG-EPN612/testingJSON/user87/user87.json,idx_78
fist,trainingSamples,raw_data/EMG-EPN612/testingJSON/user87/user87.json,idx_79
fist,trainingSamples,raw_data/EMG-EPN612/testingJSON/user87/user87.json,idx_80
fist,trainingSamples,raw_data/EMG-EPN612/testingJSON/user87/user87.json,idx_81
fist,trainingSamples,raw_data/EMG-EPN612/testingJSON/user87/user87.json,idx_82
fist,trainingSamples,raw_data/EMG-EPN612/testingJSON/user87/user87.json,idx_83
fist,trainingSamples,raw_data/EMG-EPN612/testingJSON/user87/user87.json,idx_84
fist,trainingSamples,raw_data/EMG-EPN612/testingJSON/user87/user87.json,idx_85
fist,trainingSamples,raw_data/EMG-EPN612/testingJSON/user87/user87.json,idx_86
fist,trainingSamples,raw_data/EMG-EPN612/testingJSON/user87/user87.json,idx_87
fist,trainingSamples,raw_data/EMG-EPN612/testingJSON/user87/user87.json,idx_88
fist,trainingSamples,raw_data/EMG-EPN612/testingJSON/user87/user87.json,idx_89
fist,trainingSamples,raw_data/EMG-EPN612/testingJSON/user87/user87.json,idx_90
fist,trainingSamples,raw_data/EMG-EPN612/testingJSON/user87/user87.json,idx_91
fist,trainingSamples,raw_data/EMG-EPN612/testingJSON/user87/user87.json,idx_92
fist,trainingSamples,raw_data/EMG-EPN612/testingJSON/user87/user87.json,idx_93
fist,trainingSamples,raw_data/EMG-EPN612/testingJSON/user87/user87.json,idx_94
fist,trainingSamples,raw_data/EMG-EPN612/testingJSON/user87/user87.json,idx_95
fist,trainingSamples,raw_data/EMG-EPN612/testingJSON/user87/user87.json,idx_96
fist,trainingSamples,raw_data/EMG-EPN612/testingJSON/user87/user87.json,idx_97
fist,trainingSamples,raw_data/EMG-EPN612/testingJSON/user87/user87.json,idx_98
fist,trainingSamples,raw_data/EMG-EPN612/testingJSON/user87/user87.json,idx_99
fist,trainingSamples,raw_data/EMG-EPN612/testingJSON/user87/user87.json,idx_100
waveOut,trainingSamples,raw_data/EMG-EPN612/testingJSON/user87/user87.json,idx_101
waveOut,trainingSamples,raw_data/EMG-EPN612/testingJSON/user87/user87.json,idx_102
waveOut,trainingSamples,raw_data/EMG-EPN612/testingJSON/user87/user87.json,idx_103
waveOut,trainingSamples,raw_data/EMG-EPN612/testingJSON/user87/user87.json,idx_104
waveOut,trainingSamples,raw_data/EMG-EPN612/testingJSON/user87/user87.json,idx_105
waveOut,trainingSamples,raw_data/EMG-EPN612/testingJSON/user87/user87.json,idx_106
waveOut,trainingSamples,raw_data/EMG-EPN612/testingJSON/user87/user87.json,idx_107
waveOut,trainingSamples,raw_data/EMG-EPN612/testingJSON/user87/user87.json,idx_108
waveOut,trainingSamples,raw_data/EMG-EPN612/testingJSON/user87/user87.json,idx_109
waveOut,trainingSamples,raw_data/EMG-EPN612/testingJSON/user87/user87.json,idx_110
waveOut,trainingSamples,raw_data/EMG-EPN612/testingJSON/user87/user87.json,idx_111
waveOut,trainingSamples,raw_data/EMG-EPN612/testingJSON/user87/user87.json,idx_112
waveOut,trainingSamples,raw_data/EMG-EPN612/testingJSON/user87/user87.json,idx_113
waveOut,trainingSamples,raw_data/EMG-EPN612/testingJSON/user87/user87.json,idx_114
waveOut,trainingSamples,raw_data/EMG-EPN612/testingJSON/user87/user87.json,idx_115
waveOut,trainingSamples,raw_data/EMG-EPN612/testingJSON/user87/user87.json,idx_116
waveOut,trainingSamples,raw_data/EMG-EPN612/testingJSON/user87/user87.json,idx_117
waveOut,trainingSamples,raw_data/EMG-EPN612/testingJSON/user87/user87.json,idx_118
waveOut,trainingSamples,raw_data/EMG-EPN612/testingJSON/user87/user87.json,idx_119
waveOut,trainingSamples,raw_data/EMG-EPN612/testingJSON/user87/user87.json,idx_120
waveOut,trainingSamples,raw_data/EMG-EPN612/testingJSON/user87/user87.json,idx_121
waveOut,trainingSamples,raw_data/EMG-EPN612/testingJSON/user87/user87.json,idx_122
waveOut,trainingSamples,raw_data/EMG-EPN612/testingJSON/user87/user87.json,idx_123
waveOut,trainingSamples,raw_data/EMG-EPN612/testingJSON/user87/user87.json,idx_124
waveOut,trainingSamples,raw_data/EMG-EPN612/testingJSON/user87/user87.json,idx_125
waveIn,trainingSamples,raw_data/EMG-EPN612/testingJSON/user87/user87.json,idx_126
waveIn,trainingSamples,raw_data/EMG-EPN612/testingJSON/user87/user87.json,idx_127
waveIn,trainingSamples,raw_data/EMG-EPN612/testingJSON/user87/user87.json,idx_128
waveIn,trainingSamples,raw_data/EMG-EPN612/testingJSON/user87/user87.json,idx_129
waveIn,trainingSamples,raw_data/EMG-EPN612/testingJSON/user87/user87.json,idx_130
waveIn,trainingSamples,raw_data/EMG-EPN612/testingJSON/user87/user87.json,idx_131
waveIn,trainingSamples,raw_data/EMG-EPN612/testingJSON/user87/user87.json,idx_132
waveIn,trainingSamples,raw_data/EMG-EPN612/testingJSON/user87/user87.json,idx_133
waveIn,trainingSamples,raw_data/EMG-EPN612/testingJSON/user87/user87.json,idx_134
waveIn,trainingSamples,raw_data/EMG-EPN612/testingJSON/user87/user87.json,idx_135
waveIn,trainingSamples,raw_data/EMG-EPN612/testingJSON/user87/user87.json,idx_136
waveIn,trainingSamples,raw_data/EMG-EPN612/testingJSON/user87/user87.json,idx_137
waveIn,trainingSamples,raw_data/EMG-EPN612/testingJSON/user87/user87.json,idx_138
waveIn,trainingSamples,raw_data/EMG-EPN612/testingJSON/user87/user87.json,idx_139
waveIn,trainingSamples,raw_data/EMG-EPN612/testingJSON/user87/user87.json,idx_140
waveIn,trainingSamples,raw_data/EMG-EPN612/testingJSON/user87/user87.json,idx_141
waveIn,trainingSamples,raw_data/EMG-EPN612/testingJSON/user87/user87.json,idx_142
waveIn,trainingSamples,raw_data/EMG-EPN612/testingJSON/user87/user87.json,idx_143
waveIn,trainingSamples,raw_data/EMG-EPN612/testingJSON/user87/user87.json,idx_144
waveIn,trainingSamples,raw_data/EMG-EPN612/testingJSON/user87/user87.json,idx_145
waveIn,trainingSamples,raw_data/EMG-EPN612/testingJSON/user87/user87.json,idx_146
waveIn,trainingSamples,raw_data/EMG-EPN612/testingJSON/user87/user87.json,idx_147
waveIn,trainingSamples,raw_data/EMG-EPN612/testingJSON/user87/user87.json,idx_148
waveIn,trainingSamples,raw_data/EMG-EPN612/testingJSON/user87/user87.json,idx_149
waveIn,trainingSamples,raw_data/EMG-EPN612/testingJSON/user87/user87.json,idx_150
noGesture,trainingSamples,raw_data/EMG-EPN612/testingJSON/user88/user88.json,idx_1
noGesture,trainingSamples,raw_data/EMG-EPN612/testingJSON/user88/user88.json,idx_2
noGesture,trainingSamples,raw_data/EMG-EPN612/testingJSON/user88/user88.json,idx_3
noGesture,trainingSamples,raw_data/EMG-EPN612/testingJSON/user88/user88.json,idx_4
noGesture,trainingSamples,raw_data/EMG-EPN612/testingJSON/user88/user88.json,idx_5
noGesture,trainingSamples,raw_data/EMG-EPN612/testingJSON/user88/user88.json,idx_6
noGesture,trainingSamples,raw_data/EMG-EPN612/testingJSON/user88/user88.json,idx_7
noGesture,trainingSamples,raw_data/EMG-EPN612/testingJSON/user88/user88.json,idx_8
noGesture,trainingSamples,raw_data/EMG-EPN612/testingJSON/user88/user88.json,idx_9
noGesture,trainingSamples,raw_data/EMG-EPN612/testingJSON/user88/user88.json,idx_10
noGesture,trainingSamples,raw_data/EMG-EPN612/testingJSON/user88/user88.json,idx_11
noGesture,trainingSamples,raw_data/EMG-EPN612/testingJSON/user88/user88.json,idx_12
noGesture,trainingSamples,raw_data/EMG-EPN612/testingJSON/user88/user88.json,idx_13
noGesture,trainingSamples,raw_data/EMG-EPN612/testingJSON/user88/user88.json,idx_14
noGesture,trainingSamples,raw_data/EMG-EPN612/testingJSON/user88/user88.json,idx_15
noGesture,trainingSamples,raw_data/EMG-EPN612/testingJSON/user88/user88.json,idx_16
noGesture,trainingSamples,raw_data/EMG-EPN612/testingJSON/user88/user88.json,idx_17
noGesture,trainingSamples,raw_data/EMG-EPN612/testingJSON/user88/user88.json,idx_18
noGesture,trainingSamples,raw_data/EMG-EPN612/testingJSON/user88/user88.json,idx_19
noGesture,trainingSamples,raw_data/EMG-EPN612/testingJSON/user88/user88.json,idx_20
noGesture,trainingSamples,raw_data/EMG-EPN612/testingJSON/user88/user88.json,idx_21
noGesture,trainingSamples,raw_data/EMG-EPN612/testingJSON/user88/user88.json,idx_22
noGesture,trainingSamples,raw_data/EMG-EPN612/testingJSON/user88/user88.json,idx_23
noGesture,trainingSamples,raw_data/EMG-EPN612/testingJSON/user88/user88.json,idx_24
noGesture,trainingSamples,raw_data/EMG-EPN612/testingJSON/user88/user88.json,idx_25
waveOut,trainingSamples,raw_data/EMG-EPN612/testingJSON/user88/user88.json,idx_26
waveOut,trainingSamples,raw_data/EMG-EPN612/testingJSON/user88/user88.json,idx_27
waveOut,trainingSamples,raw_data/EMG-EPN612/testingJSON/user88/user88.json,idx_28
waveOut,trainingSamples,raw_data/EMG-EPN612/testingJSON/user88/user88.json,idx_29
waveOut,trainingSamples,raw_data/EMG-EPN612/testingJSON/user88/user88.json,idx_30
waveOut,trainingSamples,raw_data/EMG-EPN612/testingJSON/user88/user88.json,idx_31
waveOut,trainingSamples,raw_data/EMG-EPN612/testingJSON/user88/user88.json,idx_32
waveOut,trainingSamples,raw_data/EMG-EPN612/testingJSON/user88/user88.json,idx_33
waveOut,trainingSamples,raw_data/EMG-EPN612/testingJSON/user88/user88.json,idx_34
waveOut,trainingSamples,raw_data/EMG-EPN612/testingJSON/user88/user88.json,idx_35
waveOut,trainingSamples,raw_data/EMG-EPN612/testingJSON/user88/user88.json,idx_36
waveOut,trainingSamples,raw_data/EMG-EPN612/testingJSON/user88/user88.json,idx_37
waveOut,trainingSamples,raw_data/EMG-EPN612/testingJSON/user88/user88.json,idx_38
waveOut,trainingSamples,raw_data/EMG-EPN612/testingJSON/user88/user88.json,idx_39
waveOut,trainingSamples,raw_data/EMG-EPN612/testingJSON/user88/user88.json,idx_40
waveOut,trainingSamples,raw_data/EMG-EPN612/testingJSON/user88/user88.json,idx_41
waveOut,trainingSamples,raw_data/EMG-EPN612/testingJSON/user88/user88.json,idx_42
waveOut,trainingSamples,raw_data/EMG-EPN612/testingJSON/user88/user88.json,idx_43
waveOut,trainingSamples,raw_data/EMG-EPN612/testingJSON/user88/user88.json,idx_44
waveOut,trainingSamples,raw_data/EMG-EPN612/testingJSON/user88/user88.json,idx_45
waveOut,trainingSamples,raw_data/EMG-EPN612/testingJSON/user88/user88.json,idx_46
waveOut,trainingSamples,raw_data/EMG-EPN612/testingJSON/user88/user88.json,idx_47
waveOut,trainingSamples,raw_data/EMG-EPN612/testingJSON/user88/user88.json,idx_48
waveOut,trainingSamples,raw_data/EMG-EPN612/testingJSON/user88/user88.json,idx_49
waveOut,trainingSamples,raw_data/EMG-EPN612/testingJSON/user88/user88.json,idx_50
pinch,trainingSamples,raw_data/EMG-EPN612/testingJSON/user88/user88.json,idx_51
pinch,trainingSamples,raw_data/EMG-EPN612/testingJSON/user88/user88.json,idx_52
pinch,trainingSamples,raw_data/EMG-EPN612/testingJSON/user88/user88.json,idx_53
pinch,trainingSamples,raw_data/EMG-EPN612/testingJSON/user88/user88.json,idx_54
pinch,trainingSamples,raw_data/EMG-EPN612/testingJSON/user88/user88.json,idx_55
pinch,trainingSamples,raw_data/EMG-EPN612/testingJSON/user88/user88.json,idx_56
pinch,trainingSamples,raw_data/EMG-EPN612/testingJSON/user88/user88.json,idx_57
pinch,trainingSamples,raw_data/EMG-EPN612/testingJSON/user88/user88.json,idx_58
pinch,trainingSamples,raw_data/EMG-EPN612/testingJSON/user88/user88.json,idx_59
pinch,trainingSamples,raw_data/EMG-EPN612/testingJSON/user88/user88.json,idx_60
pinch,trainingSamples,raw_data/EMG-EPN612/testingJSON/user88/user88.json,idx_61
pinch,trainingSamples,raw_data/EMG-EPN612/testingJSON/user88/user88.json,idx_62
pinch,trainingSamples,raw_data/EMG-EPN612/testingJSON/user88/user88.json,idx_63
pinch,trainingSamples,raw_data/EMG-EPN612/testingJSON/user88/user88.json,idx_64
pinch,trainingSamples,raw_data/EMG-EPN612/testingJSON/user88/user88.json,idx_65
pinch,trainingSamples,raw_data/EMG-EPN612/testingJSON/user88/user88.json,idx_66
pinch,trainingSamples,raw_data/EMG-EPN612/testingJSON/user88/user88.json,idx_67
pinch,trainingSamples,raw_data/EMG-EPN612/testingJSON/user88/user88.json,idx_68
pinch,trainingSamples,raw_data/EMG-EPN612/testingJSON/user88/user88.json,idx_69
pinch,trainingSamples,raw_data/EMG-EPN612/testingJSON/user88/user88.json,idx_70
pinch,trainingSamples,raw_data/EMG-EPN612/testingJSON/user88/user88.json,idx_71
pinch,trainingSamples,raw_data/EMG-EPN612/testingJSON/user88/user88.json,idx_72
pinch,trainingSamples,raw_data/EMG-EPN612/testingJSON/user88/user88.json,idx_73
pinch,trainingSamples,raw_data/EMG-EPN612/testingJSON/user88/user88.json,idx_74
pinch,trainingSamples,raw_data/EMG-EPN612/testingJSON/user88/user88.json,idx_75
fist,trainingSamples,raw_data/EMG-EPN612/testingJSON/user88/user88.json,idx_76
fist,trainingSamples,raw_data/EMG-EPN612/testingJSON/user88/user88.json,idx_77
fist,trainingSamples,raw_data/EMG-EPN612/testingJSON/user88/user88.json,idx_78
fist,trainingSamples,raw_data/EMG-EPN612/testingJSON/user88/user88.json,idx_79
fist,trainingSamples,raw_data/EMG-EPN612/testingJSON/user88/user88.json,idx_80
fist,trainingSamples,raw_data/EMG-EPN612/testingJSON/user88/user88.json,idx_81
fist,trainingSamples,raw_data/EMG-EPN612/testingJSON/user88/user88.json,idx_82
fist,trainingSamples,raw_data/EMG-EPN612/testingJSON/user88/user88.json,idx_83
fist,trainingSamples,raw_data/EMG-EPN612/testingJSON/user88/user88.json,idx_84
fist,trainingSamples,raw_data/EMG-EPN612/testingJSON/user88/user88.json,idx_85
fist,trainingSamples,raw_data/EMG-EPN612/testingJSON/user88/user88.json,idx_86
fist,trainingSamples,raw_data/EMG-EPN612/testingJSON/user88/user88.json,idx_87
fist,trainingSamples,raw_data/EMG-EPN612/testingJSON/user88/user88.json,idx_88
fist,trainingSamples,raw_data/EMG-EPN612/testingJSON/user88/user88.json,idx_89
fist,trainingSamples,raw_data/EMG-EPN612/testingJSON/user88/user88.json,idx_90
fist,trainingSamples,raw_data/EMG-EPN612/testingJSON/user88/user88.json,idx_91
fist,trainingSamples,raw_data/EMG-EPN612/testingJSON/user88/user88.json,idx_92
fist,trainingSamples,raw_data/EMG-EPN612/testingJSON/user88/user88.json,idx_93
fist,trainingSamples,raw_data/EMG-EPN612/testingJSON/user88/user88.json,idx_94
fist,trainingSamples,raw_data/EMG-EPN612/testingJSON/user88/user88.json,idx_95
fist,trainingSamples,raw_data/EMG-EPN612/testingJSON/user88/user88.json,idx_96
fist,trainingSamples,raw_data/EMG-EPN612/testingJSON/user88/user88.json,idx_97
fist,trainingSamples,raw_data/EMG-EPN612/testingJSON/user88/user88.json,idx_98
fist,trainingSamples,raw_data/EMG-EPN612/testingJSON/user88/user88.json,idx_99
fist,trainingSamples,raw_data/EMG-EPN612/testingJSON/user88/user88.json,idx_100
waveIn,trainingSamples,raw_data/EMG-EPN612/testingJSON/user88/user88.json,idx_101
waveIn,trainingSamples,raw_data/EMG-EPN612/testingJSON/user88/user88.json,idx_102
waveIn,trainingSamples,raw_data/EMG-EPN612/testingJSON/user88/user88.json,idx_103
waveIn,trainingSamples,raw_data/EMG-EPN612/testingJSON/user88/user88.json,idx_104
waveIn,trainingSamples,raw_data/EMG-EPN612/testingJSON/user88/user88.json,idx_105
waveIn,trainingSamples,raw_data/EMG-EPN612/testingJSON/user88/user88.json,idx_106
waveIn,trainingSamples,raw_data/EMG-EPN612/testingJSON/user88/user88.json,idx_107
waveIn,trainingSamples,raw_data/EMG-EPN612/testingJSON/user88/user88.json,idx_108
waveIn,trainingSamples,raw_data/EMG-EPN612/testingJSON/user88/user88.json,idx_109
waveIn,trainingSamples,raw_data/EMG-EPN612/testingJSON/user88/user88.json,idx_110
waveIn,trainingSamples,raw_data/EMG-EPN612/testingJSON/user88/user88.json,idx_111
waveIn,trainingSamples,raw_data/EMG-EPN612/testingJSON/user88/user88.json,idx_112
waveIn,trainingSamples,raw_data/EMG-EPN612/testingJSON/user88/user88.json,idx_113
waveIn,trainingSamples,raw_data/EMG-EPN612/testingJSON/user88/user88.json,idx_114
waveIn,trainingSamples,raw_data/EMG-EPN612/testingJSON/user88/user88.json,idx_115
waveIn,trainingSamples,raw_data/EMG-EPN612/testingJSON/user88/user88.json,idx_116
waveIn,trainingSamples,raw_data/EMG-EPN612/testingJSON/user88/user88.json,idx_117
waveIn,trainingSamples,raw_data/EMG-EPN612/testingJSON/user88/user88.json,idx_118
waveIn,trainingSamples,raw_data/EMG-EPN612/testingJSON/user88/user88.json,idx_119
waveIn,trainingSamples,raw_data/EMG-EPN612/testingJSON/user88/user88.json,idx_120
waveIn,trainingSamples,raw_data/EMG-EPN612/testingJSON/user88/user88.json,idx_121
waveIn,trainingSamples,raw_data/EMG-EPN612/testingJSON/user88/user88.json,idx_122
waveIn,trainingSamples,raw_data/EMG-EPN612/testingJSON/user88/user88.json,idx_123
waveIn,trainingSamples,raw_data/EMG-EPN612/testingJSON/user88/user88.json,idx_124
waveIn,trainingSamples,raw_data/EMG-EPN612/testingJSON/user88/user88.json,idx_125
open,trainingSamples,raw_data/EMG-EPN612/testingJSON/user88/user88.json,idx_126
open,trainingSamples,raw_data/EMG-EPN612/testingJSON/user88/user88.json,idx_127
open,trainingSamples,raw_data/EMG-EPN612/testingJSON/user88/user88.json,idx_128
open,trainingSamples,raw_data/EMG-EPN612/testingJSON/user88/user88.json,idx_129
open,trainingSamples,raw_data/EMG-EPN612/testingJSON/user88/user88.json,idx_130
open,trainingSamples,raw_data/EMG-EPN612/testingJSON/user88/user88.json,idx_131
open,trainingSamples,raw_data/EMG-EPN612/testingJSON/user88/user88.json,idx_132
open,trainingSamples,raw_data/EMG-EPN612/testingJSON/user88/user88.json,idx_133
open,trainingSamples,raw_data/EMG-EPN612/testingJSON/user88/user88.json,idx_134
open,trainingSamples,raw_data/EMG-EPN612/testingJSON/user88/user88.json,idx_135
open,trainingSamples,raw_data/EMG-EPN612/testingJSON/user88/user88.json,idx_136
open,trainingSamples,raw_data/EMG-EPN612/testingJSON/user88/user88.json,idx_137
open,trainingSamples,raw_data/EMG-EPN612/testingJSON/user88/user88.json,idx_138
open,trainingSamples,raw_data/EMG-EPN612/testingJSON/user88/user88.json,idx_139
open,trainingSamples,raw_data/EMG-EPN612/testingJSON/user88/user88.json,idx_140
open,trainingSamples,raw_data/EMG-EPN612/testingJSON/user88/user88.json,idx_141
open,trainingSamples,raw_data/EMG-EPN612/testingJSON/user88/user88.json,idx_142
open,trainingSamples,raw_data/EMG-EPN612/testingJSON/user88/user88.json,idx_143
open,trainingSamples,raw_data/EMG-EPN612/testingJSON/user88/user88.json,idx_144
open,trainingSamples,raw_data/EMG-EPN612/testingJSON/user88/user88.json,idx_145
open,trainingSamples,raw_data/EMG-EPN612/testingJSON/user88/user88.json,idx_146
open,trainingSamples,raw_data/EMG-EPN612/testingJSON/user88/user88.json,idx_147
open,trainingSamples,raw_data/EMG-EPN612/testingJSON/user88/user88.json,idx_148
open,trainingSamples,raw_data/EMG-EPN612/testingJSON/user88/user88.json,idx_149
open,trainingSamples,raw_data/EMG-EPN612/testingJSON/user88/user88.json,idx_150
noGesture,trainingSamples,raw_data/EMG-EPN612/testingJSON/user89/user89.json,idx_1
noGesture,trainingSamples,raw_data/EMG-EPN612/testingJSON/user89/user89.json,idx_2
noGesture,trainingSamples,raw_data/EMG-EPN612/testingJSON/user89/user89.json,idx_3
noGesture,trainingSamples,raw_data/EMG-EPN612/testingJSON/user89/user89.json,idx_4
noGesture,trainingSamples,raw_data/EMG-EPN612/testingJSON/user89/user89.json,idx_5
noGesture,trainingSamples,raw_data/EMG-EPN612/testingJSON/user89/user89.json,idx_6
noGesture,trainingSamples,raw_data/EMG-EPN612/testingJSON/user89/user89.json,idx_7
noGesture,trainingSamples,raw_data/EMG-EPN612/testingJSON/user89/user89.json,idx_8
noGesture,trainingSamples,raw_data/EMG-EPN612/testingJSON/user89/user89.json,idx_9
noGesture,trainingSamples,raw_data/EMG-EPN612/testingJSON/user89/user89.json,idx_10
noGesture,trainingSamples,raw_data/EMG-EPN612/testingJSON/user89/user89.json,idx_11
noGesture,trainingSamples,raw_data/EMG-EPN612/testingJSON/user89/user89.json,idx_12
noGesture,trainingSamples,raw_data/EMG-EPN612/testingJSON/user89/user89.json,idx_13
noGesture,trainingSamples,raw_data/EMG-EPN612/testingJSON/user89/user89.json,idx_14
noGesture,trainingSamples,raw_data/EMG-EPN612/testingJSON/user89/user89.json,idx_15
noGesture,trainingSamples,raw_data/EMG-EPN612/testingJSON/user89/user89.json,idx_16
noGesture,trainingSamples,raw_data/EMG-EPN612/testingJSON/user89/user89.json,idx_17
noGesture,trainingSamples,raw_data/EMG-EPN612/testingJSON/user89/user89.json,idx_18
noGesture,trainingSamples,raw_data/EMG-EPN612/testingJSON/user89/user89.json,idx_19
noGesture,trainingSamples,raw_data/EMG-EPN612/testingJSON/user89/user89.json,idx_20
noGesture,trainingSamples,raw_data/EMG-EPN612/testingJSON/user89/user89.json,idx_21
noGesture,trainingSamples,raw_data/EMG-EPN612/testingJSON/user89/user89.json,idx_22
noGesture,trainingSamples,raw_data/EMG-EPN612/testingJSON/user89/user89.json,idx_23
noGesture,trainingSamples,raw_data/EMG-EPN612/testingJSON/user89/user89.json,idx_24
noGesture,trainingSamples,raw_data/EMG-EPN612/testingJSON/user89/user89.json,idx_25
fist,trainingSamples,raw_data/EMG-EPN612/testingJSON/user89/user89.json,idx_26
fist,trainingSamples,raw_data/EMG-EPN612/testingJSON/user89/user89.json,idx_27
fist,trainingSamples,raw_data/EMG-EPN612/testingJSON/user89/user89.json,idx_28
fist,trainingSamples,raw_data/EMG-EPN612/testingJSON/user89/user89.json,idx_29
fist,trainingSamples,raw_data/EMG-EPN612/testingJSON/user89/user89.json,idx_30
fist,trainingSamples,raw_data/EMG-EPN612/testingJSON/user89/user89.json,idx_31
fist,trainingSamples,raw_data/EMG-EPN612/testingJSON/user89/user89.json,idx_32
fist,trainingSamples,raw_data/EMG-EPN612/testingJSON/user89/user89.json,idx_33
fist,trainingSamples,raw_data/EMG-EPN612/testingJSON/user89/user89.json,idx_34
fist,trainingSamples,raw_data/EMG-EPN612/testingJSON/user89/user89.json,idx_35
fist,trainingSamples,raw_data/EMG-EPN612/testingJSON/user89/user89.json,idx_36
fist,trainingSamples,raw_data/EMG-EPN612/testingJSON/user89/user89.json,idx_37
fist,trainingSamples,raw_data/EMG-EPN612/testingJSON/user89/user89.json,idx_38
fist,trainingSamples,raw_data/EMG-EPN612/testingJSON/user89/user89.json,idx_39
fist,trainingSamples,raw_data/EMG-EPN612/testingJSON/user89/user89.json,idx_40
fist,trainingSamples,raw_data/EMG-EPN612/testingJSON/user89/user89.json,idx_41
fist,trainingSamples,raw_data/EMG-EPN612/testingJSON/user89/user89.json,idx_42
fist,trainingSamples,raw_data/EMG-EPN612/testingJSON/user89/user89.json,idx_43
fist,trainingSamples,raw_data/EMG-EPN612/testingJSON/user89/user89.json,idx_44
fist,trainingSamples,raw_data/EMG-EPN612/testingJSON/user89/user89.json,idx_45
fist,trainingSamples,raw_data/EMG-EPN612/testingJSON/user89/user89.json,idx_46
fist,trainingSamples,raw_data/EMG-EPN612/testingJSON/user89/user89.json,idx_47
fist,trainingSamples,raw_data/EMG-EPN612/testingJSON/user89/user89.json,idx_48
fist,trainingSamples,raw_data/EMG-EPN612/testingJSON/user89/user89.json,idx_49
fist,trainingSamples,raw_data/EMG-EPN612/testingJSON/user89/user89.json,idx_50
open,trainingSamples,raw_data/EMG-EPN612/testingJSON/user89/user89.json,idx_51
open,trainingSamples,raw_data/EMG-EPN612/testingJSON/user89/user89.json,idx_52
open,trainingSamples,raw_data/EMG-EPN612/testingJSON/user89/user89.json,idx_53
open,trainingSamples,raw_data/EMG-EPN612/testingJSON/user89/user89.json,idx_54
open,trainingSamples,raw_data/EMG-EPN612/testingJSON/user89/user89.json,idx_55
open,trainingSamples,raw_data/EMG-EPN612/testingJSON/user89/user89.json,idx_56
open,trainingSamples,raw_data/EMG-EPN612/testingJSON/user89/user89.json,idx_57
open,trainingSamples,raw_data/EMG-EPN612/testingJSON/user89/user89.json,idx_58
open,trainingSamples,raw_data/EMG-EPN612/testingJSON/user89/user89.json,idx_59
open,trainingSamples,raw_data/EMG-EPN612/testingJSON/user89/user89.json,idx_60
open,trainingSamples,raw_data/EMG-EPN612/testingJSON/user89/user89.json,idx_61
open,trainingSamples,raw_data/EMG-EPN612/testingJSON/user89/user89.json,idx_62
open,trainingSamples,raw_data/EMG-EPN612/testingJSON/user89/user89.json,idx_63
open,trainingSamples,raw_data/EMG-EPN612/testingJSON/user89/user89.json,idx_64
open,trainingSamples,raw_data/EMG-EPN612/testingJSON/user89/user89.json,idx_65
open,trainingSamples,raw_data/EMG-EPN612/testingJSON/user89/user89.json,idx_66
open,trainingSamples,raw_data/EMG-EPN612/testingJSON/user89/user89.json,idx_67
open,trainingSamples,raw_data/EMG-EPN612/testingJSON/user89/user89.json,idx_68
open,trainingSamples,raw_data/EMG-EPN612/testingJSON/user89/user89.json,idx_69
open,trainingSamples,raw_data/EMG-EPN612/testingJSON/user89/user89.json,idx_70
open,trainingSamples,raw_data/EMG-EPN612/testingJSON/user89/user89.json,idx_71
open,trainingSamples,raw_data/EMG-EPN612/testingJSON/user89/user89.json,idx_72
open,trainingSamples,raw_data/EMG-EPN612/testingJSON/user89/user89.json,idx_73
open,trainingSamples,raw_data/EMG-EPN612/testingJSON/user89/user89.json,idx_74
open,trainingSamples,raw_data/EMG-EPN612/testingJSON/user89/user89.json,idx_75
pinch,trainingSamples,raw_data/EMG-EPN612/testingJSON/user89/user89.json,idx_76
pinch,trainingSamples,raw_data/EMG-EPN612/testingJSON/user89/user89.json,idx_77
pinch,trainingSamples,raw_data/EMG-EPN612/testingJSON/user89/user89.json,idx_78
pinch,trainingSamples,raw_data/EMG-EPN612/testingJSON/user89/user89.json,idx_79
pinch,trainingSamples,raw_data/EMG-EPN612/testingJSON/user89/user89.json,idx_80
pinch,trainingSamples,raw_data/EMG-EPN612/testingJSON/user89/user89.json,idx_81
pinch,trainingSamples,raw_data/EMG-EPN612/testingJSON/user89/user89.json,idx_82
pinch,trainingSamples,raw_data/EMG-EPN612/testingJSON/user89/user89.json,idx_83
pinch,trainingSamples,raw_data/EMG-EPN612/testingJSON/user89/user89.json,idx_84
pinch,trainingSamples,raw_data/EMG-EPN612/testingJSON/user89/user89.json,idx_85
pinch,trainingSamples,raw_data/EMG-EPN612/testingJSON/user89/user89.json,idx_86
pinch,trainingSamples,raw_data/EMG-EPN612/testingJSON/user89/user89.json,idx_87
pinch,trainingSamples,raw_data/EMG-EPN612/testingJSON/user89/user89.json,idx_88
pinch,trainingSamples,raw_data/EMG-EPN612/testingJSON/user89/user89.json,idx_89
pinch,trainingSamples,raw_data/EMG-EPN612/testingJSON/user89/user89.json,idx_90
pinch,trainingSamples,raw_data/EMG-EPN612/testingJSON/user89/user89.json,idx_91
pinch,trainingSamples,raw_data/EMG-EPN612/testingJSON/user89/user89.json,idx_92
pinch,trainingSamples,raw_data/EMG-EPN612/testingJSON/user89/user89.json,idx_93
pinch,trainingSamples,raw_data/EMG-EPN612/testingJSON/user89/user89.json,idx_94
pinch,trainingSamples,raw_data/EMG-EPN612/testingJSON/user89/user89.json,idx_95
pinch,trainingSamples,raw_data/EMG-EPN612/testingJSON/user89/user89.json,idx_96
pinch,trainingSamples,raw_data/EMG-EPN612/testingJSON/user89/user89.json,idx_97
pinch,trainingSamples,raw_data/EMG-EPN612/testingJSON/user89/user89.json,idx_98
pinch,trainingSamples,raw_data/EMG-EPN612/testingJSON/user89/user89.json,idx_99
pinch,trainingSamples,raw_data/EMG-EPN612/testingJSON/user89/user89.json,idx_100
waveOut,trainingSamples,raw_data/EMG-EPN612/testingJSON/user89/user89.json,idx_101
waveOut,trainingSamples,raw_data/EMG-EPN612/testingJSON/user89/user89.json,idx_102
waveOut,trainingSamples,raw_data/EMG-EPN612/testingJSON/user89/user89.json,idx_103
waveOut,trainingSamples,raw_data/EMG-EPN612/testingJSON/user89/user89.json,idx_104
waveOut,trainingSamples,raw_data/EMG-EPN612/testingJSON/user89/user89.json,idx_105
waveOut,trainingSamples,raw_data/EMG-EPN612/testingJSON/user89/user89.json,idx_106
waveOut,trainingSamples,raw_data/EMG-EPN612/testingJSON/user89/user89.json,idx_107
waveOut,trainingSamples,raw_data/EMG-EPN612/testingJSON/user89/user89.json,idx_108
waveOut,trainingSamples,raw_data/EMG-EPN612/testingJSON/user89/user89.json,idx_109
waveOut,trainingSamples,raw_data/EMG-EPN612/testingJSON/user89/user89.json,idx_110
waveOut,trainingSamples,raw_data/EMG-EPN612/testingJSON/user89/user89.json,idx_111
waveOut,trainingSamples,raw_data/EMG-EPN612/testingJSON/user89/user89.json,idx_112
waveOut,trainingSamples,raw_data/EMG-EPN612/testingJSON/user89/user89.json,idx_113
waveOut,trainingSamples,raw_data/EMG-EPN612/testingJSON/user89/user89.json,idx_114
waveOut,trainingSamples,raw_data/EMG-EPN612/testingJSON/user89/user89.json,idx_115
waveOut,trainingSamples,raw_data/EMG-EPN612/testingJSON/user89/user89.json,idx_116
waveOut,trainingSamples,raw_data/EMG-EPN612/testingJSON/user89/user89.json,idx_117
waveOut,trainingSamples,raw_data/EMG-EPN612/testingJSON/user89/user89.json,idx_118
waveOut,trainingSamples,raw_data/EMG-EPN612/testingJSON/user89/user89.json,idx_119
waveOut,trainingSamples,raw_data/EMG-EPN612/testingJSON/user89/user89.json,idx_120
waveOut,trainingSamples,raw_data/EMG-EPN612/testingJSON/user89/user89.json,idx_121
waveOut,trainingSamples,raw_data/EMG-EPN612/testingJSON/user89/user89.json,idx_122
waveOut,trainingSamples,raw_data/EMG-EPN612/testingJSON/user89/user89.json,idx_123
waveOut,trainingSamples,raw_data/EMG-EPN612/testingJSON/user89/user89.json,idx_124
waveOut,trainingSamples,raw_data/EMG-EPN612/testingJSON/user89/user89.json,idx_125
waveIn,trainingSamples,raw_data/EMG-EPN612/testingJSON/user89/user89.json,idx_126
waveIn,trainingSamples,raw_data/EMG-EPN612/testingJSON/user89/user89.json,idx_127
waveIn,trainingSamples,raw_data/EMG-EPN612/testingJSON/user89/user89.json,idx_128
waveIn,trainingSamples,raw_data/EMG-EPN612/testingJSON/user89/user89.json,idx_129
waveIn,trainingSamples,raw_data/EMG-EPN612/testingJSON/user89/user89.json,idx_130
waveIn,trainingSamples,raw_data/EMG-EPN612/testingJSON/user89/user89.json,idx_131
waveIn,trainingSamples,raw_data/EMG-EPN612/testingJSON/user89/user89.json,idx_132
waveIn,trainingSamples,raw_data/EMG-EPN612/testingJSON/user89/user89.json,idx_133
waveIn,trainingSamples,raw_data/EMG-EPN612/testingJSON/user89/user89.json,idx_134
waveIn,trainingSamples,raw_data/EMG-EPN612/testingJSON/user89/user89.json,idx_135
waveIn,trainingSamples,raw_data/EMG-EPN612/testingJSON/user89/user89.json,idx_136
waveIn,trainingSamples,raw_data/EMG-EPN612/testingJSON/user89/user89.json,idx_137
waveIn,trainingSamples,raw_data/EMG-EPN612/testingJSON/user89/user89.json,idx_138
waveIn,trainingSamples,raw_data/EMG-EPN612/testingJSON/user89/user89.json,idx_139
waveIn,trainingSamples,raw_data/EMG-EPN612/testingJSON/user89/user89.json,idx_140
waveIn,trainingSamples,raw_data/EMG-EPN612/testingJSON/user89/user89.json,idx_141
waveIn,trainingSamples,raw_data/EMG-EPN612/testingJSON/user89/user89.json,idx_142
waveIn,trainingSamples,raw_data/EMG-EPN612/testingJSON/user89/user89.json,idx_143
waveIn,trainingSamples,raw_data/EMG-EPN612/testingJSON/user89/user89.json,idx_144
waveIn,trainingSamples,raw_data/EMG-EPN612/testingJSON/user89/user89.json,idx_145
waveIn,trainingSamples,raw_data/EMG-EPN612/testingJSON/user89/user89.json,idx_146
waveIn,trainingSamples,raw_data/EMG-EPN612/testingJSON/user89/user89.json,idx_147
waveIn,trainingSamples,raw_data/EMG-EPN612/testingJSON/user89/user89.json,idx_148
waveIn,trainingSamples,raw_data/EMG-EPN612/testingJSON/user89/user89.json,idx_149
waveIn,trainingSamples,raw_data/EMG-EPN612/testingJSON/user89/user89.json,idx_150
noGesture,trainingSamples,raw_data/EMG-EPN612/testingJSON/user9/user9.json,idx_1
noGesture,trainingSamples,raw_data/EMG-EPN612/testingJSON/user9/user9.json,idx_2
noGesture,trainingSamples,raw_data/EMG-EPN612/testingJSON/user9/user9.json,idx_3
noGesture,trainingSamples,raw_data/EMG-EPN612/testingJSON/user9/user9.json,idx_4
noGesture,trainingSamples,raw_data/EMG-EPN612/testingJSON/user9/user9.json,idx_5
noGesture,trainingSamples,raw_data/EMG-EPN612/testingJSON/user9/user9.json,idx_6
noGesture,trainingSamples,raw_data/EMG-EPN612/testingJSON/user9/user9.json,idx_7
noGesture,trainingSamples,raw_data/EMG-EPN612/testingJSON/user9/user9.json,idx_8
noGesture,trainingSamples,raw_data/EMG-EPN612/testingJSON/user9/user9.json,idx_9
noGesture,trainingSamples,raw_data/EMG-EPN612/testingJSON/user9/user9.json,idx_10
noGesture,trainingSamples,raw_data/EMG-EPN612/testingJSON/user9/user9.json,idx_11
noGesture,trainingSamples,raw_data/EMG-EPN612/testingJSON/user9/user9.json,idx_12
noGesture,trainingSamples,raw_data/EMG-EPN612/testingJSON/user9/user9.json,idx_13
noGesture,trainingSamples,raw_data/EMG-EPN612/testingJSON/user9/user9.json,idx_14
noGesture,trainingSamples,raw_data/EMG-EPN612/testingJSON/user9/user9.json,idx_15
noGesture,trainingSamples,raw_data/EMG-EPN612/testingJSON/user9/user9.json,idx_16
noGesture,trainingSamples,raw_data/EMG-EPN612/testingJSON/user9/user9.json,idx_17
noGesture,trainingSamples,raw_data/EMG-EPN612/testingJSON/user9/user9.json,idx_18
noGesture,trainingSamples,raw_data/EMG-EPN612/testingJSON/user9/user9.json,idx_19
noGesture,trainingSamples,raw_data/EMG-EPN612/testingJSON/user9/user9.json,idx_20
noGesture,trainingSamples,raw_data/EMG-EPN612/testingJSON/user9/user9.json,idx_21
noGesture,trainingSamples,raw_data/EMG-EPN612/testingJSON/user9/user9.json,idx_22
noGesture,trainingSamples,raw_data/EMG-EPN612/testingJSON/user9/user9.json,idx_23
noGesture,trainingSamples,raw_data/EMG-EPN612/testingJSON/user9/user9.json,idx_24
noGesture,trainingSamples,raw_data/EMG-EPN612/testingJSON/user9/user9.json,idx_25
waveOut,trainingSamples,raw_data/EMG-EPN612/testingJSON/user9/user9.json,idx_26
waveOut,trainingSamples,raw_data/EMG-EPN612/testingJSON/user9/user9.json,idx_27
waveOut,trainingSamples,raw_data/EMG-EPN612/testingJSON/user9/user9.json,idx_28
waveOut,trainingSamples,raw_data/EMG-EPN612/testingJSON/user9/user9.json,idx_29
waveOut,trainingSamples,raw_data/EMG-EPN612/testingJSON/user9/user9.json,idx_30
waveOut,trainingSamples,raw_data/EMG-EPN612/testingJSON/user9/user9.json,idx_31
waveOut,trainingSamples,raw_data/EMG-EPN612/testingJSON/user9/user9.json,idx_32
waveOut,trainingSamples,raw_data/EMG-EPN612/testingJSON/user9/user9.json,idx_33
waveOut,trainingSamples,raw_data/EMG-EPN612/testingJSON/user9/user9.json,idx_34
waveOut,trainingSamples,raw_data/EMG-EPN612/testingJSON/user9/user9.json,idx_35
waveOut,trainingSamples,raw_data/EMG-EPN612/testingJSON/user9/user9.json,idx_36
waveOut,trainingSamples,raw_data/EMG-EPN612/testingJSON/user9/user9.json,idx_37
waveOut,trainingSamples,raw_data/EMG-EPN612/testingJSON/user9/user9.json,idx_38
waveOut,trainingSamples,raw_data/EMG-EPN612/testingJSON/user9/user9.json,idx_39
waveOut,trainingSamples,raw_data/EMG-EPN612/testingJSON/user9/user9.json,idx_40
waveOut,trainingSamples,raw_data/EMG-EPN612/testingJSON/user9/user9.json,idx_41
waveOut,trainingSamples,raw_data/EMG-EPN612/testingJSON/user9/user9.json,idx_42
waveOut,trainingSamples,raw_data/EMG-EPN612/testingJSON/user9/user9.json,idx_43
waveOut,trainingSamples,raw_data/EMG-EPN612/testingJSON/user9/user9.json,idx_44
waveOut,trainingSamples,raw_data/EMG-EPN612/testingJSON/user9/user9.json,idx_45
waveOut,trainingSamples,raw_data/EMG-EPN612/testingJSON/user9/user9.json,idx_46
waveOut,trainingSamples,raw_data/EMG-EPN612/testingJSON/user9/user9.json,idx_47
waveOut,trainingSamples,raw_data/EMG-EPN612/testingJSON/user9/user9.json,idx_48
waveOut,trainingSamples,raw_data/EMG-EPN612/testingJSON/user9/user9.json,idx_49
waveOut,trainingSamples,raw_data/EMG-EPN612/testingJSON/user9/user9.json,idx_50
pinch,trainingSamples,raw_data/EMG-EPN612/testingJSON/user9/user9.json,idx_51
pinch,trainingSamples,raw_data/EMG-EPN612/testingJSON/user9/user9.json,idx_52
pinch,trainingSamples,raw_data/EMG-EPN612/testingJSON/user9/user9.json,idx_53
pinch,trainingSamples,raw_data/EMG-EPN612/testingJSON/user9/user9.json,idx_54
pinch,trainingSamples,raw_data/EMG-EPN612/testingJSON/user9/user9.json,idx_55
pinch,trainingSamples,raw_data/EMG-EPN612/testingJSON/user9/user9.json,idx_56
pinch,trainingSamples,raw_data/EMG-EPN612/testingJSON/user9/user9.json,idx_57
pinch,trainingSamples,raw_data/EMG-EPN612/testingJSON/user9/user9.json,idx_58
pinch,trainingSamples,raw_data/EMG-EPN612/testingJSON/user9/user9.json,idx_59
pinch,trainingSamples,raw_data/EMG-EPN612/testingJSON/user9/user9.json,idx_60
pinch,trainingSamples,raw_data/EMG-EPN612/testingJSON/user9/user9.json,idx_61
pinch,trainingSamples,raw_data/EMG-EPN612/testingJSON/user9/user9.json,idx_62
pinch,trainingSamples,raw_data/EMG-EPN612/testingJSON/user9/user9.json,idx_63
pinch,trainingSamples,raw_data/EMG-EPN612/testingJSON/user9/user9.json,idx_64
pinch,trainingSamples,raw_data/EMG-EPN612/testingJSON/user9/user9.json,idx_65
pinch,trainingSamples,raw_data/EMG-EPN612/testingJSON/user9/user9.json,idx_66
pinch,trainingSamples,raw_data/EMG-EPN612/testingJSON/user9/user9.json,idx_67
pinch,trainingSamples,raw_data/EMG-EPN612/testingJSON/user9/user9.json,idx_68
pinch,trainingSamples,raw_data/EMG-EPN612/testingJSON/user9/user9.json,idx_69
pinch,trainingSamples,raw_data/EMG-EPN612/testingJSON/user9/user9.json,idx_70
pinch,trainingSamples,raw_data/EMG-EPN612/testingJSON/user9/user9.json,idx_71
pinch,trainingSamples,raw_data/EMG-EPN612/testingJSON/user9/user9.json,idx_72
pinch,trainingSamples,raw_data/EMG-EPN612/testingJSON/user9/user9.json,idx_73
pinch,trainingSamples,raw_data/EMG-EPN612/testingJSON/user9/user9.json,idx_74
pinch,trainingSamples,raw_data/EMG-EPN612/testingJSON/user9/user9.json,idx_75
fist,trainingSamples,raw_data/EMG-EPN612/testingJSON/user9/user9.json,idx_76
fist,trainingSamples,raw_data/EMG-EPN612/testingJSON/user9/user9.json,idx_77
fist,trainingSamples,raw_data/EMG-EPN612/testingJSON/user9/user9.json,idx_78
fist,trainingSamples,raw_data/EMG-EPN612/testingJSON/user9/user9.json,idx_79
fist,trainingSamples,raw_data/EMG-EPN612/testingJSON/user9/user9.json,idx_80
fist,trainingSamples,raw_data/EMG-EPN612/testingJSON/user9/user9.json,idx_81
fist,trainingSamples,raw_data/EMG-EPN612/testingJSON/user9/user9.json,idx_82
fist,trainingSamples,raw_data/EMG-EPN612/testingJSON/user9/user9.json,idx_83
fist,trainingSamples,raw_data/EMG-EPN612/testingJSON/user9/user9.json,idx_84
fist,trainingSamples,raw_data/EMG-EPN612/testingJSON/user9/user9.json,idx_85
fist,trainingSamples,raw_data/EMG-EPN612/testingJSON/user9/user9.json,idx_86
fist,trainingSamples,raw_data/EMG-EPN612/testingJSON/user9/user9.json,idx_87
fist,trainingSamples,raw_data/EMG-EPN612/testingJSON/user9/user9.json,idx_88
fist,trainingSamples,raw_data/EMG-EPN612/testingJSON/user9/user9.json,idx_89
fist,trainingSamples,raw_data/EMG-EPN612/testingJSON/user9/user9.json,idx_90
fist,trainingSamples,raw_data/EMG-EPN612/testingJSON/user9/user9.json,idx_91
fist,trainingSamples,raw_data/EMG-EPN612/testingJSON/user9/user9.json,idx_92
fist,trainingSamples,raw_data/EMG-EPN612/testingJSON/user9/user9.json,idx_93
fist,trainingSamples,raw_data/EMG-EPN612/testingJSON/user9/user9.json,idx_94
fist,trainingSamples,raw_data/EMG-EPN612/testingJSON/user9/user9.json,idx_95
fist,trainingSamples,raw_data/EMG-EPN612/testingJSON/user9/user9.json,idx_96
fist,trainingSamples,raw_data/EMG-EPN612/testingJSON/user9/user9.json,idx_97
fist,trainingSamples,raw_data/EMG-EPN612/testingJSON/user9/user9.json,idx_98
fist,trainingSamples,raw_data/EMG-EPN612/testingJSON/user9/user9.json,idx_99
fist,trainingSamples,raw_data/EMG-EPN612/testingJSON/user9/user9.json,idx_100
waveIn,trainingSamples,raw_data/EMG-EPN612/testingJSON/user9/user9.json,idx_101
waveIn,trainingSamples,raw_data/EMG-EPN612/testingJSON/user9/user9.json,idx_102
waveIn,trainingSamples,raw_data/EMG-EPN612/testingJSON/user9/user9.json,idx_103
waveIn,trainingSamples,raw_data/EMG-EPN612/testingJSON/user9/user9.json,idx_104
waveIn,trainingSamples,raw_data/EMG-EPN612/testingJSON/user9/user9.json,idx_105
waveIn,trainingSamples,raw_data/EMG-EPN612/testingJSON/user9/user9.json,idx_106
waveIn,trainingSamples,raw_data/EMG-EPN612/testingJSON/user9/user9.json,idx_107
waveIn,trainingSamples,raw_data/EMG-EPN612/testingJSON/user9/user9.json,idx_108
waveIn,trainingSamples,raw_data/EMG-EPN612/testingJSON/user9/user9.json,idx_109
waveIn,trainingSamples,raw_data/EMG-EPN612/testingJSON/user9/user9.json,idx_110
waveIn,trainingSamples,raw_data/EMG-EPN612/testingJSON/user9/user9.json,idx_111
waveIn,trainingSamples,raw_data/EMG-EPN612/testingJSON/user9/user9.json,idx_112
waveIn,trainingSamples,raw_data/EMG-EPN612/testingJSON/user9/user9.json,idx_113
waveIn,trainingSamples,raw_data/EMG-EPN612/testingJSON/user9/user9.json,idx_114
waveIn,trainingSamples,raw_data/EMG-EPN612/testingJSON/user9/user9.json,idx_115
waveIn,trainingSamples,raw_data/EMG-EPN612/testingJSON/user9/user9.json,idx_116
waveIn,trainingSamples,raw_data/EMG-EPN612/testingJSON/user9/user9.json,idx_117
waveIn,trainingSamples,raw_data/EMG-EPN612/testingJSON/user9/user9.json,idx_118
waveIn,trainingSamples,raw_data/EMG-EPN612/testingJSON/user9/user9.json,idx_119
waveIn,trainingSamples,raw_data/EMG-EPN612/testingJSON/user9/user9.json,idx_120
waveIn,trainingSamples,raw_data/EMG-EPN612/testingJSON/user9/user9.json,idx_121
waveIn,trainingSamples,raw_data/EMG-EPN612/testingJSON/user9/user9.json,idx_122
waveIn,trainingSamples,raw_data/EMG-EPN612/testingJSON/user9/user9.json,idx_123
waveIn,trainingSamples,raw_data/EMG-EPN612/testingJSON/user9/user9.json,idx_124
waveIn,trainingSamples,raw_data/EMG-EPN612/testingJSON/user9/user9.json,idx_125
open,trainingSamples,raw_data/EMG-EPN612/testingJSON/user9/user9.json,idx_126
open,trainingSamples,raw_data/EMG-EPN612/testingJSON/user9/user9.json,idx_127
open,trainingSamples,raw_data/EMG-EPN612/testingJSON/user9/user9.json,idx_128
open,trainingSamples,raw_data/EMG-EPN612/testingJSON/user9/user9.json,idx_129
open,trainingSamples,raw_data/EMG-EPN612/testingJSON/user9/user9.json,idx_130
open,trainingSamples,raw_data/EMG-EPN612/testingJSON/user9/user9.json,idx_131
open,trainingSamples,raw_data/EMG-EPN612/testingJSON/user9/user9.json,idx_132
open,trainingSamples,raw_data/EMG-EPN612/testingJSON/user9/user9.json,idx_133
open,trainingSamples,raw_data/EMG-EPN612/testingJSON/user9/user9.json,idx_134
open,trainingSamples,raw_data/EMG-EPN612/testingJSON/user9/user9.json,idx_135
open,trainingSamples,raw_data/EMG-EPN612/testingJSON/user9/user9.json,idx_136
open,trainingSamples,raw_data/EMG-EPN612/testingJSON/user9/user9.json,idx_137
open,trainingSamples,raw_data/EMG-EPN612/testingJSON/user9/user9.json,idx_138
open,trainingSamples,raw_data/EMG-EPN612/testingJSON/user9/user9.json,idx_139
open,trainingSamples,raw_data/EMG-EPN612/testingJSON/user9/user9.json,idx_140
open,trainingSamples,raw_data/EMG-EPN612/testingJSON/user9/user9.json,idx_141
open,trainingSamples,raw_data/EMG-EPN612/testingJSON/user9/user9.json,idx_142
open,trainingSamples,raw_data/EMG-EPN612/testingJSON/user9/user9.json,idx_143
open,trainingSamples,raw_data/EMG-EPN612/testingJSON/user9/user9.json,idx_144
open,trainingSamples,raw_data/EMG-EPN612/testingJSON/user9/user9.json,idx_145
open,trainingSamples,raw_data/EMG-EPN612/testingJSON/user9/user9.json,idx_146
open,trainingSamples,raw_data/EMG-EPN612/testingJSON/user9/user9.json,idx_147
open,trainingSamples,raw_data/EMG-EPN612/testingJSON/user9/user9.json,idx_148
open,trainingSamples,raw_data/EMG-EPN612/testingJSON/user9/user9.json,idx_149
open,trainingSamples,raw_data/EMG-EPN612/testingJSON/user9/user9.json,idx_150
noGesture,trainingSamples,raw_data/EMG-EPN612/testingJSON/user90/user90.json,idx_1
noGesture,trainingSamples,raw_data/EMG-EPN612/testingJSON/user90/user90.json,idx_2
noGesture,trainingSamples,raw_data/EMG-EPN612/testingJSON/user90/user90.json,idx_3
noGesture,trainingSamples,raw_data/EMG-EPN612/testingJSON/user90/user90.json,idx_4
noGesture,trainingSamples,raw_data/EMG-EPN612/testingJSON/user90/user90.json,idx_5
noGesture,trainingSamples,raw_data/EMG-EPN612/testingJSON/user90/user90.json,idx_6
noGesture,trainingSamples,raw_data/EMG-EPN612/testingJSON/user90/user90.json,idx_7
noGesture,trainingSamples,raw_data/EMG-EPN612/testingJSON/user90/user90.json,idx_8
noGesture,trainingSamples,raw_data/EMG-EPN612/testingJSON/user90/user90.json,idx_9
noGesture,trainingSamples,raw_data/EMG-EPN612/testingJSON/user90/user90.json,idx_10
noGesture,trainingSamples,raw_data/EMG-EPN612/testingJSON/user90/user90.json,idx_11
noGesture,trainingSamples,raw_data/EMG-EPN612/testingJSON/user90/user90.json,idx_12
noGesture,trainingSamples,raw_data/EMG-EPN612/testingJSON/user90/user90.json,idx_13
noGesture,trainingSamples,raw_data/EMG-EPN612/testingJSON/user90/user90.json,idx_14
noGesture,trainingSamples,raw_data/EMG-EPN612/testingJSON/user90/user90.json,idx_15
noGesture,trainingSamples,raw_data/EMG-EPN612/testingJSON/user90/user90.json,idx_16
noGesture,trainingSamples,raw_data/EMG-EPN612/testingJSON/user90/user90.json,idx_17
noGesture,trainingSamples,raw_data/EMG-EPN612/testingJSON/user90/user90.json,idx_18
noGesture,trainingSamples,raw_data/EMG-EPN612/testingJSON/user90/user90.json,idx_19
noGesture,trainingSamples,raw_data/EMG-EPN612/testingJSON/user90/user90.json,idx_20
noGesture,trainingSamples,raw_data/EMG-EPN612/testingJSON/user90/user90.json,idx_21
noGesture,trainingSamples,raw_data/EMG-EPN612/testingJSON/user90/user90.json,idx_22
noGesture,trainingSamples,raw_data/EMG-EPN612/testingJSON/user90/user90.json,idx_23
noGesture,trainingSamples,raw_data/EMG-EPN612/testingJSON/user90/user90.json,idx_24
noGesture,trainingSamples,raw_data/EMG-EPN612/testingJSON/user90/user90.json,idx_25
pinch,trainingSamples,raw_data/EMG-EPN612/testingJSON/user90/user90.json,idx_26
pinch,trainingSamples,raw_data/EMG-EPN612/testingJSON/user90/user90.json,idx_27
pinch,trainingSamples,raw_data/EMG-EPN612/testingJSON/user90/user90.json,idx_28
pinch,trainingSamples,raw_data/EMG-EPN612/testingJSON/user90/user90.json,idx_29
pinch,trainingSamples,raw_data/EMG-EPN612/testingJSON/user90/user90.json,idx_30
pinch,trainingSamples,raw_data/EMG-EPN612/testingJSON/user90/user90.json,idx_31
pinch,trainingSamples,raw_data/EMG-EPN612/testingJSON/user90/user90.json,idx_32
pinch,trainingSamples,raw_data/EMG-EPN612/testingJSON/user90/user90.json,idx_33
pinch,trainingSamples,raw_data/EMG-EPN612/testingJSON/user90/user90.json,idx_34
pinch,trainingSamples,raw_data/EMG-EPN612/testingJSON/user90/user90.json,idx_35
pinch,trainingSamples,raw_data/EMG-EPN612/testingJSON/user90/user90.json,idx_36
pinch,trainingSamples,raw_data/EMG-EPN612/testingJSON/user90/user90.json,idx_37
pinch,trainingSamples,raw_data/EMG-EPN612/testingJSON/user90/user90.json,idx_38
pinch,trainingSamples,raw_data/EMG-EPN612/testingJSON/user90/user90.json,idx_39
pinch,trainingSamples,raw_data/EMG-EPN612/testingJSON/user90/user90.json,idx_40
pinch,trainingSamples,raw_data/EMG-EPN612/testingJSON/user90/user90.json,idx_41
pinch,trainingSamples,raw_data/EMG-EPN612/testingJSON/user90/user90.json,idx_42
pinch,trainingSamples,raw_data/EMG-EPN612/testingJSON/user90/user90.json,idx_43
pinch,trainingSamples,raw_data/EMG-EPN612/testingJSON/user90/user90.json,idx_44
pinch,trainingSamples,raw_data/EMG-EPN612/testingJSON/user90/user90.json,idx_45
pinch,trainingSamples,raw_data/EMG-EPN612/testingJSON/user90/user90.json,idx_46
pinch,trainingSamples,raw_data/EMG-EPN612/testingJSON/user90/user90.json,idx_47
pinch,trainingSamples,raw_data/EMG-EPN612/testingJSON/user90/user90.json,idx_48
pinch,trainingSamples,raw_data/EMG-EPN612/testingJSON/user90/user90.json,idx_49
pinch,trainingSamples,raw_data/EMG-EPN612/testingJSON/user90/user90.json,idx_50
waveOut,trainingSamples,raw_data/EMG-EPN612/testingJSON/user90/user90.json,idx_51
waveOut,trainingSamples,raw_data/EMG-EPN612/testingJSON/user90/user90.json,idx_52
waveOut,trainingSamples,raw_data/EMG-EPN612/testingJSON/user90/user90.json,idx_53
waveOut,trainingSamples,raw_data/EMG-EPN612/testingJSON/user90/user90.json,idx_54
waveOut,trainingSamples,raw_data/EMG-EPN612/testingJSON/user90/user90.json,idx_55
waveOut,trainingSamples,raw_data/EMG-EPN612/testingJSON/user90/user90.json,idx_56
waveOut,trainingSamples,raw_data/EMG-EPN612/testingJSON/user90/user90.json,idx_57
waveOut,trainingSamples,raw_data/EMG-EPN612/testingJSON/user90/user90.json,idx_58
waveOut,trainingSamples,raw_data/EMG-EPN612/testingJSON/user90/user90.json,idx_59
waveOut,trainingSamples,raw_data/EMG-EPN612/testingJSON/user90/user90.json,idx_60
waveOut,trainingSamples,raw_data/EMG-EPN612/testingJSON/user90/user90.json,idx_61
waveOut,trainingSamples,raw_data/EMG-EPN612/testingJSON/user90/user90.json,idx_62
waveOut,trainingSamples,raw_data/EMG-EPN612/testingJSON/user90/user90.json,idx_63
waveOut,trainingSamples,raw_data/EMG-EPN612/testingJSON/user90/user90.json,idx_64
waveOut,trainingSamples,raw_data/EMG-EPN612/testingJSON/user90/user90.json,idx_65
waveOut,trainingSamples,raw_data/EMG-EPN612/testingJSON/user90/user90.json,idx_66
waveOut,trainingSamples,raw_data/EMG-EPN612/testingJSON/user90/user90.json,idx_67
waveOut,trainingSamples,raw_data/EMG-EPN612/testingJSON/user90/user90.json,idx_68
waveOut,trainingSamples,raw_data/EMG-EPN612/testingJSON/user90/user90.json,idx_69
waveOut,trainingSamples,raw_data/EMG-EPN612/testingJSON/user90/user90.json,idx_70
waveOut,trainingSamples,raw_data/EMG-EPN612/testingJSON/user90/user90.json,idx_71
waveOut,trainingSamples,raw_data/EMG-EPN612/testingJSON/user90/user90.json,idx_72
waveOut,trainingSamples,raw_data/EMG-EPN612/testingJSON/user90/user90.json,idx_73
waveOut,trainingSamples,raw_data/EMG-EPN612/testingJSON/user90/user90.json,idx_74
waveOut,trainingSamples,raw_data/EMG-EPN612/testingJSON/user90/user90.json,idx_75
waveIn,trainingSamples,raw_data/EMG-EPN612/testingJSON/user90/user90.json,idx_76
waveIn,trainingSamples,raw_data/EMG-EPN612/testingJSON/user90/user90.json,idx_77
waveIn,trainingSamples,raw_data/EMG-EPN612/testingJSON/user90/user90.json,idx_78
waveIn,trainingSamples,raw_data/EMG-EPN612/testingJSON/user90/user90.json,idx_79
waveIn,trainingSamples,raw_data/EMG-EPN612/testingJSON/user90/user90.json,idx_80
waveIn,trainingSamples,raw_data/EMG-EPN612/testingJSON/user90/user90.json,idx_81
waveIn,trainingSamples,raw_data/EMG-EPN612/testingJSON/user90/user90.json,idx_82
waveIn,trainingSamples,raw_data/EMG-EPN612/testingJSON/user90/user90.json,idx_83
waveIn,trainingSamples,raw_data/EMG-EPN612/testingJSON/user90/user90.json,idx_84
waveIn,trainingSamples,raw_data/EMG-EPN612/testingJSON/user90/user90.json,idx_85
waveIn,trainingSamples,raw_data/EMG-EPN612/testingJSON/user90/user90.json,idx_86
waveIn,trainingSamples,raw_data/EMG-EPN612/testingJSON/user90/user90.json,idx_87
waveIn,trainingSamples,raw_data/EMG-EPN612/testingJSON/user90/user90.json,idx_88
waveIn,trainingSamples,raw_data/EMG-EPN612/testingJSON/user90/user90.json,idx_89
waveIn,trainingSamples,raw_data/EMG-EPN612/testingJSON/user90/user90.json,idx_90
waveIn,trainingSamples,raw_data/EMG-EPN612/testingJSON/user90/user90.json,idx_91
waveIn,trainingSamples,raw_data/EMG-EPN612/testingJSON/user90/user90.json,idx_92
waveIn,trainingSamples,raw_data/EMG-EPN612/testingJSON/user90/user90.json,idx_93
waveIn,trainingSamples,raw_data/EMG-EPN612/testingJSON/user90/user90.json,idx_94
waveIn,trainingSamples,raw_data/EMG-EPN612/testingJSON/user90/user90.json,idx_95
waveIn,trainingSamples,raw_data/EMG-EPN612/testingJSON/user90/user90.json,idx_96
waveIn,trainingSamples,raw_data/EMG-EPN612/testingJSON/user90/user90.json,idx_97
waveIn,trainingSamples,raw_data/EMG-EPN612/testingJSON/user90/user90.json,idx_98
waveIn,trainingSamples,raw_data/EMG-EPN612/testingJSON/user90/user90.json,idx_99
waveIn,trainingSamples,raw_data/EMG-EPN612/testingJSON/user90/user90.json,idx_100
fist,trainingSamples,raw_data/EMG-EPN612/testingJSON/user90/user90.json,idx_101
fist,trainingSamples,raw_data/EMG-EPN612/testingJSON/user90/user90.json,idx_102
fist,trainingSamples,raw_data/EMG-EPN612/testingJSON/user90/user90.json,idx_103
fist,trainingSamples,raw_data/EMG-EPN612/testingJSON/user90/user90.json,idx_104
fist,trainingSamples,raw_data/EMG-EPN612/testingJSON/user90/user90.json,idx_105
fist,trainingSamples,raw_data/EMG-EPN612/testingJSON/user90/user90.json,idx_106
fist,trainingSamples,raw_data/EMG-EPN612/testingJSON/user90/user90.json,idx_107
fist,trainingSamples,raw_data/EMG-EPN612/testingJSON/user90/user90.json,idx_108
fist,trainingSamples,raw_data/EMG-EPN612/testingJSON/user90/user90.json,idx_109
fist,trainingSamples,raw_data/EMG-EPN612/testingJSON/user90/user90.json,idx_110
fist,trainingSamples,raw_data/EMG-EPN612/testingJSON/user90/user90.json,idx_111
fist,trainingSamples,raw_data/EMG-EPN612/testingJSON/user90/user90.json,idx_112
fist,trainingSamples,raw_data/EMG-EPN612/testingJSON/user90/user90.json,idx_113
fist,trainingSamples,raw_data/EMG-EPN612/testingJSON/user90/user90.json,idx_114
fist,trainingSamples,raw_data/EMG-EPN612/testingJSON/user90/user90.json,idx_115
fist,trainingSamples,raw_data/EMG-EPN612/testingJSON/user90/user90.json,idx_116
fist,trainingSamples,raw_data/EMG-EPN612/testingJSON/user90/user90.json,idx_117
fist,trainingSamples,raw_data/EMG-EPN612/testingJSON/user90/user90.json,idx_118
fist,trainingSamples,raw_data/EMG-EPN612/testingJSON/user90/user90.json,idx_119
fist,trainingSamples,raw_data/EMG-EPN612/testingJSON/user90/user90.json,idx_120
fist,trainingSamples,raw_data/EMG-EPN612/testingJSON/user90/user90.json,idx_121
fist,trainingSamples,raw_data/EMG-EPN612/testingJSON/user90/user90.json,idx_122
fist,trainingSamples,raw_data/EMG-EPN612/testingJSON/user90/user90.json,idx_123
fist,trainingSamples,raw_data/EMG-EPN612/testingJSON/user90/user90.json,idx_124
fist,trainingSamples,raw_data/EMG-EPN612/testingJSON/user90/user90.json,idx_125
open,trainingSamples,raw_data/EMG-EPN612/testingJSON/user90/user90.json,idx_126
open,trainingSamples,raw_data/EMG-EPN612/testingJSON/user90/user90.json,idx_127
open,trainingSamples,raw_data/EMG-EPN612/testingJSON/user90/user90.json,idx_128
open,trainingSamples,raw_data/EMG-EPN612/testingJSON/user90/user90.json,idx_129
open,trainingSamples,raw_data/EMG-EPN612/testingJSON/user90/user90.json,idx_130
open,trainingSamples,raw_data/EMG-EPN612/testingJSON/user90/user90.json,idx_131
open,trainingSamples,raw_data/EMG-EPN612/testingJSON/user90/user90.json,idx_132
open,trainingSamples,raw_data/EMG-EPN612/testingJSON/user90/user90.json,idx_133
open,trainingSamples,raw_data/EMG-EPN612/testingJSON/user90/user90.json,idx_134
open,trainingSamples,raw_data/EMG-EPN612/testingJSON/user90/user90.json,idx_135
open,trainingSamples,raw_data/EMG-EPN612/testingJSON/user90/user90.json,idx_136
open,trainingSamples,raw_data/EMG-EPN612/testingJSON/user90/user90.json,idx_137
open,trainingSamples,raw_data/EMG-EPN612/testingJSON/user90/user90.json,idx_138
open,trainingSamples,raw_data/EMG-EPN612/testingJSON/user90/user90.json,idx_139
open,trainingSamples,raw_data/EMG-EPN612/testingJSON/user90/user90.json,idx_140
open,trainingSamples,raw_data/EMG-EPN612/testingJSON/user90/user90.json,idx_141
open,trainingSamples,raw_data/EMG-EPN612/testingJSON/user90/user90.json,idx_142
open,trainingSamples,raw_data/EMG-EPN612/testingJSON/user90/user90.json,idx_143
open,trainingSamples,raw_data/EMG-EPN612/testingJSON/user90/user90.json,idx_144
open,trainingSamples,raw_data/EMG-EPN612/testingJSON/user90/user90.json,idx_145
open,trainingSamples,raw_data/EMG-EPN612/testingJSON/user90/user90.json,idx_146
open,trainingSamples,raw_data/EMG-EPN612/testingJSON/user90/user90.json,idx_147
open,trainingSamples,raw_data/EMG-EPN612/testingJSON/user90/user90.json,idx_148
open,trainingSamples,raw_data/EMG-EPN612/testingJSON/user90/user90.json,idx_149
open,trainingSamples,raw_data/EMG-EPN612/testingJSON/user90/user90.json,idx_150
noGesture,trainingSamples,raw_data/EMG-EPN612/testingJSON/user91/user91.json,idx_1
noGesture,trainingSamples,raw_data/EMG-EPN612/testingJSON/user91/user91.json,idx_2
noGesture,trainingSamples,raw_data/EMG-EPN612/testingJSON/user91/user91.json,idx_3
noGesture,trainingSamples,raw_data/EMG-EPN612/testingJSON/user91/user91.json,idx_4
noGesture,trainingSamples,raw_data/EMG-EPN612/testingJSON/user91/user91.json,idx_5
noGesture,trainingSamples,raw_data/EMG-EPN612/testingJSON/user91/user91.json,idx_6
noGesture,trainingSamples,raw_data/EMG-EPN612/testingJSON/user91/user91.json,idx_7
noGesture,trainingSamples,raw_data/EMG-EPN612/testingJSON/user91/user91.json,idx_8
noGesture,trainingSamples,raw_data/EMG-EPN612/testingJSON/user91/user91.json,idx_9
noGesture,trainingSamples,raw_data/EMG-EPN612/testingJSON/user91/user91.json,idx_10
noGesture,trainingSamples,raw_data/EMG-EPN612/testingJSON/user91/user91.json,idx_11
noGesture,trainingSamples,raw_data/EMG-EPN612/testingJSON/user91/user91.json,idx_12
noGesture,trainingSamples,raw_data/EMG-EPN612/testingJSON/user91/user91.json,idx_13
noGesture,trainingSamples,raw_data/EMG-EPN612/testingJSON/user91/user91.json,idx_14
noGesture,trainingSamples,raw_data/EMG-EPN612/testingJSON/user91/user91.json,idx_15
noGesture,trainingSamples,raw_data/EMG-EPN612/testingJSON/user91/user91.json,idx_16
noGesture,trainingSamples,raw_data/EMG-EPN612/testingJSON/user91/user91.json,idx_17
noGesture,trainingSamples,raw_data/EMG-EPN612/testingJSON/user91/user91.json,idx_18
noGesture,trainingSamples,raw_data/EMG-EPN612/testingJSON/user91/user91.json,idx_19
noGesture,trainingSamples,raw_data/EMG-EPN612/testingJSON/user91/user91.json,idx_20
noGesture,trainingSamples,raw_data/EMG-EPN612/testingJSON/user91/user91.json,idx_21
noGesture,trainingSamples,raw_data/EMG-EPN612/testingJSON/user91/user91.json,idx_22
noGesture,trainingSamples,raw_data/EMG-EPN612/testingJSON/user91/user91.json,idx_23
noGesture,trainingSamples,raw_data/EMG-EPN612/testingJSON/user91/user91.json,idx_24
noGesture,trainingSamples,raw_data/EMG-EPN612/testingJSON/user91/user91.json,idx_25
pinch,trainingSamples,raw_data/EMG-EPN612/testingJSON/user91/user91.json,idx_26
pinch,trainingSamples,raw_data/EMG-EPN612/testingJSON/user91/user91.json,idx_27
pinch,trainingSamples,raw_data/EMG-EPN612/testingJSON/user91/user91.json,idx_28
pinch,trainingSamples,raw_data/EMG-EPN612/testingJSON/user91/user91.json,idx_29
pinch,trainingSamples,raw_data/EMG-EPN612/testingJSON/user91/user91.json,idx_30
pinch,trainingSamples,raw_data/EMG-EPN612/testingJSON/user91/user91.json,idx_31
pinch,trainingSamples,raw_data/EMG-EPN612/testingJSON/user91/user91.json,idx_32
pinch,trainingSamples,raw_data/EMG-EPN612/testingJSON/user91/user91.json,idx_33
pinch,trainingSamples,raw_data/EMG-EPN612/testingJSON/user91/user91.json,idx_34
pinch,trainingSamples,raw_data/EMG-EPN612/testingJSON/user91/user91.json,idx_35
pinch,trainingSamples,raw_data/EMG-EPN612/testingJSON/user91/user91.json,idx_36
pinch,trainingSamples,raw_data/EMG-EPN612/testingJSON/user91/user91.json,idx_37
pinch,trainingSamples,raw_data/EMG-EPN612/testingJSON/user91/user91.json,idx_38
pinch,trainingSamples,raw_data/EMG-EPN612/testingJSON/user91/user91.json,idx_39
pinch,trainingSamples,raw_data/EMG-EPN612/testingJSON/user91/user91.json,idx_40
pinch,trainingSamples,raw_data/EMG-EPN612/testingJSON/user91/user91.json,idx_41
pinch,trainingSamples,raw_data/EMG-EPN612/testingJSON/user91/user91.json,idx_42
pinch,trainingSamples,raw_data/EMG-EPN612/testingJSON/user91/user91.json,idx_43
pinch,trainingSamples,raw_data/EMG-EPN612/testingJSON/user91/user91.json,idx_44
pinch,trainingSamples,raw_data/EMG-EPN612/testingJSON/user91/user91.json,idx_45
pinch,trainingSamples,raw_data/EMG-EPN612/testingJSON/user91/user91.json,idx_46
pinch,trainingSamples,raw_data/EMG-EPN612/testingJSON/user91/user91.json,idx_47
pinch,trainingSamples,raw_data/EMG-EPN612/testingJSON/user91/user91.json,idx_48
pinch,trainingSamples,raw_data/EMG-EPN612/testingJSON/user91/user91.json,idx_49
pinch,trainingSamples,raw_data/EMG-EPN612/testingJSON/user91/user91.json,idx_50
waveOut,trainingSamples,raw_data/EMG-EPN612/testingJSON/user91/user91.json,idx_51
waveOut,trainingSamples,raw_data/EMG-EPN612/testingJSON/user91/user91.json,idx_52
waveOut,trainingSamples,raw_data/EMG-EPN612/testingJSON/user91/user91.json,idx_53
waveOut,trainingSamples,raw_data/EMG-EPN612/testingJSON/user91/user91.json,idx_54
waveOut,trainingSamples,raw_data/EMG-EPN612/testingJSON/user91/user91.json,idx_55
waveOut,trainingSamples,raw_data/EMG-EPN612/testingJSON/user91/user91.json,idx_56
waveOut,trainingSamples,raw_data/EMG-EPN612/testingJSON/user91/user91.json,idx_57
waveOut,trainingSamples,raw_data/EMG-EPN612/testingJSON/user91/user91.json,idx_58
waveOut,trainingSamples,raw_data/EMG-EPN612/testingJSON/user91/user91.json,idx_59
waveOut,trainingSamples,raw_data/EMG-EPN612/testingJSON/user91/user91.json,idx_60
waveOut,trainingSamples,raw_data/EMG-EPN612/testingJSON/user91/user91.json,idx_61
waveOut,trainingSamples,raw_data/EMG-EPN612/testingJSON/user91/user91.json,idx_62
waveOut,trainingSamples,raw_data/EMG-EPN612/testingJSON/user91/user91.json,idx_63
waveOut,trainingSamples,raw_data/EMG-EPN612/testingJSON/user91/user91.json,idx_64
waveOut,trainingSamples,raw_data/EMG-EPN612/testingJSON/user91/user91.json,idx_65
waveOut,trainingSamples,raw_data/EMG-EPN612/testingJSON/user91/user91.json,idx_66
waveOut,trainingSamples,raw_data/EMG-EPN612/testingJSON/user91/user91.json,idx_67
waveOut,trainingSamples,raw_data/EMG-EPN612/testingJSON/user91/user91.json,idx_68
waveOut,trainingSamples,raw_data/EMG-EPN612/testingJSON/user91/user91.json,idx_69
waveOut,trainingSamples,raw_data/EMG-EPN612/testingJSON/user91/user91.json,idx_70
waveOut,trainingSamples,raw_data/EMG-EPN612/testingJSON/user91/user91.json,idx_71
waveOut,trainingSamples,raw_data/EMG-EPN612/testingJSON/user91/user91.json,idx_72
waveOut,trainingSamples,raw_data/EMG-EPN612/testingJSON/user91/user91.json,idx_73
waveOut,trainingSamples,raw_data/EMG-EPN612/testingJSON/user91/user91.json,idx_74
waveOut,trainingSamples,raw_data/EMG-EPN612/testingJSON/user91/user91.json,idx_75
open,trainingSamples,raw_data/EMG-EPN612/testingJSON/user91/user91.json,idx_76
open,trainingSamples,raw_data/EMG-EPN612/testingJSON/user91/user91.json,idx_77
open,trainingSamples,raw_data/EMG-EPN612/testingJSON/user91/user91.json,idx_78
open,trainingSamples,raw_data/EMG-EPN612/testingJSON/user91/user91.json,idx_79
open,trainingSamples,raw_data/EMG-EPN612/testingJSON/user91/user91.json,idx_80
open,trainingSamples,raw_data/EMG-EPN612/testingJSON/user91/user91.json,idx_81
open,trainingSamples,raw_data/EMG-EPN612/testingJSON/user91/user91.json,idx_82
open,trainingSamples,raw_data/EMG-EPN612/testingJSON/user91/user91.json,idx_83
open,trainingSamples,raw_data/EMG-EPN612/testingJSON/user91/user91.json,idx_84
open,trainingSamples,raw_data/EMG-EPN612/testingJSON/user91/user91.json,idx_85
open,trainingSamples,raw_data/EMG-EPN612/testingJSON/user91/user91.json,idx_86
open,trainingSamples,raw_data/EMG-EPN612/testingJSON/user91/user91.json,idx_87
open,trainingSamples,raw_data/EMG-EPN612/testingJSON/user91/user91.json,idx_88
open,trainingSamples,raw_data/EMG-EPN612/testingJSON/user91/user91.json,idx_89
open,trainingSamples,raw_data/EMG-EPN612/testingJSON/user91/user91.json,idx_90
open,trainingSamples,raw_data/EMG-EPN612/testingJSON/user91/user91.json,idx_91
open,trainingSamples,raw_data/EMG-EPN612/testingJSON/user91/user91.json,idx_92
open,trainingSamples,raw_data/EMG-EPN612/testingJSON/user91/user91.json,idx_93
open,trainingSamples,raw_data/EMG-EPN612/testingJSON/user91/user91.json,idx_94
open,trainingSamples,raw_data/EMG-EPN612/testingJSON/user91/user91.json,idx_95
open,trainingSamples,raw_data/EMG-EPN612/testingJSON/user91/user91.json,idx_96
open,trainingSamples,raw_data/EMG-EPN612/testingJSON/user91/user91.json,idx_97
open,trainingSamples,raw_data/EMG-EPN612/testingJSON/user91/user91.json,idx_98
open,trainingSamples,raw_data/EMG-EPN612/testingJSON/user91/user91.json,idx_99
open,trainingSamples,raw_data/EMG-EPN612/testingJSON/user91/user91.json,idx_100
waveIn,trainingSamples,raw_data/EMG-EPN612/testingJSON/user91/user91.json,idx_101
waveIn,trainingSamples,raw_data/EMG-EPN612/testingJSON/user91/user91.json,idx_102
waveIn,trainingSamples,raw_data/EMG-EPN612/testingJSON/user91/user91.json,idx_103
waveIn,trainingSamples,raw_data/EMG-EPN612/testingJSON/user91/user91.json,idx_104
waveIn,trainingSamples,raw_data/EMG-EPN612/testingJSON/user91/user91.json,idx_105
waveIn,trainingSamples,raw_data/EMG-EPN612/testingJSON/user91/user91.json,idx_106
waveIn,trainingSamples,raw_data/EMG-EPN612/testingJSON/user91/user91.json,idx_107
waveIn,trainingSamples,raw_data/EMG-EPN612/testingJSON/user91/user91.json,idx_108
waveIn,trainingSamples,raw_data/EMG-EPN612/testingJSON/user91/user91.json,idx_109
waveIn,trainingSamples,raw_data/EMG-EPN612/testingJSON/user91/user91.json,idx_110
waveIn,trainingSamples,raw_data/EMG-EPN612/testingJSON/user91/user91.json,idx_111
waveIn,trainingSamples,raw_data/EMG-EPN612/testingJSON/user91/user91.json,idx_112
waveIn,trainingSamples,raw_data/EMG-EPN612/testingJSON/user91/user91.json,idx_113
waveIn,trainingSamples,raw_data/EMG-EPN612/testingJSON/user91/user91.json,idx_114
waveIn,trainingSamples,raw_data/EMG-EPN612/testingJSON/user91/user91.json,idx_115
waveIn,trainingSamples,raw_data/EMG-EPN612/testingJSON/user91/user91.json,idx_116
waveIn,trainingSamples,raw_data/EMG-EPN612/testingJSON/user91/user91.json,idx_117
waveIn,trainingSamples,raw_data/EMG-EPN612/testingJSON/user91/user91.json,idx_118
waveIn,trainingSamples,raw_data/EMG-EPN612/testingJSON/user91/user91.json,idx_119
waveIn,trainingSamples,raw_data/EMG-EPN612/testingJSON/user91/user91.json,idx_120
waveIn,trainingSamples,raw_data/EMG-EPN612/testingJSON/user91/user91.json,idx_121
waveIn,trainingSamples,raw_data/EMG-EPN612/testingJSON/user91/user91.json,idx_122
waveIn,trainingSamples,raw_data/EMG-EPN612/testingJSON/user91/user91.json,idx_123
waveIn,trainingSamples,raw_data/EMG-EPN612/testingJSON/user91/user91.json,idx_124
waveIn,trainingSamples,raw_data/EMG-EPN612/testingJSON/user91/user91.json,idx_125
fist,trainingSamples,raw_data/EMG-EPN612/testingJSON/user91/user91.json,idx_126
fist,trainingSamples,raw_data/EMG-EPN612/testingJSON/user91/user91.json,idx_127
fist,trainingSamples,raw_data/EMG-EPN612/testingJSON/user91/user91.json,idx_128
fist,trainingSamples,raw_data/EMG-EPN612/testingJSON/user91/user91.json,idx_129
fist,trainingSamples,raw_data/EMG-EPN612/testingJSON/user91/user91.json,idx_130
fist,trainingSamples,raw_data/EMG-EPN612/testingJSON/user91/user91.json,idx_131
fist,trainingSamples,raw_data/EMG-EPN612/testingJSON/user91/user91.json,idx_132
fist,trainingSamples,raw_data/EMG-EPN612/testingJSON/user91/user91.json,idx_133
fist,trainingSamples,raw_data/EMG-EPN612/testingJSON/user91/user91.json,idx_134
fist,trainingSamples,raw_data/EMG-EPN612/testingJSON/user91/user91.json,idx_135
fist,trainingSamples,raw_data/EMG-EPN612/testingJSON/user91/user91.json,idx_136
fist,trainingSamples,raw_data/EMG-EPN612/testingJSON/user91/user91.json,idx_137
fist,trainingSamples,raw_data/EMG-EPN612/testingJSON/user91/user91.json,idx_138
fist,trainingSamples,raw_data/EMG-EPN612/testingJSON/user91/user91.json,idx_139
fist,trainingSamples,raw_data/EMG-EPN612/testingJSON/user91/user91.json,idx_140
fist,trainingSamples,raw_data/EMG-EPN612/testingJSON/user91/user91.json,idx_141
fist,trainingSamples,raw_data/EMG-EPN612/testingJSON/user91/user91.json,idx_142
fist,trainingSamples,raw_data/EMG-EPN612/testingJSON/user91/user91.json,idx_143
fist,trainingSamples,raw_data/EMG-EPN612/testingJSON/user91/user91.json,idx_144
fist,trainingSamples,raw_data/EMG-EPN612/testingJSON/user91/user91.json,idx_145
fist,trainingSamples,raw_data/EMG-EPN612/testingJSON/user91/user91.json,idx_146
fist,trainingSamples,raw_data/EMG-EPN612/testingJSON/user91/user91.json,idx_147
fist,trainingSamples,raw_data/EMG-EPN612/testingJSON/user91/user91.json,idx_148
fist,trainingSamples,raw_data/EMG-EPN612/testingJSON/user91/user91.json,idx_149
fist,trainingSamples,raw_data/EMG-EPN612/testingJSON/user91/user91.json,idx_150
noGesture,trainingSamples,raw_data/EMG-EPN612/testingJSON/user92/user92.json,idx_1
noGesture,trainingSamples,raw_data/EMG-EPN612/testingJSON/user92/user92.json,idx_2
noGesture,trainingSamples,raw_data/EMG-EPN612/testingJSON/user92/user92.json,idx_3
noGesture,trainingSamples,raw_data/EMG-EPN612/testingJSON/user92/user92.json,idx_4
noGesture,trainingSamples,raw_data/EMG-EPN612/testingJSON/user92/user92.json,idx_5
noGesture,trainingSamples,raw_data/EMG-EPN612/testingJSON/user92/user92.json,idx_6
noGesture,trainingSamples,raw_data/EMG-EPN612/testingJSON/user92/user92.json,idx_7
noGesture,trainingSamples,raw_data/EMG-EPN612/testingJSON/user92/user92.json,idx_8
noGesture,trainingSamples,raw_data/EMG-EPN612/testingJSON/user92/user92.json,idx_9
noGesture,trainingSamples,raw_data/EMG-EPN612/testingJSON/user92/user92.json,idx_10
noGesture,trainingSamples,raw_data/EMG-EPN612/testingJSON/user92/user92.json,idx_11
noGesture,trainingSamples,raw_data/EMG-EPN612/testingJSON/user92/user92.json,idx_12
noGesture,trainingSamples,raw_data/EMG-EPN612/testingJSON/user92/user92.json,idx_13
noGesture,trainingSamples,raw_data/EMG-EPN612/testingJSON/user92/user92.json,idx_14
noGesture,trainingSamples,raw_data/EMG-EPN612/testingJSON/user92/user92.json,idx_15
noGesture,trainingSamples,raw_data/EMG-EPN612/testingJSON/user92/user92.json,idx_16
noGesture,trainingSamples,raw_data/EMG-EPN612/testingJSON/user92/user92.json,idx_17
noGesture,trainingSamples,raw_data/EMG-EPN612/testingJSON/user92/user92.json,idx_18
noGesture,trainingSamples,raw_data/EMG-EPN612/testingJSON/user92/user92.json,idx_19
noGesture,trainingSamples,raw_data/EMG-EPN612/testingJSON/user92/user92.json,idx_20
noGesture,trainingSamples,raw_data/EMG-EPN612/testingJSON/user92/user92.json,idx_21
noGesture,trainingSamples,raw_data/EMG-EPN612/testingJSON/user92/user92.json,idx_22
noGesture,trainingSamples,raw_data/EMG-EPN612/testingJSON/user92/user92.json,idx_23
noGesture,trainingSamples,raw_data/EMG-EPN612/testingJSON/user92/user92.json,idx_24
noGesture,trainingSamples,raw_data/EMG-EPN612/testingJSON/user92/user92.json,idx_25
fist,trainingSamples,raw_data/EMG-EPN612/testingJSON/user92/user92.json,idx_26
fist,trainingSamples,raw_data/EMG-EPN612/testingJSON/user92/user92.json,idx_27
fist,trainingSamples,raw_data/EMG-EPN612/testingJSON/user92/user92.json,idx_28
fist,trainingSamples,raw_data/EMG-EPN612/testingJSON/user92/user92.json,idx_29
fist,trainingSamples,raw_data/EMG-EPN612/testingJSON/user92/user92.json,idx_30
fist,trainingSamples,raw_data/EMG-EPN612/testingJSON/user92/user92.json,idx_31
fist,trainingSamples,raw_data/EMG-EPN612/testingJSON/user92/user92.json,idx_32
fist,trainingSamples,raw_data/EMG-EPN612/testingJSON/user92/user92.json,idx_33
fist,trainingSamples,raw_data/EMG-EPN612/testingJSON/user92/user92.json,idx_34
fist,trainingSamples,raw_data/EMG-EPN612/testingJSON/user92/user92.json,idx_35
fist,trainingSamples,raw_data/EMG-EPN612/testingJSON/user92/user92.json,idx_36
fist,trainingSamples,raw_data/EMG-EPN612/testingJSON/user92/user92.json,idx_37
fist,trainingSamples,raw_data/EMG-EPN612/testingJSON/user92/user92.json,idx_38
fist,trainingSamples,raw_data/EMG-EPN612/testingJSON/user92/user92.json,idx_39
fist,trainingSamples,raw_data/EMG-EPN612/testingJSON/user92/user92.json,idx_40
fist,trainingSamples,raw_data/EMG-EPN612/testingJSON/user92/user92.json,idx_41
fist,trainingSamples,raw_data/EMG-EPN612/testingJSON/user92/user92.json,idx_42
fist,trainingSamples,raw_data/EMG-EPN612/testingJSON/user92/user92.json,idx_43
fist,trainingSamples,raw_data/EMG-EPN612/testingJSON/user92/user92.json,idx_44
fist,trainingSamples,raw_data/EMG-EPN612/testingJSON/user92/user92.json,idx_45
fist,trainingSamples,raw_data/EMG-EPN612/testingJSON/user92/user92.json,idx_46
fist,trainingSamples,raw_data/EMG-EPN612/testingJSON/user92/user92.json,idx_47
fist,trainingSamples,raw_data/EMG-EPN612/testingJSON/user92/user92.json,idx_48
fist,trainingSamples,raw_data/EMG-EPN612/testingJSON/user92/user92.json,idx_49
fist,trainingSamples,raw_data/EMG-EPN612/testingJSON/user92/user92.json,idx_50
open,trainingSamples,raw_data/EMG-EPN612/testingJSON/user92/user92.json,idx_51
open,trainingSamples,raw_data/EMG-EPN612/testingJSON/user92/user92.json,idx_52
open,trainingSamples,raw_data/EMG-EPN612/testingJSON/user92/user92.json,idx_53
open,trainingSamples,raw_data/EMG-EPN612/testingJSON/user92/user92.json,idx_54
open,trainingSamples,raw_data/EMG-EPN612/testingJSON/user92/user92.json,idx_55
open,trainingSamples,raw_data/EMG-EPN612/testingJSON/user92/user92.json,idx_56
open,trainingSamples,raw_data/EMG-EPN612/testingJSON/user92/user92.json,idx_57
open,trainingSamples,raw_data/EMG-EPN612/testingJSON/user92/user92.json,idx_58
open,trainingSamples,raw_data/EMG-EPN612/testingJSON/user92/user92.json,idx_59
open,trainingSamples,raw_data/EMG-EPN612/testingJSON/user92/user92.json,idx_60
open,trainingSamples,raw_data/EMG-EPN612/testingJSON/user92/user92.json,idx_61
open,trainingSamples,raw_data/EMG-EPN612/testingJSON/user92/user92.json,idx_62
open,trainingSamples,raw_data/EMG-EPN612/testingJSON/user92/user92.json,idx_63
open,trainingSamples,raw_data/EMG-EPN612/testingJSON/user92/user92.json,idx_64
open,trainingSamples,raw_data/EMG-EPN612/testingJSON/user92/user92.json,idx_65
open,trainingSamples,raw_data/EMG-EPN612/testingJSON/user92/user92.json,idx_66
open,trainingSamples,raw_data/EMG-EPN612/testingJSON/user92/user92.json,idx_67
open,trainingSamples,raw_data/EMG-EPN612/testingJSON/user92/user92.json,idx_68
open,trainingSamples,raw_data/EMG-EPN612/testingJSON/user92/user92.json,idx_69
open,trainingSamples,raw_data/EMG-EPN612/testingJSON/user92/user92.json,idx_70
open,trainingSamples,raw_data/EMG-EPN612/testingJSON/user92/user92.json,idx_71
open,trainingSamples,raw_data/EMG-EPN612/testingJSON/user92/user92.json,idx_72
open,trainingSamples,raw_data/EMG-EPN612/testingJSON/user92/user92.json,idx_73
open,trainingSamples,raw_data/EMG-EPN612/testingJSON/user92/user92.json,idx_74
open,trainingSamples,raw_data/EMG-EPN612/testingJSON/user92/user92.json,idx_75
pinch,trainingSamples,raw_data/EMG-EPN612/testingJSON/user92/user92.json,idx_76
pinch,trainingSamples,raw_data/EMG-EPN612/testingJSON/user92/user92.json,idx_77
pinch,trainingSamples,raw_data/EMG-EPN612/testingJSON/user92/user92.json,idx_78
pinch,trainingSamples,raw_data/EMG-EPN612/testingJSON/user92/user92.json,idx_79
pinch,trainingSamples,raw_data/EMG-EPN612/testingJSON/user92/user92.json,idx_80
pinch,trainingSamples,raw_data/EMG-EPN612/testingJSON/user92/user92.json,idx_81
pinch,trainingSamples,raw_data/EMG-EPN612/testingJSON/user92/user92.json,idx_82
pinch,trainingSamples,raw_data/EMG-EPN612/testingJSON/user92/user92.json,idx_83
pinch,trainingSamples,raw_data/EMG-EPN612/testingJSON/user92/user92.json,idx_84
pinch,trainingSamples,raw_data/EMG-EPN612/testingJSON/user92/user92.json,idx_85
pinch,trainingSamples,raw_data/EMG-EPN612/testingJSON/user92/user92.json,idx_86
pinch,trainingSamples,raw_data/EMG-EPN612/testingJSON/user92/user92.json,idx_87
pinch,trainingSamples,raw_data/EMG-EPN612/testingJSON/user92/user92.json,idx_88
pinch,trainingSamples,raw_data/EMG-EPN612/testingJSON/user92/user92.json,idx_89
pinch,trainingSamples,raw_data/EMG-EPN612/testingJSON/user92/user92.json,idx_90
pinch,trainingSamples,raw_data/EMG-EPN612/testingJSON/user92/user92.json,idx_91
pinch,trainingSamples,raw_data/EMG-EPN612/testingJSON/user92/user92.json,idx_92
pinch,trainingSamples,raw_data/EMG-EPN612/testingJSON/user92/user92.json,idx_93
pinch,trainingSamples,raw_data/EMG-EPN612/testingJSON/user92/user92.json,idx_94
pinch,trainingSamples,raw_data/EMG-EPN612/testingJSON/user92/user92.json,idx_95
pinch,trainingSamples,raw_data/EMG-EPN612/testingJSON/user92/user92.json,idx_96
pinch,trainingSamples,raw_data/EMG-EPN612/testingJSON/user92/user92.json,idx_97
pinch,trainingSamples,raw_data/EMG-EPN612/testingJSON/user92/user92.json,idx_98
pinch,trainingSamples,raw_data/EMG-EPN612/testingJSON/user92/user92.json,idx_99
pinch,trainingSamples,raw_data/EMG-EPN612/testingJSON/user92/user92.json,idx_100
waveIn,trainingSamples,raw_data/EMG-EPN612/testingJSON/user92/user92.json,idx_101
waveIn,trainingSamples,raw_data/EMG-EPN612/testingJSON/user92/user92.json,idx_102
waveIn,trainingSamples,raw_data/EMG-EPN612/testingJSON/user92/user92.json,idx_103
waveIn,trainingSamples,raw_data/EMG-EPN612/testingJSON/user92/user92.json,idx_104
waveIn,trainingSamples,raw_data/EMG-EPN612/testingJSON/user92/user92.json,idx_105
waveIn,trainingSamples,raw_data/EMG-EPN612/testingJSON/user92/user92.json,idx_106
waveIn,trainingSamples,raw_data/EMG-EPN612/testingJSON/user92/user92.json,idx_107
waveIn,trainingSamples,raw_data/EMG-EPN612/testingJSON/user92/user92.json,idx_108
waveIn,trainingSamples,raw_data/EMG-EPN612/testingJSON/user92/user92.json,idx_109
waveIn,trainingSamples,raw_data/EMG-EPN612/testingJSON/user92/user92.json,idx_110
waveIn,trainingSamples,raw_data/EMG-EPN612/testingJSON/user92/user92.json,idx_111
waveIn,trainingSamples,raw_data/EMG-EPN612/testingJSON/user92/user92.json,idx_112
waveIn,trainingSamples,raw_data/EMG-EPN612/testingJSON/user92/user92.json,idx_113
waveIn,trainingSamples,raw_data/EMG-EPN612/testingJSON/user92/user92.json,idx_114
waveIn,trainingSamples,raw_data/EMG-EPN612/testingJSON/user92/user92.json,idx_115
waveIn,trainingSamples,raw_data/EMG-EPN612/testingJSON/user92/user92.json,idx_116
waveIn,trainingSamples,raw_data/EMG-EPN612/testingJSON/user92/user92.json,idx_117
waveIn,trainingSamples,raw_data/EMG-EPN612/testingJSON/user92/user92.json,idx_118
waveIn,trainingSamples,raw_data/EMG-EPN612/testingJSON/user92/user92.json,idx_119
waveIn,trainingSamples,raw_data/EMG-EPN612/testingJSON/user92/user92.json,idx_120
waveIn,trainingSamples,raw_data/EMG-EPN612/testingJSON/user92/user92.json,idx_121
waveIn,trainingSamples,raw_data/EMG-EPN612/testingJSON/user92/user92.json,idx_122
waveIn,trainingSamples,raw_data/EMG-EPN612/testingJSON/user92/user92.json,idx_123
waveIn,trainingSamples,raw_data/EMG-EPN612/testingJSON/user92/user92.json,idx_124
waveIn,trainingSamples,raw_data/EMG-EPN612/testingJSON/user92/user92.json,idx_125
waveOut,trainingSamples,raw_data/EMG-EPN612/testingJSON/user92/user92.json,idx_126
waveOut,trainingSamples,raw_data/EMG-EPN612/testingJSON/user92/user92.json,idx_127
waveOut,trainingSamples,raw_data/EMG-EPN612/testingJSON/user92/user92.json,idx_128
waveOut,trainingSamples,raw_data/EMG-EPN612/testingJSON/user92/user92.json,idx_129
waveOut,trainingSamples,raw_data/EMG-EPN612/testingJSON/user92/user92.json,idx_130
waveOut,trainingSamples,raw_data/EMG-EPN612/testingJSON/user92/user92.json,idx_131
waveOut,trainingSamples,raw_data/EMG-EPN612/testingJSON/user92/user92.json,idx_132
waveOut,trainingSamples,raw_data/EMG-EPN612/testingJSON/user92/user92.json,idx_133
waveOut,trainingSamples,raw_data/EMG-EPN612/testingJSON/user92/user92.json,idx_134
waveOut,trainingSamples,raw_data/EMG-EPN612/testingJSON/user92/user92.json,idx_135
waveOut,trainingSamples,raw_data/EMG-EPN612/testingJSON/user92/user92.json,idx_136
waveOut,trainingSamples,raw_data/EMG-EPN612/testingJSON/user92/user92.json,idx_137
waveOut,trainingSamples,raw_data/EMG-EPN612/testingJSON/user92/user92.json,idx_138
waveOut,trainingSamples,raw_data/EMG-EPN612/testingJSON/user92/user92.json,idx_139
waveOut,trainingSamples,raw_data/EMG-EPN612/testingJSON/user92/user92.json,idx_140
waveOut,trainingSamples,raw_data/EMG-EPN612/testingJSON/user92/user92.json,idx_141
waveOut,trainingSamples,raw_data/EMG-EPN612/testingJSON/user92/user92.json,idx_142
waveOut,trainingSamples,raw_data/EMG-EPN612/testingJSON/user92/user92.json,idx_143
waveOut,trainingSamples,raw_data/EMG-EPN612/testingJSON/user92/user92.json,idx_144
waveOut,trainingSamples,raw_data/EMG-EPN612/testingJSON/user92/user92.json,idx_145
waveOut,trainingSamples,raw_data/EMG-EPN612/testingJSON/user92/user92.json,idx_146
waveOut,trainingSamples,raw_data/EMG-EPN612/testingJSON/user92/user92.json,idx_147
waveOut,trainingSamples,raw_data/EMG-EPN612/testingJSON/user92/user92.json,idx_148
waveOut,trainingSamples,raw_data/EMG-EPN612/testingJSON/user92/user92.json,idx_149
waveOut,trainingSamples,raw_data/EMG-EPN612/testingJSON/user92/user92.json,idx_150
noGesture,trainingSamples,raw_data/EMG-EPN612/testingJSON/user93/user93.json,idx_1
noGesture,trainingSamples,raw_data/EMG-EPN612/testingJSON/user93/user93.json,idx_2
noGesture,trainingSamples,raw_data/EMG-EPN612/testingJSON/user93/user93.json,idx_3
noGesture,trainingSamples,raw_data/EMG-EPN612/testingJSON/user93/user93.json,idx_4
noGesture,trainingSamples,raw_data/EMG-EPN612/testingJSON/user93/user93.json,idx_5
noGesture,trainingSamples,raw_data/EMG-EPN612/testingJSON/user93/user93.json,idx_6
noGesture,trainingSamples,raw_data/EMG-EPN612/testingJSON/user93/user93.json,idx_7
noGesture,trainingSamples,raw_data/EMG-EPN612/testingJSON/user93/user93.json,idx_8
noGesture,trainingSamples,raw_data/EMG-EPN612/testingJSON/user93/user93.json,idx_9
noGesture,trainingSamples,raw_data/EMG-EPN612/testingJSON/user93/user93.json,idx_10
noGesture,trainingSamples,raw_data/EMG-EPN612/testingJSON/user93/user93.json,idx_11
noGesture,trainingSamples,raw_data/EMG-EPN612/testingJSON/user93/user93.json,idx_12
noGesture,trainingSamples,raw_data/EMG-EPN612/testingJSON/user93/user93.json,idx_13
noGesture,trainingSamples,raw_data/EMG-EPN612/testingJSON/user93/user93.json,idx_14
noGesture,trainingSamples,raw_data/EMG-EPN612/testingJSON/user93/user93.json,idx_15
noGesture,trainingSamples,raw_data/EMG-EPN612/testingJSON/user93/user93.json,idx_16
noGesture,trainingSamples,raw_data/EMG-EPN612/testingJSON/user93/user93.json,idx_17
noGesture,trainingSamples,raw_data/EMG-EPN612/testingJSON/user93/user93.json,idx_18
noGesture,trainingSamples,raw_data/EMG-EPN612/testingJSON/user93/user93.json,idx_19
noGesture,trainingSamples,raw_data/EMG-EPN612/testingJSON/user93/user93.json,idx_20
noGesture,trainingSamples,raw_data/EMG-EPN612/testingJSON/user93/user93.json,idx_21
noGesture,trainingSamples,raw_data/EMG-EPN612/testingJSON/user93/user93.json,idx_22
noGesture,trainingSamples,raw_data/EMG-EPN612/testingJSON/user93/user93.json,idx_23
noGesture,trainingSamples,raw_data/EMG-EPN612/testingJSON/user93/user93.json,idx_24
noGesture,trainingSamples,raw_data/EMG-EPN612/testingJSON/user93/user93.json,idx_25
fist,trainingSamples,raw_data/EMG-EPN612/testingJSON/user93/user93.json,idx_26
fist,trainingSamples,raw_data/EMG-EPN612/testingJSON/user93/user93.json,idx_27
fist,trainingSamples,raw_data/EMG-EPN612/testingJSON/user93/user93.json,idx_28
fist,trainingSamples,raw_data/EMG-EPN612/testingJSON/user93/user93.json,idx_29
fist,trainingSamples,raw_data/EMG-EPN612/testingJSON/user93/user93.json,idx_30
fist,trainingSamples,raw_data/EMG-EPN612/testingJSON/user93/user93.json,idx_31
fist,trainingSamples,raw_data/EMG-EPN612/testingJSON/user93/user93.json,idx_32
fist,trainingSamples,raw_data/EMG-EPN612/testingJSON/user93/user93.json,idx_33
fist,trainingSamples,raw_data/EMG-EPN612/testingJSON/user93/user93.json,idx_34
fist,trainingSamples,raw_data/EMG-EPN612/testingJSON/user93/user93.json,idx_35
fist,trainingSamples,raw_data/EMG-EPN612/testingJSON/user93/user93.json,idx_36
fist,trainingSamples,raw_data/EMG-EPN612/testingJSON/user93/user93.json,idx_37
fist,trainingSamples,raw_data/EMG-EPN612/testingJSON/user93/user93.json,idx_38
fist,trainingSamples,raw_data/EMG-EPN612/testingJSON/user93/user93.json,idx_39
fist,trainingSamples,raw_data/EMG-EPN612/testingJSON/user93/user93.json,idx_40
fist,trainingSamples,raw_data/EMG-EPN612/testingJSON/user93/user93.json,idx_41
fist,trainingSamples,raw_data/EMG-EPN612/testingJSON/user93/user93.json,idx_42
fist,trainingSamples,raw_data/EMG-EPN612/testingJSON/user93/user93.json,idx_43
fist,trainingSamples,raw_data/EMG-EPN612/testingJSON/user93/user93.json,idx_44
fist,trainingSamples,raw_data/EMG-EPN612/testingJSON/user93/user93.json,idx_45
fist,trainingSamples,raw_data/EMG-EPN612/testingJSON/user93/user93.json,idx_46
fist,trainingSamples,raw_data/EMG-EPN612/testingJSON/user93/user93.json,idx_47
fist,trainingSamples,raw_data/EMG-EPN612/testingJSON/user93/user93.json,idx_48
fist,trainingSamples,raw_data/EMG-EPN612/testingJSON/user93/user93.json,idx_49
fist,trainingSamples,raw_data/EMG-EPN612/testingJSON/user93/user93.json,idx_50
waveOut,trainingSamples,raw_data/EMG-EPN612/testingJSON/user93/user93.json,idx_51
waveOut,trainingSamples,raw_data/EMG-EPN612/testingJSON/user93/user93.json,idx_52
waveOut,trainingSamples,raw_data/EMG-EPN612/testingJSON/user93/user93.json,idx_53
waveOut,trainingSamples,raw_data/EMG-EPN612/testingJSON/user93/user93.json,idx_54
waveOut,trainingSamples,raw_data/EMG-EPN612/testingJSON/user93/user93.json,idx_55
waveOut,trainingSamples,raw_data/EMG-EPN612/testingJSON/user93/user93.json,idx_56
waveOut,trainingSamples,raw_data/EMG-EPN612/testingJSON/user93/user93.json,idx_57
waveOut,trainingSamples,raw_data/EMG-EPN612/testingJSON/user93/user93.json,idx_58
waveOut,trainingSamples,raw_data/EMG-EPN612/testingJSON/user93/user93.json,idx_59
waveOut,trainingSamples,raw_data/EMG-EPN612/testingJSON/user93/user93.json,idx_60
waveOut,trainingSamples,raw_data/EMG-EPN612/testingJSON/user93/user93.json,idx_61
waveOut,trainingSamples,raw_data/EMG-EPN612/testingJSON/user93/user93.json,idx_62
waveOut,trainingSamples,raw_data/EMG-EPN612/testingJSON/user93/user93.json,idx_63
waveOut,trainingSamples,raw_data/EMG-EPN612/testingJSON/user93/user93.json,idx_64
waveOut,trainingSamples,raw_data/EMG-EPN612/testingJSON/user93/user93.json,idx_65
waveOut,trainingSamples,raw_data/EMG-EPN612/testingJSON/user93/user93.json,idx_66
waveOut,trainingSamples,raw_data/EMG-EPN612/testingJSON/user93/user93.json,idx_67
waveOut,trainingSamples,raw_data/EMG-EPN612/testingJSON/user93/user93.json,idx_68
waveOut,trainingSamples,raw_data/EMG-EPN612/testingJSON/user93/user93.json,idx_69
waveOut,trainingSamples,raw_data/EMG-EPN612/testingJSON/user93/user93.json,idx_70
waveOut,trainingSamples,raw_data/EMG-EPN612/testingJSON/user93/user93.json,idx_71
waveOut,trainingSamples,raw_data/EMG-EPN612/testingJSON/user93/user93.json,idx_72
waveOut,trainingSamples,raw_data/EMG-EPN612/testingJSON/user93/user93.json,idx_73
waveOut,trainingSamples,raw_data/EMG-EPN612/testingJSON/user93/user93.json,idx_74
waveOut,trainingSamples,raw_data/EMG-EPN612/testingJSON/user93/user93.json,idx_75
open,trainingSamples,raw_data/EMG-EPN612/testingJSON/user93/user93.json,idx_76
open,trainingSamples,raw_data/EMG-EPN612/testingJSON/user93/user93.json,idx_77
open,trainingSamples,raw_data/EMG-EPN612/testingJSON/user93/user93.json,idx_78
open,trainingSamples,raw_data/EMG-EPN612/testingJSON/user93/user93.json,idx_79
open,trainingSamples,raw_data/EMG-EPN612/testingJSON/user93/user93.json,idx_80
open,trainingSamples,raw_data/EMG-EPN612/testingJSON/user93/user93.json,idx_81
open,trainingSamples,raw_data/EMG-EPN612/testingJSON/user93/user93.json,idx_82
open,trainingSamples,raw_data/EMG-EPN612/testingJSON/user93/user93.json,idx_83
open,trainingSamples,raw_data/EMG-EPN612/testingJSON/user93/user93.json,idx_84
open,trainingSamples,raw_data/EMG-EPN612/testingJSON/user93/user93.json,idx_85
open,trainingSamples,raw_data/EMG-EPN612/testingJSON/user93/user93.json,idx_86
open,trainingSamples,raw_data/EMG-EPN612/testingJSON/user93/user93.json,idx_87
open,trainingSamples,raw_data/EMG-EPN612/testingJSON/user93/user93.json,idx_88
open,trainingSamples,raw_data/EMG-EPN612/testingJSON/user93/user93.json,idx_89
open,trainingSamples,raw_data/EMG-EPN612/testingJSON/user93/user93.json,idx_90
open,trainingSamples,raw_data/EMG-EPN612/testingJSON/user93/user93.json,idx_91
open,trainingSamples,raw_data/EMG-EPN612/testingJSON/user93/user93.json,idx_92
open,trainingSamples,raw_data/EMG-EPN612/testingJSON/user93/user93.json,idx_93
open,trainingSamples,raw_data/EMG-EPN612/testingJSON/user93/user93.json,idx_94
open,trainingSamples,raw_data/EMG-EPN612/testingJSON/user93/user93.json,idx_95
open,trainingSamples,raw_data/EMG-EPN612/testingJSON/user93/user93.json,idx_96
open,trainingSamples,raw_data/EMG-EPN612/testingJSON/user93/user93.json,idx_97
open,trainingSamples,raw_data/EMG-EPN612/testingJSON/user93/user93.json,idx_98
open,trainingSamples,raw_data/EMG-EPN612/testingJSON/user93/user93.json,idx_99
open,trainingSamples,raw_data/EMG-EPN612/testingJSON/user93/user93.json,idx_100
waveIn,trainingSamples,raw_data/EMG-EPN612/testingJSON/user93/user93.json,idx_101
waveIn,trainingSamples,raw_data/EMG-EPN612/testingJSON/user93/user93.json,idx_102
waveIn,trainingSamples,raw_data/EMG-EPN612/testingJSON/user93/user93.json,idx_103
waveIn,trainingSamples,raw_data/EMG-EPN612/testingJSON/user93/user93.json,idx_104
waveIn,trainingSamples,raw_data/EMG-EPN612/testingJSON/user93/user93.json,idx_105
waveIn,trainingSamples,raw_data/EMG-EPN612/testingJSON/user93/user93.json,idx_106
waveIn,trainingSamples,raw_data/EMG-EPN612/testingJSON/user93/user93.json,idx_107
waveIn,trainingSamples,raw_data/EMG-EPN612/testingJSON/user93/user93.json,idx_108
waveIn,trainingSamples,raw_data/EMG-EPN612/testingJSON/user93/user93.json,idx_109
waveIn,trainingSamples,raw_data/EMG-EPN612/testingJSON/user93/user93.json,idx_110
waveIn,trainingSamples,raw_data/EMG-EPN612/testingJSON/user93/user93.json,idx_111
waveIn,trainingSamples,raw_data/EMG-EPN612/testingJSON/user93/user93.json,idx_112
waveIn,trainingSamples,raw_data/EMG-EPN612/testingJSON/user93/user93.json,idx_113
waveIn,trainingSamples,raw_data/EMG-EPN612/testingJSON/user93/user93.json,idx_114
waveIn,trainingSamples,raw_data/EMG-EPN612/testingJSON/user93/user93.json,idx_115
waveIn,trainingSamples,raw_data/EMG-EPN612/testingJSON/user93/user93.json,idx_116
waveIn,trainingSamples,raw_data/EMG-EPN612/testingJSON/user93/user93.json,idx_117
waveIn,trainingSamples,raw_data/EMG-EPN612/testingJSON/user93/user93.json,idx_118
waveIn,trainingSamples,raw_data/EMG-EPN612/testingJSON/user93/user93.json,idx_119
waveIn,trainingSamples,raw_data/EMG-EPN612/testingJSON/user93/user93.json,idx_120
waveIn,trainingSamples,raw_data/EMG-EPN612/testingJSON/user93/user93.json,idx_121
waveIn,trainingSamples,raw_data/EMG-EPN612/testingJSON/user93/user93.json,idx_122
waveIn,trainingSamples,raw_data/EMG-EPN612/testingJSON/user93/user93.json,idx_123
waveIn,trainingSamples,raw_data/EMG-EPN612/testingJSON/user93/user93.json,idx_124
waveIn,trainingSamples,raw_data/EMG-EPN612/testingJSON/user93/user93.json,idx_125
pinch,trainingSamples,raw_data/EMG-EPN612/testingJSON/user93/user93.json,idx_126
pinch,trainingSamples,raw_data/EMG-EPN612/testingJSON/user93/user93.json,idx_127
pinch,trainingSamples,raw_data/EMG-EPN612/testingJSON/user93/user93.json,idx_128
pinch,trainingSamples,raw_data/EMG-EPN612/testingJSON/user93/user93.json,idx_129
pinch,trainingSamples,raw_data/EMG-EPN612/testingJSON/user93/user93.json,idx_130
pinch,trainingSamples,raw_data/EMG-EPN612/testingJSON/user93/user93.json,idx_131
pinch,trainingSamples,raw_data/EMG-EPN612/testingJSON/user93/user93.json,idx_132
pinch,trainingSamples,raw_data/EMG-EPN612/testingJSON/user93/user93.json,idx_133
pinch,trainingSamples,raw_data/EMG-EPN612/testingJSON/user93/user93.json,idx_134
pinch,trainingSamples,raw_data/EMG-EPN612/testingJSON/user93/user93.json,idx_135
pinch,trainingSamples,raw_data/EMG-EPN612/testingJSON/user93/user93.json,idx_136
pinch,trainingSamples,raw_data/EMG-EPN612/testingJSON/user93/user93.json,idx_137
pinch,trainingSamples,raw_data/EMG-EPN612/testingJSON/user93/user93.json,idx_138
pinch,trainingSamples,raw_data/EMG-EPN612/testingJSON/user93/user93.json,idx_139
pinch,trainingSamples,raw_data/EMG-EPN612/testingJSON/user93/user93.json,idx_140
pinch,trainingSamples,raw_data/EMG-EPN612/testingJSON/user93/user93.json,idx_141
pinch,trainingSamples,raw_data/EMG-EPN612/testingJSON/user93/user93.json,idx_142
pinch,trainingSamples,raw_data/EMG-EPN612/testingJSON/user93/user93.json,idx_143
pinch,trainingSamples,raw_data/EMG-EPN612/testingJSON/user93/user93.json,idx_144
pinch,trainingSamples,raw_data/EMG-EPN612/testingJSON/user93/user93.json,idx_145
pinch,trainingSamples,raw_data/EMG-EPN612/testingJSON/user93/user93.json,idx_146
pinch,trainingSamples,raw_data/EMG-EPN612/testingJSON/user93/user93.json,idx_147
pinch,trainingSamples,raw_data/EMG-EPN612/testingJSON/user93/user93.json,idx_148
pinch,trainingSamples,raw_data/EMG-EPN612/testingJSON/user93/user93.json,idx_149
pinch,trainingSamples,raw_data/EMG-EPN612/testingJSON/user93/user93.json,idx_150
noGesture,trainingSamples,raw_data/EMG-EPN612/testingJSON/user94/user94.json,idx_1
noGesture,trainingSamples,raw_data/EMG-EPN612/testingJSON/user94/user94.json,idx_2
noGesture,trainingSamples,raw_data/EMG-EPN612/testingJSON/user94/user94.json,idx_3
noGesture,trainingSamples,raw_data/EMG-EPN612/testingJSON/user94/user94.json,idx_4
noGesture,trainingSamples,raw_data/EMG-EPN612/testingJSON/user94/user94.json,idx_5
noGesture,trainingSamples,raw_data/EMG-EPN612/testingJSON/user94/user94.json,idx_6
noGesture,trainingSamples,raw_data/EMG-EPN612/testingJSON/user94/user94.json,idx_7
noGesture,trainingSamples,raw_data/EMG-EPN612/testingJSON/user94/user94.json,idx_8
noGesture,trainingSamples,raw_data/EMG-EPN612/testingJSON/user94/user94.json,idx_9
noGesture,trainingSamples,raw_data/EMG-EPN612/testingJSON/user94/user94.json,idx_10
noGesture,trainingSamples,raw_data/EMG-EPN612/testingJSON/user94/user94.json,idx_11
noGesture,trainingSamples,raw_data/EMG-EPN612/testingJSON/user94/user94.json,idx_12
noGesture,trainingSamples,raw_data/EMG-EPN612/testingJSON/user94/user94.json,idx_13
noGesture,trainingSamples,raw_data/EMG-EPN612/testingJSON/user94/user94.json,idx_14
noGesture,trainingSamples,raw_data/EMG-EPN612/testingJSON/user94/user94.json,idx_15
noGesture,trainingSamples,raw_data/EMG-EPN612/testingJSON/user94/user94.json,idx_16
noGesture,trainingSamples,raw_data/EMG-EPN612/testingJSON/user94/user94.json,idx_17
noGesture,trainingSamples,raw_data/EMG-EPN612/testingJSON/user94/user94.json,idx_18
noGesture,trainingSamples,raw_data/EMG-EPN612/testingJSON/user94/user94.json,idx_19
noGesture,trainingSamples,raw_data/EMG-EPN612/testingJSON/user94/user94.json,idx_20
noGesture,trainingSamples,raw_data/EMG-EPN612/testingJSON/user94/user94.json,idx_21
noGesture,trainingSamples,raw_data/EMG-EPN612/testingJSON/user94/user94.json,idx_22
noGesture,trainingSamples,raw_data/EMG-EPN612/testingJSON/user94/user94.json,idx_23
noGesture,trainingSamples,raw_data/EMG-EPN612/testingJSON/user94/user94.json,idx_24
noGesture,trainingSamples,raw_data/EMG-EPN612/testingJSON/user94/user94.json,idx_25
pinch,trainingSamples,raw_data/EMG-EPN612/testingJSON/user94/user94.json,idx_26
pinch,trainingSamples,raw_data/EMG-EPN612/testingJSON/user94/user94.json,idx_27
pinch,trainingSamples,raw_data/EMG-EPN612/testingJSON/user94/user94.json,idx_28
pinch,trainingSamples,raw_data/EMG-EPN612/testingJSON/user94/user94.json,idx_29
pinch,trainingSamples,raw_data/EMG-EPN612/testingJSON/user94/user94.json,idx_30
pinch,trainingSamples,raw_data/EMG-EPN612/testingJSON/user94/user94.json,idx_31
pinch,trainingSamples,raw_data/EMG-EPN612/testingJSON/user94/user94.json,idx_32
pinch,trainingSamples,raw_data/EMG-EPN612/testingJSON/user94/user94.json,idx_33
pinch,trainingSamples,raw_data/EMG-EPN612/testingJSON/user94/user94.json,idx_34
pinch,trainingSamples,raw_data/EMG-EPN612/testingJSON/user94/user94.json,idx_35
pinch,trainingSamples,raw_data/EMG-EPN612/testingJSON/user94/user94.json,idx_36
pinch,trainingSamples,raw_data/EMG-EPN612/testingJSON/user94/user94.json,idx_37
pinch,trainingSamples,raw_data/EMG-EPN612/testingJSON/user94/user94.json,idx_38
pinch,trainingSamples,raw_data/EMG-EPN612/testingJSON/user94/user94.json,idx_39
pinch,trainingSamples,raw_data/EMG-EPN612/testingJSON/user94/user94.json,idx_40
pinch,trainingSamples,raw_data/EMG-EPN612/testingJSON/user94/user94.json,idx_41
pinch,trainingSamples,raw_data/EMG-EPN612/testingJSON/user94/user94.json,idx_42
pinch,trainingSamples,raw_data/EMG-EPN612/testingJSON/user94/user94.json,idx_43
pinch,trainingSamples,raw_data/EMG-EPN612/testingJSON/user94/user94.json,idx_44
pinch,trainingSamples,raw_data/EMG-EPN612/testingJSON/user94/user94.json,idx_45
pinch,trainingSamples,raw_data/EMG-EPN612/testingJSON/user94/user94.json,idx_46
pinch,trainingSamples,raw_data/EMG-EPN612/testingJSON/user94/user94.json,idx_47
pinch,trainingSamples,raw_data/EMG-EPN612/testingJSON/user94/user94.json,idx_48
pinch,trainingSamples,raw_data/EMG-EPN612/testingJSON/user94/user94.json,idx_49
pinch,trainingSamples,raw_data/EMG-EPN612/testingJSON/user94/user94.json,idx_50
waveIn,trainingSamples,raw_data/EMG-EPN612/testingJSON/user94/user94.json,idx_51
waveIn,trainingSamples,raw_data/EMG-EPN612/testingJSON/user94/user94.json,idx_52
waveIn,trainingSamples,raw_data/EMG-EPN612/testingJSON/user94/user94.json,idx_53
waveIn,trainingSamples,raw_data/EMG-EPN612/testingJSON/user94/user94.json,idx_54
waveIn,trainingSamples,raw_data/EMG-EPN612/testingJSON/user94/user94.json,idx_55
waveIn,trainingSamples,raw_data/EMG-EPN612/testingJSON/user94/user94.json,idx_56
waveIn,trainingSamples,raw_data/EMG-EPN612/testingJSON/user94/user94.json,idx_57
waveIn,trainingSamples,raw_data/EMG-EPN612/testingJSON/user94/user94.json,idx_58
waveIn,trainingSamples,raw_data/EMG-EPN612/testingJSON/user94/user94.json,idx_59
waveIn,trainingSamples,raw_data/EMG-EPN612/testingJSON/user94/user94.json,idx_60
waveIn,trainingSamples,raw_data/EMG-EPN612/testingJSON/user94/user94.json,idx_61
waveIn,trainingSamples,raw_data/EMG-EPN612/testingJSON/user94/user94.json,idx_62
waveIn,trainingSamples,raw_data/EMG-EPN612/testingJSON/user94/user94.json,idx_63
waveIn,trainingSamples,raw_data/EMG-EPN612/testingJSON/user94/user94.json,idx_64
waveIn,trainingSamples,raw_data/EMG-EPN612/testingJSON/user94/user94.json,idx_65
waveIn,trainingSamples,raw_data/EMG-EPN612/testingJSON/user94/user94.json,idx_66
waveIn,trainingSamples,raw_data/EMG-EPN612/testingJSON/user94/user94.json,idx_67
waveIn,trainingSamples,raw_data/EMG-EPN612/testingJSON/user94/user94.json,idx_68
waveIn,trainingSamples,raw_data/EMG-EPN612/testingJSON/user94/user94.json,idx_69
waveIn,trainingSamples,raw_data/EMG-EPN612/testingJSON/user94/user94.json,idx_70
waveIn,trainingSamples,raw_data/EMG-EPN612/testingJSON/user94/user94.json,idx_71
waveIn,trainingSamples,raw_data/EMG-EPN612/testingJSON/user94/user94.json,idx_72
waveIn,trainingSamples,raw_data/EMG-EPN612/testingJSON/user94/user94.json,idx_73
waveIn,trainingSamples,raw_data/EMG-EPN612/testingJSON/user94/user94.json,idx_74
waveIn,trainingSamples,raw_data/EMG-EPN612/testingJSON/user94/user94.json,idx_75
open,trainingSamples,raw_data/EMG-EPN612/testingJSON/user94/user94.json,idx_76
open,trainingSamples,raw_data/EMG-EPN612/testingJSON/user94/user94.json,idx_77
open,trainingSamples,raw_data/EMG-EPN612/testingJSON/user94/user94.json,idx_78
open,trainingSamples,raw_data/EMG-EPN612/testingJSON/user94/user94.json,idx_79
open,trainingSamples,raw_data/EMG-EPN612/testingJSON/user94/user94.json,idx_80
open,trainingSamples,raw_data/EMG-EPN612/testingJSON/user94/user94.json,idx_81
open,trainingSamples,raw_data/EMG-EPN612/testingJSON/user94/user94.json,idx_82
open,trainingSamples,raw_data/EMG-EPN612/testingJSON/user94/user94.json,idx_83
open,trainingSamples,raw_data/EMG-EPN612/testingJSON/user94/user94.json,idx_84
open,trainingSamples,raw_data/EMG-EPN612/testingJSON/user94/user94.json,idx_85
open,trainingSamples,raw_data/EMG-EPN612/testingJSON/user94/user94.json,idx_86
open,trainingSamples,raw_data/EMG-EPN612/testingJSON/user94/user94.json,idx_87
open,trainingSamples,raw_data/EMG-EPN612/testingJSON/user94/user94.json,idx_88
open,trainingSamples,raw_data/EMG-EPN612/testingJSON/user94/user94.json,idx_89
open,trainingSamples,raw_data/EMG-EPN612/testingJSON/user94/user94.json,idx_90
open,trainingSamples,raw_data/EMG-EPN612/testingJSON/user94/user94.json,idx_91
open,trainingSamples,raw_data/EMG-EPN612/testingJSON/user94/user94.json,idx_92
open,trainingSamples,raw_data/EMG-EPN612/testingJSON/user94/user94.json,idx_93
open,trainingSamples,raw_data/EMG-EPN612/testingJSON/user94/user94.json,idx_94
open,trainingSamples,raw_data/EMG-EPN612/testingJSON/user94/user94.json,idx_95
open,trainingSamples,raw_data/EMG-EPN612/testingJSON/user94/user94.json,idx_96
open,trainingSamples,raw_data/EMG-EPN612/testingJSON/user94/user94.json,idx_97
open,trainingSamples,raw_data/EMG-EPN612/testingJSON/user94/user94.json,idx_98
open,trainingSamples,raw_data/EMG-EPN612/testingJSON/user94/user94.json,idx_99
open,trainingSamples,raw_data/EMG-EPN612/testingJSON/user94/user94.json,idx_100
waveOut,trainingSamples,raw_data/EMG-EPN612/testingJSON/user94/user94.json,idx_101
waveOut,trainingSamples,raw_data/EMG-EPN612/testingJSON/user94/user94.json,idx_102
waveOut,trainingSamples,raw_data/EMG-EPN612/testingJSON/user94/user94.json,idx_103
waveOut,trainingSamples,raw_data/EMG-EPN612/testingJSON/user94/user94.json,idx_104
waveOut,trainingSamples,raw_data/EMG-EPN612/testingJSON/user94/user94.json,idx_105
waveOut,trainingSamples,raw_data/EMG-EPN612/testingJSON/user94/user94.json,idx_106
waveOut,trainingSamples,raw_data/EMG-EPN612/testingJSON/user94/user94.json,idx_107
waveOut,trainingSamples,raw_data/EMG-EPN612/testingJSON/user94/user94.json,idx_108
waveOut,trainingSamples,raw_data/EMG-EPN612/testingJSON/user94/user94.json,idx_109
waveOut,trainingSamples,raw_data/EMG-EPN612/testingJSON/user94/user94.json,idx_110
waveOut,trainingSamples,raw_data/EMG-EPN612/testingJSON/user94/user94.json,idx_111
waveOut,trainingSamples,raw_data/EMG-EPN612/testingJSON/user94/user94.json,idx_112
waveOut,trainingSamples,raw_data/EMG-EPN612/testingJSON/user94/user94.json,idx_113
waveOut,trainingSamples,raw_data/EMG-EPN612/testingJSON/user94/user94.json,idx_114
waveOut,trainingSamples,raw_data/EMG-EPN612/testingJSON/user94/user94.json,idx_115
waveOut,trainingSamples,raw_data/EMG-EPN612/testingJSON/user94/user94.json,idx_116
waveOut,trainingSamples,raw_data/EMG-EPN612/testingJSON/user94/user94.json,idx_117
waveOut,trainingSamples,raw_data/EMG-EPN612/testingJSON/user94/user94.json,idx_118
waveOut,trainingSamples,raw_data/EMG-EPN612/testingJSON/user94/user94.json,idx_119
waveOut,trainingSamples,raw_data/EMG-EPN612/testingJSON/user94/user94.json,idx_120
waveOut,trainingSamples,raw_data/EMG-EPN612/testingJSON/user94/user94.json,idx_121
waveOut,trainingSamples,raw_data/EMG-EPN612/testingJSON/user94/user94.json,idx_122
waveOut,trainingSamples,raw_data/EMG-EPN612/testingJSON/user94/user94.json,idx_123
waveOut,trainingSamples,raw_data/EMG-EPN612/testingJSON/user94/user94.json,idx_124
waveOut,trainingSamples,raw_data/EMG-EPN612/testingJSON/user94/user94.json,idx_125
fist,trainingSamples,raw_data/EMG-EPN612/testingJSON/user94/user94.json,idx_126
fist,trainingSamples,raw_data/EMG-EPN612/testingJSON/user94/user94.json,idx_127
fist,trainingSamples,raw_data/EMG-EPN612/testingJSON/user94/user94.json,idx_128
fist,trainingSamples,raw_data/EMG-EPN612/testingJSON/user94/user94.json,idx_129
fist,trainingSamples,raw_data/EMG-EPN612/testingJSON/user94/user94.json,idx_130
fist,trainingSamples,raw_data/EMG-EPN612/testingJSON/user94/user94.json,idx_131
fist,trainingSamples,raw_data/EMG-EPN612/testingJSON/user94/user94.json,idx_132
fist,trainingSamples,raw_data/EMG-EPN612/testingJSON/user94/user94.json,idx_133
fist,trainingSamples,raw_data/EMG-EPN612/testingJSON/user94/user94.json,idx_134
fist,trainingSamples,raw_data/EMG-EPN612/testingJSON/user94/user94.json,idx_135
fist,trainingSamples,raw_data/EMG-EPN612/testingJSON/user94/user94.json,idx_136
fist,trainingSamples,raw_data/EMG-EPN612/testingJSON/user94/user94.json,idx_137
fist,trainingSamples,raw_data/EMG-EPN612/testingJSON/user94/user94.json,idx_138
fist,trainingSamples,raw_data/EMG-EPN612/testingJSON/user94/user94.json,idx_139
fist,trainingSamples,raw_data/EMG-EPN612/testingJSON/user94/user94.json,idx_140
fist,trainingSamples,raw_data/EMG-EPN612/testingJSON/user94/user94.json,idx_141
fist,trainingSamples,raw_data/EMG-EPN612/testingJSON/user94/user94.json,idx_142
fist,trainingSamples,raw_data/EMG-EPN612/testingJSON/user94/user94.json,idx_143
fist,trainingSamples,raw_data/EMG-EPN612/testingJSON/user94/user94.json,idx_144
fist,trainingSamples,raw_data/EMG-EPN612/testingJSON/user94/user94.json,idx_145
fist,trainingSamples,raw_data/EMG-EPN612/testingJSON/user94/user94.json,idx_146
fist,trainingSamples,raw_data/EMG-EPN612/testingJSON/user94/user94.json,idx_147
fist,trainingSamples,raw_data/EMG-EPN612/testingJSON/user94/user94.json,idx_148
fist,trainingSamples,raw_data/EMG-EPN612/testingJSON/user94/user94.json,idx_149
fist,trainingSamples,raw_data/EMG-EPN612/testingJSON/user94/user94.json,idx_150
noGesture,trainingSamples,raw_data/EMG-EPN612/testingJSON/user95/user95.json,idx_1
noGesture,trainingSamples,raw_data/EMG-EPN612/testingJSON/user95/user95.json,idx_2
noGesture,trainingSamples,raw_data/EMG-EPN612/testingJSON/user95/user95.json,idx_3
noGesture,trainingSamples,raw_data/EMG-EPN612/testingJSON/user95/user95.json,idx_4
noGesture,trainingSamples,raw_data/EMG-EPN612/testingJSON/user95/user95.json,idx_5
noGesture,trainingSamples,raw_data/EMG-EPN612/testingJSON/user95/user95.json,idx_6
noGesture,trainingSamples,raw_data/EMG-EPN612/testingJSON/user95/user95.json,idx_7
noGesture,trainingSamples,raw_data/EMG-EPN612/testingJSON/user95/user95.json,idx_8
noGesture,trainingSamples,raw_data/EMG-EPN612/testingJSON/user95/user95.json,idx_9
noGesture,trainingSamples,raw_data/EMG-EPN612/testingJSON/user95/user95.json,idx_10
noGesture,trainingSamples,raw_data/EMG-EPN612/testingJSON/user95/user95.json,idx_11
noGesture,trainingSamples,raw_data/EMG-EPN612/testingJSON/user95/user95.json,idx_12
noGesture,trainingSamples,raw_data/EMG-EPN612/testingJSON/user95/user95.json,idx_13
noGesture,trainingSamples,raw_data/EMG-EPN612/testingJSON/user95/user95.json,idx_14
noGesture,trainingSamples,raw_data/EMG-EPN612/testingJSON/user95/user95.json,idx_15
noGesture,trainingSamples,raw_data/EMG-EPN612/testingJSON/user95/user95.json,idx_16
noGesture,trainingSamples,raw_data/EMG-EPN612/testingJSON/user95/user95.json,idx_17
noGesture,trainingSamples,raw_data/EMG-EPN612/testingJSON/user95/user95.json,idx_18
noGesture,trainingSamples,raw_data/EMG-EPN612/testingJSON/user95/user95.json,idx_19
noGesture,trainingSamples,raw_data/EMG-EPN612/testingJSON/user95/user95.json,idx_20
noGesture,trainingSamples,raw_data/EMG-EPN612/testingJSON/user95/user95.json,idx_21
noGesture,trainingSamples,raw_data/EMG-EPN612/testingJSON/user95/user95.json,idx_22
noGesture,trainingSamples,raw_data/EMG-EPN612/testingJSON/user95/user95.json,idx_23
noGesture,trainingSamples,raw_data/EMG-EPN612/testingJSON/user95/user95.json,idx_24
noGesture,trainingSamples,raw_data/EMG-EPN612/testingJSON/user95/user95.json,idx_25
fist,trainingSamples,raw_data/EMG-EPN612/testingJSON/user95/user95.json,idx_26
fist,trainingSamples,raw_data/EMG-EPN612/testingJSON/user95/user95.json,idx_27
fist,trainingSamples,raw_data/EMG-EPN612/testingJSON/user95/user95.json,idx_28
fist,trainingSamples,raw_data/EMG-EPN612/testingJSON/user95/user95.json,idx_29
fist,trainingSamples,raw_data/EMG-EPN612/testingJSON/user95/user95.json,idx_30
fist,trainingSamples,raw_data/EMG-EPN612/testingJSON/user95/user95.json,idx_31
fist,trainingSamples,raw_data/EMG-EPN612/testingJSON/user95/user95.json,idx_32
fist,trainingSamples,raw_data/EMG-EPN612/testingJSON/user95/user95.json,idx_33
fist,trainingSamples,raw_data/EMG-EPN612/testingJSON/user95/user95.json,idx_34
fist,trainingSamples,raw_data/EMG-EPN612/testingJSON/user95/user95.json,idx_35
fist,trainingSamples,raw_data/EMG-EPN612/testingJSON/user95/user95.json,idx_36
fist,trainingSamples,raw_data/EMG-EPN612/testingJSON/user95/user95.json,idx_37
fist,trainingSamples,raw_data/EMG-EPN612/testingJSON/user95/user95.json,idx_38
fist,trainingSamples,raw_data/EMG-EPN612/testingJSON/user95/user95.json,idx_39
fist,trainingSamples,raw_data/EMG-EPN612/testingJSON/user95/user95.json,idx_40
fist,trainingSamples,raw_data/EMG-EPN612/testingJSON/user95/user95.json,idx_41
fist,trainingSamples,raw_data/EMG-EPN612/testingJSON/user95/user95.json,idx_42
fist,trainingSamples,raw_data/EMG-EPN612/testingJSON/user95/user95.json,idx_43
fist,trainingSamples,raw_data/EMG-EPN612/testingJSON/user95/user95.json,idx_44
fist,trainingSamples,raw_data/EMG-EPN612/testingJSON/user95/user95.json,idx_45
fist,trainingSamples,raw_data/EMG-EPN612/testingJSON/user95/user95.json,idx_46
fist,trainingSamples,raw_data/EMG-EPN612/testingJSON/user95/user95.json,idx_47
fist,trainingSamples,raw_data/EMG-EPN612/testingJSON/user95/user95.json,idx_48
fist,trainingSamples,raw_data/EMG-EPN612/testingJSON/user95/user95.json,idx_49
fist,trainingSamples,raw_data/EMG-EPN612/testingJSON/user95/user95.json,idx_50
open,trainingSamples,raw_data/EMG-EPN612/testingJSON/user95/user95.json,idx_51
open,trainingSamples,raw_data/EMG-EPN612/testingJSON/user95/user95.json,idx_52
open,trainingSamples,raw_data/EMG-EPN612/testingJSON/user95/user95.json,idx_53
open,trainingSamples,raw_data/EMG-EPN612/testingJSON/user95/user95.json,idx_54
open,trainingSamples,raw_data/EMG-EPN612/testingJSON/user95/user95.json,idx_55
open,trainingSamples,raw_data/EMG-EPN612/testingJSON/user95/user95.json,idx_56
open,trainingSamples,raw_data/EMG-EPN612/testingJSON/user95/user95.json,idx_57
open,trainingSamples,raw_data/EMG-EPN612/testingJSON/user95/user95.json,idx_58
open,trainingSamples,raw_data/EMG-EPN612/testingJSON/user95/user95.json,idx_59
open,trainingSamples,raw_data/EMG-EPN612/testingJSON/user95/user95.json,idx_60
open,trainingSamples,raw_data/EMG-EPN612/testingJSON/user95/user95.json,idx_61
open,trainingSamples,raw_data/EMG-EPN612/testingJSON/user95/user95.json,idx_62
open,trainingSamples,raw_data/EMG-EPN612/testingJSON/user95/user95.json,idx_63
open,trainingSamples,raw_data/EMG-EPN612/testingJSON/user95/user95.json,idx_64
open,trainingSamples,raw_data/EMG-EPN612/testingJSON/user95/user95.json,idx_65
open,trainingSamples,raw_data/EMG-EPN612/testingJSON/user95/user95.json,idx_66
open,trainingSamples,raw_data/EMG-EPN612/testingJSON/user95/user95.json,idx_67
open,trainingSamples,raw_data/EMG-EPN612/testingJSON/user95/user95.json,idx_68
open,trainingSamples,raw_data/EMG-EPN612/testingJSON/user95/user95.json,idx_69
open,trainingSamples,raw_data/EMG-EPN612/testingJSON/user95/user95.json,idx_70
open,trainingSamples,raw_data/EMG-EPN612/testingJSON/user95/user95.json,idx_71
open,trainingSamples,raw_data/EMG-EPN612/testingJSON/user95/user95.json,idx_72
open,trainingSamples,raw_data/EMG-EPN612/testingJSON/user95/user95.json,idx_73
open,trainingSamples,raw_data/EMG-EPN612/testingJSON/user95/user95.json,idx_74
open,trainingSamples,raw_data/EMG-EPN612/testingJSON/user95/user95.json,idx_75
pinch,trainingSamples,raw_data/EMG-EPN612/testingJSON/user95/user95.json,idx_76
pinch,trainingSamples,raw_data/EMG-EPN612/testingJSON/user95/user95.json,idx_77
pinch,trainingSamples,raw_data/EMG-EPN612/testingJSON/user95/user95.json,idx_78
pinch,trainingSamples,raw_data/EMG-EPN612/testingJSON/user95/user95.json,idx_79
pinch,trainingSamples,raw_data/EMG-EPN612/testingJSON/user95/user95.json,idx_80
pinch,trainingSamples,raw_data/EMG-EPN612/testingJSON/user95/user95.json,idx_81
pinch,trainingSamples,raw_data/EMG-EPN612/testingJSON/user95/user95.json,idx_82
pinch,trainingSamples,raw_data/EMG-EPN612/testingJSON/user95/user95.json,idx_83
pinch,trainingSamples,raw_data/EMG-EPN612/testingJSON/user95/user95.json,idx_84
pinch,trainingSamples,raw_data/EMG-EPN612/testingJSON/user95/user95.json,idx_85
pinch,trainingSamples,raw_data/EMG-EPN612/testingJSON/user95/user95.json,idx_86
pinch,trainingSamples,raw_data/EMG-EPN612/testingJSON/user95/user95.json,idx_87
pinch,trainingSamples,raw_data/EMG-EPN612/testingJSON/user95/user95.json,idx_88
pinch,trainingSamples,raw_data/EMG-EPN612/testingJSON/user95/user95.json,idx_89
pinch,trainingSamples,raw_data/EMG-EPN612/testingJSON/user95/user95.json,idx_90
pinch,trainingSamples,raw_data/EMG-EPN612/testingJSON/user95/user95.json,idx_91
pinch,trainingSamples,raw_data/EMG-EPN612/testingJSON/user95/user95.json,idx_92
pinch,trainingSamples,raw_data/EMG-EPN612/testingJSON/user95/user95.json,idx_93
pinch,trainingSamples,raw_data/EMG-EPN612/testingJSON/user95/user95.json,idx_94
pinch,trainingSamples,raw_data/EMG-EPN612/testingJSON/user95/user95.json,idx_95
pinch,trainingSamples,raw_data/EMG-EPN612/testingJSON/user95/user95.json,idx_96
pinch,trainingSamples,raw_data/EMG-EPN612/testingJSON/user95/user95.json,idx_97
pinch,trainingSamples,raw_data/EMG-EPN612/testingJSON/user95/user95.json,idx_98
pinch,trainingSamples,raw_data/EMG-EPN612/testingJSON/user95/user95.json,idx_99
pinch,trainingSamples,raw_data/EMG-EPN612/testingJSON/user95/user95.json,idx_100
waveOut,trainingSamples,raw_data/EMG-EPN612/testingJSON/user95/user95.json,idx_101
waveOut,trainingSamples,raw_data/EMG-EPN612/testingJSON/user95/user95.json,idx_102
waveOut,trainingSamples,raw_data/EMG-EPN612/testingJSON/user95/user95.json,idx_103
waveOut,trainingSamples,raw_data/EMG-EPN612/testingJSON/user95/user95.json,idx_104
waveOut,trainingSamples,raw_data/EMG-EPN612/testingJSON/user95/user95.json,idx_105
waveOut,trainingSamples,raw_data/EMG-EPN612/testingJSON/user95/user95.json,idx_106
waveOut,trainingSamples,raw_data/EMG-EPN612/testingJSON/user95/user95.json,idx_107
waveOut,trainingSamples,raw_data/EMG-EPN612/testingJSON/user95/user95.json,idx_108
waveOut,trainingSamples,raw_data/EMG-EPN612/testingJSON/user95/user95.json,idx_109
waveOut,trainingSamples,raw_data/EMG-EPN612/testingJSON/user95/user95.json,idx_110
waveOut,trainingSamples,raw_data/EMG-EPN612/testingJSON/user95/user95.json,idx_111
waveOut,trainingSamples,raw_data/EMG-EPN612/testingJSON/user95/user95.json,idx_112
waveOut,trainingSamples,raw_data/EMG-EPN612/testingJSON/user95/user95.json,idx_113
waveOut,trainingSamples,raw_data/EMG-EPN612/testingJSON/user95/user95.json,idx_114
waveOut,trainingSamples,raw_data/EMG-EPN612/testingJSON/user95/user95.json,idx_115
waveOut,trainingSamples,raw_data/EMG-EPN612/testingJSON/user95/user95.json,idx_116
waveOut,trainingSamples,raw_data/EMG-EPN612/testingJSON/user95/user95.json,idx_117
waveOut,trainingSamples,raw_data/EMG-EPN612/testingJSON/user95/user95.json,idx_118
waveOut,trainingSamples,raw_data/EMG-EPN612/testingJSON/user95/user95.json,idx_119
waveOut,trainingSamples,raw_data/EMG-EPN612/testingJSON/user95/user95.json,idx_120
waveOut,trainingSamples,raw_data/EMG-EPN612/testingJSON/user95/user95.json,idx_121
waveOut,trainingSamples,raw_data/EMG-EPN612/testingJSON/user95/user95.json,idx_122
waveOut,trainingSamples,raw_data/EMG-EPN612/testingJSON/user95/user95.json,idx_123
waveOut,trainingSamples,raw_data/EMG-EPN612/testingJSON/user95/user95.json,idx_124
waveOut,trainingSamples,raw_data/EMG-EPN612/testingJSON/user95/user95.json,idx_125
waveIn,trainingSamples,raw_data/EMG-EPN612/testingJSON/user95/user95.json,idx_126
waveIn,trainingSamples,raw_data/EMG-EPN612/testingJSON/user95/user95.json,idx_127
waveIn,trainingSamples,raw_data/EMG-EPN612/testingJSON/user95/user95.json,idx_128
waveIn,trainingSamples,raw_data/EMG-EPN612/testingJSON/user95/user95.json,idx_129
waveIn,trainingSamples,raw_data/EMG-EPN612/testingJSON/user95/user95.json,idx_130
waveIn,trainingSamples,raw_data/EMG-EPN612/testingJSON/user95/user95.json,idx_131
waveIn,trainingSamples,raw_data/EMG-EPN612/testingJSON/user95/user95.json,idx_132
waveIn,trainingSamples,raw_data/EMG-EPN612/testingJSON/user95/user95.json,idx_133
waveIn,trainingSamples,raw_data/EMG-EPN612/testingJSON/user95/user95.json,idx_134
waveIn,trainingSamples,raw_data/EMG-EPN612/testingJSON/user95/user95.json,idx_135
waveIn,trainingSamples,raw_data/EMG-EPN612/testingJSON/user95/user95.json,idx_136
waveIn,trainingSamples,raw_data/EMG-EPN612/testingJSON/user95/user95.json,idx_137
waveIn,trainingSamples,raw_data/EMG-EPN612/testingJSON/user95/user95.json,idx_138
waveIn,trainingSamples,raw_data/EMG-EPN612/testingJSON/user95/user95.json,idx_139
waveIn,trainingSamples,raw_data/EMG-EPN612/testingJSON/user95/user95.json,idx_140
waveIn,trainingSamples,raw_data/EMG-EPN612/testingJSON/user95/user95.json,idx_141
waveIn,trainingSamples,raw_data/EMG-EPN612/testingJSON/user95/user95.json,idx_142
waveIn,trainingSamples,raw_data/EMG-EPN612/testingJSON/user95/user95.json,idx_143
waveIn,trainingSamples,raw_data/EMG-EPN612/testingJSON/user95/user95.json,idx_144
waveIn,trainingSamples,raw_data/EMG-EPN612/testingJSON/user95/user95.json,idx_145
waveIn,trainingSamples,raw_data/EMG-EPN612/testingJSON/user95/user95.json,idx_146
waveIn,trainingSamples,raw_data/EMG-EPN612/testingJSON/user95/user95.json,idx_147
waveIn,trainingSamples,raw_data/EMG-EPN612/testingJSON/user95/user95.json,idx_148
waveIn,trainingSamples,raw_data/EMG-EPN612/testingJSON/user95/user95.json,idx_149
waveIn,trainingSamples,raw_data/EMG-EPN612/testingJSON/user95/user95.json,idx_150
noGesture,trainingSamples,raw_data/EMG-EPN612/testingJSON/user96/user96.json,idx_1
noGesture,trainingSamples,raw_data/EMG-EPN612/testingJSON/user96/user96.json,idx_2
noGesture,trainingSamples,raw_data/EMG-EPN612/testingJSON/user96/user96.json,idx_3
noGesture,trainingSamples,raw_data/EMG-EPN612/testingJSON/user96/user96.json,idx_4
noGesture,trainingSamples,raw_data/EMG-EPN612/testingJSON/user96/user96.json,idx_5
noGesture,trainingSamples,raw_data/EMG-EPN612/testingJSON/user96/user96.json,idx_6
noGesture,trainingSamples,raw_data/EMG-EPN612/testingJSON/user96/user96.json,idx_7
noGesture,trainingSamples,raw_data/EMG-EPN612/testingJSON/user96/user96.json,idx_8
noGesture,trainingSamples,raw_data/EMG-EPN612/testingJSON/user96/user96.json,idx_9
noGesture,trainingSamples,raw_data/EMG-EPN612/testingJSON/user96/user96.json,idx_10
noGesture,trainingSamples,raw_data/EMG-EPN612/testingJSON/user96/user96.json,idx_11
noGesture,trainingSamples,raw_data/EMG-EPN612/testingJSON/user96/user96.json,idx_12
noGesture,trainingSamples,raw_data/EMG-EPN612/testingJSON/user96/user96.json,idx_13
noGesture,trainingSamples,raw_data/EMG-EPN612/testingJSON/user96/user96.json,idx_14
noGesture,trainingSamples,raw_data/EMG-EPN612/testingJSON/user96/user96.json,idx_15
noGesture,trainingSamples,raw_data/EMG-EPN612/testingJSON/user96/user96.json,idx_16
noGesture,trainingSamples,raw_data/EMG-EPN612/testingJSON/user96/user96.json,idx_17
noGesture,trainingSamples,raw_data/EMG-EPN612/testingJSON/user96/user96.json,idx_18
noGesture,trainingSamples,raw_data/EMG-EPN612/testingJSON/user96/user96.json,idx_19
noGesture,trainingSamples,raw_data/EMG-EPN612/testingJSON/user96/user96.json,idx_20
noGesture,trainingSamples,raw_data/EMG-EPN612/testingJSON/user96/user96.json,idx_21
noGesture,trainingSamples,raw_data/EMG-EPN612/testingJSON/user96/user96.json,idx_22
noGesture,trainingSamples,raw_data/EMG-EPN612/testingJSON/user96/user96.json,idx_23
noGesture,trainingSamples,raw_data/EMG-EPN612/testingJSON/user96/user96.json,idx_24
noGesture,trainingSamples,raw_data/EMG-EPN612/testingJSON/user96/user96.json,idx_25
fist,trainingSamples,raw_data/EMG-EPN612/testingJSON/user96/user96.json,idx_26
fist,trainingSamples,raw_data/EMG-EPN612/testingJSON/user96/user96.json,idx_27
fist,trainingSamples,raw_data/EMG-EPN612/testingJSON/user96/user96.json,idx_28
fist,trainingSamples,raw_data/EMG-EPN612/testingJSON/user96/user96.json,idx_29
fist,trainingSamples,raw_data/EMG-EPN612/testingJSON/user96/user96.json,idx_30
fist,trainingSamples,raw_data/EMG-EPN612/testingJSON/user96/user96.json,idx_31
fist,trainingSamples,raw_data/EMG-EPN612/testingJSON/user96/user96.json,idx_32
fist,trainingSamples,raw_data/EMG-EPN612/testingJSON/user96/user96.json,idx_33
fist,trainingSamples,raw_data/EMG-EPN612/testingJSON/user96/user96.json,idx_34
fist,trainingSamples,raw_data/EMG-EPN612/testingJSON/user96/user96.json,idx_35
fist,trainingSamples,raw_data/EMG-EPN612/testingJSON/user96/user96.json,idx_36
fist,trainingSamples,raw_data/EMG-EPN612/testingJSON/user96/user96.json,idx_37
fist,trainingSamples,raw_data/EMG-EPN612/testingJSON/user96/user96.json,idx_38
fist,trainingSamples,raw_data/EMG-EPN612/testingJSON/user96/user96.json,idx_39
fist,trainingSamples,raw_data/EMG-EPN612/testingJSON/user96/user96.json,idx_40
fist,trainingSamples,raw_data/EMG-EPN612/testingJSON/user96/user96.json,idx_41
fist,trainingSamples,raw_data/EMG-EPN612/testingJSON/user96/user96.json,idx_42
fist,trainingSamples,raw_data/EMG-EPN612/testingJSON/user96/user96.json,idx_43
fist,trainingSamples,raw_data/EMG-EPN612/testingJSON/user96/user96.json,idx_44
fist,trainingSamples,raw_data/EMG-EPN612/testingJSON/user96/user96.json,idx_45
fist,trainingSamples,raw_data/EMG-EPN612/testingJSON/user96/user96.json,idx_46
fist,trainingSamples,raw_data/EMG-EPN612/testingJSON/user96/user96.json,idx_47
fist,trainingSamples,raw_data/EMG-EPN612/testingJSON/user96/user96.json,idx_48
fist,trainingSamples,raw_data/EMG-EPN612/testingJSON/user96/user96.json,idx_49
fist,trainingSamples,raw_data/EMG-EPN612/testingJSON/user96/user96.json,idx_50
open,trainingSamples,raw_data/EMG-EPN612/testingJSON/user96/user96.json,idx_51
open,trainingSamples,raw_data/EMG-EPN612/testingJSON/user96/user96.json,idx_52
open,trainingSamples,raw_data/EMG-EPN612/testingJSON/user96/user96.json,idx_53
open,trainingSamples,raw_data/EMG-EPN612/testingJSON/user96/user96.json,idx_54
open,trainingSamples,raw_data/EMG-EPN612/testingJSON/user96/user96.json,idx_55
open,trainingSamples,raw_data/EMG-EPN612/testingJSON/user96/user96.json,idx_56
open,trainingSamples,raw_data/EMG-EPN612/testingJSON/user96/user96.json,idx_57
open,trainingSamples,raw_data/EMG-EPN612/testingJSON/user96/user96.json,idx_58
open,trainingSamples,raw_data/EMG-EPN612/testingJSON/user96/user96.json,idx_59
open,trainingSamples,raw_data/EMG-EPN612/testingJSON/user96/user96.json,idx_60
open,trainingSamples,raw_data/EMG-EPN612/testingJSON/user96/user96.json,idx_61
open,trainingSamples,raw_data/EMG-EPN612/testingJSON/user96/user96.json,idx_62
open,trainingSamples,raw_data/EMG-EPN612/testingJSON/user96/user96.json,idx_63
open,trainingSamples,raw_data/EMG-EPN612/testingJSON/user96/user96.json,idx_64
open,trainingSamples,raw_data/EMG-EPN612/testingJSON/user96/user96.json,idx_65
open,trainingSamples,raw_data/EMG-EPN612/testingJSON/user96/user96.json,idx_66
open,trainingSamples,raw_data/EMG-EPN612/testingJSON/user96/user96.json,idx_67
open,trainingSamples,raw_data/EMG-EPN612/testingJSON/user96/user96.json,idx_68
open,trainingSamples,raw_data/EMG-EPN612/testingJSON/user96/user96.json,idx_69
open,trainingSamples,raw_data/EMG-EPN612/testingJSON/user96/user96.json,idx_70
open,trainingSamples,raw_data/EMG-EPN612/testingJSON/user96/user96.json,idx_71
open,trainingSamples,raw_data/EMG-EPN612/testingJSON/user96/user96.json,idx_72
open,trainingSamples,raw_data/EMG-EPN612/testingJSON/user96/user96.json,idx_73
open,trainingSamples,raw_data/EMG-EPN612/testingJSON/user96/user96.json,idx_74
open,trainingSamples,raw_data/EMG-EPN612/testingJSON/user96/user96.json,idx_75
pinch,trainingSamples,raw_data/EMG-EPN612/testingJSON/user96/user96.json,idx_76
pinch,trainingSamples,raw_data/EMG-EPN612/testingJSON/user96/user96.json,idx_77
pinch,trainingSamples,raw_data/EMG-EPN612/testingJSON/user96/user96.json,idx_78
pinch,trainingSamples,raw_data/EMG-EPN612/testingJSON/user96/user96.json,idx_79
pinch,trainingSamples,raw_data/EMG-EPN612/testingJSON/user96/user96.json,idx_80
pinch,trainingSamples,raw_data/EMG-EPN612/testingJSON/user96/user96.json,idx_81
pinch,trainingSamples,raw_data/EMG-EPN612/testingJSON/user96/user96.json,idx_82
pinch,trainingSamples,raw_data/EMG-EPN612/testingJSON/user96/user96.json,idx_83
pinch,trainingSamples,raw_data/EMG-EPN612/testingJSON/user96/user96.json,idx_84
pinch,trainingSamples,raw_data/EMG-EPN612/testingJSON/user96/user96.json,idx_85
pinch,trainingSamples,raw_data/EMG-EPN612/testingJSON/user96/user96.json,idx_86
pinch,trainingSamples,raw_data/EMG-EPN612/testingJSON/user96/user96.json,idx_87
pinch,trainingSamples,raw_data/EMG-EPN612/testingJSON/user96/user96.json,idx_88
pinch,trainingSamples,raw_data/EMG-EPN612/testingJSON/user96/user96.json,idx_89
pinch,trainingSamples,raw_data/EMG-EPN612/testingJSON/user96/user96.json,idx_90
pinch,trainingSamples,raw_data/EMG-EPN612/testingJSON/user96/user96.json,idx_91
pinch,trainingSamples,raw_data/EMG-EPN612/testingJSON/user96/user96.json,idx_92
pinch,trainingSamples,raw_data/EMG-EPN612/testingJSON/user96/user96.json,idx_93
pinch,trainingSamples,raw_data/EMG-EPN612/testingJSON/user96/user96.json,idx_94
pinch,trainingSamples,raw_data/EMG-EPN612/testingJSON/user96/user96.json,idx_95
pinch,trainingSamples,raw_data/EMG-EPN612/testingJSON/user96/user96.json,idx_96
pinch,trainingSamples,raw_data/EMG-EPN612/testingJSON/user96/user96.json,idx_97
pinch,trainingSamples,raw_data/EMG-EPN612/testingJSON/user96/user96.json,idx_98
pinch,trainingSamples,raw_data/EMG-EPN612/testingJSON/user96/user96.json,idx_99
pinch,trainingSamples,raw_data/EMG-EPN612/testingJSON/user96/user96.json,idx_100
waveOut,trainingSamples,raw_data/EMG-EPN612/testingJSON/user96/user96.json,idx_101
waveOut,trainingSamples,raw_data/EMG-EPN612/testingJSON/user96/user96.json,idx_102
waveOut,trainingSamples,raw_data/EMG-EPN612/testingJSON/user96/user96.json,idx_103
waveOut,trainingSamples,raw_data/EMG-EPN612/testingJSON/user96/user96.json,idx_104
waveOut,trainingSamples,raw_data/EMG-EPN612/testingJSON/user96/user96.json,idx_105
waveOut,trainingSamples,raw_data/EMG-EPN612/testingJSON/user96/user96.json,idx_106
waveOut,trainingSamples,raw_data/EMG-EPN612/testingJSON/user96/user96.json,idx_107
waveOut,trainingSamples,raw_data/EMG-EPN612/testingJSON/user96/user96.json,idx_108
waveOut,trainingSamples,raw_data/EMG-EPN612/testingJSON/user96/user96.json,idx_109
waveOut,trainingSamples,raw_data/EMG-EPN612/testingJSON/user96/user96.json,idx_110
waveOut,trainingSamples,raw_data/EMG-EPN612/testingJSON/user96/user96.json,idx_111
waveOut,trainingSamples,raw_data/EMG-EPN612/testingJSON/user96/user96.json,idx_112
waveOut,trainingSamples,raw_data/EMG-EPN612/testingJSON/user96/user96.json,idx_113
waveOut,trainingSamples,raw_data/EMG-EPN612/testingJSON/user96/user96.json,idx_114
waveOut,trainingSamples,raw_data/EMG-EPN612/testingJSON/user96/user96.json,idx_115
waveOut,trainingSamples,raw_data/EMG-EPN612/testingJSON/user96/user96.json,idx_116
waveOut,trainingSamples,raw_data/EMG-EPN612/testingJSON/user96/user96.json,idx_117
waveOut,trainingSamples,raw_data/EMG-EPN612/testingJSON/user96/user96.json,idx_118
waveOut,trainingSamples,raw_data/EMG-EPN612/testingJSON/user96/user96.json,idx_119
waveOut,trainingSamples,raw_data/EMG-EPN612/testingJSON/user96/user96.json,idx_120
waveOut,trainingSamples,raw_data/EMG-EPN612/testingJSON/user96/user96.json,idx_121
waveOut,trainingSamples,raw_data/EMG-EPN612/testingJSON/user96/user96.json,idx_122
waveOut,trainingSamples,raw_data/EMG-EPN612/testingJSON/user96/user96.json,idx_123
waveOut,trainingSamples,raw_data/EMG-EPN612/testingJSON/user96/user96.json,idx_124
waveOut,trainingSamples,raw_data/EMG-EPN612/testingJSON/user96/user96.json,idx_125
waveIn,trainingSamples,raw_data/EMG-EPN612/testingJSON/user96/user96.json,idx_126
waveIn,trainingSamples,raw_data/EMG-EPN612/testingJSON/user96/user96.json,idx_127
waveIn,trainingSamples,raw_data/EMG-EPN612/testingJSON/user96/user96.json,idx_128
waveIn,trainingSamples,raw_data/EMG-EPN612/testingJSON/user96/user96.json,idx_129
waveIn,trainingSamples,raw_data/EMG-EPN612/testingJSON/user96/user96.json,idx_130
waveIn,trainingSamples,raw_data/EMG-EPN612/testingJSON/user96/user96.json,idx_131
waveIn,trainingSamples,raw_data/EMG-EPN612/testingJSON/user96/user96.json,idx_132
waveIn,trainingSamples,raw_data/EMG-EPN612/testingJSON/user96/user96.json,idx_133
waveIn,trainingSamples,raw_data/EMG-EPN612/testingJSON/user96/user96.json,idx_134
waveIn,trainingSamples,raw_data/EMG-EPN612/testingJSON/user96/user96.json,idx_135
waveIn,trainingSamples,raw_data/EMG-EPN612/testingJSON/user96/user96.json,idx_136
waveIn,trainingSamples,raw_data/EMG-EPN612/testingJSON/user96/user96.json,idx_137
waveIn,trainingSamples,raw_data/EMG-EPN612/testingJSON/user96/user96.json,idx_138
waveIn,trainingSamples,raw_data/EMG-EPN612/testingJSON/user96/user96.json,idx_139
waveIn,trainingSamples,raw_data/EMG-EPN612/testingJSON/user96/user96.json,idx_140
waveIn,trainingSamples,raw_data/EMG-EPN612/testingJSON/user96/user96.json,idx_141
waveIn,trainingSamples,raw_data/EMG-EPN612/testingJSON/user96/user96.json,idx_142
waveIn,trainingSamples,raw_data/EMG-EPN612/testingJSON/user96/user96.json,idx_143
waveIn,trainingSamples,raw_data/EMG-EPN612/testingJSON/user96/user96.json,idx_144
waveIn,trainingSamples,raw_data/EMG-EPN612/testingJSON/user96/user96.json,idx_145
waveIn,trainingSamples,raw_data/EMG-EPN612/testingJSON/user96/user96.json,idx_146
waveIn,trainingSamples,raw_data/EMG-EPN612/testingJSON/user96/user96.json,idx_147
waveIn,trainingSamples,raw_data/EMG-EPN612/testingJSON/user96/user96.json,idx_148
waveIn,trainingSamples,raw_data/EMG-EPN612/testingJSON/user96/user96.json,idx_149
waveIn,trainingSamples,raw_data/EMG-EPN612/testingJSON/user96/user96.json,idx_150
noGesture,trainingSamples,raw_data/EMG-EPN612/testingJSON/user97/user97.json,idx_1
noGesture,trainingSamples,raw_data/EMG-EPN612/testingJSON/user97/user97.json,idx_2
noGesture,trainingSamples,raw_data/EMG-EPN612/testingJSON/user97/user97.json,idx_3
noGesture,trainingSamples,raw_data/EMG-EPN612/testingJSON/user97/user97.json,idx_4
noGesture,trainingSamples,raw_data/EMG-EPN612/testingJSON/user97/user97.json,idx_5
noGesture,trainingSamples,raw_data/EMG-EPN612/testingJSON/user97/user97.json,idx_6
noGesture,trainingSamples,raw_data/EMG-EPN612/testingJSON/user97/user97.json,idx_7
noGesture,trainingSamples,raw_data/EMG-EPN612/testingJSON/user97/user97.json,idx_8
noGesture,trainingSamples,raw_data/EMG-EPN612/testingJSON/user97/user97.json,idx_9
noGesture,trainingSamples,raw_data/EMG-EPN612/testingJSON/user97/user97.json,idx_10
noGesture,trainingSamples,raw_data/EMG-EPN612/testingJSON/user97/user97.json,idx_11
noGesture,trainingSamples,raw_data/EMG-EPN612/testingJSON/user97/user97.json,idx_12
noGesture,trainingSamples,raw_data/EMG-EPN612/testingJSON/user97/user97.json,idx_13
noGesture,trainingSamples,raw_data/EMG-EPN612/testingJSON/user97/user97.json,idx_14
noGesture,trainingSamples,raw_data/EMG-EPN612/testingJSON/user97/user97.json,idx_15
noGesture,trainingSamples,raw_data/EMG-EPN612/testingJSON/user97/user97.json,idx_16
noGesture,trainingSamples,raw_data/EMG-EPN612/testingJSON/user97/user97.json,idx_17
noGesture,trainingSamples,raw_data/EMG-EPN612/testingJSON/user97/user97.json,idx_18
noGesture,trainingSamples,raw_data/EMG-EPN612/testingJSON/user97/user97.json,idx_19
noGesture,trainingSamples,raw_data/EMG-EPN612/testingJSON/user97/user97.json,idx_20
noGesture,trainingSamples,raw_data/EMG-EPN612/testingJSON/user97/user97.json,idx_21
noGesture,trainingSamples,raw_data/EMG-EPN612/testingJSON/user97/user97.json,idx_22
noGesture,trainingSamples,raw_data/EMG-EPN612/testingJSON/user97/user97.json,idx_23
noGesture,trainingSamples,raw_data/EMG-EPN612/testingJSON/user97/user97.json,idx_24
noGesture,trainingSamples,raw_data/EMG-EPN612/testingJSON/user97/user97.json,idx_25
waveOut,trainingSamples,raw_data/EMG-EPN612/testingJSON/user97/user97.json,idx_26
waveOut,trainingSamples,raw_data/EMG-EPN612/testingJSON/user97/user97.json,idx_27
waveOut,trainingSamples,raw_data/EMG-EPN612/testingJSON/user97/user97.json,idx_28
waveOut,trainingSamples,raw_data/EMG-EPN612/testingJSON/user97/user97.json,idx_29
waveOut,trainingSamples,raw_data/EMG-EPN612/testingJSON/user97/user97.json,idx_30
waveOut,trainingSamples,raw_data/EMG-EPN612/testingJSON/user97/user97.json,idx_31
waveOut,trainingSamples,raw_data/EMG-EPN612/testingJSON/user97/user97.json,idx_32
waveOut,trainingSamples,raw_data/EMG-EPN612/testingJSON/user97/user97.json,idx_33
waveOut,trainingSamples,raw_data/EMG-EPN612/testingJSON/user97/user97.json,idx_34
waveOut,trainingSamples,raw_data/EMG-EPN612/testingJSON/user97/user97.json,idx_35
waveOut,trainingSamples,raw_data/EMG-EPN612/testingJSON/user97/user97.json,idx_36
waveOut,trainingSamples,raw_data/EMG-EPN612/testingJSON/user97/user97.json,idx_37
waveOut,trainingSamples,raw_data/EMG-EPN612/testingJSON/user97/user97.json,idx_38
waveOut,trainingSamples,raw_data/EMG-EPN612/testingJSON/user97/user97.json,idx_39
waveOut,trainingSamples,raw_data/EMG-EPN612/testingJSON/user97/user97.json,idx_40
waveOut,trainingSamples,raw_data/EMG-EPN612/testingJSON/user97/user97.json,idx_41
waveOut,trainingSamples,raw_data/EMG-EPN612/testingJSON/user97/user97.json,idx_42
waveOut,trainingSamples,raw_data/EMG-EPN612/testingJSON/user97/user97.json,idx_43
waveOut,trainingSamples,raw_data/EMG-EPN612/testingJSON/user97/user97.json,idx_44
waveOut,trainingSamples,raw_data/EMG-EPN612/testingJSON/user97/user97.json,idx_45
waveOut,trainingSamples,raw_data/EMG-EPN612/testingJSON/user97/user97.json,idx_46
waveOut,trainingSamples,raw_data/EMG-EPN612/testingJSON/user97/user97.json,idx_47
waveOut,trainingSamples,raw_data/EMG-EPN612/testingJSON/user97/user97.json,idx_48
waveOut,trainingSamples,raw_data/EMG-EPN612/testingJSON/user97/user97.json,idx_49
waveOut,trainingSamples,raw_data/EMG-EPN612/testingJSON/user97/user97.json,idx_50
pinch,trainingSamples,raw_data/EMG-EPN612/testingJSON/user97/user97.json,idx_51
pinch,trainingSamples,raw_data/EMG-EPN612/testingJSON/user97/user97.json,idx_52
pinch,trainingSamples,raw_data/EMG-EPN612/testingJSON/user97/user97.json,idx_53
pinch,trainingSamples,raw_data/EMG-EPN612/testingJSON/user97/user97.json,idx_54
pinch,trainingSamples,raw_data/EMG-EPN612/testingJSON/user97/user97.json,idx_55
pinch,trainingSamples,raw_data/EMG-EPN612/testingJSON/user97/user97.json,idx_56
pinch,trainingSamples,raw_data/EMG-EPN612/testingJSON/user97/user97.json,idx_57
pinch,trainingSamples,raw_data/EMG-EPN612/testingJSON/user97/user97.json,idx_58
pinch,trainingSamples,raw_data/EMG-EPN612/testingJSON/user97/user97.json,idx_59
pinch,trainingSamples,raw_data/EMG-EPN612/testingJSON/user97/user97.json,idx_60
pinch,trainingSamples,raw_data/EMG-EPN612/testingJSON/user97/user97.json,idx_61
pinch,trainingSamples,raw_data/EMG-EPN612/testingJSON/user97/user97.json,idx_62
pinch,trainingSamples,raw_data/EMG-EPN612/testingJSON/user97/user97.json,idx_63
pinch,trainingSamples,raw_data/EMG-EPN612/testingJSON/user97/user97.json,idx_64
pinch,trainingSamples,raw_data/EMG-EPN612/testingJSON/user97/user97.json,idx_65
pinch,trainingSamples,raw_data/EMG-EPN612/testingJSON/user97/user97.json,idx_66
pinch,trainingSamples,raw_data/EMG-EPN612/testingJSON/user97/user97.json,idx_67
pinch,trainingSamples,raw_data/EMG-EPN612/testingJSON/user97/user97.json,idx_68
pinch,trainingSamples,raw_data/EMG-EPN612/testingJSON/user97/user97.json,idx_69
pinch,trainingSamples,raw_data/EMG-EPN612/testingJSON/user97/user97.json,idx_70
pinch,trainingSamples,raw_data/EMG-EPN612/testingJSON/user97/user97.json,idx_71
pinch,trainingSamples,raw_data/EMG-EPN612/testingJSON/user97/user97.json,idx_72
pinch,trainingSamples,raw_data/EMG-EPN612/testingJSON/user97/user97.json,idx_73
pinch,trainingSamples,raw_data/EMG-EPN612/testingJSON/user97/user97.json,idx_74
pinch,trainingSamples,raw_data/EMG-EPN612/testingJSON/user97/user97.json,idx_75
fist,trainingSamples,raw_data/EMG-EPN612/testingJSON/user97/user97.json,idx_76
fist,trainingSamples,raw_data/EMG-EPN612/testingJSON/user97/user97.json,idx_77
fist,trainingSamples,raw_data/EMG-EPN612/testingJSON/user97/user97.json,idx_78
fist,trainingSamples,raw_data/EMG-EPN612/testingJSON/user97/user97.json,idx_79
fist,trainingSamples,raw_data/EMG-EPN612/testingJSON/user97/user97.json,idx_80
fist,trainingSamples,raw_data/EMG-EPN612/testingJSON/user97/user97.json,idx_81
fist,trainingSamples,raw_data/EMG-EPN612/testingJSON/user97/user97.json,idx_82
fist,trainingSamples,raw_data/EMG-EPN612/testingJSON/user97/user97.json,idx_83
fist,trainingSamples,raw_data/EMG-EPN612/testingJSON/user97/user97.json,idx_84
fist,trainingSamples,raw_data/EMG-EPN612/testingJSON/user97/user97.json,idx_85
fist,trainingSamples,raw_data/EMG-EPN612/testingJSON/user97/user97.json,idx_86
fist,trainingSamples,raw_data/EMG-EPN612/testingJSON/user97/user97.json,idx_87
fist,trainingSamples,raw_data/EMG-EPN612/testingJSON/user97/user97.json,idx_88
fist,trainingSamples,raw_data/EMG-EPN612/testingJSON/user97/user97.json,idx_89
fist,trainingSamples,raw_data/EMG-EPN612/testingJSON/user97/user97.json,idx_90
fist,trainingSamples,raw_data/EMG-EPN612/testingJSON/user97/user97.json,idx_91
fist,trainingSamples,raw_data/EMG-EPN612/testingJSON/user97/user97.json,idx_92
fist,trainingSamples,raw_data/EMG-EPN612/testingJSON/user97/user97.json,idx_93
fist,trainingSamples,raw_data/EMG-EPN612/testingJSON/user97/user97.json,idx_94
fist,trainingSamples,raw_data/EMG-EPN612/testingJSON/user97/user97.json,idx_95
fist,trainingSamples,raw_data/EMG-EPN612/testingJSON/user97/user97.json,idx_96
fist,trainingSamples,raw_data/EMG-EPN612/testingJSON/user97/user97.json,idx_97
fist,trainingSamples,raw_data/EMG-EPN612/testingJSON/user97/user97.json,idx_98
fist,trainingSamples,raw_data/EMG-EPN612/testingJSON/user97/user97.json,idx_99
fist,trainingSamples,raw_data/EMG-EPN612/testingJSON/user97/user97.json,idx_100
waveIn,trainingSamples,raw_data/EMG-EPN612/testingJSON/user97/user97.json,idx_101
waveIn,trainingSamples,raw_data/EMG-EPN612/testingJSON/user97/user97.json,idx_102
waveIn,trainingSamples,raw_data/EMG-EPN612/testingJSON/user97/user97.json,idx_103
waveIn,trainingSamples,raw_data/EMG-EPN612/testingJSON/user97/user97.json,idx_104
waveIn,trainingSamples,raw_data/EMG-EPN612/testingJSON/user97/user97.json,idx_105
waveIn,trainingSamples,raw_data/EMG-EPN612/testingJSON/user97/user97.json,idx_106
waveIn,trainingSamples,raw_data/EMG-EPN612/testingJSON/user97/user97.json,idx_107
waveIn,trainingSamples,raw_data/EMG-EPN612/testingJSON/user97/user97.json,idx_108
waveIn,trainingSamples,raw_data/EMG-EPN612/testingJSON/user97/user97.json,idx_109
waveIn,trainingSamples,raw_data/EMG-EPN612/testingJSON/user97/user97.json,idx_110
waveIn,trainingSamples,raw_data/EMG-EPN612/testingJSON/user97/user97.json,idx_111
waveIn,trainingSamples,raw_data/EMG-EPN612/testingJSON/user97/user97.json,idx_112
waveIn,trainingSamples,raw_data/EMG-EPN612/testingJSON/user97/user97.json,idx_113
waveIn,trainingSamples,raw_data/EMG-EPN612/testingJSON/user97/user97.json,idx_114
waveIn,trainingSamples,raw_data/EMG-EPN612/testingJSON/user97/user97.json,idx_115
waveIn,trainingSamples,raw_data/EMG-EPN612/testingJSON/user97/user97.json,idx_116
waveIn,trainingSamples,raw_data/EMG-EPN612/testingJSON/user97/user97.json,idx_117
waveIn,trainingSamples,raw_data/EMG-EPN612/testingJSON/user97/user97.json,idx_118
waveIn,trainingSamples,raw_data/EMG-EPN612/testingJSON/user97/user97.json,idx_119
waveIn,trainingSamples,raw_data/EMG-EPN612/testingJSON/user97/user97.json,idx_120
waveIn,trainingSamples,raw_data/EMG-EPN612/testingJSON/user97/user97.json,idx_121
waveIn,trainingSamples,raw_data/EMG-EPN612/testingJSON/user97/user97.json,idx_122
waveIn,trainingSamples,raw_data/EMG-EPN612/testingJSON/user97/user97.json,idx_123
waveIn,trainingSamples,raw_data/EMG-EPN612/testingJSON/user97/user97.json,idx_124
waveIn,trainingSamples,raw_data/EMG-EPN612/testingJSON/user97/user97.json,idx_125
open,trainingSamples,raw_data/EMG-EPN612/testingJSON/user97/user97.json,idx_126
open,trainingSamples,raw_data/EMG-EPN612/testingJSON/user97/user97.json,idx_127
open,trainingSamples,raw_data/EMG-EPN612/testingJSON/user97/user97.json,idx_128
open,trainingSamples,raw_data/EMG-EPN612/testingJSON/user97/user97.json,idx_129
open,trainingSamples,raw_data/EMG-EPN612/testingJSON/user97/user97.json,idx_130
open,trainingSamples,raw_data/EMG-EPN612/testingJSON/user97/user97.json,idx_131
open,trainingSamples,raw_data/EMG-EPN612/testingJSON/user97/user97.json,idx_132
open,trainingSamples,raw_data/EMG-EPN612/testingJSON/user97/user97.json,idx_133
open,trainingSamples,raw_data/EMG-EPN612/testingJSON/user97/user97.json,idx_134
open,trainingSamples,raw_data/EMG-EPN612/testingJSON/user97/user97.json,idx_135
open,trainingSamples,raw_data/EMG-EPN612/testingJSON/user97/user97.json,idx_136
open,trainingSamples,raw_data/EMG-EPN612/testingJSON/user97/user97.json,idx_137
open,trainingSamples,raw_data/EMG-EPN612/testingJSON/user97/user97.json,idx_138
open,trainingSamples,raw_data/EMG-EPN612/testingJSON/user97/user97.json,idx_139
open,trainingSamples,raw_data/EMG-EPN612/testingJSON/user97/user97.json,idx_140
open,trainingSamples,raw_data/EMG-EPN612/testingJSON/user97/user97.json,idx_141
open,trainingSamples,raw_data/EMG-EPN612/testingJSON/user97/user97.json,idx_142
open,trainingSamples,raw_data/EMG-EPN612/testingJSON/user97/user97.json,idx_143
open,trainingSamples,raw_data/EMG-EPN612/testingJSON/user97/user97.json,idx_144
open,trainingSamples,raw_data/EMG-EPN612/testingJSON/user97/user97.json,idx_145
open,trainingSamples,raw_data/EMG-EPN612/testingJSON/user97/user97.json,idx_146
open,trainingSamples,raw_data/EMG-EPN612/testingJSON/user97/user97.json,idx_147
open,trainingSamples,raw_data/EMG-EPN612/testingJSON/user97/user97.json,idx_148
open,trainingSamples,raw_data/EMG-EPN612/testingJSON/user97/user97.json,idx_149
open,trainingSamples,raw_data/EMG-EPN612/testingJSON/user97/user97.json,idx_150
noGesture,trainingSamples,raw_data/EMG-EPN612/testingJSON/user98/user98.json,idx_1
noGesture,trainingSamples,raw_data/EMG-EPN612/testingJSON/user98/user98.json,idx_2
noGesture,trainingSamples,raw_data/EMG-EPN612/testingJSON/user98/user98.json,idx_3
noGesture,trainingSamples,raw_data/EMG-EPN612/testingJSON/user98/user98.json,idx_4
noGesture,trainingSamples,raw_data/EMG-EPN612/testingJSON/user98/user98.json,idx_5
noGesture,trainingSamples,raw_data/EMG-EPN612/testingJSON/user98/user98.json,idx_6
noGesture,trainingSamples,raw_data/EMG-EPN612/testingJSON/user98/user98.json,idx_7
noGesture,trainingSamples,raw_data/EMG-EPN612/testingJSON/user98/user98.json,idx_8
noGesture,trainingSamples,raw_data/EMG-EPN612/testingJSON/user98/user98.json,idx_9
noGesture,trainingSamples,raw_data/EMG-EPN612/testingJSON/user98/user98.json,idx_10
noGesture,trainingSamples,raw_data/EMG-EPN612/testingJSON/user98/user98.json,idx_11
noGesture,trainingSamples,raw_data/EMG-EPN612/testingJSON/user98/user98.json,idx_12
noGesture,trainingSamples,raw_data/EMG-EPN612/testingJSON/user98/user98.json,idx_13
noGesture,trainingSamples,raw_data/EMG-EPN612/testingJSON/user98/user98.json,idx_14
noGesture,trainingSamples,raw_data/EMG-EPN612/testingJSON/user98/user98.json,idx_15
noGesture,trainingSamples,raw_data/EMG-EPN612/testingJSON/user98/user98.json,idx_16
noGesture,trainingSamples,raw_data/EMG-EPN612/testingJSON/user98/user98.json,idx_17
noGesture,trainingSamples,raw_data/EMG-EPN612/testingJSON/user98/user98.json,idx_18
noGesture,trainingSamples,raw_data/EMG-EPN612/testingJSON/user98/user98.json,idx_19
noGesture,trainingSamples,raw_data/EMG-EPN612/testingJSON/user98/user98.json,idx_20
noGesture,trainingSamples,raw_data/EMG-EPN612/testingJSON/user98/user98.json,idx_21
noGesture,trainingSamples,raw_data/EMG-EPN612/testingJSON/user98/user98.json,idx_22
noGesture,trainingSamples,raw_data/EMG-EPN612/testingJSON/user98/user98.json,idx_23
noGesture,trainingSamples,raw_data/EMG-EPN612/testingJSON/user98/user98.json,idx_24
noGesture,trainingSamples,raw_data/EMG-EPN612/testingJSON/user98/user98.json,idx_25
waveOut,trainingSamples,raw_data/EMG-EPN612/testingJSON/user98/user98.json,idx_26
waveOut,trainingSamples,raw_data/EMG-EPN612/testingJSON/user98/user98.json,idx_27
waveOut,trainingSamples,raw_data/EMG-EPN612/testingJSON/user98/user98.json,idx_28
waveOut,trainingSamples,raw_data/EMG-EPN612/testingJSON/user98/user98.json,idx_29
waveOut,trainingSamples,raw_data/EMG-EPN612/testingJSON/user98/user98.json,idx_30
waveOut,trainingSamples,raw_data/EMG-EPN612/testingJSON/user98/user98.json,idx_31
waveOut,trainingSamples,raw_data/EMG-EPN612/testingJSON/user98/user98.json,idx_32
waveOut,trainingSamples,raw_data/EMG-EPN612/testingJSON/user98/user98.json,idx_33
waveOut,trainingSamples,raw_data/EMG-EPN612/testingJSON/user98/user98.json,idx_34
waveOut,trainingSamples,raw_data/EMG-EPN612/testingJSON/user98/user98.json,idx_35
waveOut,trainingSamples,raw_data/EMG-EPN612/testingJSON/user98/user98.json,idx_36
waveOut,trainingSamples,raw_data/EMG-EPN612/testingJSON/user98/user98.json,idx_37
waveOut,trainingSamples,raw_data/EMG-EPN612/testingJSON/user98/user98.json,idx_38
waveOut,trainingSamples,raw_data/EMG-EPN612/testingJSON/user98/user98.json,idx_39
waveOut,trainingSamples,raw_data/EMG-EPN612/testingJSON/user98/user98.json,idx_40
waveOut,trainingSamples,raw_data/EMG-EPN612/testingJSON/user98/user98.json,idx_41
waveOut,trainingSamples,raw_data/EMG-EPN612/testingJSON/user98/user98.json,idx_42
waveOut,trainingSamples,raw_data/EMG-EPN612/testingJSON/user98/user98.json,idx_43
waveOut,trainingSamples,raw_data/EMG-EPN612/testingJSON/user98/user98.json,idx_44
waveOut,trainingSamples,raw_data/EMG-EPN612/testingJSON/user98/user98.json,idx_45
waveOut,trainingSamples,raw_data/EMG-EPN612/testingJSON/user98/user98.json,idx_46
waveOut,trainingSamples,raw_data/EMG-EPN612/testingJSON/user98/user98.json,idx_47
waveOut,trainingSamples,raw_data/EMG-EPN612/testingJSON/user98/user98.json,idx_48
waveOut,trainingSamples,raw_data/EMG-EPN612/testingJSON/user98/user98.json,idx_49
waveOut,trainingSamples,raw_data/EMG-EPN612/testingJSON/user98/user98.json,idx_50
pinch,trainingSamples,raw_data/EMG-EPN612/testingJSON/user98/user98.json,idx_51
pinch,trainingSamples,raw_data/EMG-EPN612/testingJSON/user98/user98.json,idx_52
pinch,trainingSamples,raw_data/EMG-EPN612/testingJSON/user98/user98.json,idx_53
pinch,trainingSamples,raw_data/EMG-EPN612/testingJSON/user98/user98.json,idx_54
pinch,trainingSamples,raw_data/EMG-EPN612/testingJSON/user98/user98.json,idx_55
pinch,trainingSamples,raw_data/EMG-EPN612/testingJSON/user98/user98.json,idx_56
pinch,trainingSamples,raw_data/EMG-EPN612/testingJSON/user98/user98.json,idx_57
pinch,trainingSamples,raw_data/EMG-EPN612/testingJSON/user98/user98.json,idx_58
pinch,trainingSamples,raw_data/EMG-EPN612/testingJSON/user98/user98.json,idx_59
pinch,trainingSamples,raw_data/EMG-EPN612/testingJSON/user98/user98.json,idx_60
pinch,trainingSamples,raw_data/EMG-EPN612/testingJSON/user98/user98.json,idx_61
pinch,trainingSamples,raw_data/EMG-EPN612/testingJSON/user98/user98.json,idx_62
pinch,trainingSamples,raw_data/EMG-EPN612/testingJSON/user98/user98.json,idx_63
pinch,trainingSamples,raw_data/EMG-EPN612/testingJSON/user98/user98.json,idx_64
pinch,trainingSamples,raw_data/EMG-EPN612/testingJSON/user98/user98.json,idx_65
pinch,trainingSamples,raw_data/EMG-EPN612/testingJSON/user98/user98.json,idx_66
pinch,trainingSamples,raw_data/EMG-EPN612/testingJSON/user98/user98.json,idx_67
pinch,trainingSamples,raw_data/EMG-EPN612/testingJSON/user98/user98.json,idx_68
pinch,trainingSamples,raw_data/EMG-EPN612/testingJSON/user98/user98.json,idx_69
pinch,trainingSamples,raw_data/EMG-EPN612/testingJSON/user98/user98.json,idx_70
pinch,trainingSamples,raw_data/EMG-EPN612/testingJSON/user98/user98.json,idx_71
pinch,trainingSamples,raw_data/EMG-EPN612/testingJSON/user98/user98.json,idx_72
pinch,trainingSamples,raw_data/EMG-EPN612/testingJSON/user98/user98.json,idx_73
pinch,trainingSamples,raw_data/EMG-EPN612/testingJSON/user98/user98.json,idx_74
pinch,trainingSamples,raw_data/EMG-EPN612/testingJSON/user98/user98.json,idx_75
fist,trainingSamples,raw_data/EMG-EPN612/testingJSON/user98/user98.json,idx_76
fist,trainingSamples,raw_data/EMG-EPN612/testingJSON/user98/user98.json,idx_77
fist,trainingSamples,raw_data/EMG-EPN612/testingJSON/user98/user98.json,idx_78
fist,trainingSamples,raw_data/EMG-EPN612/testingJSON/user98/user98.json,idx_79
fist,trainingSamples,raw_data/EMG-EPN612/testingJSON/user98/user98.json,idx_80
fist,trainingSamples,raw_data/EMG-EPN612/testingJSON/user98/user98.json,idx_81
fist,trainingSamples,raw_data/EMG-EPN612/testingJSON/user98/user98.json,idx_82
fist,trainingSamples,raw_data/EMG-EPN612/testingJSON/user98/user98.json,idx_83
fist,trainingSamples,raw_data/EMG-EPN612/testingJSON/user98/user98.json,idx_84
fist,trainingSamples,raw_data/EMG-EPN612/testingJSON/user98/user98.json,idx_85
fist,trainingSamples,raw_data/EMG-EPN612/testingJSON/user98/user98.json,idx_86
fist,trainingSamples,raw_data/EMG-EPN612/testingJSON/user98/user98.json,idx_87
fist,trainingSamples,raw_data/EMG-EPN612/testingJSON/user98/user98.json,idx_88
fist,trainingSamples,raw_data/EMG-EPN612/testingJSON/user98/user98.json,idx_89
fist,trainingSamples,raw_data/EMG-EPN612/testingJSON/user98/user98.json,idx_90
fist,trainingSamples,raw_data/EMG-EPN612/testingJSON/user98/user98.json,idx_91
fist,trainingSamples,raw_data/EMG-EPN612/testingJSON/user98/user98.json,idx_92
fist,trainingSamples,raw_data/EMG-EPN612/testingJSON/user98/user98.json,idx_93
fist,trainingSamples,raw_data/EMG-EPN612/testingJSON/user98/user98.json,idx_94
fist,trainingSamples,raw_data/EMG-EPN612/testingJSON/user98/user98.json,idx_95
fist,trainingSamples,raw_data/EMG-EPN612/testingJSON/user98/user98.json,idx_96
fist,trainingSamples,raw_data/EMG-EPN612/testingJSON/user98/user98.json,idx_97
fist,trainingSamples,raw_data/EMG-EPN612/testingJSON/user98/user98.json,idx_98
fist,trainingSamples,raw_data/EMG-EPN612/testingJSON/user98/user98.json,idx_99
fist,trainingSamples,raw_data/EMG-EPN612/testingJSON/user98/user98.json,idx_100
waveIn,trainingSamples,raw_data/EMG-EPN612/testingJSON/user98/user98.json,idx_101
waveIn,trainingSamples,raw_data/EMG-EPN612/testingJSON/user98/user98.json,idx_102
waveIn,trainingSamples,raw_data/EMG-EPN612/testingJSON/user98/user98.json,idx_103
waveIn,trainingSamples,raw_data/EMG-EPN612/testingJSON/user98/user98.json,idx_104
waveIn,trainingSamples,raw_data/EMG-EPN612/testingJSON/user98/user98.json,idx_105
waveIn,trainingSamples,raw_data/EMG-EPN612/testingJSON/user98/user98.json,idx_106
waveIn,trainingSamples,raw_data/EMG-EPN612/testingJSON/user98/user98.json,idx_107
waveIn,trainingSamples,raw_data/EMG-EPN612/testingJSON/user98/user98.json,idx_108
waveIn,trainingSamples,raw_data/EMG-EPN612/testingJSON/user98/user98.json,idx_109
waveIn,trainingSamples,raw_data/EMG-EPN612/testingJSON/user98/user98.json,idx_110
waveIn,trainingSamples,raw_data/EMG-EPN612/testingJSON/user98/user98.json,idx_111
waveIn,trainingSamples,raw_data/EMG-EPN612/testingJSON/user98/user98.json,idx_112
waveIn,trainingSamples,raw_data/EMG-EPN612/testingJSON/user98/user98.json,idx_113
waveIn,trainingSamples,raw_data/EMG-EPN612/testingJSON/user98/user98.json,idx_114
waveIn,trainingSamples,raw_data/EMG-EPN612/testingJSON/user98/user98.json,idx_115
waveIn,trainingSamples,raw_data/EMG-EPN612/testingJSON/user98/user98.json,idx_116
waveIn,trainingSamples,raw_data/EMG-EPN612/testingJSON/user98/user98.json,idx_117
waveIn,trainingSamples,raw_data/EMG-EPN612/testingJSON/user98/user98.json,idx_118
waveIn,trainingSamples,raw_data/EMG-EPN612/testingJSON/user98/user98.json,idx_119
waveIn,trainingSamples,raw_data/EMG-EPN612/testingJSON/user98/user98.json,idx_120
waveIn,trainingSamples,raw_data/EMG-EPN612/testingJSON/user98/user98.json,idx_121
waveIn,trainingSamples,raw_data/EMG-EPN612/testingJSON/user98/user98.json,idx_122
waveIn,trainingSamples,raw_data/EMG-EPN612/testingJSON/user98/user98.json,idx_123
waveIn,trainingSamples,raw_data/EMG-EPN612/testingJSON/user98/user98.json,idx_124
waveIn,trainingSamples,raw_data/EMG-EPN612/testingJSON/user98/user98.json,idx_125
open,trainingSamples,raw_data/EMG-EPN612/testingJSON/user98/user98.json,idx_126
open,trainingSamples,raw_data/EMG-EPN612/testingJSON/user98/user98.json,idx_127
open,trainingSamples,raw_data/EMG-EPN612/testingJSON/user98/user98.json,idx_128
open,trainingSamples,raw_data/EMG-EPN612/testingJSON/user98/user98.json,idx_129
open,trainingSamples,raw_data/EMG-EPN612/testingJSON/user98/user98.json,idx_130
open,trainingSamples,raw_data/EMG-EPN612/testingJSON/user98/user98.json,idx_131
open,trainingSamples,raw_data/EMG-EPN612/testingJSON/user98/user98.json,idx_132
open,trainingSamples,raw_data/EMG-EPN612/testingJSON/user98/user98.json,idx_133
open,trainingSamples,raw_data/EMG-EPN612/testingJSON/user98/user98.json,idx_134
open,trainingSamples,raw_data/EMG-EPN612/testingJSON/user98/user98.json,idx_135
open,trainingSamples,raw_data/EMG-EPN612/testingJSON/user98/user98.json,idx_136
open,trainingSamples,raw_data/EMG-EPN612/testingJSON/user98/user98.json,idx_137
open,trainingSamples,raw_data/EMG-EPN612/testingJSON/user98/user98.json,idx_138
open,trainingSamples,raw_data/EMG-EPN612/testingJSON/user98/user98.json,idx_139
open,trainingSamples,raw_data/EMG-EPN612/testingJSON/user98/user98.json,idx_140
open,trainingSamples,raw_data/EMG-EPN612/testingJSON/user98/user98.json,idx_141
open,trainingSamples,raw_data/EMG-EPN612/testingJSON/user98/user98.json,idx_142
open,trainingSamples,raw_data/EMG-EPN612/testingJSON/user98/user98.json,idx_143
open,trainingSamples,raw_data/EMG-EPN612/testingJSON/user98/user98.json,idx_144
open,trainingSamples,raw_data/EMG-EPN612/testingJSON/user98/user98.json,idx_145
open,trainingSamples,raw_data/EMG-EPN612/testingJSON/user98/user98.json,idx_146
open,trainingSamples,raw_data/EMG-EPN612/testingJSON/user98/user98.json,idx_147
open,trainingSamples,raw_data/EMG-EPN612/testingJSON/user98/user98.json,idx_148
open,trainingSamples,raw_data/EMG-EPN612/testingJSON/user98/user98.json,idx_149
open,trainingSamples,raw_data/EMG-EPN612/testingJSON/user98/user98.json,idx_150
noGesture,trainingSamples,raw_data/EMG-EPN612/testingJSON/user99/user99.json,idx_1
noGesture,trainingSamples,raw_data/EMG-EPN612/testingJSON/user99/user99.json,idx_2
noGesture,trainingSamples,raw_data/EMG-EPN612/testingJSON/user99/user99.json,idx_3
noGesture,trainingSamples,raw_data/EMG-EPN612/testingJSON/user99/user99.json,idx_4
noGesture,trainingSamples,raw_data/EMG-EPN612/testingJSON/user99/user99.json,idx_5
noGesture,trainingSamples,raw_data/EMG-EPN612/testingJSON/user99/user99.json,idx_6
noGesture,trainingSamples,raw_data/EMG-EPN612/testingJSON/user99/user99.json,idx_7
noGesture,trainingSamples,raw_data/EMG-EPN612/testingJSON/user99/user99.json,idx_8
noGesture,trainingSamples,raw_data/EMG-EPN612/testingJSON/user99/user99.json,idx_9
noGesture,trainingSamples,raw_data/EMG-EPN612/testingJSON/user99/user99.json,idx_10
noGesture,trainingSamples,raw_data/EMG-EPN612/testingJSON/user99/user99.json,idx_11
noGesture,trainingSamples,raw_data/EMG-EPN612/testingJSON/user99/user99.json,idx_12
noGesture,trainingSamples,raw_data/EMG-EPN612/testingJSON/user99/user99.json,idx_13
noGesture,trainingSamples,raw_data/EMG-EPN612/testingJSON/user99/user99.json,idx_14
noGesture,trainingSamples,raw_data/EMG-EPN612/testingJSON/user99/user99.json,idx_15
noGesture,trainingSamples,raw_data/EMG-EPN612/testingJSON/user99/user99.json,idx_16
noGesture,trainingSamples,raw_data/EMG-EPN612/testingJSON/user99/user99.json,idx_17
noGesture,trainingSamples,raw_data/EMG-EPN612/testingJSON/user99/user99.json,idx_18
noGesture,trainingSamples,raw_data/EMG-EPN612/testingJSON/user99/user99.json,idx_19
noGesture,trainingSamples,raw_data/EMG-EPN612/testingJSON/user99/user99.json,idx_20
noGesture,trainingSamples,raw_data/EMG-EPN612/testingJSON/user99/user99.json,idx_21
noGesture,trainingSamples,raw_data/EMG-EPN612/testingJSON/user99/user99.json,idx_22
noGesture,trainingSamples,raw_data/EMG-EPN612/testingJSON/user99/user99.json,idx_23
noGesture,trainingSamples,raw_data/EMG-EPN612/testingJSON/user99/user99.json,idx_24
noGesture,trainingSamples,raw_data/EMG-EPN612/testingJSON/user99/user99.json,idx_25
waveOut,trainingSamples,raw_data/EMG-EPN612/testingJSON/user99/user99.json,idx_26
waveOut,trainingSamples,raw_data/EMG-EPN612/testingJSON/user99/user99.json,idx_27
waveOut,trainingSamples,raw_data/EMG-EPN612/testingJSON/user99/user99.json,idx_28
waveOut,trainingSamples,raw_data/EMG-EPN612/testingJSON/user99/user99.json,idx_29
waveOut,trainingSamples,raw_data/EMG-EPN612/testingJSON/user99/user99.json,idx_30
waveOut,trainingSamples,raw_data/EMG-EPN612/testingJSON/user99/user99.json,idx_31
waveOut,trainingSamples,raw_data/EMG-EPN612/testingJSON/user99/user99.json,idx_32
waveOut,trainingSamples,raw_data/EMG-EPN612/testingJSON/user99/user99.json,idx_33
waveOut,trainingSamples,raw_data/EMG-EPN612/testingJSON/user99/user99.json,idx_34
waveOut,trainingSamples,raw_data/EMG-EPN612/testingJSON/user99/user99.json,idx_35
waveOut,trainingSamples,raw_data/EMG-EPN612/testingJSON/user99/user99.json,idx_36
waveOut,trainingSamples,raw_data/EMG-EPN612/testingJSON/user99/user99.json,idx_37
waveOut,trainingSamples,raw_data/EMG-EPN612/testingJSON/user99/user99.json,idx_38
waveOut,trainingSamples,raw_data/EMG-EPN612/testingJSON/user99/user99.json,idx_39
waveOut,trainingSamples,raw_data/EMG-EPN612/testingJSON/user99/user99.json,idx_40
waveOut,trainingSamples,raw_data/EMG-EPN612/testingJSON/user99/user99.json,idx_41
waveOut,trainingSamples,raw_data/EMG-EPN612/testingJSON/user99/user99.json,idx_42
waveOut,trainingSamples,raw_data/EMG-EPN612/testingJSON/user99/user99.json,idx_43
waveOut,trainingSamples,raw_data/EMG-EPN612/testingJSON/user99/user99.json,idx_44
waveOut,trainingSamples,raw_data/EMG-EPN612/testingJSON/user99/user99.json,idx_45
waveOut,trainingSamples,raw_data/EMG-EPN612/testingJSON/user99/user99.json,idx_46
waveOut,trainingSamples,raw_data/EMG-EPN612/testingJSON/user99/user99.json,idx_47
waveOut,trainingSamples,raw_data/EMG-EPN612/testingJSON/user99/user99.json,idx_48
waveOut,trainingSamples,raw_data/EMG-EPN612/testingJSON/user99/user99.json,idx_49
waveOut,trainingSamples,raw_data/EMG-EPN612/testingJSON/user99/user99.json,idx_50
pinch,trainingSamples,raw_data/EMG-EPN612/testingJSON/user99/user99.json,idx_51
pinch,trainingSamples,raw_data/EMG-EPN612/testingJSON/user99/user99.json,idx_52
pinch,trainingSamples,raw_data/EMG-EPN612/testingJSON/user99/user99.json,idx_53
pinch,trainingSamples,raw_data/EMG-EPN612/testingJSON/user99/user99.json,idx_54
pinch,trainingSamples,raw_data/EMG-EPN612/testingJSON/user99/user99.json,idx_55
pinch,trainingSamples,raw_data/EMG-EPN612/testingJSON/user99/user99.json,idx_56
pinch,trainingSamples,raw_data/EMG-EPN612/testingJSON/user99/user99.json,idx_57
pinch,trainingSamples,raw_data/EMG-EPN612/testingJSON/user99/user99.json,idx_58
pinch,trainingSamples,raw_data/EMG-EPN612/testingJSON/user99/user99.json,idx_59
pinch,trainingSamples,raw_data/EMG-EPN612/testingJSON/user99/user99.json,idx_60
pinch,trainingSamples,raw_data/EMG-EPN612/testingJSON/user99/user99.json,idx_61
pinch,trainingSamples,raw_data/EMG-EPN612/testingJSON/user99/user99.json,idx_62
pinch,trainingSamples,raw_data/EMG-EPN612/testingJSON/user99/user99.json,idx_63
pinch,trainingSamples,raw_data/EMG-EPN612/testingJSON/user99/user99.json,idx_64
pinch,trainingSamples,raw_data/EMG-EPN612/testingJSON/user99/user99.json,idx_65
pinch,trainingSamples,raw_data/EMG-EPN612/testingJSON/user99/user99.json,idx_66
pinch,trainingSamples,raw_data/EMG-EPN612/testingJSON/user99/user99.json,idx_67
pinch,trainingSamples,raw_data/EMG-EPN612/testingJSON/user99/user99.json,idx_68
pinch,trainingSamples,raw_data/EMG-EPN612/testingJSON/user99/user99.json,idx_69
pinch,trainingSamples,raw_data/EMG-EPN612/testingJSON/user99/user99.json,idx_70
pinch,trainingSamples,raw_data/EMG-EPN612/testingJSON/user99/user99.json,idx_71
pinch,trainingSamples,raw_data/EMG-EPN612/testingJSON/user99/user99.json,idx_72
pinch,trainingSamples,raw_data/EMG-EPN612/testingJSON/user99/user99.json,idx_73
pinch,trainingSamples,raw_data/EMG-EPN612/testingJSON/user99/user99.json,idx_74
pinch,trainingSamples,raw_data/EMG-EPN612/testingJSON/user99/user99.json,idx_75
fist,trainingSamples,raw_data/EMG-EPN612/testingJSON/user99/user99.json,idx_76
fist,trainingSamples,raw_data/EMG-EPN612/testingJSON/user99/user99.json,idx_77
fist,trainingSamples,raw_data/EMG-EPN612/testingJSON/user99/user99.json,idx_78
fist,trainingSamples,raw_data/EMG-EPN612/testingJSON/user99/user99.json,idx_79
fist,trainingSamples,raw_data/EMG-EPN612/testingJSON/user99/user99.json,idx_80
fist,trainingSamples,raw_data/EMG-EPN612/testingJSON/user99/user99.json,idx_81
fist,trainingSamples,raw_data/EMG-EPN612/testingJSON/user99/user99.json,idx_82
fist,trainingSamples,raw_data/EMG-EPN612/testingJSON/user99/user99.json,idx_83
fist,trainingSamples,raw_data/EMG-EPN612/testingJSON/user99/user99.json,idx_84
fist,trainingSamples,raw_data/EMG-EPN612/testingJSON/user99/user99.json,idx_85
fist,trainingSamples,raw_data/EMG-EPN612/testingJSON/user99/user99.json,idx_86
fist,trainingSamples,raw_data/EMG-EPN612/testingJSON/user99/user99.json,idx_87
fist,trainingSamples,raw_data/EMG-EPN612/testingJSON/user99/user99.json,idx_88
fist,trainingSamples,raw_data/EMG-EPN612/testingJSON/user99/user99.json,idx_89
fist,trainingSamples,raw_data/EMG-EPN612/testingJSON/user99/user99.json,idx_90
fist,trainingSamples,raw_data/EMG-EPN612/testingJSON/user99/user99.json,idx_91
fist,trainingSamples,raw_data/EMG-EPN612/testingJSON/user99/user99.json,idx_92
fist,trainingSamples,raw_data/EMG-EPN612/testingJSON/user99/user99.json,idx_93
fist,trainingSamples,raw_data/EMG-EPN612/testingJSON/user99/user99.json,idx_94
fist,trainingSamples,raw_data/EMG-EPN612/testingJSON/user99/user99.json,idx_95
fist,trainingSamples,raw_data/EMG-EPN612/testingJSON/user99/user99.json,idx_96
fist,trainingSamples,raw_data/EMG-EPN612/testingJSON/user99/user99.json,idx_97
fist,trainingSamples,raw_data/EMG-EPN612/testingJSON/user99/user99.json,idx_98
fist,trainingSamples,raw_data/EMG-EPN612/testingJSON/user99/user99.json,idx_99
fist,trainingSamples,raw_data/EMG-EPN612/testingJSON/user99/user99.json,idx_100
waveIn,trainingSamples,raw_data/EMG-EPN612/testingJSON/user99/user99.json,idx_101
waveIn,trainingSamples,raw_data/EMG-EPN612/testingJSON/user99/user99.json,idx_102
waveIn,trainingSamples,raw_data/EMG-EPN612/testingJSON/user99/user99.json,idx_103
waveIn,trainingSamples,raw_data/EMG-EPN612/testingJSON/user99/user99.json,idx_104
waveIn,trainingSamples,raw_data/EMG-EPN612/testingJSON/user99/user99.json,idx_105
waveIn,trainingSamples,raw_data/EMG-EPN612/testingJSON/user99/user99.json,idx_106
waveIn,trainingSamples,raw_data/EMG-EPN612/testingJSON/user99/user99.json,idx_107
waveIn,trainingSamples,raw_data/EMG-EPN612/testingJSON/user99/user99.json,idx_108
waveIn,trainingSamples,raw_data/EMG-EPN612/testingJSON/user99/user99.json,idx_109
waveIn,trainingSamples,raw_data/EMG-EPN612/testingJSON/user99/user99.json,idx_110
waveIn,trainingSamples,raw_data/EMG-EPN612/testingJSON/user99/user99.json,idx_111
waveIn,trainingSamples,raw_data/EMG-EPN612/testingJSON/user99/user99.json,idx_112
waveIn,trainingSamples,raw_data/EMG-EPN612/testingJSON/user99/user99.json,idx_113
waveIn,trainingSamples,raw_data/EMG-EPN612/testingJSON/user99/user99.json,idx_114
waveIn,trainingSamples,raw_data/EMG-EPN612/testingJSON/user99/user99.json,idx_115
waveIn,trainingSamples,raw_data/EMG-EPN612/testingJSON/user99/user99.json,idx_116
waveIn,trainingSamples,raw_data/EMG-EPN612/testingJSON/user99/user99.json,idx_117
waveIn,trainingSamples,raw_data/EMG-EPN612/testingJSON/user99/user99.json,idx_118
waveIn,trainingSamples,raw_data/EMG-EPN612/testingJSON/user99/user99.json,idx_119
waveIn,trainingSamples,raw_data/EMG-EPN612/testingJSON/user99/user99.json,idx_120
waveIn,trainingSamples,raw_data/EMG-EPN612/testingJSON/user99/user99.json,idx_121
waveIn,trainingSamples,raw_data/EMG-EPN612/testingJSON/user99/user99.json,idx_122
waveIn,trainingSamples,raw_data/EMG-EPN612/testingJSON/user99/user99.json,idx_123
waveIn,trainingSamples,raw_data/EMG-EPN612/testingJSON/user99/user99.json,idx_124
waveIn,trainingSamples,raw_data/EMG-EPN612/testingJSON/user99/user99.json,idx_125
open,trainingSamples,raw_data/EMG-EPN612/testingJSON/user99/user99.json,idx_126
open,trainingSamples,raw_data/EMG-EPN612/testingJSON/user99/user99.json,idx_127
open,trainingSamples,raw_data/EMG-EPN612/testingJSON/user99/user99.json,idx_128
open,trainingSamples,raw_data/EMG-EPN612/testingJSON/user99/user99.json,idx_129
open,trainingSamples,raw_data/EMG-EPN612/testingJSON/user99/user99.json,idx_130
open,trainingSamples,raw_data/EMG-EPN612/testingJSON/user99/user99.json,idx_131
open,trainingSamples,raw_data/EMG-EPN612/testingJSON/user99/user99.json,idx_132
open,trainingSamples,raw_data/EMG-EPN612/testingJSON/user99/user99.json,idx_133
open,trainingSamples,raw_data/EMG-EPN612/testingJSON/user99/user99.json,idx_134
open,trainingSamples,raw_data/EMG-EPN612/testingJSON/user99/user99.json,idx_135
open,trainingSamples,raw_data/EMG-EPN612/testingJSON/user99/user99.json,idx_136
open,trainingSamples,raw_data/EMG-EPN612/testingJSON/user99/user99.json,idx_137
open,trainingSamples,raw_data/EMG-EPN612/testingJSON/user99/user99.json,idx_138
open,trainingSamples,raw_data/EMG-EPN612/testingJSON/user99/user99.json,idx_139
open,trainingSamples,raw_data/EMG-EPN612/testingJSON/user99/user99.json,idx_140
open,trainingSamples,raw_data/EMG-EPN612/testingJSON/user99/user99.json,idx_141
open,trainingSamples,raw_data/EMG-EPN612/testingJSON/user99/user99.json,idx_142
open,trainingSamples,raw_data/EMG-EPN612/testingJSON/user99/user99.json,idx_143
open,trainingSamples,raw_data/EMG-EPN612/testingJSON/user99/user99.json,idx_144
open,trainingSamples,raw_data/EMG-EPN612/testingJSON/user99/user99.json,idx_145
open,trainingSamples,raw_data/EMG-EPN612/testingJSON/user99/user99.json,idx_146
open,trainingSamples,raw_data/EMG-EPN612/testingJSON/user99/user99.json,idx_147
open,trainingSamples,raw_data/EMG-EPN612/testingJSON/user99/user99.json,idx_148
open,trainingSamples,raw_data/EMG-EPN612/testingJSON/user99/user99.json,idx_149
open,trainingSamples,raw_data/EMG-EPN612/testingJSON/user99/user99.json,idx_150
